1      338 1 1 MUSC ABEL SANTAMARIA
100   45.11   1   0 0.25 0 1 0 08   22.48892800 -079.95784400    0.00    0.00 2  0 0 0 26   22.49545800 -079.92938100    0.00    0.00 2  0 0 0
21   22.48975105 -079.95605809  2  76.05   3.00 08  PAPI-4L
110   1 0.00  76.05 Default taxiway for RWY 08
111  22.48873319 -079.95779162   3 102 
111  22.48774604 -079.95752622   3 102 
111  22.49427854 -079.92906455   3 102 
111  22.49526569 -079.92932996 
112  22.49516782 -079.92975638  22.49521457 -079.92954258   3 102 
111  22.49497817 -079.92947903   3 102 
112  22.49466298 -079.92939428  22.49442659 -079.92933072   3 102 
111  22.49437766 -079.92954393   3 102 
111  22.49123375 -079.94324175   3 102 
111  22.49202391 -079.94345419 
111  22.49197497 -079.94366740   3 102 
111  22.49118481 -079.94345496   3 102 
112  22.48804090 -079.95715278  22.48799197 -079.95736598   3 102 
111  22.48822836 -079.95742953   3 102 
112  22.48854355 -079.95751427  22.48877995 -079.95757783   3 102 
113  22.48883106 -079.95736521 
130 Airport Boundary 7
111  22.48491764 -079.96941937 
111  22.48584821 -079.96447185 
111  22.47853556 -079.96434584 
111  22.47846907 -079.96002878 
111  22.48392162 -079.95671904 
111  22.48997262 -079.93088866 
111  22.48129491 -079.92067084 
111  22.49110302 -079.91657042 
111  22.49485909 -079.92345824 
111  22.49602362 -079.91793749 
111  22.49991162 -079.91897743 
111  22.49216694 -079.95456051 
111  22.49309786 -079.95650319 
111  22.49276539 -079.96046049 
111  22.49668856 -079.96046049 
111  22.49662207 -079.96751168 
111  22.49211663 -079.96740395 
113  22.48944066 -079.97031777 
120 Default hold RWY 08 (near)
111  22.48833702 -079.95768511   4 
115  22.48838596 -079.95747190 
120 Default hold RWY 08 (centre)
111  22.49157880 -079.94356089   4 
115  22.49162774 -079.94334768 
120 Default hold RWY 08 (far)
111  22.49482058 -079.92943665   4 
115  22.49486952 -079.92922344 
18   22.49357304 -079.94398461 4 BCN
19   22.48942111 -079.95842930 1 WS
19   22.49496479 -079.92879578 1 WS
54 11810 SANTA CLARA TWR
1       13 0 1 MUBR LAS BRUJAS
100   44.20   1   0 0.25 0 0 0 09   22.62091900 -079.15593100    0.00    0.00 2  0 0 0 27   22.62160000 -079.13840800    0.00    0.00 2  0 0 0
110   1 0.30  87.59 Default taxiway for RWY 09
111  22.62072256 -079.15592203   3 
111  22.61972686 -079.15587655   3 
111  22.62040881 -079.13835364   3 
111  22.62140451 -079.13839912 
112  22.62138776 -079.13882961  22.62139388 -079.13861426   3 
111  22.62115545 -079.13860337   3 
112  22.62083755 -079.13858885  22.62059912 -079.13857796   3 
111  22.62059075 -079.13879320   3 
111  22.62027071 -079.14701654   3 
111  22.62106772 -079.14705295 
111  22.62105935 -079.14726820   3 
111  22.62026234 -079.14723179   3 
112  22.61994230 -079.15545512  22.61993393 -079.15567037   3 
111  22.62017236 -079.15568126   3 
112  22.62049026 -079.15569578  22.62072869 -079.15570667   3 
113  22.62073931 -079.15549153 
120 Default hold RWY 09 (near)
111  22.62032293 -079.15590377   4 
115  22.62033131 -079.15568852 
120 Default hold RWY 09 (centre)
111  22.62065972 -079.14724994   4 
115  22.62066809 -079.14703469 
120 Default hold RWY 09 (far)
111  22.62099650 -079.13859611   4 
115  22.62100488 -079.13838086 
19   22.62149695 -079.15638866 1 WS
19   22.62102201 -079.13795041 1 WS
54 13010 INFO