1     5258 1 1 MMPN LICENCIADO Y GEN IGNACIO LOPEZ RAYON
100   45.11   1   0 0.25 0 2 1 02   19.38740600 -102.04500800    0.00   60.96 2  0 0 0 20   19.40597800 -102.03310300    0.00   60.96 2  0 0 0
21   19.38915368 -102.04438457  2  31.16   3.00 02  PAPI-4L
21   19.40423036 -102.03372663  2 211.16   3.00 20  PAPI-4L
10   19.40635300 -102.03326400 xxx  31.16   200 0.0 0.0   100 161161  1 0 0 0.25 0
10   19.40417100 -102.03781100 xxx 165.00   200 0.0 0.0    90 161161  1 0 0 0.25 0
10   19.40250200 -102.03759800 xxx 121.16   160 0.0 0.0    90 161161  1 0 0 0.25 0
10   19.40325900 -102.03778800 xxx  31.16   500 0.0 0.0   300 161161  1 0 0 0.25 0
10   19.40522600 -102.03753700 xxx  31.16   700 0.0 0.0   200 161161  1 0 0 0.25 0
10   19.40306900 -102.03630800 xxx 121.16   700 0.0 0.0    90 161161  1 0 0 0.25 0
10   19.40112700 -102.03733800 xxx 175.00  1000 0.0 0.0    90 161161  1 0 0 0.25 0
14   19.40268100 -102.03883400   50 0 ATC Tower
15   19.40295800 -102.03829200 301.00 Plataforma 1
18   19.39711200 -102.03979200 1 BCN
19   19.38782600 -102.04574400 1 WS
19   19.40555800 -102.03236600 1 WS
54 11820 URUAPAN TWR
1     1033 0 1 MM59 PABLO L SIDAR
100   19.81   1   0 0.25 0 0 0 07   19.09200600 -102.40052500  271.27    0.00 2  0 0 0 25   19.09484200 -102.38668900    0.00    0.00 2  0 0 0
110   1 0.30  77.76 Default taxiway for RWY 07
111  19.09192108 -102.40050550   3 
111  19.09148328 -102.40040500   3 
111  19.09431980 -102.38656923   3 
111  19.09475760 -102.38666974 
112  19.09471980 -102.38685412  19.09473650 -102.38676143   3 
111  19.09463196 -102.38673743   3 
112  19.09449256 -102.38670543  19.09438802 -102.38668143   3 
111  19.09436912 -102.38677362   3 
111  19.09299811 -102.39346102   3 
111  19.09334879 -102.39354152 
111  19.09332989 -102.39363371   3 
111  19.09297921 -102.39355321   3 
112  19.09160820 -102.40024062  19.09158930 -102.40033281   3 
111  19.09169384 -102.40035681   3 
112  19.09183324 -102.40038881  19.09193778 -102.40041281   3 
113  19.09195888 -102.40032112 
120 Default hold RWY 07 (near)
111  19.09174464 -102.40046500   4 
115  19.09176354 -102.40037281 
120 Default hold RWY 07 (centre)
111  19.09315345 -102.39359321   4 
115  19.09317235 -102.39350102 
120 Default hold RWY 07 (far)
111  19.09456226 -102.38672143   4 
115  19.09458116 -102.38662924 
19   19.09222822 -102.40076907 1 WS
19   19.09461977 -102.38644494 1 WS