1      127 1 0 TQPF Anguilla/Wallblake
100   29.87   1   0 0.00 0 2 0 10   18.20488300 -063.06172200  149.96    0.00 2  0 0 0 28   18.20471400 -063.04598900  149.96    0.00 2  0 0 0
21   18.20517990 -063.05840292  2  90.65   3.00 10  PAPI-4L
21   18.20441738 -063.04930810  2 270.65   3.00 28  PAPI-4L
110   1 0.00   0.60 Taxiway
111  18.20560985 -063.05180575 102 
112  18.20554206 -063.05173862  18.20550248 -063.05174209 
111  18.20554206 -063.05173862 102 
111  18.20503467 -063.05174203 102 
111  18.20494889 -063.05177474 
112  18.20494889 -063.05177474  18.20492254 -063.05179196 102 
111  18.20491516 -063.05190996 102 
111  18.20490865 -063.05191030 
111  18.20490474 -063.05139924 102 
111  18.20491026 -063.05139857 102 
112  18.20494245 -063.05151040  18.20497153 -063.05154866 102 
111  18.20503236 -063.05157087 102 
111  18.20554259 -063.05156409 
112  18.20554259 -063.05156409  18.20557887 -063.05156062 102 
113  18.20560466 -063.05148373 
110   1 0.00   0.60 Taxiway
111  18.20561503 -063.05330397 102 
111  18.20508196 -063.05330344 102 
111  18.20498983 -063.05332374 
112  18.20498983 -063.05332374  18.20494146 -063.05333901 102 
111  18.20493731 -063.05343807 102 
111  18.20492641 -063.05343818 
111  18.20492189 -063.05302299 102 
111  18.20492874 -063.05302377 102 
112  18.20498479 -063.05312497  18.20502107 -063.05313516 
111  18.20498479 -063.05312497 102 
111  18.20507988 -063.05314429 102 
111  18.20556187 -063.05314556 
112  18.20556187 -063.05314556  18.20559211 -063.05314684 102 
113  18.20561762 -063.05310202 
110   1 0.00  90.60 Apron
111  18.20637201 -063.05330942 
111  18.20561503 -063.05330397 
111  18.20561762 -063.05310202 
111  18.20560985 -063.05180575 
111  18.20560466 -063.05148373 
111  18.20560725 -063.05040761 106 
113  18.20636683 -063.05041034 
110   2 0.00   0.00 Pad
111  18.20648890 -063.05246806 
111  18.20636915 -063.05246775 
111  18.20636870 -063.05242711 
113  18.20648920 -063.05242632 
110   2 0.00   0.00 Pad
111  18.20653156 -063.05133153 
111  18.20636601 -063.05133121 
111  18.20636630 -063.05129928 
113  18.20653186 -063.05129928 
110   1 0.00   0.00 Pad
111  18.20474986 -063.06172122 102 
111  18.20474419 -063.06172161 102 
111  18.20461826 -063.06168985 102 
111  18.20461608 -063.06141682 102 
111  18.20472067 -063.06131116 
112  18.20472067 -063.06131116  18.20473060 -063.06130397 102 
111  18.20473900 -063.06128809 102 
113  18.20474487 -063.06128702 
110   1 0.00   0.00 Pad
111  18.20484688 -063.04598783 102 
111  18.20485104 -063.04598768 102 
111  18.20497924 -063.04598620 102 
111  18.20497821 -063.04624016 
112  18.20497821 -063.04624016  18.20497639 -063.04627268 102 
111  18.20494972 -063.04629886 102 
111  18.20485909 -063.04638250 102 
113  18.20485132 -063.04638177 
110   1 0.00   0.00 Road
111  18.20648313 -063.05364234 
111  18.20642275 -063.05364145 
111  18.20639354 -063.05359314 
111  18.20499825 -063.05359724 
111  18.20492707 -063.05362737 
111  18.20492677 -063.05353163 
111  18.20500020 -063.05355418 
111  18.20618645 -063.05353894 
112  18.20630750 -063.05340245  18.20631150 -063.05330566 
111  18.20630750 -063.05340245 
111  18.20630792 -063.05330847 
111  18.20637201 -063.05330942 
111  18.20637452 -063.05345371 
113  18.20648190 -063.05345288 
110   2 0.00   0.00 H Pad
111  18.20652727 -063.05140983 
111  18.20652818 -063.05115717 
111  18.20667646 -063.05115775 
113  18.20667912 -063.05140703 
110   2 0.00   0.00 H Pad
111  18.20636383 -063.05177789 
111  18.20636370 -063.05168296 
111  18.20639816 -063.05168309 
113  18.20639803 -063.05177802 
110   2 0.00   0.00 H Pad
111  18.20689939 -063.05269962 
111  18.20683755 -063.05269972 
111  18.20683771 -063.05275436 
111  18.20648557 -063.05275774 
111  18.20648920 -063.05242632 
111  18.20654646 -063.05242562 
111  18.20654746 -063.05237243 
111  18.20683771 -063.05237497 
111  18.20683892 -063.05247682 
113  18.20689939 -063.05247793 
110   2 0.00   0.00 H Pad
111  18.20648488 -063.05317821 
111  18.20648688 -063.05305616 
111  18.20654285 -063.05305616 
113  18.20654385 -063.05318031 
110   2 0.00   0.00 H Pad
111  18.20655378 -063.05364910 
111  18.20655378 -063.05361219 
111  18.20648066 -063.05361424 
111  18.20648190 -063.05345288 
111  18.20661026 -063.05344611 
113  18.20661211 -063.05364910 
130 Airport Boundary
111  18.20648744 -063.05509868 
111  18.20563307 -063.05521034 
111  18.20561337 -063.06029080 
112  18.20549053 -063.06083268  18.20534989 -063.06109639 
111  18.20530919 -063.06202728 
111  18.20394039 -063.06203344 
111  18.20403341 -063.04598936 
111  18.20438608 -063.04598455 
111  18.20439094 -063.04551491 
111  18.20512200 -063.04552753 
111  18.20512414 -063.04601399 
111  18.20541991 -063.04602210 
111  18.20542618 -063.04711623 
112  18.20530334 -063.04775663  18.20530334 -063.04806786 
111  18.20546128 -063.04889582 
112  18.20537353 -063.04926961  18.20524968 -063.04937476 
111  18.20529749 -063.04952208 
111  18.20537353 -063.05034106 
111  18.20712708 -063.05014637 
111  18.20714639 -063.05430534 
113  18.20644384 -063.05446479 
120 RH
111  18.20550438 -063.05156630   4 
111  18.20550427 -063.05173676 
111  18.20550449 -063.05314561   4 
115  18.20550449 -063.05330225 
120 TL
111  18.20479230 -063.05238233   1 
111  18.20478655 -063.05180486   1 
112  18.20490375 -063.05166442  18.20501004 -063.05165174 
111  18.20490375 -063.05166442 
112  18.20490375 -063.05166442  18.20478298 -063.05162142   1 
111  18.20478304 -063.05150368   1 
115  18.20477729 -063.05092621 
120 TL
111  18.20480889 -063.05395585   1 
111  18.20480315 -063.05337838   1 
112  18.20492285 -063.05323676  18.20502913 -063.05322408 
111  18.20492285 -063.05323676 
112  18.20492285 -063.05323676  18.20480208 -063.05319375   1 
111  18.20480059 -063.05307539   1 
115  18.20479484 -063.05249792 
120 TL
111  18.20601362 -063.05151392   1 
111  18.20601407 -063.05136291   1 
111  18.20601409 -063.05134504 
111  18.20601427 -063.05128767   1 
115  18.20601729 -063.05041609 
120 TL
111  18.20601080 -063.05235973   1 
111  18.20601142 -063.05224700 
111  18.20601142 -063.05218773   1 
111  18.20601247 -063.05202439 
111  18.20601203 -063.05196511   1 
115  18.20601275 -063.05179659 
120 TL
111  18.20591832 -063.05322350   1 
115  18.20573811 -063.05322606 
120 TL
111  18.20492285 -063.05323676   1 
111  18.20573811 -063.05322606 
112  18.20573811 -063.05322606  18.20583612 -063.05321358   1 
111  18.20584944 -063.05308869   1 
111  18.20585109 -063.05278473 
111  18.20585127 -063.05274809   1 
115  18.20585083 -063.05253138 
120 TL
111  18.20592806 -063.05165379   1 
115  18.20490375 -063.05166442 
120 TL
111  18.20601291 -063.05173937   1 
112  18.20592806 -063.05165379  18.20586489 -063.05164971 
111  18.20592806 -063.05165379 
112  18.20592806 -063.05165379  18.20599040 -063.05164679   1 
113  18.20601331 -063.05157163   1 
120 TL
112  18.20604275 -063.05131502  18.20606140 -063.05131967 
111  18.20604275 -063.05131502 
112  18.20604275 -063.05131502  18.20602410 -063.05131864   1 
111  18.20601409 -063.05134504   1 
113  18.20601427 -063.05128767   1 
120 TL
112  18.20604159 -063.05154162  18.20606024 -063.05154627 
111  18.20604159 -063.05154162 
112  18.20604159 -063.05154162  18.20602294 -063.05154524   1 
111  18.20601331 -063.05157163   1 
113  18.20601362 -063.05151392   1 
120 TL
112  18.20603927 -063.05176701  18.20605793 -063.05177166 
111  18.20603927 -063.05176701 
112  18.20603927 -063.05176701  18.20602062 -063.05177062   1 
111  18.20601275 -063.05179659   1 
113  18.20601291 -063.05173937   1 
120 TL
112  18.20604390 -063.05199361  18.20606255 -063.05199826 
111  18.20604390 -063.05199361 
112  18.20604390 -063.05199361  18.20602525 -063.05199723   1 
111  18.20601247 -063.05202439   1 
113  18.20601203 -063.05196511   1 
120 TL
112  18.20604159 -063.05221656  18.20606024 -063.05222121 
111  18.20604159 -063.05221656 
112  18.20604159 -063.05221656  18.20602294 -063.05222017   1 
111  18.20601142 -063.05224700   1 
113  18.20601142 -063.05218773   1 
120 TL
111  18.20601247 -063.05202439   1 
112  18.20592209 -063.05191896  18.20584322 -063.05191312 
111  18.20592209 -063.05191896   1 
111  18.20570915 -063.05191652 
112  18.20570915 -063.05191652  18.20562183 -063.05201841   1 
111  18.20575538 -063.05206961 
112  18.20575538 -063.05206961  18.20578484 -063.05206629   1 
115  18.20579599 -063.05209319 
120 TL
111  18.20601407 -063.05136291   1 
112  18.20592706 -063.05127652  18.20586603 -063.05127209 
111  18.20592706 -063.05127652   1 
111  18.20571411 -063.05127409 
112  18.20571411 -063.05127409  18.20562679 -063.05137598   1 
111  18.20576035 -063.05142718 
112  18.20576035 -063.05142718  18.20578980 -063.05142386   1 
115  18.20580096 -063.05145076 
120 TL
111  18.20604280 -063.05244143   1 
112  18.20601080 -063.05235973  18.20600427 -063.05230096 
111  18.20601080 -063.05235973 
112  18.20601080 -063.05235973  18.20600724 -063.05241287   1 
115  18.20593289 -063.05244278 
120 TL
111  18.20604275 -063.05131502   1 
111  18.20627318 -063.05131222 
112  18.20627318 -063.05131222  18.20631192 -063.05129558   1 
112  18.20620690 -063.05126515  18.20612311 -063.05131258 
111  18.20620690 -063.05126515   1 
115  18.20617323 -063.05126542 
120 TL
111  18.20604159 -063.05154162   1 
111  18.20627203 -063.05153882 
112  18.20627203 -063.05153882  18.20631076 -063.05152218   1 
112  18.20620574 -063.05149176  18.20612196 -063.05153919 
111  18.20620574 -063.05149176   1 
115  18.20617208 -063.05149202 
120 TL
111  18.20603927 -063.05176701   1 
111  18.20626971 -063.05176421 
112  18.20626971 -063.05176421  18.20630844 -063.05174756   1 
112  18.20620343 -063.05171714  18.20611964 -063.05176457 
111  18.20620343 -063.05171714   1 
115  18.20616976 -063.05171741 
120 TL
111  18.20604390 -063.05199361   1 
111  18.20627434 -063.05199081 
112  18.20627434 -063.05199081  18.20631307 -063.05197417   1 
112  18.20620806 -063.05194374  18.20612427 -063.05199117 
111  18.20620806 -063.05194374   1 
115  18.20617439 -063.05194401 
120 TL
111  18.20604159 -063.05221656   1 
111  18.20627203 -063.05221376 
112  18.20627203 -063.05221376  18.20631076 -063.05219711   1 
112  18.20620574 -063.05216669  18.20612196 -063.05221412 
111  18.20620574 -063.05216669   1 
115  18.20617208 -063.05216696 
120 TL
111  18.20585083 -063.05253138   1 
112  18.20593289 -063.05244278  18.20598526 -063.05244164 
111  18.20593289 -063.05244278   1 
111  18.20604228 -063.05244170   1 
111  18.20627272 -063.05243890 
112  18.20627272 -063.05243890  18.20631145 -063.05242225   1 
112  18.20620644 -063.05239183  18.20612265 -063.05243926 
111  18.20620644 -063.05239183   1 
115  18.20617277 -063.05239210 
120 TL
111  18.20585109 -063.05278473   1 
112  18.20591068 -063.05275782  18.20595020 -063.05275533   1 
111  18.20600346 -063.05281421   1 
111  18.20623587 -063.05281372 
112  18.20623587 -063.05281372  18.20630701 -063.05273051   1 
111  18.20619857 -063.05266620   1 
111  18.20618136 -063.05264873   1 
112  18.20615266 -063.05262895  18.20612500 -063.05262728 
111  18.20615266 -063.05262895   1 
111  18.20597285 -063.05262995 
112  18.20597285 -063.05262995  18.20588669 -063.05263411   1 
113  18.20585127 -063.05274809   1 
120 TL
111  18.20623870 -063.05321951   1 
112  18.20618693 -063.05306869  18.20606476 -063.05301952 
111  18.20618693 -063.05306869   1 
111  18.20618183 -063.05304189   1 
112  18.20602907 -063.05314374  18.20599673 -063.05325191 
111  18.20602907 -063.05314374 
112  18.20602907 -063.05314374  18.20600751 -063.05320350   1 
113  18.20591832 -063.05322350   1 
120 TL
112  18.20487346 -063.06133090  18.20487346 -063.06137963   1 
111  18.20484266 -063.06139738   1 
111  18.20472559 -063.06144765 
112  18.20472559 -063.06144765  18.20463185 -063.06147932   1 
112  18.20481647 -063.06164872  18.20497155 -063.06165115 
111  18.20481647 -063.06164872 
112  18.20481647 -063.06164872  18.20489980 -063.06164993   1 
112  18.20492584 -063.06137792  18.20479390 -063.06121711 
111  18.20492584 -063.06137792 
112  18.20492584 -063.06137792  18.20488765 -063.06134259   1 
115  18.20488579 -063.06127090 
120 TL
111  18.20473001 -063.04636437   1 
112  18.20476082 -063.04632221  18.20478856 -063.04631315 
111  18.20476082 -063.04632221   1 
111  18.20489751 -063.04625572 
112  18.20489751 -063.04625572  18.20494496 -063.04622892   1 
112  18.20476698 -063.04608385  18.20460149 -063.04607166 
111  18.20476698 -063.04608385 
112  18.20476698 -063.04608385  18.20460496 -063.04610212   1 
112  18.20467302 -063.04634653  18.20474593 -063.04639527 
111  18.20467302 -063.04634653 
112  18.20467302 -063.04634653  18.20470286 -063.04635829   1 
115  18.20471461 -063.04641626 
120 TLS
111  18.20630792 -063.05330847 106 
111  18.20593604 -063.05330562 102 
115  18.20561503 -063.05330397 
14   18.20652626 -063.05306409   60 0 ATC Tower
15   18.20611692 -063.05262883 180.60 AirCarrier Spot
15   18.20619134 -063.05171742 180.60 Gen Avia. Spot
18   18.20673292 -063.05333617 1 BCN
19   18.20532189 -063.06014466 1 WS
19   18.20512199 -063.04863798 1 WS
20   18.20550425 -063.05147848 180.00  0 1 {@R}28-10
20   18.20551243 -063.05305843 180.00  0 1 {@R}28-10
54 11850 TWR
55 11870 JULIANA APP
55 12895 JULIANA APP
1        6 1 0 TFFG St Maarten - Grand Case
100   29.87   1   1 0.25 0 2 0 12   18.10152100 -063.05256400   60.05    0.00 3  0 0 0 30   18.09833100 -063.04173000  160.02    0.00 3  0 0 0
21   18.10089700 -063.04938900  2 107.18   3.00  PAPI-4L
110   1 0.25 107.18 Taxiway
111  18.10097900 -063.04780300 102 
112  18.10090800 -063.04756300  18.10088700 -063.04749000 102 
112  18.10077100 -063.04748700  18.10070100 -063.04751000 102 
111  18.10054900 -063.04756000 102 
112  18.10032300 -063.04763200  18.10025300 -063.04765400 102 
112  18.10029800 -063.04793500  18.10035100 -063.04811500 
111  18.10029800 -063.04793500 
111  18.09994500 -063.04769300 
111  18.10010600 -063.04728500 102 
112  18.10010600 -063.04728500  18.10015900 -063.04746500 102 
112  18.10029000 -063.04752200  18.10036000 -063.04750000 102 
111  18.10051700 -063.04745000 102 
111  18.10086600 -063.04733500 
111  18.10097100 -063.04730100 
111  18.10091500 -063.04738000 
111  18.10097100 -063.04738700 
111  18.10100400 -063.04749700 
111  18.10103400 -063.04760200 
111  18.10106700 -063.04771200 
111  18.10103300 -063.04778500 
111  18.10109300 -063.04780200 
111  18.10112500 -063.04791200 102 
111  18.10116800 -063.04805800 
111  18.10120000 -063.04816800 
111  18.10116800 -063.04824500 
111  18.10122700 -063.04825700 
111  18.10125900 -063.04836700 102 
111  18.10129700 -063.04849500 
111  18.10132900 -063.04860500 
111  18.10129800 -063.04868600 
111  18.10130400 -063.04871600 102 
111  18.10095000 -063.04886300 102 
112  18.10071200 -063.04894200  18.10064200 -063.04896500 102 
112  18.10068600 -063.04924600  18.10073900 -063.04942600 
111  18.10068600 -063.04924600 
111  18.10033500 -063.04900500 
111  18.10049500 -063.04859600 102 
112  18.10049500 -063.04859600  18.10054800 -063.04877600 102 
112  18.10068000 -063.04883200  18.10075000 -063.04880900 102 
111  18.10091800 -063.04875300 102 
112  18.10112300 -063.04868500  18.10119200 -063.04866200 102 
112  18.10119500 -063.04854000  18.10117400 -063.04846700 102 
113  18.10111400 -063.04826300 
110   1 0.25 107.18 Apron
111  18.10194500 -063.04870000 
111  18.10155500 -063.04882500 
111  18.10153100 -063.04882700 
111  18.10149900 -063.04881100 
111  18.10148800 -063.04878800 
111  18.10147700 -063.04875200 
111  18.10085700 -063.04895300 
111  18.10080400 -063.04897500 
111  18.10074900 -063.04902300 
111  18.10072900 -063.04907900 
111  18.10074100 -063.04915500 
111  18.10081100 -063.04939200 
111  18.10071300 -063.04942500 
111  18.10025700 -063.04787200 
111  18.10034900 -063.04785000 
111  18.10055400 -063.04854600 
111  18.10058300 -063.04861300 
111  18.10061900 -063.04867000 
111  18.10066900 -063.04871300 
111  18.10072800 -063.04873200 
111  18.10079400 -063.04872500 
111  18.10102300 -063.04865200 
111  18.10109200 -063.04861100 
111  18.10113700 -063.04855000 
111  18.10115100 -063.04848000 
111  18.10114500 -063.04839400 
111  18.10094400 -063.04771000 
111  18.10091200 -063.04763700 
111  18.10086500 -063.04758000 
111  18.10082500 -063.04754900 
111  18.10077800 -063.04753900 
111  18.10073700 -063.04754500 
111  18.10047700 -063.04762800 
111  18.10042600 -063.04764900 
111  18.10038200 -063.04767200 
111  18.10035100 -063.04771200 
111  18.10033900 -063.04778200 
111  18.10034800 -063.04785000 
111  18.10025800 -063.04787100 
111  18.10002500 -063.04698700 
111  18.10009300 -063.04696500 
111  18.10019800 -063.04732000 
111  18.10022700 -063.04738300 
111  18.10026400 -063.04743100 
111  18.10031500 -063.04744900 
111  18.10036700 -063.04744300 
111  18.10042100 -063.04742800 
111  18.10089400 -063.04727400 
111  18.10154900 -063.04705900 
111  18.10164500 -063.04739000 
111  18.10171900 -063.04764600 
111  18.10158400 -063.04768500 
111  18.10175400 -063.04826100 
111  18.10190200 -063.04821300 
111  18.10193000 -063.04830600 
111  18.10190600 -063.04832600 
111  18.10195400 -063.04849600 
113  18.10189100 -063.04851500 
110   2 0.25 107.18 Apron
111  18.10149100 -063.04707800 
111  18.10089600 -063.04727200 
111  18.10069100 -063.04658700 
113  18.10129400 -063.04639700 
120 Centreline for Path
111  18.10169400 -063.04862000  51 
112  18.10156800 -063.04866300  18.10156600 -063.04866400  51 
112  18.10156200 -063.04866400  18.10156100 -063.04866400  51 
112  18.10142300 -063.04865200  18.10142100 -063.04865200  51 
112  18.10141700 -063.04865300  18.10141600 -063.04865300  51 
112  18.10129900 -063.04868700  18.10129700 -063.04868800  51 
112  18.10129700 -063.04868500  18.10129800 -063.04868400  51 
112  18.10137200 -063.04850600  18.10137300 -063.04850400  51 
112  18.10137600 -063.04850200  18.10137700 -063.04850200  51 
112  18.10163700 -063.04842000  18.10163900 -063.04841900  51 
112  18.10163800 -063.04841700  18.10163600 -063.04841600  51 
112  18.10145500 -063.04829400  18.10145400 -063.04829300  51 
116  18.10145000 -063.04829200  18.10144900 -063.04829100 
120 Centreline for Path
111  18.10130400 -063.04692900  51 
112  18.10134500 -063.04707000  18.10134600 -063.04707200  51 
112  18.10134400 -063.04707500  18.10134300 -063.04707700  51 
112  18.10127300 -063.04716000  18.10127200 -063.04716100  51 
112  18.10127200 -063.04716500  18.10127200 -063.04716700  51 
112  18.10137500 -063.04752800  18.10137600 -063.04753000  51 
112  18.10137300 -063.04753200  18.10137200 -063.04753200  51 
112  18.10112100 -063.04761300  18.10111900 -063.04761400  51 
112  18.10111700 -063.04761700  18.10111600 -063.04761800  51 
112  18.10103200 -063.04778300  18.10103100 -063.04778500  51 
116  18.10106300 -063.04789600  18.10108500 -063.04797000 
120 Centreline for Path
111  18.10111800 -063.04698700  51 
112  18.10115700 -063.04712300  18.10115800 -063.04712500  51 
112  18.10115600 -063.04712800  18.10115500 -063.04713000  51 
112  18.10109600 -063.04722000  18.10109500 -063.04722100  51 
112  18.10109100 -063.04722300  18.10109000 -063.04722300  51 
112  18.10101600 -063.04724800  18.10101400 -063.04724900  51 
112  18.10101100 -063.04725100  18.10101000 -063.04725300  51 
112  18.10091400 -063.04737900  18.10091300 -063.04738000  51 
116  18.10080700 -063.04741500  18.10073800 -063.04743800 
120 Centreline for Taxi
112  18.10015300 -063.04792100  18.10010000 -063.04774100  51 
112  18.10017800 -063.04761800  18.10024800 -063.04759600  51 
112  18.10042800 -063.04753800  18.10049800 -063.04751600  51 
112  18.10063800 -063.04747100  18.10070700 -063.04744800  51 
112  18.10080700 -063.04741500  18.10087700 -063.04739200  51 
112  18.10094400 -063.04749100  18.10096600 -063.04756500  51 
112  18.10099900 -063.04767600  18.10102000 -063.04774900  51 
112  18.10106300 -063.04789600  18.10108500 -063.04797000  51 
112  18.10113400 -063.04813600  18.10115500 -063.04820900  51 
112  18.10119800 -063.04835600  18.10122000 -063.04843000  51 
112  18.10126400 -063.04857800  18.10128500 -063.04865100  51 
112  18.10119100 -063.04872300  18.10112200 -063.04874600  51 
112  18.10103900 -063.04877300  18.10096900 -063.04879600  51 
112  18.10082900 -063.04884200  18.10076000 -063.04886500  51 
112  18.10056800 -063.04892900  18.10049800 -063.04895200  51 
116  18.10038300 -063.04869300  18.10032900 -063.04851400 
120 Centreline for Path
112  18.10131800 -063.04785200  18.10132000 -063.04785300  51 
112  18.10132300 -063.04785500  18.10132500 -063.04785600  51 
112  18.10150600 -063.04797800  18.10150700 -063.04797900  51 
112  18.10150500 -063.04798100  18.10150400 -063.04798100  51 
112  18.10125200 -063.04806300  18.10125000 -063.04806400  51 
112  18.10124800 -063.04806700  18.10124700 -063.04806800  51 
112  18.10116700 -063.04824300  18.10116600 -063.04824500  51 
116  18.10119800 -063.04835600  18.10122000 -063.04843000 
120 Centreline for Path
112  18.10109100 -063.04722300  18.10109300 -063.04722200  51 
112  18.10109700 -063.04722100  18.10109800 -063.04722100  51 
112  18.10126800 -063.04716300  18.10127000 -063.04716200  51 
116  18.10127200 -063.04716500  18.10127200 -063.04716700 
120 Centreline for Path
112  18.10101100 -063.04725100  18.10101200 -063.04725000  51 
112  18.10101200 -063.04724600  18.10101200 -063.04724400  51 
112  18.10091100 -063.04690800  18.10091000 -063.04690600  51 
112  18.10090900 -063.04690200  18.10090900 -063.04690000  51 
112  18.10085000 -063.04670400  18.10084900 -063.04670200  51 
112  18.10085200 -063.04670000  18.10085300 -063.04670000  51 
112  18.10093000 -063.04667500  18.10093200 -063.04667400  51 
112  18.10093600 -063.04667300  18.10093700 -063.04667300  51 
112  18.10109700 -063.04662000  18.10109900 -063.04661900  51 
112  18.10110300 -063.04661800  18.10110400 -063.04661800  51 
112  18.10126000 -063.04656700  18.10126200 -063.04656600  51 
116  18.10126200 -063.04656300  18.10126200 -063.04656100 
120 Centreline for Path
112  18.10118900 -063.04740400  18.10119100 -063.04740400  51 
112  18.10119400 -063.04740600  18.10119600 -063.04740700  51 
112  18.10137400 -063.04752900  18.10137500 -063.04753000  51 
112  18.10137700 -063.04753400  18.10137700 -063.04753600  51 
112  18.10150700 -063.04797700  18.10150800 -063.04797900  51 
112  18.10150900 -063.04798300  18.10150900 -063.04798500  51 
112  18.10163900 -063.04841600  18.10164000 -063.04841800  51 
116  18.10163700 -063.04842000  18.10163600 -063.04842000 
120 Centreline for Path
112  18.10091100 -063.04690800  18.10091000 -063.04690600  51 
112  18.10091300 -063.04690400  18.10091400 -063.04690400  51 
112  18.10099100 -063.04687900  18.10099300 -063.04687800  51 
112  18.10099700 -063.04687700  18.10099800 -063.04687700  51 
112  18.10115600 -063.04682500  18.10115800 -063.04682400  51 
112  18.10116200 -063.04682300  18.10116300 -063.04682300  51 
112  18.10132000 -063.04677200  18.10132200 -063.04677100  51 
116  18.10132200 -063.04676800  18.10132200 -063.04676600 
120 Centreline for Taxi join
112  18.10119100 -063.04872300  18.10126100 -063.04870000  51 
116  18.10129900 -063.04868700  18.10130000 -063.04868700 
120 Centreline for Taxi join
112  18.10119100 -063.04872300  18.10126100 -063.04870000  51 
116  18.10129700 -063.04868500  18.10129800 -063.04868400 
120 Centreline for Taxi join
112  18.10129900 -063.04868700  18.10129700 -063.04868800  51 
116  18.10126400 -063.04857800  18.10124200 -063.04850400 
120 Centreline for Taxi join
112  18.10129700 -063.04868500  18.10129600 -063.04868700  51 
116  18.10126400 -063.04857800  18.10124200 -063.04850400 
120 Centreline for Taxi join
112  18.10080700 -063.04741500  18.10087700 -063.04739200  51 
116  18.10091500 -063.04738100  18.10091600 -063.04738100 
120 Centreline for Taxi join
112  18.10094400 -063.04749100  18.10092300 -063.04741800  51 
116  18.10091400 -063.04737900  18.10091500 -063.04737700 
120 Centreline for Taxi join
112  18.10094400 -063.04749100  18.10092300 -063.04741800  51 
116  18.10091500 -063.04738100  18.10091600 -063.04738100 
120 Centreline for Path
112  18.10091400 -063.04737900  18.10091300 -063.04738000  51 
116  18.10091500 -063.04738100  18.10091600 -063.04738100 
120 Centreline for Path
112  18.10163800 -063.04841700  18.10163900 -063.04841800  51 
116  18.10163900 -063.04841600  18.10163900 -063.04841400 
120 Centreline for Path
112  18.10150500 -063.04798100  18.10150700 -063.04798000  51 
116  18.10150700 -063.04797700  18.10150700 -063.04797500 
120 Centreline for Path
112  18.10150500 -063.04798100  18.10150700 -063.04798000  51 
116  18.10150900 -063.04798300  18.10150900 -063.04798500 
120 Centreline for Path
112  18.10150600 -063.04797800  18.10150700 -063.04797900  51 
116  18.10150700 -063.04797700  18.10150700 -063.04797500 
120 Centreline for Path
112  18.10150600 -063.04797800  18.10150700 -063.04797900  51 
116  18.10150900 -063.04798300  18.10150900 -063.04798500 
120 Centreline for Taxi join
112  18.10119800 -063.04835600  18.10117700 -063.04828300  51 
116  18.10116900 -063.04824600  18.10117000 -063.04824700 
120 Centreline for Path
112  18.10116700 -063.04824300  18.10116600 -063.04824500  51 
116  18.10116900 -063.04824600  18.10117000 -063.04824700 
120 Centreline for Taxi join
112  18.10116700 -063.04824300  18.10116600 -063.04824500  51 
116  18.10113400 -063.04813600  18.10111200 -063.04806200 
120 Centreline for Taxi join
112  18.10116900 -063.04824600  18.10116700 -063.04824600  51 
116  18.10113400 -063.04813600  18.10111200 -063.04806200 
120 Centreline for Taxi join
112  18.10106300 -063.04789600  18.10104200 -063.04782300  51 
116  18.10103400 -063.04778700  18.10103500 -063.04778700 
120 Centreline for Taxi join
112  18.10099900 -063.04767600  18.10102000 -063.04774900  51 
116  18.10103400 -063.04778700  18.10103500 -063.04778700 
120 Centreline for Taxi join
112  18.10099900 -063.04767600  18.10102000 -063.04774900  51 
116  18.10103200 -063.04778300  18.10103300 -063.04778200 
120 Centreline for Path
112  18.10103400 -063.04778700  18.10103200 -063.04778600  51 
116  18.10103200 -063.04778300  18.10103300 -063.04778200 
120 Centreline for Path
112  18.10137300 -063.04753200  18.10137500 -063.04753100  51 
116  18.10137700 -063.04753400  18.10137700 -063.04753600 
120 Centreline for Path
112  18.10137300 -063.04753200  18.10137500 -063.04753100  51 
116  18.10137400 -063.04752900  18.10137200 -063.04752800 
120 Centreline for Path
112  18.10137700 -063.04753400  18.10137600 -063.04753200  51 
116  18.10137500 -063.04752800  18.10137500 -063.04752600 
120 Centreline for Path
112  18.10137500 -063.04752800  18.10137600 -063.04753000  51 
116  18.10137400 -063.04752900  18.10137200 -063.04752800 
120 Centreline for Path
112  18.10127300 -063.04716000  18.10127200 -063.04716100  51 
116  18.10126800 -063.04716300  18.10126700 -063.04716300 
120 Centreline for Path
112  18.10101600 -063.04724800  18.10101400 -063.04724900  51 
116  18.10101200 -063.04724600  18.10101200 -063.04724400 
120 Centreline for Path
112  18.10109700 -063.04722100  18.10109500 -063.04722200  51 
116  18.10109600 -063.04722000  18.10109700 -063.04721800 
120 Centreline for Path
112  18.10090900 -063.04690200  18.10091000 -063.04690400  51 
116  18.10091300 -063.04690400  18.10091400 -063.04690400 
120 Centreline for Path
112  18.10110300 -063.04661800  18.10110100 -063.04661900  51 
116  18.10109900 -063.04661600  18.10109900 -063.04661400 
120 Centreline for Path
112  18.10109900 -063.04661600  18.10110000 -063.04661800  51 
116  18.10109700 -063.04662000  18.10109600 -063.04662000 
120 Centreline for Path
112  18.10093600 -063.04667300  18.10093400 -063.04667400  51 
116  18.10093200 -063.04667100  18.10093200 -063.04666900 
120 Centreline for Path
112  18.10093000 -063.04667500  18.10093200 -063.04667400  51 
116  18.10093200 -063.04667100  18.10093200 -063.04666900 
120 Centreline for Path
112  18.10099100 -063.04687900  18.10099300 -063.04687800  51 
116  18.10099300 -063.04687500  18.10099300 -063.04687300 
120 Centreline for Path
112  18.10099300 -063.04687500  18.10099400 -063.04687700  51 
116  18.10099700 -063.04687700  18.10099800 -063.04687700 
120 Centreline for Path
112  18.10115600 -063.04682500  18.10115800 -063.04682400  51 
116  18.10115800 -063.04682100  18.10115800 -063.04681900 
120 Centreline for Path
112  18.10116200 -063.04682300  18.10116000 -063.04682400  51 
116  18.10115800 -063.04682100  18.10115800 -063.04681900 
120 Taxi hold short
111  18.10054800 -063.04755600  54 
115  18.10051800 -063.04745400 
120 Taxi hold short
111  18.10091900 -063.04875800  54 
115  18.10094900 -063.04885800 
120 GA Ramp 1
111  18.10145300 -063.04829300  51 
115  18.10145300 -063.04829100 
120 GA Ramp 2
111  18.10132100 -063.04785400  51 
115  18.10132100 -063.04785200 
120 GA Ramp 3
111  18.10119200 -063.04740500  51 
115  18.10119200 -063.04740300 
120 GA Ramp 4
111  18.10111700 -063.04698700  51 
115  18.10111900 -063.04698700 
120 GA Ramp 5
111  18.10130300 -063.04692900  51 
115  18.10130500 -063.04692900 
120 Apron edge
111  18.10088900 -063.04726500 102 
111  18.10068900 -063.04658900 102 
115  18.10128500 -063.04639900 
120 Apron edge
111  18.10183900 -063.04873400 102 
115  18.10154900 -063.04883000 
120 Apron edge
111  18.10147200 -063.04875600 102 
115  18.10080700 -063.04897300 
14   18.10186900 -063.04814900   54 0 Grand Case Tower
15   18.10145300 -063.04829200 147.77 GA Ramp 1
15   18.10107100 -063.04651600 107.00 GA Ramp 10
15   18.10123700 -063.04647900 107.17 GA Ramp 11
15   18.10132100 -063.04785300 148.69 GA Ramp 2
15   18.10119200 -063.04740400 149.08 GA Ramp 3
15   18.10111800 -063.04698700 106.75 GA Ramp 4
15   18.10130400 -063.04692900 107.36 GA Ramp 5
15   18.10096200 -063.04676900 106.67 GA Ramp 6
15   18.10112800 -063.04671900 106.98 GA Ramp 7
15   18.10129200 -063.04666500 106.81 GA Ramp 8
15   18.10090300 -063.04656800 107.14 GA Ramp 9
18   18.10082498 -063.04685442 1 BCN
19   18.10020200 -063.04647000 1 Windsock
19   18.10020200 -063.04647000 1 Windsock
54 11920 GRAND CASE TWR
1       12 1 0 TNCM St Maarten - Princess Juliana Intl
100   45.11   1   1 0.25 0 2 1 10   18.03936600 -063.11961000    0.00   46.02 3  0 0 1 28   18.04241200 -063.09833800  121.01    0.00 3  0 0 0
102 H2   18.04201600 -063.10689100 351.50   20.12   20.12   1 2   0 0.25 1
21   18.04001700 -063.11764500  2  81.45   3.00  PAPI-4L
110   1 0.25  81.45 Taxiway
111  18.04074100 -063.11703800 
111  18.04065100 -063.11762600 
111  18.04062900 -063.11776800 
111  18.04062600 -063.11778400 
111  18.04061600 -063.11785400 
111  18.04060500 -063.11792400 
111  18.04060300 -063.11793800 
111  18.04058100 -063.11808000 
111  18.04048900 -063.11866500 
111  18.04047300 -063.11873600 
111  18.04045600 -063.11880600 
111  18.04045400 -063.11881500 
111  18.04043200 -063.11891000 
112  18.04034100 -063.11912900  18.04029600 -063.11921200 
111  18.04022900 -063.11933800 
112  18.04016400 -063.11943900  18.04012000 -063.11950600 
112  18.04001600 -063.11963000  18.03996100 -063.11969000 
112  18.03982400 -063.11977100  18.03975100 -063.11980600 
111  18.03961700 -063.11978100 
111  18.03955400 -063.11975500 
111  18.03954600 -063.11978800 
111  18.03919700 -063.11935400 
111  18.03963900 -063.11914100 
112  18.03963900 -063.11914100  18.03959800 -063.11942200 
112  18.03959500 -063.11959400  18.03960600 -063.11961500 
112  18.03966200 -063.11964500  18.03969500 -063.11965900 
112  18.03978200 -063.11963300  18.03982900 -063.11961000 
111  18.03993500 -063.11951000 
111  18.04001700 -063.11942100 
111  18.04002100 -063.11940400 
111  18.04006700 -063.11933300 
111  18.04011300 -063.11926200 
112  18.04021300 -063.11907500  18.04025800 -063.11899200 
112  18.04029900 -063.11887300  18.04031100 -063.11882200 
111  18.04031700 -063.11879600 
111  18.04035500 -063.11863700 
111  18.04045300 -063.11800500 
111  18.04051000 -063.11763500 
111  18.04063400 -063.11683200 
112  18.04065400 -063.11670500  18.04066700 -063.11662000 
112  18.04067300 -063.11643700  18.04067200 -063.11634400 102 
112  18.04065200 -063.11616300  18.04063900 -063.11607400 102 
112  18.04061400 -063.11597300  18.04060100 -063.11593600 102 
111  18.04059400 -063.11591600 102 
111  18.04054700 -063.11578400 102 
112  18.04049100 -063.11565800  18.04045400 -063.11557300 102 
112  18.04030000 -063.11555300  18.04021000 -063.11556800 102 
111  18.04023300 -063.11556500 
111  18.04009800 -063.11558700 
111  18.04004000 -063.11545100 
111  18.04017500 -063.11542800 
112  18.04017500 -063.11542800  18.04026500 -063.11541300 
112  18.04023900 -063.11541800  18.04032900 -063.11540300 
111  18.04031500 -063.11526500 
111  18.04021100 -063.11503700 
111  18.03988300 -063.11456700 
111  18.04023000 -063.11478900 
111  18.04024700 -063.11478000 
111  18.04026000 -063.11480800 
111  18.04053700 -063.11542000 102 
111  18.04067300 -063.11572800 102 
111  18.04072200 -063.11586600 102 
112  18.04074500 -063.11593000  18.04076000 -063.11597200 102 
111  18.04078700 -063.11613600 102 
111  18.04080300 -063.11625300 102 
111  18.04080700 -063.11624700 
111  18.04142900 -063.11554600 
111  18.04160100 -063.11570000 
112  18.04097400 -063.11653300  18.04084400 -063.11670600 
111  18.04077200 -063.11683900 
111  18.04076500 -063.11688500 
113  18.04076300 -063.11689600 
110   1 0.25  81.45 Taxiway
111  18.04138800 -063.11214100 
111  18.04140600 -063.11201900 
112  18.04138700 -063.11190900  18.04137400 -063.11183600 
112  18.04131300 -063.11179200  18.04127600 -063.11178700 
111  18.04125800 -063.11178300 102 
112  18.04098200 -063.11173900  18.04079700 -063.11170900 102 
112  18.04064500 -063.11211600  18.04060500 -063.11239700 
111  18.04064500 -063.11211600 
111  18.04032700 -063.11146800 
111  18.04078100 -063.11116100 102 
112  18.04078100 -063.11116100  18.04076200 -063.11129800 102 
112  18.04102800 -063.11141100  18.04121200 -063.11144000 102 
111  18.04130400 -063.11145500 
112  18.04136000 -063.11146400  18.04139700 -063.11147000 
112  18.04143300 -063.11135200  18.04144500 -063.11127100 
111  18.04145000 -063.11123100 
111  18.04147100 -063.11108500 
111  18.04150800 -063.11083200 
111  18.04154100 -063.11060400 
111  18.04156000 -063.11046700 
111  18.04157500 -063.11036500 
112  18.04159100 -063.11025600  18.04160200 -063.11018300 
112  18.04155200 -063.11013700  18.04151500 -063.11013100 
111  18.04149700 -063.11012800 102 
112  18.04122000 -063.11008400  18.04103500 -063.11005500 102 
112  18.04088100 -063.11046200  18.04084000 -063.11074300 
111  18.04088100 -063.11046200 
111  18.04056400 -063.10981300 
111  18.04101000 -063.10957100 102 
112  18.04101000 -063.10957100  18.04099600 -063.10966600 102 
112  18.04126600 -063.10975800  18.04145100 -063.10978800 102 
111  18.04154300 -063.10980200 
111  18.04171000 -063.10982800 
111  18.04187600 -063.10985400 
111  18.04199200 -063.10968500 
111  18.04194700 -063.10999700 
111  18.04190200 -063.11030900 
111  18.04173600 -063.11038900 
111  18.04188700 -063.11041400 
111  18.04188000 -063.11046600 
111  18.04187200 -063.11051700 
111  18.04186300 -063.11058400 
111  18.04185300 -063.11065100 
111  18.04185300 -063.11065400 
111  18.04183600 -063.11076900 
111  18.04181900 -063.11088400 
111  18.04166900 -063.11085900 
111  18.04180600 -063.11097300 
111  18.04178700 -063.11110400 
111  18.04176800 -063.11123500 
111  18.04176800 -063.11123900 
111  18.04176500 -063.11125800 
111  18.04176200 -063.11127700 
111  18.04161000 -063.11125800 
111  18.04174500 -063.11139400 
111  18.04172400 -063.11153800 
111  18.04170300 -063.11168200 
111  18.04170300 -063.11168400 
111  18.04165000 -063.11205600 
111  18.04163600 -063.11215700 
111  18.04161900 -063.11227400 
111  18.04161100 -063.11233100 
111  18.04160100 -063.11239900 
111  18.04159100 -063.11246700 
111  18.04158400 -063.11252100 
111  18.04155900 -063.11269500 
111  18.04153300 -063.11286800 
111  18.04135000 -063.11302900 
111  18.04107600 -063.11303700 102 
112  18.04080100 -063.11299700  18.04061700 -063.11297000 102 
112  18.04046400 -063.11337900  18.04042300 -063.11366000 
111  18.04046400 -063.11337900 
111  18.04014600 -063.11273200 
111  18.04063200 -063.11220800 102 
112  18.04063200 -063.11220800  18.04059200 -063.11248900 102 
112  18.04084600 -063.11267000  18.04102900 -063.11269700 102 
111  18.04112000 -063.11270900 
112  18.04117800 -063.11271800  18.04121600 -063.11272300 
112  18.04124600 -063.11264900  18.04125300 -063.11259800 
111  18.04125700 -063.11257100 
113  18.04128200 -063.11239800 
111  18.04150500 -063.11209500 
111  18.04149900 -063.11213800 
111  18.04163200 -063.11205400 
111  18.04162200 -063.11205200 
111  18.04151400 -063.11203800 
111  18.04150800 -063.11208100 
113  18.04150500 -063.11209500 
110   1 0.25  81.45 Taxiway
111  18.04128700 -063.09957900 
111  18.04115200 -063.09955600 
111  18.04116600 -063.09946300 
111  18.04123100 -063.09947400 
111  18.04129600 -063.09948500 
111  18.04130500 -063.09948600 
111  18.04137200 -063.09949600 
111  18.04143800 -063.09950600 
112  18.04193800 -063.09958300  18.04199700 -063.09959200 
112  18.04202900 -063.09958600  18.04203000 -063.09957900 
111  18.04202900 -063.09958600 
111  18.04242200 -063.09970600 
111  18.04197100 -063.09998600 
112  18.04197100 -063.09998600  18.04199900 -063.09978900 
112  18.04192400 -063.09967700  18.04186500 -063.09966800 
113  18.04142400 -063.09960000 
110   1 0.25  81.45 Taxiway
111  18.04187100 -063.10746500 
111  18.04179000 -063.10745100 102 
112  18.04140400 -063.10738900  18.04135000 -063.10738000 102 
112  18.04126300 -063.10779800  18.04122300 -063.10807900 
111  18.04126300 -063.10779800 
111  18.04092700 -063.10727000 
111  18.04139500 -063.10686900 102 
112  18.04139500 -063.10686900  18.04135500 -063.10715000 102 
112  18.04141600 -063.10730400  18.04147000 -063.10731300 102 
111  18.04180200 -063.10736500 
111  18.04188400 -063.10738000 
111  18.04196500 -063.10739400 
111  18.04196200 -063.10743400 
111  18.04196100 -063.10743800 
113  18.04195200 -063.10747900 
110   1 0.25  81.45 Apron
111  18.04022800 -063.11502700 
111  18.04050200 -063.11566800 
111  18.04044000 -063.11560200 
111  18.04039200 -063.11557100 
111  18.04033500 -063.11556400 
111  18.04027300 -063.11558500 
111  18.04021900 -063.11564800 
111  18.04019300 -063.11574700 
111  18.03983000 -063.11828400 
111  18.04000200 -063.11899500 
111  18.04003900 -063.11902800 
111  18.04007500 -063.11903900 
111  18.04012900 -063.11903900 
111  18.04026800 -063.11898700 
111  18.04016000 -063.11959200 
111  18.03981100 -063.11988800 
113  18.03954400 -063.11984700 
110   1 0.25  81.45 Apron
111  18.04126000 -063.11840600 
111  18.04088600 -063.11884400 
111  18.04060500 -063.11886400 
111  18.04054500 -063.11887900 
111  18.04049600 -063.11890500 
111  18.04044200 -063.11896100 
111  18.04037400 -063.11906000 
111  18.04043900 -063.11887400 
111  18.04047900 -063.11869100 
111  18.04050800 -063.11871100 
111  18.04054200 -063.11872500 
111  18.04058500 -063.11871300 
111  18.04062600 -063.11867200 
111  18.04064700 -063.11862500 
111  18.04071400 -063.11816400 
111  18.04067000 -063.11812600 
111  18.04062700 -063.11811300 
111  18.04059300 -063.11812400 
111  18.04056700 -063.11815700 
111  18.04065700 -063.11755700 
111  18.04068000 -063.11760400 
111  18.04071700 -063.11762300 
111  18.04076300 -063.11762400 
111  18.04079800 -063.11759100 
111  18.04086900 -063.11707400 
111  18.04085800 -063.11702400 
111  18.04081400 -063.11700100 
111  18.04077100 -063.11701400 
111  18.04073600 -063.11705800 
111  18.04075500 -063.11688100 
111  18.04075600 -063.11682000 
111  18.04110800 -063.11633600 
111  18.04120900 -063.11613500 
111  18.04118900 -063.11576700 
111  18.04135500 -063.11553500 
111  18.04141000 -063.11541800 
111  18.04155500 -063.11440100 
111  18.04099200 -063.11431100 
111  18.04113100 -063.11332000 
111  18.04121400 -063.11333300 
111  18.04125100 -063.11307100 
111  18.04123400 -063.11272100 
111  18.04165400 -063.10982200 
111  18.04179200 -063.10924900 
111  18.04185600 -063.10925900 
111  18.04192300 -063.10880000 
111  18.04205100 -063.10881800 
111  18.04202500 -063.10900600 
111  18.04222000 -063.10903600 
111  18.04241400 -063.10924500 
111  18.04252000 -063.10992000 
111  18.04262000 -063.11085500 
111  18.04260300 -063.11120100 
111  18.04246300 -063.11138900 
111  18.04238200 -063.11197900 
111  18.04249000 -063.11214700 
111  18.04259900 -063.11220100 
111  18.04266900 -063.11220400 
111  18.04268200 -063.11219400 
111  18.04273400 -063.11188500 
111  18.04276000 -063.11186800 
111  18.04379400 -063.11202900 
111  18.04381600 -063.11207600 
111  18.04345100 -063.11481700 
111  18.04235300 -063.11650900 
111  18.04143600 -063.11770500 
111  18.04129200 -063.11758200 
111  18.04094100 -063.11801500 
113  18.04126000 -063.11838100 
110   1 0.25  81.45 Apron
111  18.04108300 -063.10629900 
111  18.04108100 -063.10499400 
111  18.04108600 -063.10481500 
111  18.04111200 -063.10464400 
111  18.04113800 -063.10453100 
111  18.04118300 -063.10443000 
111  18.04126600 -063.10433900 
113  18.04136000 -063.10426300 
110   1 0.25  81.45 Apron
111  18.04182900 -063.10089600 
111  18.04177600 -063.09988000 
111  18.04177600 -063.09973300 
111  18.04179700 -063.09958400 
111  18.04184800 -063.09947000 
111  18.04195500 -063.09937500 
113  18.04207300 -063.09930600 
110   1 0.25  81.45 Apron
111  18.04108300 -063.09959100 
111  18.04117600 -063.09894500 
111  18.04140800 -063.09898200 
113  18.04131400 -063.09962900 
110   1 0.25  81.45 Apron
111  18.04169400 -063.10811700 
111  18.04189200 -063.10674600 
111  18.04221700 -063.10679800 
113  18.04201900 -063.10816900 
110   1 0.25  81.45 Apron
111  18.04183500 -063.11610200 
111  18.04213800 -063.11637500 
111  18.04214100 -063.11637900 
111  18.04213900 -063.11638300 
111  18.04188100 -063.11669600 
111  18.04187800 -063.11669700 
111  18.04187400 -063.11669600 
111  18.04165300 -063.11647100 
111  18.04165000 -063.11646500 
111  18.04165100 -063.11646000 
111  18.04182700 -063.11610300 
113  18.04183100 -063.11610100 
110   1 0.25  81.45 Apron
111  18.04288600 -063.11513200 
111  18.04328700 -063.11206600 
111  18.04349300 -063.11209600 
113  18.04309300 -063.11516300 
110   1 0.25  81.45 Apron
111  18.04329100 -063.11361600 
111  18.04352400 -063.11365000 
111  18.04351500 -063.11374600 
113  18.04327500 -063.11370300 
110   1 0.25  81.45 Apron
111  18.04337200 -063.11295300 
111  18.04355300 -063.11298500 
111  18.04354600 -063.11304300 
113  18.04336500 -063.11301300 
110   1 0.25  81.45 Apron
111  18.04344600 -063.11240000 
111  18.04363300 -063.11243200 
111  18.04362600 -063.11248200 
113  18.04343900 -063.11245000 
110   1 0.25  81.45 Apron
111  18.04319000 -063.11432400 
111  18.04339600 -063.11436100 
111  18.04339100 -063.11440400 
113  18.04318700 -063.11436900 
110   1 0.25  81.45 Apron
111  18.04332000 -063.11470500 
111  18.04366700 -063.11212300 
111  18.04375000 -063.11213500 
113  18.04340700 -063.11471800 
120 Centreline for Path
111  18.04340800 -063.11241600  51 101 
112  18.04299900 -063.11234600  18.04290900 -063.11233100  51 101 
112  18.04281900 -063.11245100  18.04278800 -063.11253600  51 101 
112  18.04268600 -063.11268900  18.04262800 -063.11276300  51 101 
112  18.04265300 -063.11273100  18.04259500 -063.11280500  51 101 
112  18.04254100 -063.11287200  18.04252400 -063.11289200  51 101 
112  18.04238600 -063.11295100  18.04230000 -063.11298300  51 101 
112  18.04226700 -063.11299600  18.04218100 -063.11302900  51 101 
112  18.04200300 -063.11302200  18.04191300 -063.11300600  51 101 
112  18.04150200 -063.11293500  18.04141200 -063.11292000  51 101 
116  18.04123300 -063.11289300  18.04114300 -063.11287900 
120 Centreline for Path
111  18.04332500 -063.11297300  51 101 
112  18.04270100 -063.11286500  18.04261100 -063.11285000  51 101 
116  18.04254100 -063.11287200  18.04252400 -063.11289200 
120 Centreline for Path
111  18.04319200 -063.11363100  51 101 
112  18.04246400 -063.11351500  18.04237400 -063.11350000  51 101 
112  18.04235000 -063.11335100  18.04236400 -063.11325600  51 101 
112  18.04236700 -063.11323000  18.04238100 -063.11313500  51 101 
112  18.04226300 -063.11306700  18.04218000 -063.11305200  51 101 
116  18.04200300 -063.11302200  18.04191300 -063.11300600 
120 Centreline for Path
111  18.04307500 -063.11432400  51 101 
112  18.04235900 -063.11421000  18.04226900 -063.11419500  51 101 
112  18.04221900 -063.11422700  18.04221600 -063.11425300  51 101 
112  18.04207900 -063.11424400  18.04198800 -063.11422900  51 101 
115  18.04161700 -063.11416700 
120 Centreline for Path
111  18.04256200 -063.11544300  51 101 
112  18.04198900 -063.11505700  18.04191200 -063.11500500  51 101 
112  18.04182000 -063.11511100  18.04178400 -063.11520000  51 101 
112  18.04175700 -063.11526500  18.04172100 -063.11535300  51 101 
112  18.04181800 -063.11547600  18.04189400 -063.11552800  51 101 
115  18.04231500 -063.11581700 
120 Centreline for Path
111  18.04170300 -063.11365000  51 101 
112  18.04215600 -063.11372400  18.04224600 -063.11373900  51 101 
112  18.04226900 -063.11388800  18.04225500 -063.11398300  51 101 
112  18.04224600 -063.11404600  18.04223100 -063.11414100  51 101 
116  18.04235900 -063.11421000  18.04245000 -063.11422400 
120 Centreline for Path
111  18.04282700 -063.11501200  51 101 
112  18.04226200 -063.11479500  18.04217600 -063.11476200  51 101 
112  18.04215700 -063.11460400  18.04217300 -063.11451000  51 101 
112  18.04219000 -063.11440800  18.04220600 -063.11431300  51 101 
116  18.04221900 -063.11422700  18.04222200 -063.11420100 
120 Centreline for Taxi A
112  18.03945900 -063.11896400  18.03941800 -063.11924500  51 101 
112  18.03946800 -063.11951000  18.03951500 -063.11959300  51 101 
112  18.03949500 -063.11955800  18.03954200 -063.11964100  51 101 
112  18.03963900 -063.11971300  18.03968800 -063.11973400  51 101 
112  18.03980300 -063.11970100  18.03986300 -063.11967300  51 101 
112  18.03996900 -063.11957700  18.04002000 -063.11952200  51 101 
112  18.04010800 -063.11939700  18.04015000 -063.11933200  51 101 
112  18.04023900 -063.11917500  18.04028400 -063.11909100  51 101 
112  18.04027700 -063.11910200  18.04032200 -063.11901900  51 101 
112  18.04036400 -063.11889500  18.04037700 -063.11884000  51 101 
112  18.04040300 -063.11873200  18.04041600 -063.11867800  51 101 
112  18.04044400 -063.11850900  18.04045900 -063.11841400  51 101 
112  18.04049900 -063.11815900  18.04051400 -063.11806400  51 101 
112  18.04054300 -063.11787500  18.04055800 -063.11778000  51 101 
112  18.04055600 -063.11778900  18.04057100 -063.11769400  51 101 
112  18.04060000 -063.11750500  18.04061500 -063.11741000  51 101 
112  18.04068000 -063.11698600  18.04069500 -063.11689100  51 101 
112  18.04072300 -063.11671300  18.04073600 -063.11662600  51 101 
116  18.04074100 -063.11643800  18.04074000 -063.11634200 
120 Centreline for Taxi B
112  18.04094600 -063.11632900  18.04081100 -063.11649800  51 101 
112  18.04074100 -063.11643800  18.04074000 -063.11634200  51 101 
112  18.04074100 -063.11643500  18.04074000 -063.11633900  51 101 
112  18.04072000 -063.11615100  18.04070600 -063.11605800  51 101 
112  18.04067900 -063.11595100  18.04066500 -063.11591100  51 101 
112  18.04063400 -063.11582300  18.04061800 -063.11577800  51 101 
112  18.04055200 -063.11562500  18.04051400 -063.11553800  51 101 
112  18.04053300 -063.11558200  18.04049400 -063.11549500  51 101 
116  18.04034000 -063.11547400  18.04025000 -063.11548900 
120 Centreline for Taxi B
112  18.04003900 -063.11554400  18.04005900 -063.11552700  51 
112  18.04020400 -063.11549600  18.04029400 -063.11548100  51 
112  18.04034000 -063.11547400  18.04043000 -063.11545900  51 
112  18.04041600 -063.11532100  18.04037700 -063.11523400  51 
112  18.04024400 -063.11494200  18.04020500 -063.11485500  51 
116  18.04013500 -063.11470500  18.04010100 -063.11463500 
120 Centreline for Path
112  18.04226900 -063.11388800  18.04228400 -063.11379300  51 101 
112  18.04231000 -063.11361900  18.04232300 -063.11353500  51 101 
116  18.04235000 -063.11335100  18.04236400 -063.11325600 
120 Centreline for Taxi E
112  18.04070400 -063.11026700  18.04074500 -063.10998600  51 101 
112  18.04107600 -063.10989400  18.04128300 -063.10992700  51 101 
112  18.04120900 -063.10991600  18.04141600 -063.10994900  51 101 
112  18.04165300 -063.10998600  18.04174200 -063.11000000  51 101 
116  18.04175900 -063.11019900  18.04174000 -063.11032600 
120 Centreline for Taxi D
112  18.04046800 -063.11192100  18.04050800 -063.11164000  51 101 
112  18.04083900 -063.11154900  18.04104600 -063.11158200  51 101 
112  18.04097000 -063.11156900  18.04117700 -063.11160200  51 101 
112  18.04141400 -063.11163900  18.04150300 -063.11165300  51 101 
116  18.04157700 -063.11145800  18.04159600 -063.11132300 
120 Centreline for Taxi C
112  18.04139000 -063.11275400  18.04137500 -063.11285900  51 101 
112  18.04123300 -063.11289300  18.04114300 -063.11287900  51 101 
112  18.04078600 -063.11282800  18.04057900 -063.11279800  51 101 
112  18.04065900 -063.11280900  18.04045100 -063.11277900  51 101 
116  18.04040700 -063.11234200  18.04044800 -063.11206100 
120 Centrelights for Path
112  18.03964600 -063.11765400  18.03960600 -063.11793500 101 
112  18.03958900 -063.11808500  18.03959100 -063.11809100 101 
116  18.04004200 -063.11948500  18.04004400 -063.11949100 
120 Centreline for Path
112  18.04131200 -063.11587600  18.04144700 -063.11570700  51 101 
112  18.04160500 -063.11551500  18.04166500 -063.11544200  51 101 
112  18.04161300 -063.11550500  18.04167300 -063.11543300  51 101 
116  18.04175700 -063.11526500  18.04179300 -063.11517600 
120 Centreline for Taxi AB
112  18.04131200 -063.11587600  18.04117600 -063.11604400  51 101 
112  18.04094600 -063.11632900  18.04081100 -063.11649800  51 101 
116  18.04072300 -063.11671300  18.04070900 -063.11680000 
120 Centreline for Path
112  18.04198900 -063.11505700  18.04191200 -063.11500500  51 101 
112  18.04197800 -063.11488500  18.04204800 -063.11482300  51 101 
112  18.04202900 -063.11484000  18.04209800 -063.11477700  51 101 
116  18.04215700 -063.11460400  18.04217300 -063.11451000 
120 Centreline for Path
112  18.04198900 -063.10069300  18.04198800 -063.10068700  51 101 
112  18.04197400 -063.10059900  18.04196500 -063.10054200  51 101 
112  18.04185800 -063.09987600  18.04184900 -063.09981900  51 101 
112  18.04186400 -063.09970700  18.04187700 -063.09965100  51 101 
112  18.04189000 -063.09959500  18.04190300 -063.09953900  51 101 
112  18.04199100 -063.09952400  18.04204500 -063.09953200  51 101 
112  18.04202800 -063.09952900  18.04208200 -063.09953800  51 101 
116  18.04217300 -063.09955200  18.04221600 -063.09955800 
120 Centreline for Taxi F
112  18.04187700 -063.10742200  18.04182300 -063.10741300  51 101 
112  18.04171500 -063.10739500  18.04166100 -063.10738700  51 101 
112  18.04120900 -063.10731500  18.04115500 -063.10730600  51 101 
116  18.04118800 -063.10688000  18.04122800 -063.10659900 
120 Centreline for Taxi
112  18.04179000 -063.11000000  18.04178700 -063.11000500  51 101 
112  18.04175900 -063.11019900  18.04174000 -063.11032600  51 101 
112  18.04172400 -063.11044100  18.04171900 -063.11047500  51 101 
112  18.04170700 -063.11056000  18.04170000 -063.11060500  51 101 
112  18.04168000 -063.11074300  18.04167000 -063.11081900  51 101 
112  18.04164600 -063.11098400  18.04163300 -063.11106800  51 101 
112  18.04161700 -063.11118300  18.04161000 -063.11123200  51 101 
112  18.04157700 -063.11145800  18.04155700 -063.11159300  51 101 
112  18.04152100 -063.11184600  18.04150300 -063.11197100  51 101 
112  18.04148800 -063.11207600  18.04148400 -063.11210400  51 101 
112  18.04148200 -063.11211200  18.04147800 -063.11214100  51 101 
112  18.04145700 -063.11228900  18.04144400 -063.11237800  51 101 
112  18.04142500 -063.11251000  18.04141700 -063.11256700  51 101 
112  18.04139000 -063.11275400  18.04137500 -063.11285900  51 101 
116  18.04150200 -063.11293500  18.04159200 -063.11295100 
120 Centreline for Path
112  18.04003900 -063.11554400  18.04002000 -063.11556100  51 
112  18.03998300 -063.11562200  18.03996600 -063.11565600  51 
116  18.03992600 -063.11579000  18.03990500 -063.11586800 
120 Centreline for Taxi join
112  18.03996900 -063.11957700  18.04002000 -063.11952200  51 101 
116  18.04004200 -063.11948500  18.04004000 -063.11947900 
120 Centreline for Taxi join
112  18.04010800 -063.11939700  18.04006600 -063.11946200  51 101 
116  18.04004200 -063.11948500  18.04004000 -063.11947900 
120 Centreline for Taxi B
112  18.04053300 -063.11558200  18.04049400 -063.11549500  51 101 
116  18.04041600 -063.11532100  18.04037700 -063.11523400 
120 Centreline for Taxi C
112  18.04028600 -063.11318600  18.04032700 -063.11290500  51 101 
116  18.04065900 -063.11280900  18.04086600 -063.11283900 
120 Centreline for Taxi D
112  18.04056800 -063.11121100  18.04054200 -063.11140300  51 101 
116  18.04083900 -063.11154900  18.04104600 -063.11158200 
120 Centreline for Taxi E
112  18.04079700 -063.10962000  18.04077600 -063.10977000  51 101 
116  18.04107600 -063.10989400  18.04128300 -063.10992700 
120 Centreline for Taxi join
112  18.04165300 -063.10998600  18.04174200 -063.11000000  51 101 
116  18.04179000 -063.11000000  18.04179300 -063.10999500 
120 Centreline for Taxi join
112  18.04157700 -063.11145800  18.04155700 -063.11159300  51 101 
116  18.04155000 -063.11166000  18.04155100 -063.11166100 
120 Centreline for Taxi join
112  18.04155000 -063.11166000  18.04154800 -063.11166000  51 101 
116  18.04141400 -063.11163900  18.04132500 -063.11162600 
120 Centreline for Taxi join
112  18.04155000 -063.11166000  18.04154800 -063.11166000  51 101 
116  18.04152100 -063.11184600  18.04150300 -063.11197100 
120 Centreline for Taxi join
112  18.04141400 -063.11163900  18.04150300 -063.11165300  51 101 
116  18.04152100 -063.11184600  18.04150300 -063.11197100 
120 Centreline for Path
112  18.04226300 -063.11306700  18.04218000 -063.11305200  51 101 
116  18.04226700 -063.11299600  18.04235300 -063.11296400 
120 Centreline for Path
112  18.04265300 -063.11273100  18.04259500 -063.11280500  51 101 
116  18.04270100 -063.11286500  18.04279100 -063.11288100 
120 Centreline for Path
112  18.04246400 -063.11351500  18.04237400 -063.11350000  51 101 
116  18.04231000 -063.11361900  18.04229700 -063.11370400 
120 Centreline for Path
112  18.04221900 -063.11422700  18.04222200 -063.11420100  51 101 
116  18.04224600 -063.11404600  18.04226000 -063.11395100 
120 Centreline for Path
112  18.04182000 -063.11511100  18.04185600 -063.11502300  51 101 
116  18.04197800 -063.11488500  18.04204800 -063.11482300 
120 Centreline for Path
112  18.04181800 -063.11547600  18.04174100 -063.11542300  51 101 
116  18.04161300 -063.11550500  18.04155300 -063.11557800 
120 Centreline for Path
112  18.04207900 -063.11424400  18.04216900 -063.11425900  51 101 
116  18.04219000 -063.11440800  18.04217400 -063.11450200 
120 Centreline for Path
112  18.04231000 -063.11361900  18.04229700 -063.11370400  51 101 
116  18.04215600 -063.11372400  18.04206500 -063.11370900 
120 Centreline for Taxi join
112  18.04168000 -063.11074300  18.04167000 -063.11081900  51 101 
116  18.04166700 -063.11085700  18.04166800 -063.11085800 
120 Centreline for Taxi join
112  18.04168000 -063.11074300  18.04167000 -063.11081900  51 101 
116  18.04166600 -063.11085900  18.04166800 -063.11086000 
120 Centreline for Taxi join
112  18.04166700 -063.11085700  18.04166500 -063.11085700  51 101 
116  18.04164600 -063.11098400  18.04163300 -063.11106800 
120 Centreline for Taxi join
112  18.04164600 -063.11098400  18.04165800 -063.11089900  51 101 
116  18.04166600 -063.11085900  18.04166800 -063.11086000 
120 Centreline for Taxi join
112  18.04157700 -063.11145800  18.04159600 -063.11132300  51 101 
116  18.04160900 -063.11125600  18.04161000 -063.11125700 
120 Centreline for Taxi join
112  18.04157700 -063.11145800  18.04159600 -063.11132300  51 101 
116  18.04160800 -063.11125800  18.04160900 -063.11125900 
120 Centreline for Taxi join
112  18.04161700 -063.11118300  18.04161000 -063.11123200  51 101 
116  18.04160900 -063.11125600  18.04161000 -063.11125700 
120 Centreline for Taxi join
112  18.04161700 -063.11118300  18.04161000 -063.11123200  51 101 
116  18.04160800 -063.11125800  18.04160900 -063.11125900 
120 Centreline for Taxi join
112  18.04036400 -063.11889500  18.04037700 -063.11884000  51 101 
116  18.04039200 -063.11881300  18.04039800 -063.11881300 
120 Centreline for Taxi join
112  18.04040300 -063.11873200  18.04039000 -063.11878600  51 101 
116  18.04039200 -063.11881300  18.04039800 -063.11881300 
120 Centreline for Taxi join
112  18.04049900 -063.11815900  18.04051400 -063.11806400  51 101 
116  18.04052700 -063.11801100  18.04053100 -063.11800700 
120 Centreline for Taxi join
112  18.04054300 -063.11787500  18.04052800 -063.11797000  51 101 
116  18.04052700 -063.11801100  18.04053100 -063.11800700 
120 Centreline for Taxi join
112  18.04055600 -063.11778900  18.04057100 -063.11769400  51 101 
116  18.04058100 -063.11765500  18.04058300 -063.11766000 
120 Centreline for Taxi join
112  18.04058100 -063.11765500  18.04057900 -063.11765000  51 101 
116  18.04060000 -063.11750500  18.04061500 -063.11741000 
120 Centreline for Taxi join
112  18.04068000 -063.11698600  18.04069500 -063.11689100  51 101 
116  18.04070900 -063.11684900  18.04071400 -063.11685300 
120 Centreline for Taxi join
112  18.04072300 -063.11671300  18.04070900 -063.11680000  51 101 
116  18.04070900 -063.11684900  18.04071400 -063.11685300 
120 Centrelights for Path
112  18.03952500 -063.11849800  18.03956600 -063.11821700 101 
116  18.03958900 -063.11808500  18.03959100 -063.11809100 
120 Centreline for Taxi join
112  18.04152100 -063.11184600  18.04150300 -063.11197100  51 101 
116  18.04149700 -063.11203300  18.04149800 -063.11203400 
120 Centreline for Taxi join
112  18.04149700 -063.11203300  18.04149500 -063.11203300  51 101 
116  18.04148800 -063.11207600  18.04148400 -063.11210400 
120 Centreline for Path
112  18.04226200 -063.11479500  18.04217600 -063.11476200  51 101 
116  18.04202900 -063.11484000  18.04195900 -063.11490200 
120 Centreline for Taxi F
112  18.04106800 -063.10772400  18.04110800 -063.10744300  51 101 
116  18.04120900 -063.10731500  18.04126300 -063.10732300 
120 Centreline for Taxi join
112  18.04170700 -063.11056000  18.04170000 -063.11060500  51 101 
116  18.04170000 -063.11062800  18.04170100 -063.11062900 
120 Centreline for Taxi join
112  18.04168000 -063.11074300  18.04169100 -063.11066600  51 101 
116  18.04170000 -063.11062800  18.04170100 -063.11062900 
120 Centreline for Taxi join
112  18.04175900 -063.11019900  18.04174000 -063.11032600  51 101 
116  18.04173400 -063.11039000  18.04173500 -063.11039100 
120 Centreline for Taxi join
112  18.04175900 -063.11019900  18.04174000 -063.11032600  51 101 
116  18.04173300 -063.11038900  18.04173500 -063.11038800 
120 Centreline for Taxi join
112  18.04172400 -063.11044100  18.04172800 -063.11040700  51 101 
116  18.04173400 -063.11039000  18.04173500 -063.11039100 
120 Centreline for Taxi join
112  18.04172400 -063.11044100  18.04172800 -063.11040700  51 101 
116  18.04173300 -063.11038900  18.04173500 -063.11038800 
120 Centreline for Taxi join
112  18.04161700 -063.11118300  18.04162400 -063.11113400  51 101 
116  18.04162900 -063.11111200  18.04163000 -063.11111300 
120 Centreline for Taxi join
112  18.04164600 -063.11098400  18.04163300 -063.11106800  51 101 
116  18.04162900 -063.11111200  18.04163000 -063.11111300 
120 Centreline for Taxi join
112  18.04139000 -063.11275400  18.04140500 -063.11264900  51 101 
116  18.04144900 -063.11257500  18.04147300 -063.11256100 
120 Centreline for Taxi join
112  18.04144900 -063.11257500  18.04142500 -063.11258900  51 101 
116  18.04142500 -063.11251000  18.04143400 -063.11245200 
120 Centreline for Taxi join
112  18.04142500 -063.11251000  18.04143400 -063.11245200  51 101 
116  18.04147200 -063.11239900  18.04149500 -063.11238400 
120 Centreline for Taxi join
112  18.04147200 -063.11239900  18.04144900 -063.11241500  51 101 
116  18.04145700 -063.11228900  18.04147000 -063.11220000 
120 Centreline for Taxi join
112  18.04145700 -063.11228900  18.04147000 -063.11220000  51 101 
116  18.04147800 -063.11215300  18.04148000 -063.11215200 
120 Centreline for Taxi join
112  18.04148200 -063.11211200  18.04147800 -063.11214100  51 101 
116  18.04147800 -063.11215300  18.04148000 -063.11215200 
120 Taxi A hold short
111  18.04022700 -063.11933300  54 
115  18.04011500 -063.11926700 
120 Taxi hold short
111  18.04143700 -063.09951100  54 
115  18.04142500 -063.09959500 
120 Taxi E hold short
111  18.04149700 -063.11012400  54 
115  18.04154300 -063.10980600 
120 Taxi D hold short
111  18.04125800 -063.11177800  54 
115  18.04130400 -063.11146000 
120 Taxi C hold short
111  18.04107700 -063.11303200  54 
115  18.04111900 -063.11271400 
120 Taxi B hold short
111  18.04059800 -063.11591400  54 
115  18.04071800 -063.11586800 
120 Taxi F hold short
111  18.04180100 -063.10737000  54 
115  18.04179100 -063.10744600 
120 Gate 3
111  18.04283900 -063.11497800  51 
115  18.04281500 -063.11504600 
120 Gate 5
111  18.04319700 -063.11359500  51 
115  18.04318700 -063.11366700 
120 Gate 6
111  18.04333100 -063.11293700  51 
115  18.04331900 -063.11300900 
120 Gate 4
111  18.04308000 -063.11428800  51 
115  18.04307000 -063.11436000 
120 Gate 7
111  18.04341400 -063.11238000  51 
115  18.04340200 -063.11245200 
120 Gate 1
111  18.04233400 -063.11578700  51 
115  18.04229600 -063.11584700 
120 Gate 9
111  18.04161200 -063.11420300  51 
115  18.04162200 -063.11413100 
120 Gate 2
111  18.04258100 -063.11541300  51 
115  18.04254300 -063.11547300 
120 Gate 8
111  18.04169800 -063.11368600  51 
115  18.04170800 -063.11361400 
120 Apron edge
111  18.03983400 -063.11828300 102 
111  18.04000000 -063.11899600 102 
111  18.04008800 -063.11906100 102 
115  18.04025700 -063.11899200 
120 Apron edge
111  18.03983500 -063.11827500 102 
111  18.04020900 -063.11564600 102 
111  18.04024700 -063.11556200 102 
111  18.04033000 -063.11552500 102 
111  18.04040200 -063.11553500 102 
115  18.04046100 -063.11558600 
120 Apron edge
111  18.04025700 -063.11899200 102 
111  18.04034000 -063.11870000 102 
111  18.04063900 -063.11679300 102 
115  18.04067300 -063.11651600 
120 Apron edge
111  18.04073000 -063.11710500 102 
111  18.04066500 -063.11752400 102 
111  18.04067000 -063.11759000 102 
115  18.04071600 -063.11762600 
120 Apron edge
111  18.04073100 -063.11762700 102 
111  18.04078400 -063.11760600 102 
111  18.04080900 -063.11755700 102 
111  18.04086800 -063.11708700 102 
111  18.04084600 -063.11701300 102 
111  18.04078600 -063.11700400 102 
111  18.04074700 -063.11704200 102 
115  18.04073000 -063.11710500 
120 Apron edge
111  18.04065300 -063.11811500 102 
115  18.04064700 -063.11811500 
120 Apron edge
111  18.04065300 -063.11811500 102 
111  18.04058000 -063.11812500 102 
111  18.04056000 -063.11820300 102 
111  18.04048200 -063.11868800 102 
111  18.04052500 -063.11872200 102 
111  18.04059500 -063.11870200 102 
111  18.04064600 -063.11863800 102 
111  18.04071000 -063.11816200 102 
115  18.04065300 -063.11811500 
120 Apron edge
111  18.03954800 -063.11985300 102 
111  18.03981000 -063.11988800 102 
111  18.04016900 -063.11958700 102 
111  18.04019400 -063.11939700 102 
111  18.04045000 -063.11892900 102 
111  18.04057900 -063.11886300 102 
115  18.04092300 -063.11885200 
120 Apron edge
111  18.04026200 -063.11480600 102 
115  18.04050900 -063.11538000 
120 Apron edge
111  18.04081400 -063.11624000 102 
111  18.04140000 -063.11552200 102 
111  18.04155600 -063.11439700 102 
111  18.04099200 -063.11430400 102 
111  18.04112200 -063.11331400 102 
111  18.04121200 -063.11331800 102 
115  18.04124900 -063.11305500 
120 Apron edge
111  18.04123800 -063.11269400 102 
115  18.04134500 -063.11192200 
120 Apron edge
111  18.04158600 -063.11024100 102 
115  18.04143500 -063.11131900 
120 Apron edge
111  18.04164800 -063.10982000 102 
111  18.04178500 -063.10925300 102 
111  18.04185300 -063.10925600 102 
115  18.04191900 -063.10878800 
120 Apron edge
111  18.04204700 -063.09932000 102 
111  18.04190500 -063.09940800 102 
111  18.04183000 -063.09949400 102 
111  18.04177200 -063.09976000 102 
115  18.04182800 -063.10091900 
120 Apron edge
111  18.04133600 -063.10428000 102 
111  18.04119000 -063.10442000 102 
111  18.04111400 -063.10461400 102 
111  18.04108000 -063.10486300 102 
115  18.04108400 -063.10610300 
120 Apron edge
111  18.04222000 -063.10679700 102 
111  18.04189200 -063.10675100 102 
115  18.04169500 -063.10811600 
14   18.04217700 -063.11157900   54 0 Princess Juliana Intl Tower
15   18.04200400 -063.11137000  34.94 GA Ramp 10
15   18.04191000 -063.11230400  34.85 GA Ramp 11
15   18.04196600 -063.11161000  34.00 GA Ramp 12
15   18.04209900 -063.11021800 170.87 GA Ramp 13
15   18.04209900 -063.11044300 170.93 GA Ramp 14
15   18.04207700 -063.11068800 172.19 GA Ramp 15
15   18.04114400 -063.11760300  49.14 GA Ramp 16
15   18.04098900 -063.11824200 133.14 GA Ramp 19
15   18.04099100 -063.11861200 160.41 GA Ramp 20
15   18.04086100 -063.11873900 163.67 GA Ramp 21
15   18.04100800 -063.11779600  51.14 GA Ramp 22
15   18.04087900 -063.11795000  48.12 GA Ramp 23
15   18.04086900 -063.11745300   0.00 GA Ramp 24
15   18.04088700 -063.11724700   0.00 GA Ramp 25
15   18.04136400 -063.09902700  81.32 GA Ramp 26
15   18.04122600 -063.09903600  81.32 GA Ramp 27
15   18.04120100 -063.09921200  81.32 GA Ramp 28
15   18.04176000 -063.10793700 351.39 GA Ramp 29
15   18.04178700 -063.10776700 351.39 GA Ramp 30
15   18.04181900 -063.10759100 351.39 GA Ramp 31
15   18.04188600 -063.10709400 351.39 GA Ramp 32
15   18.04213900 -063.10713500 170.99 GA Ramp 33
15   18.04204600 -063.11092600 171.61 GA Ramp 34
15   18.04211300 -063.10730300 172.58 GA Ramp 34
15   18.04202000 -063.11114300  35.29 GA Ramp 35
15   18.04197600 -063.10805500  80.21 GA Ramp 35
15   18.04196100 -063.11184100  35.17 GA Ramp 36
15   18.04193600 -063.11208300  35.17 GA Ramp 37
15   18.04187000 -063.10941800 345.48 GA Ramp 38
15   18.04181500 -063.10964000 345.48 GA Ramp 39
15   18.04231500 -063.11581700 327.12 Gate 1
15   18.04256200 -063.11544300 327.12 Gate 2
15   18.04282700 -063.11501200 340.00 Gate 3
15   18.04307500 -063.11432400 350.38 Gate 4
15   18.04319200 -063.11363100 350.90 Gate 5
15   18.04332500 -063.11297300 350.40 Gate 6
15   18.04340800 -063.11241600 350.86 Gate 7
15   18.04170300 -063.11365000 170.84 Gate 8
15   18.04161700 -063.11416700 170.84 Gate 9
18   18.04311600 -063.11165400 1 BCN
19   18.03996000 -063.11833900 1 Windsock
19   18.03996000 -063.11833900 1 Windsock
20   18.04059800 -063.11691000 275.21  0 2 {@L}AB
20   18.04072500 -063.11578800 120.07  0 2 {@L}B{@R}10-28
20   18.04103700 -063.11267500 183.96  0 2 {@L}C{@R}10-28
20   18.04118800 -063.11141900 178.00  0 2 {@L}D{@R}10-28
20   18.04145200 -063.10975700 185.49  0 2 {@L}E{@R}10-28
20   18.04174000 -063.10733900 178.11  0 2 {@L}F{@R}10-28
20   18.04146000 -063.09963700   5.07  0 2 {@L}G{@R}28
20   18.04051300 -063.11325200  95.39  0 2 {@Y}{^l}C
20   18.04069500 -063.11199300  94.77  0 2 {@Y}{^l}D
20   18.04092300 -063.11037700  94.77  0 2 {@Y}{^l}E
20   18.04133500 -063.10750900  94.97  0 2 {@Y}{^l}F
20   18.04016500 -063.11578500  93.18  0 2 {@Y}{^ld}B
20   18.04028800 -063.11480500 274.05  0 2 {@Y}{^ru}B
20   18.04064500 -063.11235800 274.20  0 2 {@Y}C{^r}
20   18.04083300 -063.11104300 274.08  0 2 {@Y}D{^r}
20   18.04106300 -063.10938200 272.71  0 2 {@Y}E{^r}
20   18.04139000 -063.10710900 274.78  0 2 {@Y}F{^r}
20   18.04190800 -063.10018500  97.02  0 2 {@Y}G{^r}
54 11870 JULIANA TWR
55 12894 JULIANA APP
16       0 0 0 SP19 [S] Princess Juliana Harbor
101 3047.70 0 36   18.00857061 -063.14355900 18   18.03874339 -063.14355900
15   18.03716700 -063.14366900 180.00 Anchor