1      640 0 0 SIGW Estancia Miranda
100   22.86   3   0 0.00 0 0 0 06  -21.91775799 -057.14729391    0.00    0.00 0  0 0 0 24  -21.91113090 -057.14048387    0.00    0.00 0  0 0 0
130 Airport Boundary
111 -21.90951260 -057.13991832 
111 -21.91827928 -057.14892700 
111 -21.91937629 -057.14785947 
113 -21.91060960 -057.13885078 
19  -21.91467890 -057.14366073 0 Windsock
1      394 0 0 SIAD Estancia Regina
100   29.87   3   0 0.00 0 0 0 07  -21.01130543 -057.35159807    0.00    0.00 0  0 0 0 25  -21.00647235 -057.34451305    0.00    0.00 0  0 0 0
130 Airport Boundary
111 -21.00494085 -057.34369680 
111 -21.01150660 -057.35332181 
111 -21.01283694 -057.35241432 
113 -21.00627119 -057.34278930 
19  -21.00921422 -057.34783363 0 Windsock
1      400 0 0 SSAV Fazenda Amonguija
100   29.87   5   0 0.00 0 0 0 18  -21.68638677 -057.47527697    0.00    0.00 1  0 0 0 36  -21.69527988 -057.47305637    0.00    0.00 1  0 0 0
130 Airport Boundary
111 -21.69652713 -057.47194988 
111 -21.68476577 -057.47488668 
111 -21.68513952 -057.47638347 
113 -21.69690088 -057.47344667 
19  -21.69092496 -057.47453363 0 Windsock
1      279 0 0 SDWU Fazenda Anahi
100   17.98   5   0 0.00 0 0 0 01  -21.71369420 -057.74019949    0.00    0.00 1  0 0 0 19  -21.70297246 -057.74091163    0.00    0.00 1  0 0 0
130 Airport Boundary
111 -21.70157918 -057.74170547 
111 -21.71518024 -057.74080208 
111 -21.71508749 -057.73940564 
113 -21.70148643 -057.74030903 
19  -21.70831604 -057.74029528 0 Windsock
1     1191 0 0 SSBU Fazenda Baguacu - Miragem
100   17.98   3   0 0.00 0 0 0 17  -21.45216276 -057.14218862    0.00    0.00 0  0 0 0 35  -21.46061503 -057.13836694    0.00    0.00 0  0 0 0
130 Airport Boundary
111 -21.46168035 -057.13708843 
111 -21.45049918 -057.14214397 
111 -21.45109744 -057.14346713 
113 -21.46227861 -057.13841158 
19  -21.45650136 -057.14052653 0 Windsock
1      351 0 0 SDVQ Fazenda Baia das Conchas
100   17.98   3   0 0.00 0 0 0 02  -21.19862369 -057.63882931    0.00    0.00 0  0 0 0 20  -21.18915409 -057.63783735    0.00    0.00 0  0 0 0
130 Airport Boundary
111 -21.18762638 -057.63839217 
111 -21.20000326 -057.63968867 
111 -21.20015140 -057.63827449 
113 -21.18777452 -057.63697799 
19  -21.19391646 -057.63807016 0 Windsock
1     1050 0 0 SNSF Fazenda Entre Rios
100   39.93   4   0 0.00 0 0 0 11  -21.36443234 -057.11493537    0.00    0.00 0  0 0 0 29  -21.36556766 -057.10339797    0.00    0.00 0  0 0 0
130 Airport Boundary
111 -21.36486166 -057.10176125 
111 -21.36342085 -057.11640309 
111 -21.36513834 -057.11657209 
113 -21.36657915 -057.10193025 
19  -21.36549462 -057.10921534 0 Windsock
1      381 0 0 SSGG Fazenda Jacare de Chifre
100   17.98   3   0 0.00 0 0 0 02  -21.03093422 -057.49754395    0.00    0.00 0  0 0 0 20  -21.02462134 -057.49690049    0.00    0.00 0  0 0 0
130 Airport Boundary
111 -21.02309497 -057.49746008 
111 -21.03231629 -057.49840000 
111 -21.03246059 -057.49698437 
113 -21.02323927 -057.49604445 
19  -21.02780467 -057.49695843 0 Windsock
1      272 0 0 SIOP Fazenda Londrina II
100   29.87   4   0 0.00 0 0 0 13  -21.96965541 -057.85545539    0.00    0.00 0  0 0 0 31  -21.97478903 -057.84510017    0.00    0.00 0  0 0 0
130 Airport Boundary
111 -21.97475313 -057.84335079 
111 -21.96824135 -057.85648595 
111 -21.96969132 -057.85720477 
113 -21.97620310 -057.84406962 
19  -21.97257667 -057.85045350 0 Windsock
1      299 0 0 SSLP Fazenda Lucero Pora
100   29.87   5   0 0.00 0 0 0 01  -21.91529993 -057.64636765    0.00    0.00 1  0 0 0 19  -21.90636674 -057.64696569    0.00    0.00 1  0 0 0
130 Airport Boundary
111 -21.90497717 -057.64781286 
111 -21.91679002 -057.64702204 
111 -21.91668950 -057.64552047 
113 -21.90487665 -057.64631129 
19  -21.91080870 -057.64629882 0 Windsock
1      499 0 0 SDRZ Fazenda Maraba
100   20.12   3   0 0.00 0 0 0 06  -21.69085544 -057.36180475    0.00    0.00 0  0 0 0 24  -21.68358900 -057.35430637    0.00    0.00 0  0 0 0
130 Airport Boundary
111 -21.68198376 -057.35372960 
111 -21.69138151 -057.36342732 
111 -21.69246069 -057.36238153 
113 -21.68306293 -057.35268380 
19  -21.68743573 -057.35784866 0 Windsock
1      328 0 0 SIPN Fazenda Progresso
100   17.98   5   0 0.00 0 0 0 02  -21.51360809 -057.69094115    0.00    0.00 1  0 0 0 20  -21.50639191 -057.69016997    0.00    0.00 1  0 0 0
130 Airport Boundary
111 -21.50486283 -057.69072040 
111 -21.51498632 -057.69180229 
111 -21.51513717 -057.69039071 
113 -21.50501368 -057.68930882 
19  -21.51002810 -057.69029258 0 Windsock
1      299 0 0 SDMQ Fazenda Quebracho Brasil
100   29.87   5   0 0.00 0 0 0 01  -21.84946876 -057.89888160    0.00    0.00 1  0 0 0 19  -21.84053124 -057.89945174    0.00    0.00 1  0 0 0
130 Airport Boundary
111 -21.83913979 -057.90029500 
111 -21.85095608 -057.89954122 
111 -21.85086021 -057.89803834 
113 -21.83904392 -057.89879212 
19  -21.84497660 -057.89879978 0 Windsock
1      351 0 0 SSJG Fazenda Santa Ana
100   17.98   3   0 0.00 0 0 0 02  -21.21954544 -057.68172066    0.00    0.00 0  0 0 0 20  -21.21323234 -057.68105712    0.00    0.00 0  0 0 0
130 Airport Boundary
111 -21.21170457 -057.68161135 
111 -21.22092459 -057.68258042 
111 -21.22107321 -057.68116643 
113 -21.21185319 -057.68019736 
19  -21.21641653 -057.68112591 0 Windsock
1      919 0 0 SSIP Fazenda Santa Otilia
100   29.87   3   0 0.00 0 0 0 02  -21.19461490 -057.04205897    0.00    0.00 0  0 0 0 20  -21.18649621 -057.04127437    0.00    0.00 0  0 0 0
130 Airport Boundary
111 -21.18496597 -057.04189499 
111 -21.19599798 -057.04296114 
111 -21.19614514 -057.04143834 
113 -21.18511313 -057.04037219 
19  -21.19059172 -057.04129249 0 Windsock
1      312 0 0 SIMG Fazenda Seis Palmas
100   35.05   3   0 0.00 0 0 0 01  -21.10480429 -057.71545853    0.00    0.00 0  0 0 0 19  -21.09408460 -057.71620813    0.00    0.00 0  0 0 0
130 Airport Boundary
111 -21.09269942 -057.71708552 
111 -21.10629809 -057.71613461 
111 -21.10618946 -057.71458114 
113 -21.09259079 -057.71553205 
19  -21.09941562 -057.71542115 0 Windsock
1      492 0 0 SDUF Fazenda Touro Peru
100   35.05   5   0 0.00 0 0 0 04  -21.08431484 -057.49904196    0.00    0.00 1  0 0 0 22  -21.07679627 -057.49540248    0.00    0.00 1  0 0 0
130 Airport Boundary
111 -21.07509753 -057.49547686 
111 -21.08531028 -057.50042050 
111 -21.08601359 -057.49896759 
113 -21.07580084 -057.49402395 
19  -21.08074259 -057.49683584 0 Windsock
1      607 0 0 SIFY Fazenda Yndiana
100   39.93   5   0 0.00 0 0 0 17  -21.77489043 -057.49736477    0.00    0.00 1  0 0 0 35  -21.78177623 -057.49430189    0.00    0.00 1  0 0 0
130 Airport Boundary
111 -21.78280753 -057.49293798 
111 -21.77318687 -057.49721735 
111 -21.77385912 -057.49872868 
113 -21.78347978 -057.49444931 
19  -21.77852665 -057.49626794 0 Windsock
1      260 0 1 SSPM PORTO MURTINHO
100   22.86   1   0 0.25 0 0 0 18  -21.70386700 -057.88173900    0.00    0.00 2  0 0 0 36  -21.71525000 -057.87865000    0.00    0.00 2  0 0 0
110   1 0.30 165.85 Default taxiway for RWY 18
111 -21.70389160 -057.88184400   3 
111 -21.70401787 -057.88238311   3 
111 -21.71540090 -057.87929440   3 
111 -21.71527463 -057.87875525 
112 -21.71507515 -057.87880938 -21.71517544 -057.87878467   3 
111 -21.71520561 -057.87891350   3 
112 -21.71524584 -057.87908528 -21.71527602 -057.87921411   3 
111 -21.71517628 -057.87924117   3 
111 -21.70973411 -057.88071787   3 
111 -21.70963298 -057.88028610 
111 -21.70953324 -057.88031316   3 
111 -21.70963437 -057.88074493   3 
112 -21.70419221 -057.88222163 -21.70409247 -057.88224870   3 
111 -21.70406229 -057.88211987   3 
112 -21.70402206 -057.88194811 -21.70399189 -057.88181929   3 
113 -21.70409108 -057.88178987 
120 Default hold RWY 18 (near)
111 -21.70394244 -057.88206105   4 
115 -21.70404218 -057.88203399 
120 Default hold RWY 18 (centre)
111 -21.70958408 -057.88053022   4 
115 -21.70968382 -057.88050316 
120 Default hold RWY 18 (far)
111 -21.71522573 -057.87899939   4 
115 -21.71532547 -057.87897232 
19  -21.70359242 -057.88147251 1 WS
19  -21.71552459 -057.87891651 1 WS