1     1381 0 0 SJXJ Alimentos Dallas
100   17.98   5   0 0.00 0 0 0 09  -21.44791005 -054.38842133    0.00    0.00 1  0 0 0 27  -21.44653440 -054.38380090    0.00    0.00 1  0 0 0
130 Airport Boundary
111 -21.44536312 -054.38251179 
111 -21.44763464 -054.39014117 
111 -21.44908132 -054.38971044 
113 -21.44680980 -054.38208106 
19  -21.44750690 -054.38602635 0 Windsock
1     1155 0 0 SJXW Fazenda 3M
100   21.95   4   0 0.00 0 0 0 06  -21.67670369 -054.03876602    0.00    0.00 0  0 0 0 24  -21.67051853 -054.03290064    0.00    0.00 0  0 0 0
130 Airport Boundary
111 -21.66887603 -054.03238938 
111 -21.67730133 -054.04037911 
111 -21.67834619 -054.03927728 
113 -21.66992089 -054.03128756 
19  -21.67383909 -054.03559292 0 Windsock
1     1519 0 0 SWIZ Fazenda 7 Reis
100   17.98   4   0 0.00 0 0 0 13  -21.29300218 -054.48368750    0.00    0.00 0  0 0 0 31  -21.29644226 -054.47575695    0.00    0.00 0  0 0 0
130 Airport Boundary
111 -21.29637396 -054.47402326 
111 -21.29168964 -054.48482222 
111 -21.29307048 -054.48542119 
113 -21.29775480 -054.47462223 
19  -21.29499327 -054.47983979 0 Windsock
1     1116 0 0 SJPL Fazenda Australia
100   39.93   3   0 0.00 0 0 0 12  -21.97332282 -054.15126054    0.00    0.00 0  0 0 0 30  -21.97501052 -054.14429502    0.00    0.00 0  0 0 0
130 Airport Boundary
111 -21.97454424 -054.14255841 
111 -21.97211337 -054.15259112 
111 -21.97378910 -054.15299714 
113 -21.97621998 -054.14296443 
19  -21.97466486 -054.14789849 0 Windsock
1     1083 0 0 SSDE Fazenda Barra Dourada
100   20.12   4   0 0.00 0 0 0 18  -21.98275850 -054.24016008    0.00    0.00 0  0 0 0 36  -21.99335262 -054.23706214    0.00    0.00 0  0 0 0
130 Airport Boundary
111 -21.99458665 -054.23594414 
111 -21.98111656 -054.23988307 
111 -21.98152448 -054.24127807 
113 -21.99499457 -054.23733914 
19  -21.98814044 -054.23890139 0 Windsock
1     1608 0 0 SSFQ Fazenda Barra Nova
100   49.99   3   0 0.00 0 0 0 16  -21.31555053 -054.73832206    0.00    0.00 0  0 0 0 34  -21.32389390 -054.73223351    0.00    0.00 0  0 0 0
130 Airport Boundary
111 -21.32460527 -054.73061777 
111 -21.31379481 -054.73850667 
111 -21.31483917 -054.73993779 
113 -21.32564963 -054.73204889 
19  -21.32006889 -054.73575284 0 Windsock
1     1083 0 0 SIBV Fazenda Bela Vista
100   29.87   4   0 0.00 0 0 0 17  -21.44527661 -054.49025695    0.00    0.00 0  0 0 0 35  -21.45194561 -054.48696527    0.00    0.00 0  0 0 0
130 Airport Boundary
111 -21.45295562 -054.48559305 
111 -21.44357308 -054.49022408 
111 -21.44426660 -054.49162917 
113 -21.45364914 -054.48699814 
19  -21.44878703 -054.48896753 0 Windsock
1     1312 0 0 SSCM Fazenda Cacadinha
100   17.98   4   0 0.00 0 0 0 03  -21.62744593 -054.81172020    0.00    0.00 0  0 0 0 21  -21.62033185 -054.80994646    0.00    0.00 0  0 0 0
130 Airport Boundary
111 -21.61871260 -054.81028125 
111 -21.62871846 -054.81277599 
111 -21.62906517 -054.81138540 
113 -21.61905931 -054.80889066 
19  -21.62395672 -054.81056127 0 Windsock
1     1247 0 0 SIOF Fazenda Cachoeira
100   20.12   5   0 0.00 0 0 0 03  -21.43556066 -054.37802501    0.00    0.00 1  0 0 0 21  -21.42666156 -054.37586387    0.00    0.00 1  0 0 0
130 Airport Boundary
111 -21.42504134 -054.37621758 
111 -21.43683819 -054.37908243 
111 -21.43718088 -054.37767131 
113 -21.42538402 -054.37480646 
19  -21.43118202 -054.37665245 0 Windsock
1     1113 0 0 SSWR Fazenda Campana
100   29.87   5   0 0.00 0 0 0 17  -21.88299783 -054.29777746    0.00    0.00 1  0 0 0 35  -21.89311329 -054.29277809    0.00    0.00 1  0 0 0
130 Airport Boundary
111 -21.89412575 -054.29140481 
111 -21.88129192 -054.29774768 
111 -21.88198537 -054.29915076 
113 -21.89481920 -054.29280789 
19  -21.88823232 -054.29563543 0 Windsock
1     1050 0 0 SSGT Fazenda Capao Alto
100   24.99   4   0 0.00 0 0 0 14  -21.69647976 -054.81745789    0.00    0.00 0  0 0 0 32  -21.70129802 -054.81031989    0.00    0.00 0  0 0 0
130 Airport Boundary
111 -21.70152091 -054.80859322 
111 -21.69496172 -054.81831031 
111 -21.69625688 -054.81918456 
113 -21.70281607 -054.80946748 
19  -21.69918705 -054.81409015 0 Windsock
1      709 0 0 SSGQ Fazenda Capivari
100   39.93   4   0 0.00 0 0 0 01  -21.76716035 -054.32305769    0.00    0.00 0  0 0 0 19  -21.76228409 -054.32360897    0.00    0.00 0  0 0 0
130 Airport Boundary
111 -21.76092971 -054.32456230 
111 -21.76869339 -054.32368460 
111 -21.76851474 -054.32210437 
113 -21.76075106 -054.32298207 
19  -21.76466926 -054.32286487 0 Windsock
1     1070 0 0 SSCJ Fazenda Celeiro
100   17.98   5   0 0.00 0 0 0 01  -21.54521738 -054.66128533    0.00    0.00 1  0 0 0 19  -21.53811595 -054.66204801    0.00    0.00 1  0 0 0
130 Airport Boundary
111 -21.53674655 -054.66289751 
111 -21.54673594 -054.66182466 
111 -21.54658678 -054.66043582 
113 -21.53659739 -054.66150867 
19  -21.54163743 -054.66139443 0 Windsock
1     1450 0 0 SJTJ Fazenda Guanabara
100   17.98   4   0 0.00 0 0 0 02  -21.12027581 -054.44995055    0.00    0.00 0  0 0 0 20  -21.11305752 -054.44949389    0.00    0.00 0  0 0 0
130 Airport Boundary
111 -21.11154404 -054.45010874 
111 -21.12169973 -054.45075125 
111 -21.12178929 -054.44933571 
113 -21.11163360 -054.44869320 
19  -21.11668424 -054.44944455 0 Windsock
1      709 0 0 SIFJ Fazenda Jurema
100   17.98   3   0 0.00 0 0 0 10  -21.80559928 -054.24927785    0.00    0.00 0  0 0 0 28  -21.80495628 -054.24349993    0.00    0.00 0  0 0 0
130 Airport Boundary
111 -21.80402967 -054.24201514 
111 -21.80502176 -054.25093002 
111 -21.80652589 -054.25076263 
113 -21.80553380 -054.24184775 
19  -21.80557512 -054.24635580 0 Windsock
1     1476 0 0 SIRB Fazenda Mimoso
100   29.87   4   0 0.00 0 0 0 17  -21.76735594 -054.38352014    0.00    0.00 0  0 0 0 35  -21.77486628 -054.37981320    0.00    0.00 0  0 0 0
130 Airport Boundary
111 -21.77587844 -054.37844070 
111 -21.76565088 -054.38348881 
111 -21.76634379 -054.38489265 
113 -21.77657134 -054.37984454 
19  -21.77128743 -054.38202390 0 Windsock
1     1099 0 0 SWVU Fazenda Ramalhete
100   39.93   3   0 0.00 0 0 0 18  -21.72936005 -054.57781575    0.00    0.00 0  0 0 0 36  -21.73730661 -054.57551759    0.00    0.00 0  0 0 0
130 Airport Boundary
111 -21.73851566 -054.57431510 
111 -21.72769578 -054.57744424 
111 -21.72815099 -054.57901825 
113 -21.73897087 -054.57588911 
19  -21.73346793 -054.57713209 0 Windsock
1     1084 0 0 SSRC Fazenda Santa Ines
100   17.98   4   0 0.00 0 0 0 04  -21.70730185 -054.37019909    0.00    0.00 0  0 0 0 22  -21.69880927 -054.36646757    0.00    0.00 0  0 0 0
130 Airport Boundary
111 -21.69713492 -054.36652371 
111 -21.70839296 -054.37147033 
111 -21.70897619 -054.37014296 
113 -21.69771815 -054.36519634 
19  -21.70317055 -054.36807163 0 Windsock
1     1204 0 0 SSFF Fazenda Sao Francisco
100   17.98   3   0 0.00 0 0 0 02  -21.18222031 -054.29327820    0.00    0.00 0  0 0 0 20  -21.17500192 -054.29283292    0.00    0.00 0  0 0 0
130 Airport Boundary
111 -21.17348885 -054.29344977 
111 -21.18364608 -054.29407635 
111 -21.18373337 -054.29266134 
113 -21.17357614 -054.29203476 
19  -21.17862828 -054.29277717 0 Windsock
1     1024 0 0 SSRB Rio Brilhante
100   27.13   4   0 0.00 0 0 0 17  -21.84443606 -054.52941849    0.00    0.00 0  0 0 0 35  -21.85111951 -054.52613707    0.00    0.00 0  0 0 0
130 Airport Boundary
111 -21.85214034 -054.52477970 
111 -21.84273780 -054.52939613 
111 -21.84341522 -054.53077586 
113 -21.85281776 -054.52615943 
19  -21.84794077 -054.52810975 0 Windsock
1     1690 0 0 SJCE Usina Eldorado
100   20.12   5   0 0.00 0 0 0 13  -21.84991427 -054.02419174    0.00    0.00 1  0 0 0 31  -21.85453016 -054.01358605    0.00    0.00 1  0 0 0
130 Airport Boundary
111 -21.85445826 -054.01184137 
111 -21.84858846 -054.02532809 
111 -21.84998618 -054.02593642 
113 -21.85585597 -054.01244970 
19  -21.85251379 -054.01901579 0 Windsock
1      984 0 0 SJWD Usina Passa Tempo
100   49.99   5   0 0.00 0 0 0 12  -21.50600468 -054.72075317    0.00    0.00 1  0 0 0 30  -21.50843976 -054.71091349    0.00    0.00 1  0 0 0
130 Airport Boundary
111 -21.50793375 -054.70917078 
111 -21.50474430 -054.72205875 
111 -21.50651069 -054.72249588 
113 -21.50970014 -054.70960791 
19  -21.50780924 -054.71597860 0 Windsock