1       57 0 0 SBCP Bartolomeu Lisandro
100   45.11   1   0 0.25 0 1 1 07  -21.70312800 -041.30712500    0.00    0.00 2  0 0 0 25  -21.69353900 -041.29621100    0.00    0.00 2  0 0 0
21  -21.70160008 -041.30601390  2  46.60   3.00 07  PAPI-4L
10  -21.70076800 -041.30706000 xxx  46.60   809 0.0 0.0   250 161161  1 0 0 0.35 0
10  -21.70207000 -041.30712900 xxx 136.60   444 0.0 0.0   120 161161  1 0 0 0.35 0
10  -21.69342800 -041.29677600 xxx 136.60   180 0.0 0.0   200 161161  1 0 0 0.35 0
14  -21.69733400 -041.30166200    0 0 ATC Tower
15  -21.70062400 -041.30715600 315.00 Ramp
18  -21.69774400 -041.30226900 1 BCN
19  -21.70253800 -041.30772400 1 WS
19  -21.69412800 -041.29561200 1 WS
54 12570 CAMPOS RDO
1      410 1 1 SDUN Itaperuna
100   29.87   1   0 0.25 0 0 0 06  -21.22324200 -041.87985000    0.00    0.00 2  0 0 0 24  -21.21529200 -041.87199700    0.00    0.00 2  0 0 0
110   1 0.30  42.64 Default taxiway for RWY 06
111 -21.22333152 -041.87974571   3 
111 -21.22378828 -041.87921362   3 
111 -21.21583846 -041.87136023   3 
111 -21.21538170 -041.87189230 
112 -21.21557944 -041.87208764 -21.21548210 -041.87198819   3 
111 -21.21559135 -041.87186092   3 
112 -21.21573703 -041.87169123 -21.21584629 -041.87156396   3 
111 -21.21594516 -041.87166163   3 
111 -21.21967290 -041.87534414   3 
111 -21.21930718 -041.87577016 
111 -21.21940605 -041.87586783   3 
111 -21.21977177 -041.87544181   3 
112 -21.22349950 -041.87912434 -21.22359837 -041.87922201   3 
111 -21.22348911 -041.87934929   3 
112 -21.22334343 -041.87951899 -21.22323418 -041.87964627   3 
113 -21.22313378 -041.87955037 
120 Default hold RWY 06 (near)
111 -21.22351514 -041.87953181   4 
115 -21.22341627 -041.87943414 
120 Default hold RWY 06 (centre)
111 -21.21958967 -041.87565394   4 
115 -21.21949080 -041.87555627 
120 Default hold RWY 06 (far)
111 -21.21566419 -041.87177607   4 
115 -21.21556532 -041.87167840 
19  -21.22316660 -041.88036353 1 WS
19  -21.21536738 -041.87148349 1 WS
1       26 0 0 SIBC Vila de Tocos
100   22.86   3   0 0.00 0 0 0 08  -21.87960027 -041.29753936    0.00    0.00 0  0 0 0 26  -21.87595529 -041.29190508    0.00    0.00 0  0 0 0
130 Airport Boundary
111 -21.87442501 -041.29096146 
111 -21.87983367 -041.29932197 
111 -21.88113054 -041.29848299 
113 -21.87572188 -041.29012247 
19  -21.87811867 -041.29450169 0 Windsock
17       4 0 0 SSSN [H] Do Acu
102 H1  -21.79916667 -041.01888889  27.18   24.99   24.99   2 0   0 0.00 1
130 Heliport Boundary
111 -21.79925431 -041.01916153 
111 -21.79943931 -041.01880125 
111 -21.79907903 -041.01861625 
113 -21.79889403 -041.01897653 
18  -21.79880707 -041.01964313 3 BCN
19  -21.79895461 -041.01895705 1 Windsock
17      10 0 0 SIAC [H] Hospital de Guaruz
102 H1  -21.74083333 -041.31194444 357.30   19.51   19.51   2 0   0 0.00 0
130 Heliport Boundary
111 -21.74101926 -041.31211362 
111 -21.74100251 -041.31175852 
111 -21.74064741 -041.31177526 
113 -21.74066415 -041.31213037 
19  -21.74070698 -041.31208330 0 Windsock
17       5 0 0 SJWF [H] Mima
102 H1  -21.64722222 -041.02361111  17.20   17.98   17.98   3 0   0 0.00 1
130 Heliport Boundary
111 -21.64733501 -041.02382503 
111 -21.64743614 -041.02349832 
111 -21.64710944 -041.02339719 
113 -21.64700830 -041.02372390 
18  -21.64705513 -041.02419185 3 BCN
19  -21.64706460 -041.02369422 1 Windsock
17      40 0 0 SICD [H] Mima 2
102 H1  -21.57861111 -041.44638889 147.32   17.98   17.98   3 0   0 0.00 0
130 Heliport Boundary
111 -21.57837485 -041.44633729 
111 -21.57855951 -041.44662515 
111 -21.57884737 -041.44644049 
113 -21.57866271 -041.44615263 
19  -21.57864913 -041.44621480 0 Windsock
17      20 0 0 SIJT [H] Mina 3
102 H1  -21.74972222 -041.30277778 247.30   17.98   17.98   1 0   0 0.00 0
130 Heliport Boundary
111 -21.74981399 -041.30255403 
111 -21.74949848 -041.30268601 
111 -21.74963046 -041.30300152 
113 -21.74994597 -041.30286954 
19  -21.74988709 -041.30284539 0 Windsock