1       30 0 0 FY0I Bocock's Bay
100   10.06   4   0 0.00 0 0 0 02  -21.46880000  013.86580000    0.00    0.00 0  0 0 0 20  -21.46460000  013.86750000    0.00    0.00 0  0 0 0
19  -21.46883733  013.86563055 1 WS
19  -21.46456267  013.86766944 1 WS
1       10 0 0 FYCC Cape Cross
100   20.12   4   0 0.00 0 0 0 05  -21.76600000  013.98710000    0.00    0.00 0  0 0 0 23  -21.76180000  013.99240000    0.00    0.00 0  0 0 0
19  -21.76591093  013.98676192 1 WS
19  -21.76188906  013.99273807 1 WS
1      113 0 0 FY4D Strathmore Tantalite Mine
100   10.06   4   0 0.00 0 0 0 07  -21.22670000  013.74650000    0.00    0.00 0  0 0 0 25  -21.22390000  013.75460000    0.00    0.00 0  0 0 0
19  -21.22660545  013.74635882 1 WS
19  -21.22399454  013.75474119 1 WS
1      100 0 0 FY4Z Ugabmund
100   10.06   3   0 0.00 0 0 0 09  -21.20000000  013.68330000    0.00    0.00 0  0 0 0 27  -21.20000000  013.68340000    0.00    0.00 0  0 0 0
19  -21.19986559  013.68320291 1 WS
19  -21.20013441  013.68349709 1 WS
1     2500 0 0 FY54 Wereld's End
100   10.06   5   0 0.00 0 0 0 04  -21.22860000  013.89900000    0.00    0.00 0  0 0 0 22  -21.22510000  013.90210000    0.00    0.00 0  0 0 0
19  -21.22858423  013.89882698 1 WS
19  -21.22511577  013.90227301 1 WS