1      572 0 0 YCDT CARANDOTTA
100   21.95   4   0 0.25 0 0 0 7   -21.97292581  138.60261370    0.00    0.00 0  0 0 0 25  -21.96921694  138.61398484    0.00    0.00 0  0 0 0
110   4 0.25   0.00 New Taxiway 47
111 -21.96415617  138.61433844 
112 -21.96499371  138.61394580 -21.96530324  138.61376911 
112 -21.96666880  138.61308199 -21.96689639  138.61298382 
112 -21.96824374  138.61265008 -21.96851685  138.61259118 
111 -21.96879907  138.61251265 
111 -21.96749723  138.61004881 
112 -21.96723323  138.60979360 -21.96720592  138.60976415 
112 -21.96736068  138.60970525 -21.96747903  138.60968562 
112 -21.96759738  138.60995065 -21.96764289  138.61010771 
111 -21.96888233  138.61248345 
111 -21.97151727  138.61185277 
111 -21.97293249  138.61152258 
112 -21.97384869  138.61060729 -21.97404396  138.60996450 
111 -21.97494707  138.60542674 
111 -21.97506824  138.60499557 
111 -21.97392924  138.61069226 
112 -21.97344456  138.61133248 -21.97325069  138.61146314 
112 -21.97321433  138.61154153 -21.97320222  138.61163299 
112 -21.97329915  138.61175059 -21.97338397  138.61185511 
112 -21.97375960  138.61283505 -21.97373537  138.61327928 
112 -21.97293564  138.61382805 -21.97249943  138.61374965 
112 -21.97256001  138.61329235 -21.97270542  138.61313556 
112 -21.97348091  138.61237774 -21.97348091  138.61227322 
111 -21.97338397  138.61211643 
111 -21.97323857  138.61227322 
111 -21.97331127  138.61248227 
111 -21.97270542  138.61303103 
111 -21.97260848  138.61296570 
111 -21.97242673  138.61310943 
111 -21.97228132  138.61299184 
111 -21.97155430  138.61355366 
111 -21.97125137  138.61293957 
112 -21.97134831  138.61253453 -21.97157853  138.61233855 
112 -21.97253578  138.61202497 -21.97282659  138.61195964 
112 -21.97317798  138.61193351 -21.97322645  138.61193351 
111 -21.97328704  138.61190737 
111 -21.97305681  138.61173752 
112 -21.97279024  138.61168526 -21.97262060  138.61173752 
111 -21.97162700  138.61193351 
111 -21.96961557  138.61381498 
112 -21.96956710  138.61440294 -21.96974886  138.61454666 
111 -21.97031836  138.61514769 
111 -21.97017295  138.61523915 
111 -21.96932476  138.61432455 
111 -21.96920359  138.61424615 
111 -21.96744280  138.61592834 
111 -21.97012657  138.61580956 
112 -21.97034688  138.61565839 -21.97038694  138.61560440 
112 -21.97045704  138.61563679 -21.97040697  138.61573397 
112 -21.97001642  138.61590674 -21.96985619  138.61590674 
111 -21.96734265  138.61600392 
111 -21.96922530  138.61761281 
111 -21.96917523  138.61765600 
111 -21.96718243  138.61599312 
111 -21.96602967  138.61608206 
111 -21.96547253  138.61614529 
111 -21.96550185  138.61603463 
111 -21.96704132  138.61593978 
111 -21.96539922  138.61442212 
112 -21.96475411  138.61421661 -21.96457817  138.61429565 
113 -21.96416764  138.61446955 
111 -21.96698268  138.61571845 
112 -21.96758380  138.61570264 -21.96781839  138.61548132 
111 -21.96913794  138.61420080 
111 -21.96903531  138.61386881 
111 -21.96808230  138.61299932 
112 -21.96752516  138.61292028 -21.96715862  138.61299932 
111 -21.96670411  138.61315741 
111 -21.96509122  138.61397845 
111 -21.96484250  138.61412596 
114 -21.96525910  138.61419971 -21.96549539  138.61432039 
111 -21.96885698  138.61361473 
111 -21.96904917  138.61379758 
112 -21.96899830  138.61362082 -21.96899830  138.61360863 
111 -21.96900960  138.61343797 
111 -21.96882872  138.61257245 
111 -21.96781123  138.61283454 
112 -21.96807126  138.61288330 -21.96813909  138.61293816 
113 -21.96882872  138.61359644 
111 -21.96889090  138.61254807 
111 -21.96906613  138.61337092 
112 -21.96909439  138.61363301 -21.96909439  138.61365130 
112 -21.96910005  138.61372444 -21.96913396  138.61374882 
111 -21.96918484  138.61376711 
111 -21.96923006  138.61397434 
111 -21.96937138  138.61394387 
113 -21.97145354  138.61195687 
112 -21.97262638  138.61328249 -21.97253295  138.61338324 
112 -21.97262213  138.61362595 -21.97267310  138.61371754 
112 -21.97303834  138.61376792 -21.97325918  138.61376334 
112 -21.97356496  138.61326417 -21.97369237  138.61305809 
112 -21.97363716  138.61254976 -21.97361592  138.61238031 
111 -21.97354797  138.61232994 
112 -21.97349701  138.61247190 -21.97344604  138.61259097 
113 -21.97322945  138.61276500 
14  -21.97060046  138.61489038    6 0 New Tower Viewpoint 45
15  -21.96942526  138.61418637   0.00 New Ramp Start 43
19  -21.96913923  138.61328122 0 New Windsock 44
1      609 0 0 YHDY HEADINGLY
100   49.99   4   0 0.25 0 0 0 17  -21.30873307  138.29547008    0.00    0.00 0  0 0 0 35  -21.32457300  138.29614800    0.00    0.00 0  0 0 0
100   49.99   4   0 0.00 0 0 0 8   -21.32169821  138.29201548    0.00    0.00 0  0 0 0 26  -21.32041022  138.30252225    0.00    0.00 0  0 0 0
110   3 0.25   0.00 New Taxiway 17
112 -21.32399642  138.29105819 -21.32401958  138.29100846 
112 -21.32406012  138.29084682 -21.32406012  138.29078465 
112 -21.32429757  138.29078465 -21.32428020  138.29069761 
112 -21.32411804  138.29047380 -21.32411804  138.29039920 
112 -21.32422808  138.29034946 -21.32433232  138.29035568 
112 -21.32498675  138.29062922 -21.32496938  138.29085925 
112 -21.32480143  138.29101467 -21.32475509  138.29107063 
112 -21.32480722  138.29131309 -21.32474351  138.29139391 
112 -21.32447711  138.29141877 -21.32434390  138.29134417 
114 -21.32406012  138.29125092 -21.32406012  138.29123227 
110   4 0.25   0.00 New Taxiway 15
111 -21.30776872  138.29378586 
111 -21.30806862  138.29372148 
111 -21.31133660  138.29340040 
112 -21.31335907  138.29317189 -21.31378485  138.29305764 
112 -21.31889424  138.29157234 -21.31892085  138.29157234 
112 -21.31995869  138.29134383 -21.32025142  138.29137239 
111 -21.32106414  138.29163962 
112 -21.32141400  138.29154270 -21.32147042  138.29147002 
112 -21.32194443  138.29096121 -21.32196700  138.29092486 
112 -21.32211372  138.29058566 -21.32214757  138.29053720 
112 -21.32247853  138.28999332 -21.32249094  138.28994001 
112 -21.32247853  138.28971347 -21.32246611  138.28967350 
112 -21.32215575  138.28943363 -21.32215575  138.28932702 
112 -21.32218058  138.28911381 -21.32226748  138.28908716 
111 -21.32272681  138.28906050 
112 -21.32287579  138.28936700 -21.32285096  138.28947361 
112 -21.32267716  138.28976678 -21.32265233  138.28983341 
112 -21.32265233  138.29009993 -21.32275164  138.29019321 
112 -21.32290062  138.29025984 -21.32291303  138.29025984 
111 -21.32288928  138.29035281 
112 -21.32257328  138.29030435 -21.32246042  138.29037704 
112 -21.32226856  138.29057088 -21.32224599  138.29063145 
112 -21.32211056  138.29099489 -21.32206542  138.29101912 
112 -21.32194127  138.29122507 -21.32190742  138.29135833 
112 -21.32187356  138.29175812 -21.32187356  138.29180657 
112 -21.32191870  138.29193984 -21.32192999  138.29193984 
111 -21.32462075  138.29280846 
112 -21.32482594  138.29274238 -21.32482594  138.29270934 
111 -21.32392308  138.29134367 
112 -21.32379996  138.29143177 -21.32376918  138.29144279 
112 -21.32347165  138.29134367 -21.32347165  138.29132164 
112 -21.32350242  138.29116745 -21.32351268  138.29115644 
112 -21.32361528  138.29120049 -21.32361528  138.29124454 
111 -21.32364606  138.29133265 
111 -21.32385126  138.29129961 
111 -21.32378970  138.29109035 
111 -21.32376918  138.29099123 
111 -21.32386152  138.29092515 
111 -21.32597505  138.29425123 
112 -21.32592375  138.29371157 -21.32593401  138.29360143 
111 -21.32672061  138.29151299 
111 -21.32681388  138.29143289 
111 -21.32600242  138.29360558 
112 -21.32606771  138.29428642 -21.32609569  138.29439656 
111 -21.32611434  138.29447666 
111 -21.32781321  138.29705195 
111 -21.34051149  138.30913662 
111 -21.34047660  138.30917049 
111 -21.32777521  138.29706574 
111 -21.32511309  138.29329560 
112 -21.32478262  138.29304727 -21.32461738  138.29301179 
111 -21.32364249  138.29269251 
111 -21.32034855  138.29155154 
112 -21.31939264  138.29160484 -21.31910711  138.29167147 
111 -21.31314631  138.29333048 
113 -21.30775402  138.29391135 
110   4 0.25   0.00 New Taxiway 16
112 -21.32214931  138.29006095 -21.32214931  138.29004400 
112 -21.32225987  138.28980098 -21.32229146  138.28975576 
112 -21.32242309  138.28956360 -21.32242309  138.28955795 
112 -21.32289166  138.28911146 -21.32306014  138.28908321 
112 -21.32406048  138.28971055 -21.32421842  138.28974446 
112 -21.32490070  138.28984492 -21.32490070  138.28999911 
112 -21.32483914  138.29029648 -21.32495200  138.29052776 
112 -21.32512642  138.29077006 -21.32504434  138.29118857 
112 -21.32500330  138.29138681 -21.32495200  138.29136478 
112 -21.32354640  138.29091323 -21.32319757  138.29080310 
112 -21.32255120  138.29057181 -21.32239730  138.29052776 
113 -21.32219210  138.29025242 
14  -21.32275064  138.29071517    6 0 New Tower Viewpoint 5
15  -21.32179134  138.29215684   0.00 New Ramp Start 4
19  -21.32121576  138.29226587 0 New Windsock 6
1      725 0 0 YKLL KALLALA
100   32.00   4   0 0.25 0 0 0 11  -21.75787666  138.88774622    0.00    0.00 0  0 0 0 29  -21.76845385  138.90935994    0.00    0.00 0  0 0 0
110   4 0.25   0.00 New Taxiway 44
111 -21.75780830  138.88662978 
111 -21.75962204  138.88873442 
111 -21.76894151  138.90919105 
111 -21.77344034  138.90461741 
111 -21.77355026  138.90481468 
111 -21.76900675  138.90943068 
111 -21.77359904  138.91808837 
111 -21.77353253  138.91818385 
111 -21.76887727  138.90961485 
111 -21.76391165  138.91429319 
112 -21.76321854  138.91515309 -21.76309741  138.91551174 
111 -21.76191641  138.91872333 
111 -21.76179529  138.91872333 
111 -21.76308227  138.91523460 
112 -21.76341537  138.91464771 -21.76359707  138.91445208 
111 -21.76879063  138.90932408 
111 -21.75949695  138.88891652 
111 -21.75768822  138.88674865 
111 -21.75752896  138.88672415 
111 -21.75800674  138.88776522 
111 -21.75780198  138.88783871 
111 -21.75724457  138.88677314 
112 -21.75703981  138.88643020 -21.75702843  138.88627098 
111 -21.75710806  138.88578107 
112 -21.75820012  138.88575657 -21.75831388  138.88578107 
112 -21.75850727  138.88596479 -21.75860965  138.88611176 
112 -21.75921256  138.88639346 -21.75961071  138.88650369 
112 -21.75987235  138.88679764 -21.75995198  138.88707934 
112 -21.75988372  138.88739779 -21.75953108  138.88748352 
112 -21.75899642  138.88747127 -21.75884854  138.88741003 
112 -21.75846176  138.88717732 -21.75843901  138.88706709 
114 -21.75799536  138.88646695 -21.75791573  138.88649144 
14  -21.75813187  138.88678539    6 0 New Tower Viewpoint 42
15  -21.75734695  138.88667516 121.15 New Ramp Start 40
19  -21.75747208  138.88777747 0 New Windsock 41
1      620 0 0 YUDG Urandangi
100   17.07   1   0 0.00 0 0 0 18  -21.58983824  138.36578449    0.00    0.00 1  0 0 0 36  -21.59955416  138.36538908    0.00    0.00 1  0 0 0
110   1 0.25   0.00 New Taxiway 78
111 -21.59930108  138.36533497 
111 -21.59929671  138.36502504 
111 -21.59954995  138.36501564 
113 -21.59955214  138.36533027 
110   4 0.25   0.00 New Taxiway 79
111 -21.59953570  138.36503890 
112 -21.59990871  138.36491858 -21.60010994  138.36489341 
111 -21.60083973  138.36482474 
111 -21.60116748  138.36478294 
112 -21.60143231  138.36466427 -21.60146541  138.36462866 
112 -21.60176223  138.36420172 -21.60180637  138.36402370 
111 -21.60181740  138.36392876 
111 -21.59940385  138.35769686 
111 -21.59952114  138.35769686 
111 -21.60313757  138.36690519 
111 -21.59977099  138.37477546 
112 -21.59881345  138.37748244 -21.59864930  138.37823765 
111 -21.59840307  138.37891440 
111 -21.59831188  138.37885555 
112 -21.59892288  138.37664877 -21.59910527  138.37619761 
111 -21.59998985  138.37392217 
112 -21.60299843  138.36689947 -21.60299843  138.36666253 
111 -21.60194097  138.36402460 
112 -21.60180879  138.36441950 -21.60177942  138.36448268 
112 -21.60120663  138.36486179 -21.60072196  138.36492497 
112 -21.59997394  138.36499374 -21.59997394  138.36501157 
112 -21.59994078  138.36510073 -21.59991591  138.36511857 
112 -21.59973352  138.36518098 -21.59966720  138.36524340 
112 -21.59960088  138.36523448 -21.59957601  138.36523448 
113 -21.59953455  138.36523448 
14  -21.59957161  138.36491031    6 0 New Tower Viewpoint 43
15  -21.59951614  138.36511487   0.00 New Ramp Start 41
19  -21.59899575  138.36508646 0 New Windsock 42
51 12670 CTAF