1      770 0 0 YCSI CASSILIS
100   14.02   4   0 0.25 0 0 0 13  -21.25481591  143.01252357    0.00    0.00 0  0 0 0 31  -21.26212781  143.02053042    0.00    0.00 0  0 0 0
110   4 0.25   0.00 New Taxiway 43
111 -21.25394641  143.01721071 
112 -21.25687363  143.01326708 -21.25718867  143.01295722 
112 -21.25762185  143.01253469 -21.25783188  143.01242201 
112 -21.25880324  143.01230933 -21.25939394  143.01232342 
112 -21.26372874  143.01266054 -21.26405420  143.01267112 
111 -21.26434020  143.01269229 
111 -21.26389640  143.01277695 
112 -21.26282142  143.01271345 -21.26252555  143.01270287 
112 -21.26063201  143.01260763 -21.26038546  143.01256530 
112 -21.25853136  143.01248064 -21.25838343  143.01248064 
112 -21.25756400  143.01287243 -21.25734883  143.01306483 
112 -21.25699020  143.01332457 -21.25690054  143.01343039 
111 -21.25398590  143.01732258 
113 -21.25390225  143.01736338 
110   4 0.25   0.00 New Taxiway 42
112 -21.26246484  143.02098488 -21.26248321  143.02099803 
112 -21.26234849  143.02107688 -21.26222601  143.02113601 
111 -21.26204230  143.02101117 
112 -21.25963835  143.01850823 -21.25957166  143.01843667 
112 -21.25941606  143.01813455 -21.25940865  143.01810275 
112 -21.25829419  143.01688300 -21.25823715  143.01682180 
112 -21.25816111  143.01657292 -21.25816111  143.01653213 
111 -21.25822575  143.01654029 
112 -21.25823715  143.01662188 -21.25823715  143.01665860 
111 -21.25837404  143.01684220 
112 -21.26210781  143.02091026 -21.26215966  143.02098444 
113 -21.26238434  143.02097702 
110   4 0.25   0.00 New Taxiway 41
111 -21.26097505  143.01920060 
112 -21.26182411  143.01933076 -21.26206251  143.01934422 
112 -21.26251422  143.01937115 -21.26260206  143.01938910 
112 -21.26283716  143.01953789 -21.26283716  143.01972335 
112 -21.26276457  143.02038727 -21.26275074  143.02042437 
112 -21.26279222  143.02054306 -21.26274383  143.02058386 
111 -21.26212509  143.02052451 
112 -21.26207670  143.02056902 -21.26204213  143.02055789 
112 -21.26190386  143.02041324 -21.26189004  143.02036873 
111 -21.26185201  143.02029455 
111 -21.26194880  143.02025746 
112 -21.26218040  143.02048000 -21.26219768  143.02049855 
112 -21.26252606  143.02049484 -21.26255717  143.02048371 
112 -21.26262630  143.02045404 -21.26263667  143.02040953 
111 -21.26263667  143.02034647 
112 -21.26253297  143.02028713 -21.26253297  143.02024633 
112 -21.26261939  143.01970851 -21.26262285  143.01969739 
112 -21.26266433  143.01969739 -21.26271963  143.01968626 
112 -21.26273000  143.01967142 -21.26273000  143.01966029 
112 -21.26271617  143.01954531 -21.26270580  143.01950451 
112 -21.26267470  143.01946742 -21.26262285  143.01944517 
112 -21.26192806  143.01939324 -21.26180708  143.01938953 
112 -21.26126093  143.01930051 -21.26118834  143.01929310 
112 -21.26111575  143.01930422 -21.26110884  143.01935244 
113 -21.26109847  143.01935615 
110   4 0.25   0.00 New Taxiway 40
111 -21.25811094  143.01618265 
112 -21.25819044  143.01651275 -21.25819044  143.01654984 
111 -21.25815587  143.01652017 
113 -21.25801761  143.01608993 
110   4 0.25   0.00 New Taxiway 39
111 -21.25563446  143.01334500 
112 -21.25589007  143.01286976 -21.25597982  143.01266668 
111 -21.25612616  143.01231286 
112 -21.25616518  143.01236939 -21.25613397  143.01245523 
112 -21.25592519  143.01292628 -21.25585495  143.01307702 
111 -21.25576129  143.01327382 
113 -21.25575739  143.01351668 
14  -21.25651489  143.01268459    6 0 New Tower Viewpoint 59
15  -21.25576720  143.01319052  71.63 New Ramp Start 58
19  -21.25551123  143.01366754 0 New Windsock 60
1      853 0 0 YCFE CORFIELD
100   32.92   4   0 0.25 0 0 0 10  -21.71174612  143.37810092    0.00    0.00 0  0 0 0 28  -21.71500483  143.38925119    0.00    0.00 0  0 0 0
110   4 0.25   0.00 New Taxiway 62
112 -21.71029177  143.37719852 -21.71029177  143.37718580 
112 -21.71023268  143.37684237 -21.71020904  143.37680422 
111 -21.71018541  143.37671518 
111 -21.71037449  143.37671518 
112 -21.71037449  143.37681694 -21.71037449  143.37685509 
111 -21.71040994  143.37716036 
111 -21.71051630  143.37710948 
112 -21.71090628  143.37667702 -21.71092991  143.37663886 
111 -21.71088264  143.37658798 
111 -21.71378975  143.37431119 
111 -21.71485201  143.37566114 
112 -21.71486383  143.37580105 -21.71486383  143.37581377 
111 -21.71472202  143.37597913 
111 -21.71213398  143.37792522 
112 -21.71193308  143.37811601 -21.71188581  143.37820505 
112 -21.71212216  143.37840856 -21.71225216  143.37859935 
112 -21.71248851  143.37863751 -21.71272486  143.37893006 
112 -21.71263032  143.37899366 -21.71264213  143.37908270 
112 -21.71291394  143.37937525 -21.71300848  143.37960420 
112 -21.71309120  143.37978227 -21.71332755  143.37990947 
112 -21.71328028  143.38018930 -21.71331573  143.38043097 
112 -21.71345754  143.38060904 -21.71354027  143.38078712 
112 -21.71325665  143.38102879 -21.71318574  143.38115598 
112 -21.71296121  143.38174108 -21.71286667  143.38186828 
112 -21.71255941  143.38111783 -21.71253578  143.38111783 
112 -21.71229943  143.38091431 -21.71222852  143.38085071 
112 -21.71202762  143.38067264 -21.71189763  143.38060904 
112 -21.71193308  143.38040553 -21.71188581  143.38032921 
112 -21.71161401  143.38016386 -21.71154311  143.38011298 
112 -21.71131857  143.37965508 -21.71127130  143.37946428 
112 -21.71137766  143.37880287 -21.71137766  143.37862479 
112 -21.71147220  143.37879015 -21.71148402  143.37887918 
112 -21.71168492  143.37887918 -21.71177946  143.37881559 
112 -21.71161401  143.37856120 -21.71155492  143.37842128 
112 -21.71163765  143.37825593 -21.71174400  143.37825593 
112 -21.71188581  143.37810329 -21.71190945  143.37798882 
111 -21.71181491  143.37789978 
112 -21.71086951  143.37868839 -21.71070406  143.37882831 
111 -21.71060952  143.37872655 
112 -21.70995956  143.37787434 -21.70980593  143.37768355 
111 -21.71000683  143.37750547 
113 -21.71016046  143.37731468 
111 -21.71029091  143.37725472 
111 -21.71004488  143.37755877 
112 -21.70999020  143.37769608 -21.71003577  143.37779416 
111 -21.71061440  143.37860332 
112 -21.71081943  143.37860822 -21.71092877  143.37853466 
111 -21.71164865  143.37787262 
112 -21.71168054  143.37767156 -21.71164865  143.37760781 
111 -21.71109280  143.37677903 
111 -21.71091055  143.37700952 
111 -21.71078298  143.37697029 
111 -21.71051872  143.37722039 
111 -21.71040937  143.37723510 
112 -21.71043671  143.37739203 -21.71050505  143.37747540 
112 -21.71062351  143.37750973 -21.71067363  143.37748521 
112 -21.71095611  143.37729395 -21.71098800  143.37730376 
112 -21.71096522  143.37736261 -21.71093789  143.37740184 
112 -21.71080120  143.37753915 -21.71082854  143.37753425 
112 -21.71089232  143.37750482 -21.71094700  143.37747050 
111 -21.71105179  143.37739694 
112 -21.71107913  143.37745578 -21.71102901  143.37749992 
111 -21.71087866  143.37761762 
111 -21.71083765  143.37766175 
112 -21.71093333  143.37761271 -21.71095611  143.37761271 
112 -21.71100623  143.37763723 -21.71101990  143.37765685 
112 -21.71098800  143.37770098 -21.71094700  143.37771079 
112 -21.71086043  143.37775493 -21.71082398  143.37778926 
112 -21.71081943  143.37782849 -21.71082854  143.37788243 
112 -21.71082854  143.37798051 -21.71081031  143.37802465 
112 -21.71066907  143.37813253 -21.71061440  143.37814725 
111 -21.71058251  143.37815215 
112 -21.71063262  143.37823552 -21.71063718  143.37825023 
112 -21.71047316  143.37831889 -21.71045493  143.37830417 
111 -21.71045949  143.37819629 
112 -21.71039570  143.37817177 -21.71038659  143.37816196 
112 -21.71031825  143.37799032 -21.71030458  143.37788243 
112 -21.71032280  143.37771570 -21.71033647  143.37765685 
114 -21.71034558  143.37739694 -21.71035014  143.37734299 
111 -21.71043671  143.37758329 
112 -21.71059617  143.37767156 -21.71066452  143.37767646 
112 -21.71068730  143.37776964 -21.71069641  143.37783339 
112 -21.71070097  143.37798051 -21.71063262  143.37802955 
112 -21.71050961  143.37800503 -21.71046405  143.37799522 
112 -21.71044126  143.37788733 -21.71041393  143.37779416 
114 -21.71040482  143.37772060 -21.71041393  143.37763723 
111 -21.71114836  143.37655605 
111 -21.71117487  143.37665570 
111 -21.71189474  143.37776402 
112 -21.71210432  143.37778363 -21.71224101  143.37771988 
111 -21.71466148  143.37587981 
112 -21.71465734  143.37567473 -21.71458279  143.37558111 
111 -21.71375640  143.37455354 
111 -21.71312269  143.37501306 
111 -21.71258236  143.37537924 
111 -21.71270911  143.37562336 
112 -21.71264907  143.37570234 -21.71259571  143.37566644 
112 -21.71252900  143.37560900 -21.71251566  143.37559464 
111 -21.71246896  143.37553720 
111 -21.71216878  143.37575978 
111 -21.71233555  143.37604698 
112 -21.71230887  143.37612596 -21.71228218  143.37611160 
111 -21.71215544  143.37588902 
111 -21.71209540  143.37581004 
113 -21.71126157  143.37643470 
14  -21.71206937  143.37758824    6 0 New Tower Viewpoint 52
15  -21.71186925  143.37813001  56.98 New Ramp Start 51
19  -21.71216033  143.37822139 0 New Windsock 53
1      924 0 0 YMOF MALAKOFF
100   17.07   4   0 0.00 0 0 0 14  -21.20411480  143.79424283    0.00    0.00 0  0 0 0 32  -21.20934014  143.79820756    0.00    0.00 0  0 0 0
100   20.12   4   0 0.25 0 0 0 8   -21.20761435  143.79409653    0.00    0.00 0  0 0 0 26  -21.20720947  143.80117313    0.00    0.00 0  0 0 0
110   4 0.25   0.00 New Taxiway 11
112 -21.21249047  143.79402068 -21.21222536  143.79431881 
112 -21.21165777  143.79506782 -21.21145118  143.79533374 
111 -21.21119638  143.79572524 
112 -21.20643899  143.80234022 -21.20634051  143.80247835 
112 -21.20630356  143.80265425 -21.20624306  143.80285973 
112 -21.20591034  143.80368162 -21.20587001  143.80375732 
112 -21.20589018  143.80407094 -21.20591034  143.80430886 
112 -21.20614224  143.80434130 -21.20619265  143.80435212 
112 -21.20672702  143.80413583 -21.20682784  143.80409257 
112 -21.20675727  143.80400605 -21.20673710  143.80395198 
111 -21.20663628  143.80400605 
111 -21.20638422  143.80348696 
111 -21.20767476  143.80269751 
111 -21.20798732  143.80328149 
111 -21.20684801  143.80390872 
111 -21.20682784  143.80404931 
112 -21.20721097  143.80459003 -21.20739246  143.80486039 
112 -21.20733196  143.80574718 -21.20733196  143.80586614 
112 -21.20736221  143.80609324 -21.20741262  143.80625545 
112 -21.20762435  143.80654744 -21.20769493  143.80662314 
111 -21.20783608  143.80678536 
111 -21.20735213  143.80700165 
111 -21.20720089  143.80740178 
111 -21.20637413  143.80732608 
111 -21.20654553  143.80664477 
111 -21.20672702  143.80637441 
111 -21.20652537  143.80607161 
111 -21.20681776  143.80568229 
112 -21.20722106  143.80597428 -21.20730172  143.80589858 
112 -21.20718911  143.80465434 -21.20709151  143.80444498 
112 -21.20676212  143.80427487 -21.20656692  143.80422253 
112 -21.20627413  143.80440572 -21.20621313  143.80443189 
112 -21.20601794  143.80434030 -21.20594474  143.80431413 
112 -21.20578614  143.80400008 -21.20572514  143.80385614 
112 -21.20521276  143.80278314 -21.20512736  143.80254761 
112 -21.20407847  143.79903262 -21.20392320  143.79871144 
112 -21.20353761  143.79752927 -21.20350736  143.79719403 
112 -21.20357063  143.79572871 -21.20357063  143.79548453 
112 -21.20336575  143.79498396 -21.20327469  143.79480693 
112 -21.20318932  143.79453223 -21.20317225  143.79441625 
112 -21.20304135  143.79399504 -21.20296736  143.79386074 
112 -21.20248929  143.79314042 -21.20240962  143.79296339 
112 -21.20251675  143.79300942 -21.20251675  143.79317801 
112 -21.20271323  143.79343090 -21.20279182  143.79353627 
112 -21.20318477  143.79427387 -21.20318477  143.79448461 
112 -21.20330266  143.79471643 -21.20332231  143.79473750 
112 -21.20361702  143.79562262 -21.20365632  143.79585444 
112 -21.20359737  143.79751930 -21.20365632  143.79806723 
112 -21.20410822  143.79895235 -21.20422610  143.79912094 
111 -21.20434399  143.79958457 
112 -21.20514955  143.80240852 -21.20542462  143.80335686 
111 -21.20583267  143.80394952 
112 -21.20582510  143.80387639 -21.20581752  143.80380326 
112 -21.20613567  143.80291761 -21.20633263  143.80234072 
112 -21.20667830  143.80187163 -21.20676920  143.80170913 
111 -21.20725400  143.80112411 
111 -21.20935898  143.79817206 
112 -21.21132505  143.79544672 -21.21154686  143.79507901 
113 -21.21244419  143.79400834 
110   4 0.25   0.00 New Taxiway 10
111 -21.20408403  143.79431065 
112 -21.20409686  143.79415471 -21.20416955  143.79416847 
112 -21.20443038  143.79423268 -21.20457576  143.79431065 
112 -21.20475107  143.79449411 -21.20480238  143.79458125 
113 -21.20489645  143.79480140 
14  -21.20704081  143.80632489    6 0 New Tower Viewpoint 22
15  -21.20723443  143.80106567   0.00 New Ramp Start 20
19  -21.20690433  143.80123660 0 New Windsock 21