1     1837 1 1 SSCT Cianorte
100   22.86   1   0 0.25 0 0 0 04  -23.69636700 -052.64450800    0.00    0.00 2  0 0 0 22  -23.68656700 -052.63939200    0.00    0.00 2  0 0 0
110   1 0.30  25.55 Default taxiway for RWY 04
111 -23.69641040 -052.64440887   3 
111 -23.69663319 -052.64389992   3 
111 -23.68683327 -052.63878358   3 
111 -23.68661048 -052.63929250 
112 -23.68679609 -052.63938940 -23.68670426 -052.63933873   3 
111 -23.68675749 -052.63921712   3 
112 -23.68682848 -052.63905498 -23.68688172 -052.63893337   3 
111 -23.68697452 -052.63898182   3 
111 -23.69164247 -052.64141886   3 
111 -23.69146404 -052.64182645 
111 -23.69155684 -052.64187490   3 
111 -23.69173527 -052.64146731   3 
112 -23.69640323 -052.64390437 -23.69649603 -052.64395282   3 
111 -23.69644279 -052.64407443   3 
112 -23.69637180 -052.64423659 -23.69631857 -052.64435820   3 
113 -23.69622480 -052.64431197 
120 Default hold RWY 04 (near)
111 -23.69650010 -052.64420396   4 
115 -23.69640730 -052.64415551 
120 Default hold RWY 04 (centre)
111 -23.69164654 -052.64167000   4 
115 -23.69155374 -052.64162155 
120 Default hold RWY 04 (far)
111 -23.68679299 -052.63913605   4 
115 -23.68670018 -052.63908760 
19  -23.69642009 -052.64490759 1 WS
19  -23.68651389 -052.63899244 1 WS
1     1213 0 0 SSHL Fazenda Jussara
100   22.86   4   0 0.00 0 0 0 09  -23.57615392 -052.41207258    0.00    0.00 0  0 0 0 27  -23.57384608 -052.40459408    0.00    0.00 0  0 0 0
130 Airport Boundary
111 -23.57262840 -052.40329284 
111 -23.57588127 -052.41383373 
111 -23.57737159 -052.41337382 
113 -23.57411872 -052.40283294 
19  -23.57534396 -052.40822718 0 Windsock
1     1391 0 0 SSMP Fazenda Tres Minas
100   17.98   3   0 0.00 0 0 0 06  -23.67523995 -052.01198789    0.00    0.00 0  0 0 0 24  -23.67031561 -052.00745655    0.00    0.00 0  0 0 0
130 Airport Boundary
111 -23.66866243 -052.00693778 
111 -23.67589411 -052.01359231 
111 -23.67689312 -052.01250665 
113 -23.66966144 -052.00585212 
19  -23.67298489 -052.00949714 0 Windsock
1     1526 1 1 SSPI Paranavai
100   29.87   1   0 0.25 0 1 0 12  -23.08784700 -052.49545000    0.00    0.00 2  0 0 0 30  -23.09193600 -052.48159200    0.00    0.00 2  0 0 0
110   1 0.30 107.79 Default taxiway for RWY 12
111 -23.08797284 -052.49549389   3 102 
111 -23.08861489 -052.49571780   3 102 
111 -23.09270449 -052.48186023   3 102 
111 -23.09206244 -052.48163631 
112 -23.09198033 -052.48191456 -23.09202353 -052.48177618   3 102 
111 -23.09217711 -052.48182975   3 102 
112 -23.09238188 -052.48190116 -23.09253546 -052.48195472   3 102 
111 -23.09249440 -052.48209384   3 102 
111 -23.09055224 -052.48867482   3 102 
111 -23.09003817 -052.48849554 
111 -23.08999711 -052.48863466   3 102 
111 -23.09051118 -052.48881394   3 102 
112 -23.08856903 -052.49539491 -23.08852797 -052.49553404   3 102 
111 -23.08837439 -052.49548049   3 102 
112 -23.08816962 -052.49540907 -23.08801604 -052.49535551   3 102 
113 -23.08805496 -052.49521564 
120 Default hold RWY 12 (near)
111 -23.08823094 -052.49558390   4 
115 -23.08827200 -052.49544478 
120 Default hold RWY 12 (centre)
111 -23.09025521 -052.48872467   4 
115 -23.09029627 -052.48858555 
120 Default hold RWY 12 (far)
111 -23.09227949 -052.48186545   4 
115 -23.09232054 -052.48172632 
18  -23.08899565 -052.48820973 1 BCN
19  -23.08738094 -052.49559435 1 WS
19  -23.09240205 -052.48144759 1 WS
1     1932 0 0 SSXO Pousada das Aguias
100   17.98   5   0 0.00 0 0 0 12  -23.28782227 -052.13393846    0.00    0.00 1  0 0 0 30  -23.28995552 -052.12439487    0.00    0.00 1  0 0 0
130 Airport Boundary
111 -23.28956698 -052.12266532 
111 -23.28673430 -052.13533799 
111 -23.28821080 -052.13566802 
113 -23.29104348 -052.12299535 
19  -23.28919367 -052.12923480 0 Windsock
1     1788 0 1 SBMG REGIONAL DE MARINGA SILVIO NAME JUNIOR
100   44.81   1   0 0.25 0 1 1 09  -23.47808300 -052.02647500    0.00   59.44 2  0 0 0 27  -23.47414200 -052.00633300    0.00   59.44 2  0 0 0
21  -23.47731682 -052.02464670  2  77.96   3.00 09  PAPI-4L
10  -23.47729700 -052.01612900 xxx  77.96  6887 0.0 0.0    74 161161  1 0 0 0.35 0
10  -23.47749100 -052.01608300 xxx  77.96   689 0.0 0.0   148 161161  1 0 0 0.35 0
10  -23.47675100 -052.01625400 xxx 167.96   441 0.0 0.0    74 161161  1 0 0 0.35 0
10  -23.47868000 -052.02611200 xxx 167.96   441 0.0 0.0    74 161161  1 0 0 0.35 0
10  -23.47482500 -052.00640100 xxx 167.96   441 0.0 0.0    74 161161  1 0 0 0.35 0
14  -23.47511300 -052.01640300    0 0 ATC Tower
18  -23.47532500 -052.01658200 1 BCN
19  -23.47729700 -052.02666100 1 WS
19  -23.47493200 -052.00614900 1 WS
54 13195 RDO