1     1608 1 1 SSAN Andira
100   22.86   1   0 0.25 0 0 0 07  -23.02920000 -050.23194700    0.00    0.00 2  0 0 0 25  -23.02548300 -050.22311700    0.00    0.00 2  0 0 0
110   1 0.30  65.42 Default taxiway for RWY 07
111 -23.02929150 -050.23190153   3 
111 -23.02976125 -050.23166808   3 
111 -23.02604449 -050.22283784   3 
111 -23.02557474 -050.22307129 
112 -23.02566031 -050.22327457 -23.02561957 -050.22317191   3 
111 -23.02573182 -050.22311613   3 
112 -23.02588149 -050.22304175 -23.02599374 -050.22298597   3 
111 -23.02603652 -050.22308761   3 
111 -23.02778794 -050.22724863   3 
111 -23.02741173 -050.22743559 
111 -23.02745451 -050.22753723   3 
111 -23.02783072 -050.22735027   3 
112 -23.02958214 -050.23151127 -23.02962493 -050.23161292   3 
111 -23.02951268 -050.23166871   3 
112 -23.02936301 -050.23174309 -23.02925076 -050.23179887   3 
113 -23.02920593 -050.23169824 
120 Default hold RWY 07 (near)
111 -23.02948063 -050.23180754   4 
115 -23.02943785 -050.23170590 
120 Default hold RWY 07 (centre)
111 -23.02764364 -050.22744324   4 
115 -23.02760086 -050.22734160 
120 Default hold RWY 07 (far)
111 -23.02580666 -050.22307894   4 
115 -23.02576387 -050.22297730 
19  -23.02900619 -050.23228913 1 WS
19  -23.02567679 -050.22277487 1 WS
1     1319 1 1 SSBR Bandeirantes
100   18.59   2   0 0.25 0 2 0 16  -23.06793046 -050.42661211    0.00    0.00 2 10 0 0 34  -23.07762694 -050.41950309    0.00    0.00 2 10 0 0
21  -23.06928024 -050.42528875  1 146.00   3.00 16  VASI
21  -23.07627722 -050.42082661  1 326.00   3.00 34  VASI
110   2 0.30 146.00 Default taxiway for RWY 16
111 -23.06797598 -050.42668547  53 102 
111 -23.06821115 -050.42706443  53 102 
111 -23.07790779 -050.41995596  53 102 
111 -23.07767262 -050.41957697 
112 -23.07753390 -050.41967866 -23.07760452 -050.41962984  53 102 
111 -23.07766066 -050.41972031  53 102 
112 -23.07773551 -050.41984094 -23.07779164 -050.41993141  53 102 
111 -23.07772228 -050.41998226  53 102 
111 -23.07304736 -050.42340938  53 102 
111 -23.07285898 -050.42310579 
111 -23.07278962 -050.42315664  53 102 
111 -23.07297800 -050.42346023  53 102 
112 -23.06830308 -050.42688736 -23.06823372 -050.42693820  53 102 
111 -23.06817759 -050.42684773  53 102 
112 -23.06810274 -050.42672711 -23.06804660 -050.42663665  53 102 
113 -23.06811470 -050.42658378 
120 Default hold RWY 16 (near)
111 -23.06807080 -050.42683827  54 
115 -23.06814016 -050.42678742 
120 Default hold RWY 16 (centre)
111 -23.07288444 -050.42330945  54 
115 -23.07295380 -050.42325860 
120 Default hold RWY 16 (far)
111 -23.07769808 -050.41978063  54 
115 -23.07776744 -050.41972978 
18  -23.07245199 -050.42253125 1 BCN
19  -23.06765216 -050.42648887 1 WS
19  -23.07790524 -050.41962631 1 WS
1     1447 0 0 SSHC Capitao Pedro Paranhos
100   24.99   3   0 0.00 0 0 0 12  -23.42886275 -050.17065744    0.00    0.00 0  0 0 0 30  -23.43002613 -050.16489813    0.00    0.00 0  0 0 0
130 Airport Boundary
111 -23.42957045 -050.16315849 
111 -23.42776755 -050.17208381 
111 -23.42931844 -050.17239708 
113 -23.43112134 -050.16347177 
19  -23.42982759 -050.16785518 0 Windsock
1     1854 1 1 SSCP Cornelio Procopio
100   21.95   1   0 0.25 0 0 0 06  -23.15671100 -050.60766700    0.00    0.00 2  0 0 0 24  -23.14830300 -050.59735300    0.00    0.00 2  0 0 0
110   1 0.30  48.44 Default taxiway for RWY 06
111 -23.15678321 -050.60759738   3 
111 -23.15715434 -050.60723951   3 
111 -23.14874668 -050.59692489   3 
111 -23.14837555 -050.59728273 
112 -23.14850656 -050.59744346 -23.14844273 -050.59736148   3 
111 -23.14853140 -050.59727599   3 
112 -23.14864962 -050.59716200 -23.14873829 -050.59707650   3 
111 -23.14880380 -050.59715686   3 
111 -23.15284386 -050.60211326   3 
111 -23.15254662 -050.60239987 
111 -23.15261213 -050.60248024   3 
111 -23.15290937 -050.60219363   3 
112 -23.15694944 -050.60715003 -23.15701494 -050.60723039   3 
111 -23.15692627 -050.60731589   3 
112 -23.15680805 -050.60742989 -23.15671938 -050.60751538   3 
113 -23.15665220 -050.60743665 
120 Default hold RWY 06 (near)
111 -23.15693267 -050.60745326   4 
115 -23.15686716 -050.60737289 
120 Default hold RWY 06 (centre)
111 -23.15276159 -050.60233612   4 
115 -23.15269608 -050.60225575 
120 Default hold RWY 06 (far)
111 -23.14859051 -050.59721899   4 
115 -23.14852501 -050.59713862 
19  -23.15662034 -050.60804147 1 WS
19  -23.14839363 -050.59697854 1 WS
1     1772 0 0 SSWV Fazenda Barra Grande
100   24.08   3   0 0.00 0 0 0 13  -23.58904341 -050.04497562    0.00    0.00 0  0 0 0 31  -23.59206771 -050.03724659    0.00    0.00 0  0 0 0
130 Airport Boundary
111 -23.59192541 -050.03546107 
111 -23.58772712 -050.04619040 
111 -23.58918571 -050.04676114 
113 -23.59338401 -050.03603181 
19  -23.59091000 -050.04124980 0 Windsock
1     1526 0 0 SSXA Fazenda Congonhas
100   35.05   3   0 0.00 0 0 0 11  -23.03850479 -050.93786567    0.00    0.00 0  0 0 0 29  -23.03871743 -050.93102321    0.00    0.00 0  0 0 0
130 Airport Boundary
111 -23.03792695 -050.92938879 
111 -23.03761434 -050.93944785 
111 -23.03929526 -050.93950009 
113 -23.03960787 -050.92944103 
19  -23.03909529 -050.93445949 0 Windsock
1     2100 0 0 SIFE Fazenda Dinora
100   20.12   3   0 0.00 0 0 0 01  -23.41880594 -050.60047943    0.00    0.00 0  0 0 0 19  -23.41397184 -050.60118723    0.00    0.00 0  0 0 0
130 Airport Boundary
111 -23.41262501 -050.60208732 
111 -23.42035428 -050.60095561 
111 -23.42015277 -050.59957935 
113 -23.41242350 -050.60071106 
19  -23.41634424 -050.60052835 0 Windsock
1     1148 0 0 SSWK Fazenda Guaicuruzinho
100   17.98   3   0 0.00 0 0 0 03  -23.03463582 -050.49638188    0.00    0.00 0  0 0 0 21  -23.02925307 -050.49528479    0.00    0.00 0  0 0 0
130 Airport Boundary
111 -23.02763336 -050.49567867 
111 -23.03597217 -050.49737825 
111 -23.03625553 -050.49598799 
113 -23.02791672 -050.49428841 
19  -23.03200433 -050.49553951 0 Windsock
1     1526 0 0 SSFM Fazenda Marimbondo
100   20.12   3   0 0.00 0 0 0 04  -23.54062405 -050.09949610    0.00    0.00 0  0 0 0 22  -23.53326484 -050.09661502    0.00    0.00 0  0 0 0
130 Airport Boundary
111 -23.53157154 -050.09673323 
111 -23.54178701 -050.10073252 
111 -23.54231734 -050.09937788 
113 -23.53210187 -050.09537859 
19  -23.53706291 -050.09775295 0 Windsock
1     2239 0 0 SSFX Fazenda Primavera
100   17.98   3   0 0.00 0 0 0 11  -23.45572612 -050.57951065    0.00    0.00 0  0 0 0 29  -23.45594054 -050.57215602    0.00    0.00 0  0 0 0
130 Airport Boundary
111 -23.45522988 -050.57051873 
111 -23.45492128 -050.58110375 
111 -23.45643677 -050.58114793 
113 -23.45674537 -050.57056291 
19  -23.45615410 -050.57584268 0 Windsock
1     1673 0 0 SSKI Fazenda Santa Helena
100   22.86   3   0 0.00 0 0 0 11  -23.34043009 -050.58746460    0.00    0.00 0  0 0 0 29  -23.34068103 -050.57864652    0.00    0.00 0  0 0 0
130 Airport Boundary
111 -23.33994479 -050.57701047 
111 -23.33960202 -050.58905612 
111 -23.34116634 -050.58910064 
113 -23.34150911 -050.57705499 
19  -23.34092503 -050.58306607 0 Windsock
1     1968 1 1 SSAB Ibaiti
100   17.98   1   0 0.25 0 0 0 05  -23.76671400 -050.26636700    0.00    0.00 2  0 0 0 23  -23.75773100 -050.25972200    0.00    0.00 2  0 0 0
110   1 0.30  34.10 Default taxiway for RWY 05
111 -23.76675810 -050.26629582   3 
111 -23.76698620 -050.26592772   3 
111 -23.75800334 -050.25928229   3 
111 -23.75777524 -050.25965037 
112 -23.75790925 -050.25974951 -23.75784352 -050.25969790   3 
111 -23.75789795 -050.25961005   3 
112 -23.75797054 -050.25949292 -23.75802498 -050.25940507   3 
111 -23.75809198 -050.25945464   3 
111 -23.76241590 -050.26265343   3 
111 -23.76223317 -050.26294831 
111 -23.76230017 -050.26299788   3 
111 -23.76248290 -050.26270300   3 
112 -23.76680682 -050.26590179 -23.76687383 -050.26595136   3 
111 -23.76681939 -050.26603922   3 
112 -23.76674680 -050.26615636 -23.76669237 -050.26624422   3 
113 -23.76662409 -050.26619668 
120 Default hold RWY 05 (near)
111 -23.76685010 -050.26614736   4 
115 -23.76678310 -050.26609779 
120 Default hold RWY 05 (centre)
111 -23.76239217 -050.26284943   4 
115 -23.76232517 -050.26279986 
120 Default hold RWY 05 (far)
111 -23.75793425 -050.25955148   4 
115 -23.75786724 -050.25950191 
19  -23.76671268 -050.26668454 1 WS
19  -23.75773231 -050.25940448 1 WS
17     506 0 0 SJPN [H] Campan
102 H1  -23.04194444 -050.05527778 331.47   21.95   21.95   2 0   0 0.00 0
130 Heliport Boundary
111 -23.04220076 -050.05535356 
111 -23.04202022 -050.05502146 
111 -23.04168813 -050.05520200 
113 -23.04186867 -050.05553410 
19  -23.04188671 -050.05547307 0 Windsock