1     3000 0 0 FY16 Ganab
100   10.06   4   0 0.00 0 0 0 09  -23.09930000  015.53160000    0.00    0.00 0  0 0 0 27  -23.09930000  015.54340000    0.00    0.00 0  0 0 0
19  -23.09916559  015.53150160 1 WS
19  -23.09943441  015.54349842 1 WS
1     1400 0 0 FYGO Gobabeb
100   10.06   4   0 0.00 0 0 0 04  -23.55240000  015.04000000    0.00    0.00 0  0 0 0 22  -23.54620000  015.04570000    0.00    0.00 0  0 0 0
19  -23.55238259  015.03982425 1 WS
19  -23.54621739  015.04587574 1 WS
1     3500 0 0 FYNN Namib Naukluft Lodge
100   24.99   4   0 0.00 0 0 0 13  -23.99210000  015.92880000    0.00    0.00 0  0 0 0 31  -23.99900000  015.93790000    0.00    0.00 0  0 0 0
19  -23.99169674  015.92884642 1 WS
19  -23.99940326  015.93785361 1 WS
1     3900 0 0 FY2M Niedersachsen
100   10.06   4   0 0.00 0 0 0 09  -23.09230000  015.95190000    0.00    0.00 0  0 0 0 27  -23.09230000  015.95780000    0.00    0.00 0  0 0 0
19  -23.09216559  015.95180160 1 WS
19  -23.09243441  015.95789840 1 WS
1     2800 0 0 FYRZ Rostock Ritz
100   20.12   5   0 0.00 0 0 0 09  -23.54100000  015.83480000    0.00    0.00 0  0 0 0 27  -23.54100000  015.85050000    0.00    0.00 0  0 0 0
19  -23.54072843  015.83460255 1 WS
19  -23.54127155  015.85069749 1 WS