1     3870 0 0 FB47 Masetlheng
100   10.06   4   0 0.00 0 0 0 01  -23.70220000  020.91120000    0.00    0.00 0  0 0 0 19  -23.69780000  020.91210000    0.00    0.00 0  0 0 0
19  -23.70226423  020.91103752 1 WS
19  -23.69773577  020.91226247 1 WS
1     3600 0 0 FB54 Nojane
100   39.93   4   0 0.00 0 0 0 05  -23.14120000  020.27960000    0.00    0.00 0  0 0 0 23  -23.13540000  020.28710000    0.00    0.00 0  0 0 0
19  -23.14101980  020.27892462 1 WS
19  -23.13558017  020.28777536 1 WS
1     4000 0 0 FB55 Nojane Ranches
100   60.05   4   0 0.00 0 0 0 18  -23.11670000  020.66670000    0.00    0.00 0  0 0 0 36  -23.12660000  020.66670000    0.00    0.00 0  0 0 0
19  -23.11615963  020.66757982 1 WS
19  -23.12714037  020.66582011 1 WS