1     2750 0 0 FB17 Graignar
100   18.90   5   0 0.00 0 0 0 17  -23.64590000  021.96590000    0.00    0.00 0  0 0 0 35  -23.65410000  021.96750000    0.00    0.00 0  0 0 0
19  -23.64568771  021.96614147 1 WS
19  -23.65431229  021.96725852 1 WS
1     3600 0 0 FB24 Hukuntsi
100   17.98   4   0 0.00 0 0 0 03  -23.99420000  021.75530000    0.00    0.00 0  0 0 0 21  -23.98560000  021.76070000    0.00    0.00 0  0 0 0
19  -23.99422026  021.75498267 1 WS
19  -23.98557973  021.76101731 1 WS
1     3575 0 0 FB39 Lehututu
100 1000.05  15   0 0.00 0 0 0 18  -23.92880000  021.84170000    0.00    0.00 0  0 0 0 36  -23.93780000  021.84170000    0.00    0.00 0  0 0 0
19  -23.91980028  021.85646644 1 WS
19  -23.94679972  021.82693047 1 WS
1     3500 0 0 FBOK Okwa Camp One
100   10.06   4   0 0.00 0 0 0 09  -23.08330000  021.87970000    0.00    0.00 0  0 0 0 27  -23.08330000  021.88700000    0.00    0.00 0  0 0 0
19  -23.08316559  021.87960160 1 WS
19  -23.08343441  021.88709840 1 WS