1     1945 0 0 YHMB Hermannsburg
100   85.95   4   0 0.25 0 0 0 11  -23.92423119  132.80253940    0.00    0.00 0  0 0 0 29  -23.92889935  132.81377184    0.00    0.00 0  0 0 0
110   1 0.25   0.00 New Taxiway 23
112 -23.92424567  132.80487387 -23.92427146  132.80487487  22 
112 -23.92430495  132.80494319 -23.92430405  132.80497339  22 
112 -23.92423933  132.80500458 -23.92421580  132.80500458  22 
114 -23.92417869  132.80493824 -23.92417824  132.80489912  22 
110   4 0.25  62.00 New Taxiway 22
111 -23.92556579  132.80490480 
112 -23.92606830  132.80469275 -23.92611855  132.80470061 
111 -23.92624059  132.80470061 
111 -23.92945260  132.80492391 
112 -23.93010233  132.80476711 -23.93030299  132.80469394 
111 -23.93083806  132.80473575 
111 -23.93101960  132.80455805 
111 -23.93110342  132.80457701 
112 -23.93182438  132.80383579 -23.93201548  132.80372175 
112 -23.93250332  132.80380912 -23.93262753  132.80394501 
111 -23.93291418  132.80421680 
111 -23.93238866  132.80329692 
111 -23.92590619  132.80468578 
112 -23.92575909  132.80458386 -23.92569535  132.80445512 
111 -23.92473043  132.80204324 
112 -23.92467170  132.80196470 -23.92463254  132.80197184 
112 -23.92440413  132.80203610 -23.92436497  132.80202896 
111 -23.92343173  132.80217175 
112 -23.92343826  132.80227170 -23.92346436  132.80231454 
111 -23.92748662  132.81204974 
112 -23.92746751  132.81237379 -23.92741018  132.81246787 
111 -23.92685599  132.81359681 
112 -23.92691332  132.81371179 -23.92696110  132.81373270 
111 -23.92999934  132.81497846 
112 -23.93012340  132.81491945 -23.93013958  132.81485454 
111 -23.93091807  132.81176022 
112 -23.93097146  132.81135131 -23.93097740  132.81124745 
111 -23.93113736  132.80895246 
112 -23.93120915  132.80867758 -23.93125940  132.80855192 
111 -23.93294042  132.80445351 
112 -23.93302657  132.80445351 -23.93306964  132.80449278 
111 -23.93301221  132.80457917 
111 -23.93127158  132.80875873 
112 -23.93122590  132.80895864 -23.93122590  132.80906574 
111 -23.93103392  132.81160232 
112 -23.93100233  132.81192197 -23.93097075  132.81205155 
111 -23.93021532  132.81505561 
112 -23.93002900  132.81509852 -23.92988681  132.81503952 
111 -23.92670365  132.81376018 
112 -23.92665790  132.81365759 -23.92669450  132.81360253 
111 -23.92741083  132.81225665 
112 -23.92740273  132.81207489 -23.92737031  132.81200839 
111 -23.92451122  132.80523572 
112 -23.92423722  132.80523239 -23.92420373  132.80518909 
111 -23.92407281  132.80491598 
112 -23.92415502  132.80476944 -23.92418851  132.80472947 
112 -23.92425244  132.80460957 -23.92425244  132.80457293 
111 -23.92423417  132.80451631 
111 -23.92326076  132.80222548 
112 -23.92331470  132.80209567 -23.92340639  132.80208387 
111 -23.92446184  132.80195669 
111 -23.92474230  132.80186228 
112 -23.92479084  132.80188588 -23.92480163  132.80190358 
111 -23.92582640  132.80445845 
112 -23.92607900  132.80454810 -23.92621629  132.80451591 
111 -23.93235906  132.80316969 
112 -23.93249606  132.80323964 -23.93253564  132.80333290 
111 -23.93302922  132.80426302 
112 -23.93314268  132.80438716 -23.93317510  132.80440932 
112 -23.93321157  132.80453346 -23.93317915  132.80458666 
111 -23.93286713  132.80530486 
112 -23.93291170  132.80548219 -23.93298464  132.80552209 
111 -23.93312647  132.80551766 
111 -23.93306164  132.80563736 
112 -23.93288334  132.80552652 -23.93287523  132.80550879 
112 -23.93279014  132.80537579 -23.93281445  132.80528712 
111 -23.93313458  132.80455119 
112 -23.93311026  132.80442706 -23.93305353  132.80440932 
112 -23.93288334  132.80434282 -23.93286713  132.80431179 
111 -23.93252674  132.80393496 
112 -23.93247001  132.80405909 -23.93246191  132.80412116 
111 -23.92854561  132.81222273 
111 -23.92819127  132.81133035 
111 -23.93077109  132.80620828 
112 -23.93074243  132.80558109 -23.93053222  132.80535112 
111 -23.93042712  132.80524659 
111 -23.93071376  132.80487027 
112 -23.93037934  132.80497480 -23.93023602  132.80502707 
112 -23.92974872  132.80511069 -23.92964361  132.80510024 
111 -23.92681924  132.80496455 
112 -23.92651774  132.80504308 -23.92647466  132.80505094 
111 -23.92633827  132.80508235 
111 -23.92638852  132.80521586 
113 -23.92575679  132.80545147 
14  -23.92649459  132.80492917    6 0 New Tower Viewpoint 23
15  -23.92598600  132.80498622  64.98 New Ramp Start 21
19  -23.92424114  132.80494071 0 New Windsock 22
51 12670 CTAF
1     1916 0 0 YNWT Narwietooma
100   60.96   4   0 0.25 0 0 0 07  -23.22930723  132.62651826    0.00    0.00 0  0 0 0 25  -23.22746000  132.63529200    0.00    0.00 0  0 0 0
100   27.13   4   0 0.25 0 0 0 9   -23.22734183  132.62704615    0.00    0.00 0  0 0 0 27  -23.22799347  132.63265324    0.00    0.00 0  0 0 0
100   34.14   4   0 0.25 0 0 0 16  -23.22347800  132.62707265    0.00    0.00 0  0 0 0 34  -23.22888109  132.62862257    0.00    0.00 0  0 0 0
110   4 1.00   0.00 New Taxiway 1
112 -23.22723806  132.63813621 -23.22705156  132.63891216 
112 -23.22700768  132.63861371 -23.22688701  132.63864953 
111 -23.22683215  132.63862565 
112 -23.22344237  132.62815831 -23.22325654  132.62765276 
112 -23.22227425  132.62534166 -23.22223443  132.62525500 
111 -23.22211496  132.62463389 
111 -23.22957697  132.62313455 
112 -23.22962643  132.62274888 -23.22963467  132.62263228 
112 -23.23012920  132.62258744 -23.23026932  132.62255156 
112 -23.23043416  132.62291032 -23.23043416  132.62294620 
112 -23.23037647  132.62341259 -23.23035174  132.62351125 
112 -23.23003418  132.62473685 -23.22998650  132.62494440 
112 -23.22979799  132.62622100 -23.22977755  132.62630253 
112 -23.22971625  132.62682882 -23.22971625  132.62691777 
112 -23.22942334  132.62859299 -23.22940972  132.62868194 
113 -23.22781830  132.63585053 
111 -23.22224956  132.62495258 
112 -23.22317596  132.62495258 -23.22348249  132.62504152 
111 -23.22741050  132.62646300 
112 -23.22784585  132.62635988 -23.22796961  132.62618264 
112 -23.22879424  132.62601980 -23.22904757  132.62594629 
111 -23.22904757  132.62594629 
111 -23.22951112  132.62347710 
112 -23.22943681  132.62331538 -23.22930057  132.62334907 
114 -23.22220117  132.62469372 -23.22219094  132.62472713 
111 -23.22239431  132.62538384 
112 -23.22322748  132.62726446 -23.22344703  132.62790767 
111 -23.22385086  132.62905462 
111 -23.22683369  132.63839833 
112 -23.22694339  132.63841026 -23.22696533  132.63838639 
112 -23.22696533  132.63790889 -23.22694339  132.63759852 
112 -23.22709697  132.63513941 -23.22733832  132.63405311 
111 -23.22783199  132.63180888 
111 -23.22764050  132.63041438 
112 -23.22749413  132.63017547 -23.22747161  132.63012033 
112 -23.22739280  132.62936684 -23.22739280  132.62928721 
112 -23.22725769  132.62871749 -23.22716762  132.62852759 
112 -23.22702688  132.62822129 -23.22702688  132.62816003 
112 -23.22694806  132.62782311 -23.22696495  132.62771897 
112 -23.22703814  132.62719826 -23.22706628  132.62709412 
112 -23.22720139  132.62701448 -23.22725206  132.62701448 
112 -23.22752791  132.62703286 -23.22757857  132.62706962 
112 -23.22777995  132.62690316 -23.22782089  132.62683076 
112 -23.22785160  132.62661914 -23.22780042  132.62653560 
112 -23.22762130  132.62656902 -23.22754453  132.62658015 
112 -23.22733982  132.62650776 -23.22720676  132.62646320 
112 -23.22711976  132.62646877 -23.22707370  132.62644093 
111 -23.22434584  132.62554875 
112 -23.22428392  132.62599594 -23.22425577  132.62638800 
111 -23.22417133  132.62700059 
112 -23.22399681  132.62706797 -23.22390674  132.62704347 
112 -23.22382229  132.62693933 -23.22381667  132.62685356 
111 -23.22394614  132.62557326 
112 -23.22387859  132.62536498 -23.22378289  132.62530372 
112 -23.22272890  132.62514011 -23.22254280  132.62515023 
114 -23.22239392  132.62523123 -23.22236600  132.62531224 
112 -23.22952647  132.62716303 -23.22951897  132.62720380 
111 -23.22771536  132.63570654 
112 -23.22712192  132.63811020 -23.22709719  132.63816402 
111 -23.22718786  132.63803845 
112 -23.22777024  132.63561879 -23.22777705  132.63558173 
113 -23.22957568  132.62708462 
112 -23.22837893  132.62625811 -23.22831220  132.62623390 
112 -23.22805798  132.62631344 -23.22799442  132.62633764 
112 -23.22795311  132.62648288 -23.22793087  132.62651746 
112 -23.22787685  132.62692550 -23.22787049  132.62703962 
112 -23.22795629  132.62709494 -23.22799125  132.62710878 
112 -23.22813742  132.62717794 -23.22816602  132.62721252 
112 -23.22831855  132.62717794 -23.22833444  132.62718831 
112 -23.22831220  132.62737158 -23.22829631  132.62741308 
112 -23.22827724  132.62760327 -23.22828677  132.62768280 
112 -23.22855053  132.62766551 -23.22857595  132.62763785 
112 -23.22859184  132.62737158 -23.22861090  132.62724710 
114 -23.22871259  132.62645867 -23.22873801  132.62632727 
110   1 1.00   0.00 New Taxiway 9
111 -23.22867699  132.62643601 
112 -23.22850552  132.62651159 -23.22848165  132.62656592 
112 -23.22850769  132.62675014 -23.22855544  132.62680447 
112 -23.22864877  132.62683989 -23.22867265  132.62684226 
111 -23.22869001  132.62684462 
112 -23.22868350  132.62687296 -23.22866831  132.62687296 
112 -23.22853591  132.62683045 -23.22852506  132.62682100 
112 -23.22844692  132.62669110 -23.22843607  132.62663913 
112 -23.22845777  132.62651632 -23.22847948  132.62645963 
112 -23.22856413  132.62641712 -23.22859885  132.62639350 
112 -23.22873559  132.62638878 -23.22875946  132.62639114 
114 -23.22875078  132.62643601 -23.22872474  132.62644074 
110   3 1.00   0.00 New Taxiway 8
111 -23.22815013  132.62695317 
112 -23.22849333  132.62699120 -23.22855053  132.62701541 
112 -23.22859501  132.62708803 -23.22859501  132.62715719 
112 -23.22855370  132.62760673 -23.22855053  132.62762748 
112 -23.22844248  132.62765860 -23.22840117  132.62765168 
112 -23.22831537  132.62756869 -23.22832808  132.62748916 
112 -23.22835351  132.62735084 -23.22835351  132.62729897 
112 -23.22832173  132.62709840 -23.22825817  132.62709840 
114 -23.22815967  132.62704999 -23.22813107  132.62699812 
110   3 1.00   0.00 New Taxiway 7
112 -23.22863950  132.62684251 -23.22863950  132.62685288 
112 -23.22857277  132.62692550 -23.22855053  132.62693933 
112 -23.22842659  132.62688746 -23.22838846  132.62687363 
112 -23.22824229  132.62681139 -23.22820733  132.62678718 
112 -23.22810882  132.62670073 -23.22810882  132.62666615 
112 -23.22815331  132.62660045 -23.22817555  132.62656587 
112 -23.22817555  132.62644138 -23.22820415  132.62635839 
112 -23.22838528  132.62633418 -23.22845519  132.62632381 
112 -23.22854735  132.62640680 -23.22858866  132.62641718 
112 -23.22866810  132.62651746 -23.22867128  132.62656241 
113 -23.22863315  132.62677681 
120 Linear Feature 10
112 -23.22807167  132.62916004 -23.22807167  132.62918321  22 
112 -23.22812277  132.62922260 -23.22815045  132.62922376  22 
112 -23.22818062  132.62916351 -23.22818097  132.62913532  22 
114 -23.22812739  132.62909941 -23.22809971  132.62909979  22 
14  -23.22841517  132.62683235    6 0 New Tower Viewpoint 2
15  -23.22757725  132.62718997 102.80 New Ramp Start 1
19  -23.22812561  132.62916313 0 New Windsock 3
51 12670 CTAF