1      427 1 1 SLGY Cap De Av Emilio Beltran
100   25.60   2   0 0.25 0 2 0 17  -10.81495633 -065.34713488    0.00    0.00 2  7 0 0 35  -10.83059907 -065.34286752    0.00    0.00 2  7 0 0
21  -10.81661380 -065.34635264  2 165.00   3.00 17  PAPI-4L
21  -10.82894161 -065.34364982  2 345.00   3.00 35  PAPI-4L
110   2 0.30 165.00 Default taxiway for RWY 17
111 -10.81498556 -065.34724596  53 102 
111 -10.81513523 -065.34781463  53 102 
111 -10.83077800 -065.34354753  53 102 
111 -10.83062833 -065.34297883 
112 -10.83040577 -065.34303954 -10.83051764 -065.34301140  53 102 
111 -10.83055342 -065.34314736  53 102 
112 -10.83060112 -065.34332863 -10.83063690 -065.34346459  53 102 
111 -10.83052562 -065.34349494  53 102 
111 -10.82298243 -065.34555261  53 102 
111 -10.82286258 -065.34509721 
111 -10.82275130 -065.34512757  53 102 
111 -10.82287115 -065.34558297  53 102 
112 -10.81532797 -065.34764063 -10.81521669 -065.34767098  53 102 
111 -10.81518091 -065.34753503  53 102 
112 -10.81513321 -065.34735376 -10.81509743 -065.34721781  53 102 
113 -10.81520812 -065.34718525 
120 Default hold RWY 17 (near)
111 -10.81504578 -065.34747476  54 
115 -10.81515706 -065.34744440 
120 Default hold RWY 17 (centre)
111 -10.82281152 -065.34535638  54 
115 -10.82292280 -065.34532602 
120 Default hold RWY 17 (far)
111 -10.83057727 -065.34323799  54 
115 -10.83068855 -065.34320763 
18  -10.82256898 -065.34420819 1 BCN
19  -10.81464432 -065.34685571 1 WS
19  -10.83091108 -065.34314669 1 WS
1      492 0 0 SWRG Fazenda Rancho Maria e Tereza
100   20.12   3   0 0.00 0 0 0 05  -10.82933820 -065.23151574    0.00    0.00 0  0 0 0 23  -10.82232846 -065.22570648    0.00    0.00 0  0 0 0
130 Airport Boundary
111 -10.82073384 -065.22538512 
111 -10.82995004 -065.23302297 
111 -10.83093281 -065.23183711 
113 -10.82171662 -065.22419925 
19  -10.82599242 -065.22841914 0 Windsock
1      478 1 1 SBGM GUAJARA MIRIM
100   45.11   1   0 0.25 0 1 0 17  -10.77850000 -065.28672200    0.00    0.00 2  0 0 0 35  -10.79425000 -065.28286100    0.00    0.00 2  0 0 0
110   1 0.30 166.46 Default taxiway for RWY 17
111 -10.77854699 -065.28692066   3 102 
111 -10.77878512 -065.28792730   3 102 
111 -10.79453514 -065.28406657   3 102 
111 -10.79429701 -065.28305987 
112 -10.79390233 -065.28315662 -10.79410020 -065.28311047   3 102 
111 -10.79415722 -065.28335155   3 102 
112 -10.79423326 -065.28367298 -10.79429028 -065.28391405   3 102 
111 -10.79409294 -065.28396242   3 102 
111 -10.78671128 -065.28577186   3 102 
111 -10.78652067 -065.28496607 
111 -10.78632333 -065.28501445   3 102 
111 -10.78651394 -065.28582023   3 102 
112 -10.77913228 -065.28762967 -10.77893494 -065.28767805   3 102 
111 -10.77887792 -065.28743699   3 102 
112 -10.77880188 -065.28711557 -10.77874486 -065.28687451   3 102 
113 -10.77894167 -065.28682391 
120 Default hold RWY 17 (near)
111 -10.77864256 -065.28732465   4 
115 -10.77883990 -065.28727628 
120 Default hold RWY 17 (centre)
111 -10.78641890 -065.28541846   4 
115 -10.78661624 -065.28537008 
120 Default hold RWY 17 (far)
111 -10.79419524 -065.28351226   4 
115 -10.79439258 -065.28346388 
18  -10.78604228 -065.28338540 1 BCN
19  -10.77796276 -065.28621610 1 WS
19  -10.79478725 -065.28336692 1 WS