1       23 1 1 SNAU Aeroclub
100   13.72   2   0 0.25 0 2 0 14  -10.90100729 -037.08698149    0.00    0.00 2 10 0 0 32  -10.90510491 -037.07913331    0.00    0.00 2 10 0 0
21  -10.90164683 -037.08525186  1 118.00   3.00 14  VASI
21  -10.90446542 -037.08086297  1 298.00   3.00 32  VASI
110   2 0.30 118.00 Default taxiway for RWY 14
111 -10.90105980 -037.08700992  53 102 
111 -10.90133425 -037.08715854  53 102 
111 -10.90543197 -037.07931047  53 102 
111 -10.90515752 -037.07916185 
112 -10.90509957 -037.07927284 -10.90513052 -037.07921842  53 102 
111 -10.90519591 -037.07925383  53 102 
112 -10.90528310 -037.07930104 -10.90534849 -037.07933645  53 102 
111 -10.90531952 -037.07939195  53 102 
111 -10.90334310 -037.08317725  53 102 
111 -10.90312315 -037.08305814 
111 -10.90309417 -037.08311363  53 102 
111 -10.90331412 -037.08323274  53 102 
112 -10.90133770 -037.08701804 -10.90130873 -037.08707354  53 102 
111 -10.90124334 -037.08703813  53 102 
112 -10.90115615 -037.08699092 -10.90109076 -037.08695551  53 102 
113 -10.90111775 -037.08689893 
120 Default hold RWY 14 (near)
111 -10.90117077 -037.08707001  54 
115 -10.90119975 -037.08701452 
120 Default hold RWY 14 (centre)
111 -10.90320514 -037.08317372  54 
115 -10.90323412 -037.08311823 
120 Default hold RWY 14 (far)
111 -10.90523951 -037.07927743  54 
115 -10.90526849 -037.07922194 
18  -10.90267586 -037.08285154 1 BCN
19  -10.90078707 -037.08700461 1 WS
19  -10.90532513 -037.07911018 1 WS
1      167 0 0 SNLU Fazenda Boa Luz
100   17.98   5   0 0.00 0 0 0 01  -10.84440530 -037.20338368    0.00    0.00 1  0 0 0 19  -10.84003914 -037.20439410    0.00    0.00 1  0 0 0
130 Airport Boundary
111 -10.83871133 -037.20547031 
111 -10.84607091 -037.20376716 
111 -10.84573311 -037.20230747 
113 -10.83837353 -037.20401062 
19  -10.84214260 -037.20354485 0 Windsock
1       23 0 1 SBAR SANTA MARIA
100   45.11   1   0 0.25 0 1 1 11  -10.98366700 -037.08041700    0.00   60.96 2  0 0 0 29  -10.98433300 -037.06025000    0.00   60.96 2  0 0 0
21  -10.98332683 -037.07857085  2  91.93   3.00 11  PAPI-4L
10  -10.98498600 -037.06047800 xxx 181.93   444 0.0 0.0    74 161161  1 0 0 0.35 0
10  -10.98433300 -037.08023100 xxx 181.93   444 0.0 0.0    74 161161  1 0 0 0.35 0
10  -10.98521700 -037.07037700 xxx  91.93  7222 0.0 0.0    74 161161  1 0 0 0.35 0
10  -10.98542000 -037.07038500 xxx  91.93   722 0.0 0.0   148 161161  1 0 0 0.35 0
10  -10.98465900 -037.07035100 xxx 181.93   444 0.0 0.0    74 161161  1 0 0 0.35 0
10  -10.98566000 -037.07127400 xxx  91.93   722 0.0 0.0   250 161161  1 0 0 0.35 0
10  -10.98469500 -037.07209800 xxx 181.93   444 0.0 0.0   120 161161  1 0 0 0.35 0
10  -10.98338700 -037.07570300 xxx  91.93   200 0.0 0.0   180 161161  1 0 0 0.35 0
10  -10.98321800 -037.08066600 xxx 181.93   180 0.0 0.0   200 161161  1 0 0 0.35 0
10  -10.98479000 -037.06000500 xxx 181.93   180 0.0 0.0   200 161161  1 0 0 0.35 0
14  -10.98639200 -037.07251400    0 0 ATC Tower
15  -10.98576000 -037.07132300 180.00 Ramp
18  -10.98318900 -037.07030500 1 BCN
18  -10.98318900 -037.07030500 1 BCN
19  -10.98285600 -037.08039100 1 WS
19  -10.98514400 -037.06027600 1 WS
19  -10.98514400 -037.06027600 1 WS
19  -10.98285600 -037.08039100 1 WS
55 12030 ARACAJU APP
17      39 0 0 SWGX [H] Primavera
102 H1  -10.95027778 -037.06416667  97.05   17.98   17.98   2 0   0 0.00 0
130 Heliport Boundary
111 -10.95008708 -037.06431539 
111 -10.95042650 -037.06435736 
111 -10.95046847 -037.06401795 
113 -10.95012906 -037.06397597 
19  -10.95016820 -037.06402615 0 Windsock