1     2543 0 0 YDEG DELEGATE
100  174.96   3   0 0.25 0 0 0 1   -37.06657409  148.94038355    0.00    0.00 0  0 0 0 19  -37.05823676  148.94222455    0.00    0.00 0  0 0 0
110   3 0.25   0.00 New Taxiway 10
111 -37.05839935  148.94318230 
111 -37.05684250  148.94243462 
111 -37.05671905  148.94160960 
113 -37.05811196  148.94125854 
14  -37.06309252  148.94066341    6 0 New Tower Viewpoint 6
15  -37.06354438  148.94022299  91.69 New Ramp Start 5
19  -37.06316281  148.94207273 0 New Windsock 7
1      260 0 0 YGRL Great Lakes Airfield
100   17.98   1   0 0.25 0 0 0 08  -37.84201947  147.99656161    0.00    0.00 1  0 0 0 26  -37.84281245  148.00991631    0.00    0.00 1  0 0 0
100   21.03   4   0 0.25 0 0 0 14  -37.84074263  147.99862296    0.00    0.00 0  0 0 0 32  -37.84565698  148.00318684    0.00    0.00 0  0 0 0
110   2 0.25 325.00 New Taxiway 6
111 -37.84133864  147.99753653 
111 -37.84164135  147.99778266 
111 -37.84165091  147.99796019 
111 -37.84141193  147.99837981 
113 -37.84106780  147.99806913 
110   1 0.25   0.00 New Taxiway 5
111 -37.84147554  147.99677547  20 
112 -37.84157113  147.99689652 -37.84157432  147.99697721  20 
111 -37.84158785  147.99772852 
111 -37.84158706  147.99786084 
111 -37.84150103  147.99775593 
111 -37.84150103  147.99767927  20 
111 -37.84150740  147.99733228  20 
112 -37.84145961  147.99729596 -37.84144049  147.99730000 
113 -37.84124931  147.99730807 
110   1 0.25   0.00 New Taxiway 4
111 -37.84208919  147.99820064 
111 -37.84142005  147.99824098 
111 -37.84157618  147.99800293 
111 -37.84164309  147.99808766 
113 -37.84207325  147.99805538 
110   1 0.25  94.30 New Taxiway 3
111 -37.84278320  148.00991980 
111 -37.84264392  148.00992807 
111 -37.84262215  148.00948161 
113 -37.84273750  148.00947335 
110   1 0.25  94.30 New Taxiway 2
111 -37.84206371  147.99656033 
111 -37.84222699  147.99654851 
112 -37.84222699  147.99677890 -37.84222699  147.99682025 
113 -37.84211036  147.99705655 
110   4 0.25   0.00 New Taxiway 7
111 -37.84124569  147.99820999 
112 -37.84115576  147.99824415 -37.84112878  147.99828515 
111 -37.84086618  147.99872472 
111 -37.84079783  147.99867233 
113 -37.84111619  147.99807106 
110   1 0.25   0.00 New Taxiway 9
112 -37.84158239  148.00046242 -37.84160521  148.00046297  22 
112 -37.84162372  148.00051149 -37.84162286  148.00054693  22 
112 -37.84157980  148.00055238 -37.84155741  148.00055129  22 
114 -37.84154622  148.00050877 -37.84154665  148.00048914  22 
110   4 0.25   0.00 New Taxiway 8
111 -37.84261665  148.00024203 
112 -37.84269565  148.00022202 -37.84270618  148.00020535 
111 -37.84309592  147.99974517 
112 -37.84311962  147.99962512 -37.84308275  147.99956843 
111 -37.84292212  147.99933501 
111 -37.84299585  147.99922497 
111 -37.84262091  147.99838135 
112 -37.84258586  147.99820826 -37.84259287  147.99807511 
111 -37.84258429  147.99621707 
111 -37.84201998  147.99577324 
111 -37.84204802  147.99573773 
111 -37.84493361  147.99788256 
112 -37.84512022  147.99792982 -37.84519019  147.99793572 
112 -37.84535814  147.99786483 -37.84542812  147.99782348 
111 -37.84550743  147.99779394 
112 -37.84547011  147.99790028 -37.84538613  147.99794754 
112 -37.84526484  147.99797708 -37.84523685  147.99806569 
111 -37.84516687  147.99823110 
111 -37.84519019  147.99829017 
111 -37.84536281  147.99840242 
111 -37.84530216  147.99868598 
111 -37.84501758  147.99852057 
111 -37.84516687  147.99805978 
111 -37.84495693  147.99800071 
111 -37.84492894  147.99816021 
111 -37.84486363  147.99814839 
111 -37.84492428  147.99797708 
111 -37.84468169  147.99779985 
112 -37.84456136  147.99792772 -37.84452981  147.99793216 
111 -37.84362902  147.99838044 
111 -37.84332759  147.99853135 
112 -37.84332408  147.99885979 -37.84338367  147.99903289 
112 -37.84355892  147.99952556 -37.84364304  147.99964096 
112 -37.84380778  148.00004042 -37.84380778  148.00015582 
111 -37.84379456  148.00061792 
112 -37.84387553  148.00070580 -37.84393722  148.00067650 
112 -37.84430349  148.00060815 -37.84442302  148.00063256 
111 -37.84458109  148.00066186 
112 -37.84470832  148.00115009 -37.84470061  148.00117938 
112 -37.84450013  148.00119403 -37.84444615  148.00115985 
112 -37.84414542  148.00097432 -37.84406831  148.00096944 
112 -37.84382541  148.00089132 -37.84377143  148.00081321 
112 -37.84371360  148.00046168 -37.84372902  148.00031522 
112 -37.84376372  147.99999299 -37.84374444  147.99994904 
112 -37.84342829  147.99937294 -37.84340901  147.99928994 
111 -37.84323551  147.99873824 
112 -37.84329720  147.99849901 -37.84337046  147.99844530 
111 -37.84449241  147.99790825 
112 -37.84459266  147.99778620 -37.84460423  147.99775690 
111 -37.84461194  147.99774226 
111 -37.84262588  147.99623770 
111 -37.84262973  147.99820523 
112 -37.84266057  147.99833705 -37.84268371  147.99837122 
111 -37.84367458  148.00004093 
111 -37.84345096  148.00029969 
111 -37.84317336  147.99985541 
111 -37.84275424  148.00030523 
114 -37.84275185  148.00038101 -37.84275424  148.00040830 
14  -37.84154158  147.99749541    6 0 New Tower Viewpoint 5
15  -37.84142942  147.99769069  77.01 New Ramp Start 4
19  -37.84158282  148.00050986 0 New Windsock 6
19  -37.84162364  148.00059793 0 New Windsock 7
51 12670 CTAF
1       92 0 0 YORB Orbost
100   29.87   4   0 0.25 0 1 0 07  -37.79007484  148.60614208    0.00    0.00 0  0 0 0 25  -37.78903909  148.61666453    0.00    0.00 0  0 0 0
110   1 1.00  82.90 New Taxiway 10
111 -37.78904742  148.61637323 
111 -37.78916780  148.61652238 
112 -37.78919539  148.61663663 -37.78919790  148.61667471 
112 -37.78918536  148.61690321 -37.78917784  148.61699206 
112 -37.78912768  148.61743001 -37.78912015  148.61749983 
111 -37.78905996  148.61792508 
111 -37.78863360  148.61791874 
112 -37.78864865  148.61768707 -37.78864865  148.61765533 
112 -37.78874395  148.61747762 -37.78879160  148.61736019 
111 -37.78885681  148.61720786 
113 -37.78890697  148.61663346 
110   1 1.00  82.90 New Taxiway 9
111 -37.78993774  148.60615787 
112 -37.79000506  148.60544921 -37.79001394  148.60519622 
111 -37.78999173  148.60505004 
111 -37.79044936  148.60511189 
112 -37.79046714  148.60531990 -37.79043159  148.60541548 
112 -37.79037827  148.60573594 -37.79035606  148.60579216 
112 -37.79024943  148.60586525 -37.79024054  148.60591585 
111 -37.79020500  148.60618009 
113 -37.79002727  148.60651742 
110   4 1.00  82.90 New Taxiway 12
112 -37.79032994  148.60431979 -37.79031783  148.60445779 
112 -37.79027744  148.60490245 -37.79025724  148.60499955 
112 -37.79018857  148.60547999 -37.79016434  148.60555154 
111 -37.79010375  148.60531133 
112 -37.79010779  148.60502000 -37.79010779  148.60498422 
112 -37.79014414  148.60450379 -37.79014414  148.60441690 
112 -37.79020877  148.60397224 -37.79021281  148.60388535 
112 -37.79028551  148.60377802 -37.79032591  148.60382913 
113 -37.79033398  148.60402846 
110   4 1.00  82.90 New Taxiway 11
111 -37.78890063  148.61742360 
112 -37.78915599  148.61707739 -37.78918563  148.61713221 
112 -37.78917879  148.61739474 -37.78917423  148.61755342 
112 -37.78911267  148.61766305 -37.78907847  148.61770344 
112 -37.78908759  148.61794867 -37.78906707  148.61804388 
112 -37.78899411  148.61810735 -37.78895535  148.61816793 
112 -37.78896447  148.61863242 -37.78895763  148.61864685 
112 -37.78880031  148.61865262 -37.78876383  148.61865550 
111 -37.78874103  148.61858338 
113 -37.78882083  148.61776691 
110   1 1.00   0.00 New Taxiway 13
111 -37.78988876  148.60880368 
112 -37.79015314  148.60901742 -37.79028901  148.60903136 
111 -37.79077738  148.60910105 
112 -37.79082511  148.60903600 -37.79082511  148.60899419 
111 -37.79083613  148.60891984 
112 -37.79113723  148.60899419 -37.79116660  148.60900812 
112 -37.79119231  148.60907318 -37.79118864  148.60912429 
112 -37.79116293  148.60935661 -37.79116293  148.60939843 
112 -37.79115192  148.60963075 -37.79114824  148.60963075 
112 -37.79088386  148.60958893 -37.79083246  148.60957499 
112 -37.79079206  148.60954247 -37.79079206  148.60950994 
111 -37.79079574  148.60936126 
112 -37.79071863  148.60924509 -37.79064886  148.60923115 
112 -37.79024861  148.60918004 -37.79021557  148.60918004 
112 -37.78997322  148.60913358 -37.78995119  148.60913823 
111 -37.78988142  148.60918469 
113 -37.78976759  148.60903136 
110   1 1.00   0.00 New Taxiway 15
112 -37.79062724  148.60954361 -37.79066128  148.60954569  22 
112 -37.79068424  148.60962716 -37.79068424  148.60966763  22 
112 -37.79062068  148.60969098 -37.79059566  148.60968995  22 
114 -37.79056942  148.60962041 -37.79056942  148.60958980  22 
110   4 1.00   0.00 New Taxiway 14
111 -37.79093939  148.60899385 
112 -37.79098271  148.60856685 -37.79099639  148.60853223 
112 -37.79110127  148.60853800 -37.79111951  148.60853800 
111 -37.79117879  148.60854954 
112 -37.79118107  148.60863609 -37.79116283  148.60863609 
112 -37.79109899  148.60864475 -37.79109671  148.60868226 
111 -37.79108759  148.60902847 
111 -37.79110583  148.60960261 
112 -37.79110355  148.60978148 -37.79110355  148.60982187 
112 -37.79109671  148.60991131 -37.79111495  148.60992285 
111 -37.79114915  148.60992862 
112 -37.79113319  148.61000075 -37.79110811  148.61000364 
112 -37.79102603  148.60999498 -37.79101235  148.60995459 
112 -37.79102375  148.60969493 -37.79102375  148.60967185 
111 -37.79101691  148.60957664 
113 -37.79090747  148.60915541 
110   3 1.00  82.90 New Taxiway 16
111 -37.79185421  148.60280376 
111 -37.79144619  148.60816235 
112 -37.79181561  148.60830461 -37.79202442  148.60840623 
112 -37.79183167  148.60993044 -37.79179955  148.61023528 
112 -37.79136588  148.61041819 -37.79125345  148.61047916 
111 -37.79117314  148.61056045 
111 -37.79081978  148.61360887 
111 -37.78987213  148.61346661 
111 -37.78930997  148.61929926 
111 -37.78824988  148.61917733 
113 -37.78979182  148.60247196 
111 -37.79024332  148.60625459 
112 -37.79019453  148.60612385 -37.79015148  148.60607301 
112 -37.78993050  148.60607301 -37.78990467  148.60613475 
111 -37.78887058  148.61662087 
112 -37.78890789  148.61672255 -37.78893946  148.61674797 
112 -37.78918053  148.61675887 -37.78920062  148.61671892 
113 -37.78919775  148.61663903 
14  -37.79110832  148.60907283    6 0 New Tower Viewpoint 10
15  -37.79096017  148.60955361 270.00 New Ramp Start 8
18  -37.78862374  148.61125458 1 BCN
19  -37.79062478  148.60962041 1 New Windsock 9
17      40 0 0 YORS [H] ORBOST
102 H13 -37.71143320  148.45468269   0.00   17.98   17.98   3 0   0 0.00 0
110   4 0.25   0.00 New Taxiway 14
111 -37.71066529  148.45426456 
111 -37.71192151  148.45412021 
112 -37.71234287  148.45436412 -37.71246495  148.45456323 
112 -37.71246889  148.45511078 -37.71239407  148.45534971 
112 -37.71201602  148.45594704 -37.71172855  148.45625565 
111 -37.71121661  148.45641992 
113 -37.71100790  148.45646472 
111 -37.71074405  148.45434919 
111 -37.71075981  148.45435416 
111 -37.71107484  148.45635023 
112 -37.71120874  148.45633530 -37.71129931  148.45632037 
112 -37.71198845  148.45588730 -37.71219323  148.45570313 
112 -37.71242163  148.45515060 -37.71247283  148.45497638 
112 -37.71238619  148.45452341 -37.71229956  148.45425959 
111 -37.71192545  148.45417497 
113 -37.71074405  148.45429941 
110   3 0.25   0.00 New Taxiway 13
111 -37.71066293  148.45423150 
111 -37.71261656  148.45385205 
112 -37.71279762  148.45495427 -37.71285004  148.45512292 
111 -37.71299775  148.45541805 
111 -37.71305017  148.45560476 
111 -37.71163853  148.45737730 
114 -37.71115632  148.45746343 -37.71113011  148.45730442 
14  -37.71120086  148.45468767    6 0 New Tower Viewpoint 15
15  -37.71143320  148.45468269   0.00 New Ramp Start 14
19  -37.71119181  148.45498781 1 WS