1      141 1 1 SAVT ALMIRANTE ZAR
100   44.81   2   0 0.25 0 2 0 06  -43.21458100 -065.28504200    0.00   23.77 2  0 0 0 24  -43.20641700 -065.25559700    0.00    0.00 2  1 0 0
21  -43.20740547 -065.25772295  1 249.16   3.00 24  VASI
110   2 0.30  69.18 Default taxiway for RWY 06
111 -43.21476734 -065.28494478  53 102 
111 -43.21571168 -065.28445212  53 102 
111 -43.20755146 -065.25500326  53 102 
111 -43.20660712 -065.25549586 
112 -43.20675042 -065.25601301 -43.20668088 -065.25575333  53 102 
111 -43.20690701 -065.25563537  53 102 
112 -43.20720853 -065.25547809 -43.20743467 -065.25536013  53 102 
111 -43.20750632 -065.25561871  53 102 
111 -43.21140730 -065.26969671  53 102 
111 -43.21065140 -065.27009103 
111 -43.21072305 -065.27034961  53 102 
111 -43.21147895 -065.26995529  53 102 
112 -43.21537994 -065.28403328 -43.21545159 -065.28429186  53 102 
111 -43.21522545 -065.28440984  53 102 
112 -43.21492393 -065.28456714 -43.21469780 -065.28468512  53 102 
113 -43.21462404 -065.28442763 
120 Default hold RWY 06 (near)
111 -43.21514634 -065.28474706  54 
115 -43.21507469 -065.28448849 
120 Default hold RWY 06 (centre)
111 -43.21110205 -065.27015190  54 
115 -43.21103040 -065.26989332 
120 Default hold RWY 06 (far)
111 -43.20705777 -065.25555673  54 
115 -43.20698612 -065.25529816 
18  -43.20918347 -065.27100658 4 BCN
19  -43.21416024 -065.28585342 1 WS
19  -43.20683756 -065.25478549 1 WS
54 11870 TWR/APP
54 12065 TWR/APP
1       36 0 0 SAC8 RAWSON
100   29.87   4   0 0.00 0 0 0 04  -43.29907918 -065.06833345    0.00    0.00 0  0 0 0 22  -43.28980971 -065.06055544    0.00    0.00 0  0 0 0
19  -43.29909840 -065.06899880 1 WS
19  -43.28979044 -065.05989020 1 WS
1      128 0 1 SA34 TRELEW AEROCLUB
100   30.48   1   0 0.25 0 0 0 08  -43.23612800 -065.33637500    0.00    0.00 2  0 0 0 26  -43.23516100 -065.31181100    0.00    0.00 2  0 0 0
100   39.93   4   0 0.25 0 0 0 13  -43.22675300 -065.33550800    0.00    0.00 1  0 0 0 31  -43.23711900 -065.31929700    0.00    0.00 1  0 0 0
100   35.05   4   0 0.25 0 0 0 04  -43.23755000 -065.33188300    0.00    0.00 1  0 0 0 22  -43.22700300 -065.31807500    0.00    0.00 1  0 0 0
100   23.77   4   0 0.25 0 0 0 01  -43.23768900 -065.32998600    0.00    0.00 1  0 0 0 19  -43.22556400 -065.32688600    0.00    0.00 1  0 0 0
110   1 0.30  86.92 Default taxiway for RWY 08
111 -43.23626270 -065.33636504   3 
111 -43.23694970 -065.33631422   3 
111 -43.23598533 -065.31174983   3 
111 -43.23529833 -065.31180065 
112 -43.23531309 -065.31217661 -43.23530796 -065.31198846   3 
111 -43.23547230 -065.31197630   3 
112 -43.23569142 -065.31196010 -43.23585576 -065.31194794   3 
111 -43.23586314 -065.31213592   3 
111 -43.23632687 -065.32394817   3 
111 -43.23577682 -065.32398886 
111 -43.23578420 -065.32417684   3 
111 -43.23633425 -065.32413615   3 
112 -43.23679799 -065.33594839 -43.23680537 -065.33613637   3 
111 -43.23664103 -065.33614853   3 
112 -43.23642191 -065.33616473 -43.23625757 -065.33617689   3 
113 -43.23624794 -065.33598908 
120 Default hold RWY 08 (near)
111 -43.23653885 -065.33634461   4 
115 -43.23653147 -065.33615663 
120 Default hold RWY 08 (centre)
111 -43.23606035 -065.32415641   4 
115 -43.23605297 -065.32396843 
120 Default hold RWY 08 (far)
111 -43.23558186 -065.31196820   4 
115 -43.23557448 -065.31178022 
19  -43.23784055 -065.33047286 1 WS
19  -43.23745257 -065.33265046 1 WS
19  -43.23573191 -065.33678135 1 WS
19  -43.22611191 -065.33539186 1 WS
19  -43.23776011 -065.31941299 1 WS
19  -43.22710034 -065.31730766 1 WS
19  -43.23555700 -065.31140450 1 WS
19  -43.22541243 -065.32639924 1 WS