1      780 0 1 PA40 Benton
100   45.72   3   0 0.25 0 0 0 03   41.19723072 -076.38846946    0.00    0.00 1  0 0 0 21   41.20293650 -076.38585832    0.00    0.00 1  0 0 0
19   41.19704261 -076.38942301 1 WS
19   41.20312459 -076.38490467 1 WS
1      610 0 1 2N4  Berwick
100   56.39   3   0 0.25 0 0 0 09   41.06896781 -076.22015086    0.00    0.00 1  0 0 0 27   41.07008995 -076.21249360    0.00    0.00 1  0 0 0
19   41.06961680 -076.22100391 1 WS
19   41.06944090 -076.21164061 1 WS
1      830 0 1 N32  Blue Swan
100   45.72   3   0 0.25 0 1 0 10   41.98611678 -076.57020336    0.00    0.00 1  0 0 0 28   41.98625322 -076.55968776    0.00    0.00 1  0 0 0
18   41.98762485 -076.56497938 1 BCN
19   41.98672665 -076.57077135 1 WS
19   41.98564330 -076.55911987 1 WS
1      730 0 1 N27  BRADFORD CO
100   22.86   1   0 0.25 0 3 0 05   41.73518100 -076.45165800    0.00    0.00 2  0 0 1 23   41.74482800 -076.44260600    0.00    0.00 2  0 0 1
21   41.73682799 -076.45060502  2  35.00   3.00 05  PAPI-4L
21   41.74318110 -076.44365938  2 215.00   3.00 23  PAPI-4L
110   1 0.30  35.00 Default taxiway for RWY 05
111  41.73512330 -076.45154755   3 102 
111  41.73482705 -076.45098048   3 102 
111  41.74447441 -076.44192973   3 102 
111  41.74477066 -076.44249689 
112  41.74460213 -076.44265500  41.74468510 -076.44257347   3 102 
111  41.74461431 -076.44243795   3 102 
112  41.74451992 -076.44225725  41.74444913 -076.44212172   3 102 
111  41.74436487 -076.44220078   3 102 
111  41.73975185 -076.44652850   3 102 
111  41.73998911 -076.44698269 
111  41.73990485 -076.44706175   3 102 
111  41.73966759 -076.44660756   3 102 
112  41.73505457 -076.45093529  41.73497030 -076.45101435   3 102 
111  41.73504109 -076.45114985   3 102 
112  41.73513548 -076.45133052  41.73520627 -076.45146603   3 102 
113  41.73529183 -076.45138944 
120 Default hold RWY 05 (near)
111  41.73500403 -076.45131924   4 
115  41.73508829 -076.45124019 
120 Default hold RWY 05 (centre)
111  41.73978558 -076.44683342   4 
115  41.73986984 -076.44675436 
120 Default hold RWY 05 (far)
111  41.74456712 -076.44234760   4 
115  41.74465139 -076.44226855 
18   41.74041534 -076.44792307 1 BCN
19   41.73518866 -076.45215337 1 WS
19   41.74482031 -076.44211057 1 WS
51 12300 CTAF/UNICOM
55 11860 BINGHAMTON APP/DEP
1     1250 0 1 PN10 Cash Creek
100   60.96   3   0 0.25 0 0 0 18   41.86776730 -076.51064642    0.00    0.00 1  0 0 0 36   41.86238214 -076.50924082    0.00    0.00 1  0 0 0
19   41.86846284 -076.50970227 1 WS
19   41.86168661 -076.51018489 1 WS
1     1040 0 1 5PA8 Chambers
100   30.48   3   0 0.25 0 0 0 11   41.55046230 -076.05290562    0.00    0.00 1  0 0 0 29   41.54968992 -076.04638940    0.00    0.00 1  0 0 0
19   41.55091158 -076.05318165 1 WS
19   41.54924062 -076.04611342 1 WS
1     1260 0 1 3PN3 Countryside
100   30.48   3   0 0.25 0 0 0 04   41.28129316 -076.03697134    0.00    0.00 1  0 0 0 22   41.28609128 -076.03343200    0.00    0.00 1  0 0 0
19   41.28125272 -076.03762716 1 WS
19   41.28613170 -076.03277612 1 WS
1     1140 0 1 5PA2 Crosswind Acres
100   30.48   3   0 0.25 0 0 0 08   41.03501525 -076.02553900    0.00    0.00 1  0 0 0 26   41.03681807 -076.01931268    0.00    0.00 1  0 0 0
19   41.03530105 -076.02607397 1 WS
19   41.03653224 -076.01877772 1 WS
1     1717 0 1 PA71 Dwights Delight
100   27.43   3   0 0.25 0 0 0 07   41.51950265 -076.46529073    0.00    0.00 1  0 0 0 25   41.52231401 -076.45904151    0.00    0.00 1  0 0 0
19   41.51969290 -076.46582809 1 WS
19   41.52212373 -076.45850415 1 WS
1      565 0 1 7PA5 Fauser
100   30.48   3   0 0.25 0 0 0 09   41.10273053 -076.80641027    0.00    0.00 1  0 0 0 27   41.10299223 -076.80462363    0.00    0.00 1  0 0 0
19   41.10308208 -076.80687179 1 WS
19   41.10264068 -076.80416212 1 WS
1      840 0 1 3PA4 Giffin
100   30.48   3   0 0.25 0 0 0 14   41.77954180 -076.14004905    0.00    0.00 1  0 0 0 32   41.77616430 -076.13425207    0.00    0.00 1  0 0 0
19   41.78003490 -076.13999923 1 WS
19   41.77567120 -076.13430193 1 WS
1     1000 0 1 6PA3 Hackenburg-Penny Hill
100   42.67   3   0 0.25 0 0 0 09   41.14948681 -076.90374830    0.00    0.00 1  0 0 0 27   41.15067595 -076.89562394    0.00    0.00 1  0 0 0
19   41.14997896 -076.90439491 1 WS
19   41.15018376 -076.89497738 1 WS
1      750 0 1 19PA Lake
100   30.48   3   0 0.25 0 0 0 03   41.11637939 -076.52106857    0.00    0.00 1  0 0 0 21   41.11767615 -076.52047589    0.00    0.00 1  0 0 0
19   41.11625399 -076.52170348 1 WS
19   41.11780155 -076.51984095 1 WS
1     1300 0 1 PA33 LARS - Private
100   30.48   3   0 0.25 0 0 0 18   41.95199936 -076.48350067    0.00    0.00 1  0 0 0 36   41.94814896 -076.48249433    0.00    0.00 1  0 0 0
19   41.95234713 -076.48302797 1 WS
19   41.94780119 -076.48296700 1 WS
1     1300 0 1 2PA2 Lehman
100   30.48   3   0 0.25 0 0 0 16   41.32165255 -076.04607124    0.00    0.00 1  0 0 0 34   41.31739689 -076.04266654    0.00    0.00 1  0 0 0
19   41.32209959 -076.04578976 1 WS
19   41.31694987 -076.04294803 1 WS
1     1320 0 1 PA45 Logue
100   30.48   3   0 0.25 0 0 0 18   41.41862842 -076.93350828    0.00    0.00 1  0 0 0 36   41.41485880 -076.93253118    0.00    0.00 1  0 0 0
19   41.41897619 -076.93303949 1 WS
19   41.41451103 -076.93299995 1 WS
1     1470 0 1 75N  Mc Clure
100   30.48   3   0 0.25 0 0 0 17   41.83046907 -076.85797349    0.00    0.00 1  0 0 0 35   41.82523481 -076.85527707    0.00    0.00 1  0 0 0
19   41.83087261 -076.85758991 1 WS
19   41.82483129 -076.85566063 1 WS
1     1207 0 1 0PA3 Robbins Farm
100   30.48   3   0 0.25 0 0 0 17   41.75115267 -076.76107312    0.00    0.00 1  0 0 0 35   41.74788509 -076.75939190    0.00    0.00 1  0 0 0
19   41.75155620 -076.76069000 1 WS
19   41.74748157 -076.75977500 1 WS
1      730 0 1 86PN Seesholtz
100   30.48   3   0 0.25 0 0 0 08   41.04377604 -076.35782232    0.00    0.00 1  0 0 0 26   41.04528396 -076.35261380    0.00    0.00 1  0 0 0
19   41.04406184 -076.35835737 1 WS
19   41.04499813 -076.35207876 1 WS
1      800 0 1 33PA Sutliff - Private
100   30.48   3   0 0.25 0 0 0 36   41.16513445 -076.24923924    0.00    0.00 1  0 0 0 18   41.16836555 -076.25007354    0.00    0.00 1  0 0 0
19   41.16478668 -076.24970622 1 WS
19   41.16871332 -076.24960654 1 WS
1     1360 0 1 9PN7 Veit
100   30.48   3   0 0.25 0 0 0 06   41.81597080 -076.41605052    0.00    0.00 1  0 0 0 24   41.82028974 -076.40938394    0.00    0.00 1  0 0 0
19   41.81610135 -076.41669048 1 WS
19   41.82015916 -076.40874395 1 WS
1      529 1 0 KIPT Williamsport Rgnl
100   45.72   1   0 0.25 0 3 1 09   41.23865600 -076.93441100    0.00    0.00 2  0 0 1 27   41.24266100 -076.91147500    0.00    0.00 3  8 0 0
100   45.72   1   0 0.25 0 2 1 12   41.24503100 -076.92649200    0.00    0.00 2  0 0 0 30   41.24180000 -076.91153100    0.00    0.00 2  0 0 0
21   41.23943029 -076.93219297  1  76.92   3.00 09  VASI
21   41.24492232 -076.92404304  2 106.02   3.00 12  PAPI-4L
21   41.24190900 -076.91397982  2 286.03   3.00 30  PAPI-4L
10   41.24247600 -076.92281600 xxx 136.00  3400 0.0 0.0   100 101101  1 0 0 0.25 0
10   41.24229800 -076.91535900 xxx 170.00   250 0.0 0.0   300 161161  1 0 0 0.25 0
10   41.24227700 -076.91195000 xxx  15.00   250 0.0 0.0   300 161161  1 0 0 0.25 0
10   41.24224300 -076.91258800 xxx   0.00   100 0.0 0.0   100 161161  1 0 0 0.25 0
10   41.24281300 -076.91151100 xxx 168.00   250 0.0 0.0    66 161161  1 0 0 0.25 0
10   41.24292300 -076.91169000 xxx  10.00   100 0.0 0.0    50 161161  1 0 0 0.25 0
10   41.24235600 -076.91875200 xxx 353.00   750 0.0 0.0    80 161161  1 0 0 0.25 0
10   41.24167700 -076.91841100 xxx  30.00   100 0.0 0.0   150 161161  1 0 0 0.25 0
10   41.24308300 -076.91869600 xxx  37.00   150 0.0 0.0    66 161161  1 0 0 0.25 0
10   41.24311100 -076.91894500 xxx 340.00   150 0.0 0.0    66 161161  1 0 0 0.25 0
10   41.24140700 -076.92175500 xxx 355.35   400 0.0 0.0    66 161161  1 0 0 0.25 0
10   41.24161700 -076.92348200 xxx  77.00  2700 0.0 0.0    66 161161  1 0 0 0.25 0
10   41.24157700 -076.92610200 xxx 168.00  1100 0.0 0.0    66 161161  1 0 0 0.25 0
10   41.24044600 -076.92888100 xxx  55.00   450 0.0 0.0    66 161161  1 0 0 0.25 0
10   41.23981600 -076.92944800 xxx 347.00   200 0.0 0.0    80 161161  1 0 0 0.25 0
10   41.24007700 -076.92952600 xxx  20.00    42 0.0 0.0    70 161161  1 0 0 0.25 0
10   41.24303100 -076.92697800 xxx   2.00   300 0.0 0.0   620 161161  1 0 0 0.25 0
10   41.24327400 -076.92532800 xxx  25.00  1150 0.0 0.0    66 161161  1 0 0 0.25 0
10   41.24193200 -076.92641000 xxx 145.00   328 0.0 0.0    50 161161  1 0 0 0.25 0
10   41.24272900 -076.92648800 xxx 145.00   328 0.0 0.0   350 161161  1 0 0 0.25 0
10   41.24254500 -076.92692200 xxx   0.00   300 0.0 0.0   550 161161  1 0 0 0.25 0
10   41.24205000 -076.92703400 xxx  90.00   400 0.0 0.0    66 161161  1 0 0 0.25 0
10   41.24403400 -076.92665900 xxx 350.00   150 0.0 0.0   175 161161  1 0 0 0.25 0
10   41.24439700 -076.92630000 xxx 354.19   328 0.0 0.0   100 161161  1 0 0 0.25 0
10   41.24466100 -076.92612500 xxx  50.00   150 0.0 0.0   150 161161  1 0 0 0.25 0
10   41.24384800 -076.92534900 xxx  42.00   700 0.0 0.0    66 161161  1 0 0 0.25 0
10   41.24384200 -076.92608000 xxx 131.54   328 0.0 0.0    66 161161  1 0 0 0.25 0
10   41.24368700 -076.92579800 xxx   0.00    70 0.0 0.0   150 161161  1 0 0 0.25 0
10   41.24361300 -076.92639900 xxx   0.00   200 0.0 0.0   200 161161  1 0 0 0.25 0
10   41.24353800 -076.92596500 xxx   0.00   100 0.0 0.0   100 161161  1 0 0 0.25 0
10   41.24556300 -076.92488000 xxx   3.00   200 0.0 0.0   110 161161  1 0 0 0.25 0
10   41.24547900 -076.92599600 xxx  24.00   328 0.0 0.0    66 161161  1 0 0 0.25 0
10   41.24538800 -076.92590400 xxx  56.95   200 0.0 0.0    66 161161  1 0 0 0.25 0
10   41.24563900 -076.92567600 xxx   0.00   200 0.0 0.0   100 161161  1 0 0 0.25 0
10   41.24547300 -076.92528800 xxx  13.00   100 0.0 0.0   150 161161  1 0 0 0.25 0
10   41.24488400 -076.92428300 xxx  29.00   150 0.0 0.0    66 161161  1 0 0 0.25 0
10   41.24417800 -076.91802600 xxx 101.00  3500 0.0 0.0    80 161161  1 0 0 0.25 0
10   41.24526800 -076.92438300 xxx 124.00   328 0.0 0.0    66 161161  1 0 0 0.25 0
10   41.24512400 -076.92435000 xxx 330.00   150 0.0 0.0    40 161161  1 0 0 0.25 0
10   41.24490300 -076.92252400 xxx  40.00    70 0.0 0.0   100 161161  1 0 0 0.25 0
10   41.24518000 -076.92261600 xxx  14.15   200 0.0 0.0    66 161161  1 0 0 0.25 0
10   41.24545300 -076.92245300 xxx  90.00   250 0.0 0.0    40 101101  1 0 0 0.25 0
10   41.24534400 -076.92459300 xxx  19.44    60 0.0 0.0    70 161161  1 0 0 0.25 0
10   41.24378200 -076.91805200 xxx  16.00   328 0.0 0.0    80 161161  1 0 0 0.25 0
10   41.24397100 -076.91920000 xxx  16.00   328 0.0 0.0    80 161161  1 0 0 0.25 0
10   41.24408500 -076.91794400 xxx  56.50   150 0.0 0.0   150 161161  1 0 0 0.25 0
10   41.24428000 -076.91911600 xxx  56.50   140 0.0 0.0   140 161161  1 0 0 0.25 0
10   41.24430500 -076.91745800 xxx 101.00  1300 0.0 0.0   100 161161  1 0 0 0.25 0
10   41.24453200 -076.91978600 xxx 325.67   100 0.0 0.0   100 161161  1 0 0 0.25 0
10   41.24464500 -076.91838700 xxx 101.00   750 0.0 0.0   100 161161  1 0 0 0.25 0
10   41.24466400 -076.91765900 xxx   0.00   100 0.0 0.0    66 161161  1 0 0 0.25 0
10   41.24420400 -076.91565700 xxx 101.00   100 0.0 0.0    66 161161  1 0 0 0.25 0
10   41.24319100 -076.91172400 xxx  45.00    80 0.0 0.0   105 161161  1 0 0 0.25 0
10   41.24496700 -076.91848400 xxx  45.00    70 0.0 0.0    70 101101  1 0 0 0.25 0
10   41.24366400 -076.91931200 xxx 148.00   100 0.0 0.0   100 161161  1 0 0 0.25 0
10   41.24342400 -076.91818500 xxx 148.00   100 0.0 0.0   100 161161  1 0 0 0.25 0
10   41.23879300 -076.93365500 xxx  76.00   200 0.0 0.0   250 161161  1 0 0 0.25 0
10   41.23901600 -076.93330400 xxx  20.00   100 0.0 0.0   100 161161  1 0 0 0.25 0
10   41.23886700 -076.93411900 xxx 315.00   100 0.0 0.0   100 161161  1 0 0 0.25 0
10   41.23871300 -076.93319800 xxx 315.00   100 0.0 0.0   100 161161  1 0 0 0.25 0
10   41.23857000 -076.93401200 xxx  20.00   100 0.0 0.0   100 161161  1 0 0 0.25 0
10   41.24162100 -076.91879900 xxx  30.00   200 0.0 0.0   100 161161  1 0 0 0.25 0
10   41.24305600 -076.92083200 xxx  45.00    70 0.0 0.0    70 101101  5 0 0 0.25 0
14   41.24488400 -076.91820800   60 0 ATC Tower
15   41.24450300 -076.91898200 196.00 KIPT RAMP
18   41.24496700 -076.91849400 1 BCN
19   41.23936800 -076.93387700 1 WS
19   41.24280600 -076.91246000 1 WS
19   41.24447600 -076.92579900 1 WS
19   41.24153200 -076.91187000 1 WS
50 12522 ASOS
51 11910 CTAF
51 12295 UNICOM
52 12490 NEW YORK CLNC DEL
53 12190 GND
54 11910 TWR
17     581 0 1 PA42 [H] Berwick Hospital Corporation Personal 
102 H1   41.07036222 -076.23132278   0.00   60.96   60.96   1 2   0 0.25 1
18   41.07036222 -076.23386964 3 BCN
19   41.07118512 -076.23023125 1 WS
17     660 0 1 PA50 [H] Bloomsburg Hospital
102 H1   41.00953111 -076.45244528   0.00   19.81   19.81   1 2   0 0.25 0
19   41.00979718 -076.45209268 1 WS
17     581 0 1 3PS6 [H] Divine Providence Hospital
102 H1   41.26007833 -076.98330000   0.00   19.81   19.81   2 2   0 0.25 0
19   41.26034440 -076.98294605 1 WS
17     500 0 1 7PS5 [H] Muncy Valley Hospital
102 H1   41.21063722 -076.77329223   0.00   11.28   11.28   2 2   0 0.25 0
19   41.21078808 -076.77309169 1 WS
17     490 0 1 PS89 [H] Press Enterprise
102 H1   41.01203083 -076.40522084   0.00   18.29   18.29   1 2   0 0.25 0
19   41.01227770 -076.40489368 1 WS
17     780 0 1 PS81 [H] Robert Packer Hospital
102 H1   41.97924083 -076.52022139   0.00   15.24    9.14   1 2   0 0.25 0
19   41.97939169 -076.52005535 1 WS
17     595 0 1 67PA [H] West Company
102 H1   41.16674750 -076.91635334   0.00   18.29   18.29   3 1   0 0.25 0
19   41.16699437 -076.91602540 1 WS