1        9 1 0 2051 Cavallo
100    7.92  14   0 0.25 0 0 0 04   41.36797900  009.25955300    0.00    0.00 0  0 0 0 22   41.36767700  009.26720500    0.00    0.00 0  0 0 0
120 Path hold short
111  41.36805700  009.26180700  54 
115  41.36801500  009.26186300 
14   41.36822200  009.26274600   53 0 Cavallo Tower
15   41.36817000  009.26237700 359.47 GA Ramp 1
15   41.36816900  009.26220000 359.47 GA Ramp 2
15   41.36817600  009.26202200 359.47 GA Ramp 3
19   41.36757100  009.26191700 1 Windsock
19   41.36757100  009.26191700 1 Windsock
1       87 1 0 LFKF Figari Sud Corse
100   45.11   1   1 0.25 0 2 1 05   41.49452700  009.08600400    0.00    0.00 3 12 0 1 23   41.50960100  009.10791600    0.00    0.00 3  0 0 1
21   41.49618700  009.08769500  2  47.48   3.00  PAPI-4L
110   2 0.25  47.48 Taxiway
111  41.50077900  009.09842600 
111  41.50077500  009.09857200 
111  41.50082500  009.09871200 
111  41.50088500  009.09857800 
111  41.50088900  009.09843200 102 
112  41.50089300  009.09829900  41.50089600  009.09820200 102 
112  41.50109700  009.09790200  41.50123000  009.09773500 102 
111  41.50157900  009.09729600 102 
112  41.50169800  009.09715100  41.50177700  009.09705500 102 
112  41.50209100  009.09740600  41.50227400  009.09767200 
111  41.50209100  009.09740600 
111  41.50202400  009.09650700 
111  41.50147500  009.09650700 
112  41.50147500  009.09650700  41.50158000  009.09666000 102 
112  41.50151300  009.09688300  41.50143400  009.09698000 102 
111  41.50139300  009.09702800 102 
112  41.50099600  009.09752600  41.50086300  009.09769300 102 
111  41.50052100  009.09775500 102 
111  41.50024500  009.09773200 
111  41.50018800  009.09786400 
111  41.49983600  009.09806500 102 
112  41.50051400  009.09812000  41.50069600  009.09813500 102 
114  41.50078300  009.09828800  41.50078000  009.09838500 102 
110   2 0.25  47.48 Taxiway
112  41.50249700  009.09450700  41.50249700  009.09460400 102 
112  41.50249800  009.09454100  41.50249800  009.09463800 102 
112  41.50247700  009.09473500  41.50246300  009.09476700 102 
112  41.50237500  009.09488100  41.50232100  009.09494700 102 
111  41.50180100  009.09558400 102 
111  41.50165600  009.09576300 102 
112  41.50161800  009.09581000  41.50159300  009.09584100 102 
111  41.50134500  009.09551300 
111  41.50131800  009.09627600 
111  41.50183900  009.09623600 
112  41.50183900  009.09623600  41.50171600  009.09605500 102 
112  41.50169200  009.09591800  41.50171700  009.09588700 102 
111  41.50173000  009.09587100 102 
111  41.50187500  009.09569200 102 
112  41.50246100  009.09497500  41.50251500  009.09490900 102 
112  41.50257500  009.09480200  41.50259700  009.09475300 102 
111  41.50260800  009.09459000 102 
111  41.50260700  009.09445300 
111  41.50249700  009.09436100 
113  41.50249700  009.09450700 102 
110   2 0.25  47.48 Taxiway
112  41.50201100  009.09393300  41.50195300  009.09395500 102 
112  41.50184400  009.09406400  41.50179000  009.09413000 102 
111  41.50126000  009.09478300 102 
111  41.50111400  009.09496400 102 
112  41.50107500  009.09501300  41.50104800  009.09504500 102 
112  41.50090900  009.09487900  41.50082500  009.09475800 
111  41.50090900  009.09487900 
111  41.50077300  009.09548100 
111  41.50134500  009.09551300 
112  41.50114900  009.09512100  41.50117600  009.09508900 102 
111  41.50118800  009.09507200 102 
111  41.50133400  009.09489100 102 
112  41.50189800  009.09419600  41.50195200  009.09413000 102 
112  41.50203900  009.09407500  41.50207900  009.09406000 102 
111  41.50216300  009.09407400 
111  41.50222700  009.09409500 
111  41.50220700  009.09393700 
113  41.50215200  009.09391900 102 
110   2 0.25  47.48 Apron
111  41.49462000  009.08571700 
111  41.49431100  009.08609700 
111  41.49424000  009.08624600 
111  41.49422200  009.08646300 
111  41.49423300  009.08662500 
111  41.49430400  009.08679400 
111  41.49441100  009.08692800 
111  41.49452100  009.08697200 
111  41.49463300  009.08696000 
111  41.49473700  009.08697300 
111  41.49503400  009.08713600 
113  41.49481900  009.08600800 
110   2 0.25  47.48 Apron
111  41.50892700  009.10706900 
111  41.50888800  009.10730100 
111  41.50886700  009.10742300 
111  41.50884700  009.10760700 
111  41.50885600  009.10775700 
111  41.50892300  009.10794300 
111  41.50905200  009.10809100 
111  41.50918300  009.10815500 
111  41.50933600  009.10815500 
111  41.50944300  009.10811000 
113  41.50957800  009.10794400 
110   2 0.25  47.48 Apron
111  41.50196000  009.09723400 
111  41.50146500  009.09650800 
113  41.50150100  009.09714600 
110   2 0.25  47.48 Apron
111  41.50078900  009.09781900 
111  41.50039000  009.09781200 
111  41.49927000  009.09622000 
111  41.49822100  009.09752600 
111  41.50023900  009.10038100 
111  41.50062300  009.09990500 
111  41.50081000  009.09988500 
111  41.50127000  009.09930600 
111  41.50129500  009.09914800 
111  41.50100700  009.09874800 
111  41.50092600  009.09853000 
113  41.50093500  009.09802700 
110   2 0.25  47.48 Apron
111  41.50261300  009.09459100 
111  41.50285400  009.09430400 
111  41.50241400  009.09363400 
111  41.50217800  009.09392800 
111  41.50216600  009.09407900 
113  41.50250300  009.09457400 
120 Centreline for Path
111  41.49964400  009.09802200  51 101 
112  41.49999300  009.09796800  41.50006600  009.09795700  51 101 
112  41.50020300  009.09793600  41.50027000  009.09792500  51 101 
116  41.50057500  009.09794200  41.50075700  009.09795700 
120 Centreline for Path
111  41.49916500  009.09735200  51 101 
112  41.49967300  009.09721700  41.49974400  009.09719800  51 101 
112  41.49970500  009.09708300  41.49965400  009.09701200  51 101 
115  41.49956300  009.09688400 
120 Centreline for Path
111  41.50044500  009.09976100  51 101 
112  41.50064700  009.09948500  41.50069800  009.09941600  51 101 
112  41.50079600  009.09949200  41.50084300  009.09956600  51 101 
115  41.50083500  009.09955300 
120 Centreline for Path
111  41.50093400  009.09942000  51 101 
112  41.50089300  009.09935700  41.50084600  009.09928300  51 101 
112  41.50077300  009.09931400  41.50074000  009.09935800  51 101 
116  41.50064700  009.09948500  41.50059600  009.09955500 
120 Centreline for Path
111  41.50103800  009.09928400  51 101 
112  41.50099500  009.09921900  41.50094600  009.09914600  51 101 
112  41.50087200  009.09917800  41.50083900  009.09922300  51 101 
116  41.50077300  009.09931400  41.50074000  009.09935800 
120 Centreline for Path
111  41.50116000  009.09912900  51 101 
112  41.50111300  009.09905700  41.50106600  009.09898300  51 101 
112  41.50097200  009.09883300  41.50092500  009.09875800  51 101 
112  41.50089900  009.09871600  41.50085200  009.09864100  51 101 
112  41.50075200  009.09870700  41.50070000  009.09877600  51 101 
112  41.50065400  009.09883700  41.50060300  009.09890600  51 101 
112  41.50057400  009.09908700  41.50057100  009.09918500  51 101 
115  41.50057100  009.09919200 
120 Centreline for Path
111  41.50019700  009.09945000  51 101 
112  41.50038700  009.09919600  41.50043800  009.09912700  51 101 
112  41.50052100  009.09901700  41.50055800  009.09896600  51 101 
116  41.50065400  009.09883700  41.50070600  009.09876800 
120 Centreline for Path
111  41.50045600  009.09938500  51 101 
112  41.50046000  009.09923800  41.50046300  009.09914100  51 101 
116  41.50052100  009.09901700  41.50055800  009.09896600 
120 Centreline for Path
111  41.50272700  009.09429300  51 101 
112  41.50265000  009.09434300  41.50258500  009.09438600  51 101 
116  41.50255200  009.09455300  41.50255300  009.09465100 
120 Centreline for Path
111  41.50242600  009.09382800  51 101 
112  41.50230800  009.09393400  41.50224700  009.09398900  51 101 
116  41.50215800  009.09399600  41.50211900  009.09398300 
120 Centreline for Taxi
112  41.50255200  009.09455300  41.50255300  009.09465100  51 
112  41.50255300  009.09456100  41.50255300  009.09465800  51 
112  41.50252600  009.09476800  41.50250800  009.09480900  51 
112  41.50241800  009.09492800  41.50236400  009.09499400  51 
112  41.50191900  009.09553900  41.50186500  009.09560500  51 
112  41.50176600  009.09572700  41.50171700  009.09578700  51 
112  41.50161200  009.09591600  41.50155900  009.09598200  51 
112  41.50154900  009.09599500  41.50149500  009.09606100  51 
116  41.50119600  009.09569600  41.50101400  009.09543100 
120 Centreline for Taxi
112  41.50215800  009.09399600  41.50211900  009.09398300  51 
112  41.50202600  009.09400300  41.50197700  009.09402200  51 
112  41.50187100  009.09413000  41.50181800  009.09419600  51 
112  41.50137800  009.09473800  41.50132400  009.09480400  51 
112  41.50122400  009.09492800  41.50117500  009.09498800  51 
112  41.50107000  009.09511700  41.50101700  009.09518300  51 
112  41.50100400  009.09519900  41.50095000  009.09526500  51 
116  41.50119600  009.09569600  41.50137700  009.09596100 
120 Centreline for Taxi
112  41.50167100  009.09639200  41.50180600  009.09659100  51 
112  41.50168000  009.09692600  41.50155100  009.09708300  51 
112  41.50128600  009.09741300  41.50115300  009.09758000  51 
112  41.50104700  009.09771300  41.50091400  009.09788000  51 
116  41.50057500  009.09794200  41.50039400  009.09792700 
120 Centreline for Taxi
112  41.50104700  009.09771300  41.50091400  009.09788000  51 
112  41.50084300  009.09811000  41.50084000  009.09820800  51 
116  41.50083300  009.09845700  41.50083000  009.09855400 
120 Centreline for Taxi
112  41.50057500  009.09794200  41.50039400  009.09792700  51 101 
112  41.50022800  009.09781400  41.50017800  009.09774400  51 101 
112  41.49985600  009.09729500  41.49980500  009.09722400  51 101 
116  41.49967300  009.09721700  41.49960100  009.09723600 
120 Centreline for Path
112  41.50087200  009.09917800  41.50090500  009.09913300  51 101 
112  41.50098200  009.09902800  41.50102200  009.09897300  51 101 
116  41.50097200  009.09883300  41.50092500  009.09875800 
120 Centreline for Taxi
112  41.50167100  009.09639200  41.50153600  009.09619300  51 
116  41.50154900  009.09599500  41.50160200  009.09592900 
120 Centreline for Taxi
112  41.50077800  009.09508800  41.50087500  009.09522800  51 
116  41.50100400  009.09519900  41.50105700  009.09513300 
120 Centreline for Taxi
112  41.50057500  009.09794200  41.50075700  009.09795700  51 
116  41.50084300  009.09811000  41.50084000  009.09820800 
120 Centreline for Taxi join
112  41.50022800  009.09781400  41.50027900  009.09788500  51 101 
116  41.50020300  009.09793600  41.50013600  009.09794600 
120 Centreline for Taxi join
112  41.50083300  009.09845700  41.50083000  009.09855400  51 101 
116  41.50089900  009.09871600  41.50094600  009.09879100 
120 Centreline for Taxi join
112  41.50083300  009.09845700  41.50083000  009.09855400  51 101 
116  41.50075200  009.09870700  41.50070000  009.09877600 
120 Centreline for Taxi join
112  41.49985600  009.09729500  41.49980500  009.09722400  51 101 
116  41.49970500  009.09708300  41.49965400  009.09701200 
120 Centreline for Path
112  41.50098200  009.09902800  41.50102200  009.09897300  51 101 
116  41.50111300  009.09905700  41.50116100  009.09913100 
120 Centreline for Path
112  41.50079600  009.09949200  41.50074800  009.09941800  51 101 
116  41.50077300  009.09931400  41.50080600  009.09926900 
120 Centreline for Path
112  41.50089300  009.09935700  41.50084600  009.09928300  51 101 
116  41.50087200  009.09917800  41.50090500  009.09913300 
120 Centreline for Path
112  41.50098200  009.09902800  41.50094200  009.09908300  51 101 
116  41.50099500  009.09921900  41.50104300  009.09929200 
120 Centreline for Path
112  41.50057400  009.09908700  41.50057600  009.09899000  51 101 
116  41.50052100  009.09901700  41.50048300  009.09906700 
120 Centreline for Path
112  41.50038700  009.09919600  41.50043800  009.09912700  51 101 
116  41.50046000  009.09923800  41.50045700  009.09933600 
120 Taxi hold short
111  41.50133100  009.09488600  54 
115  41.50126300  009.09478800 
120 Taxi hold short
111  41.50187200  009.09568700  54 
115  41.50180400  009.09558900 
120 Taxi hold short
111  41.50139500  009.09703300  54 
115  41.50157700  009.09729100 
120 Gate 2
111  41.49916000  009.09731600  51 
115  41.49917000  009.09738800 
120 Gate 1
111  41.49964100  009.09798600  51 
115  41.49964700  009.09805800 
120 Gate 5
111  41.49958300  009.09685900  51 
115  41.49954300  009.09690900 
120 GA Ramp 6
111  41.50091300  009.09944400  51 
115  41.50095500  009.09939600 
120 GA Ramp 4
111  41.50113900  009.09915300  51 
115  41.50118100  009.09910500 
120 GA Ramp 5
111  41.50101800  009.09930800  51 
115  41.50105800  009.09926000 
120 GA Ramp 8
111  41.50054400  009.09919100  51 
115  41.50059800  009.09919300 
120 GA Ramp 9
111  41.50042900  009.09938400  51 
115  41.50048300  009.09938600 
120 GA Ramp 7
111  41.50081400  009.09957700  51 
115  41.50085600  009.09952900 
120 Military Ramp 11
111  41.50244100  009.09385800  51 
115  41.50241100  009.09379800 
120 Military Ramp 10
111  41.50273900  009.09432600  51 
115  41.50271500  009.09426000 
14   41.49933000  009.09883800   54 0 Figari/Sud Corse Tower
15   41.50116000  009.09912900  45.55 GA Ramp 4
15   41.50103800  009.09928400  45.55 GA Ramp 5
15   41.50093400  009.09942000  45.55 GA Ramp 6
15   41.50083500  009.09955300  45.55 GA Ramp 7
15   41.50057100  009.09919200  92.24 GA Ramp 8
15   41.50045600  009.09938500  92.24 GA Ramp 9
15   41.49964400  009.09802200 177.04 Gate 1
15   41.49916500  009.09735200 177.04 Gate 2
15   41.49956300  009.09688400 259.86 Gate 5
15   41.50272700  009.09429300 138.65 Military Ramp 10
15   41.50242600  009.09382800 136.59 Military Ramp 11
18   41.50880500  009.10446200 1 Light beacon
19   41.50769200  009.10306200 1 Windsock
19   41.50102000  009.09331500 1 Windsock
19   41.50769200  009.10306200 1 Windsock
19   41.50102000  009.09331500 1 Windsock
50 11872 LFKF ATIS
53 12180 FIGARI GND
54 12030 FIGARI TWR
55 12105 AJACCIO APP
1       27 1 0 LFKS Solenzara
100   45.11   2   0 0.25 0 2 0 18   41.93637500  009.40526000    0.00  209.09 3  4 0 1 36   41.91285700  009.40538600    0.00  284.99 2  0 0 1
102 H1   41.92887100  009.40035300   0.00   34.14   34.14   2 2   0 0.25 1
102 H2   41.92889800  009.40282400   0.00   34.14   34.14   2 2   0 0.25 1
102 H3   41.93008100  009.39996600   0.00   34.14   34.14   2 2   0 0.25 1
102 H4   41.93047400  009.39995800   0.00   34.14   34.14   2 2   0 0.25 1
21   41.93438400  009.40576100  2 179.77   3.00  PAPI-4L
21   41.91590600  009.40487900  2 359.77   3.00  PAPI-4L
110   2 0.25 179.77 Taxiway
112  41.92663400  009.40235100  41.92663200  009.40211000 102 
111  41.92661900  009.40034300 
111  41.92661600  009.39998100 
111  41.92647900  009.39983900 
111  41.92634600  009.39998500 
111  41.92634900  009.40034700 102 
112  41.92636400  009.40235200  41.92636600  009.40259300 102 
112  41.92618700  009.40271500  41.92606700  009.40271600 102 
112  41.91998600  009.40276600  41.91986600  009.40276700 102 
112  41.91980500  009.40252500  41.91980400  009.40236400 102 
111  41.91979700  009.40028000 
111  41.91965300  009.40028000 102 
112  41.91962900  009.40252600  41.91962700  009.40268700 102 
112  41.91944600  009.40277000  41.91932600  009.40277100 102 
112  41.91301900  009.40284300  41.91289900  009.40284400 102 
112  41.91283800  009.40266400  41.91283700  009.40254300 102 
111  41.91283100  009.40187000 
111  41.91269600  009.40187300 102 
112  41.91270300  009.40271300  41.91270400  009.40283400 102 
112  41.91259700  009.40289500  41.91252500  009.40289600 102 
112  41.91080900  009.40290900  41.91073700  009.40291000 102 
112  41.91062300  009.40301000  41.91057100  009.40307700 102 
112  41.91041000  009.40328100  41.91035800  009.40334800 102 
112  41.91033900  009.40386400  41.91034400  009.40418600 102 
111  41.91034800  009.40441500 102 
111  41.91035200  009.40469300 102 
112  41.91035600  009.40491100  41.91035800  009.40505600 102 
112  41.91032900  009.40513000  41.91030900  009.40513100 
111  41.91032900  009.40513000 
111  41.91054500  009.40567300 
111  41.91112400  009.40512600 
112  41.91112400  009.40512600  41.91085400  009.40512700 102 
112  41.91071500  009.40490600  41.91071200  009.40475800 102 
111  41.91071200  009.40468300 102 
111  41.91070800  009.40440500 102 
112  41.91069600  009.40361000  41.91069100  009.40328800 102 
112  41.91071700  009.40309100  41.91073600  009.40306700 102 
112  41.91085300  009.40305300  41.91092500  009.40305200 102 
112  41.91257500  009.40304000  41.91264700  009.40303900 102 
112  41.91268400  009.40328100  41.91268500  009.40344200 102 
111  41.91269100  009.40442800 102 
111  41.91270500  009.40511000 102 
112  41.91271100  009.40511300  41.91271500  009.40511500 102 
112  41.91231200  009.40511800  41.91204200  009.40511900 
111  41.91231200  009.40511800 
111  41.91278500  009.40556900 
111  41.91298600  009.40529600 
112  41.91298600  009.40529600  41.91289600  009.40529700 102 
112  41.91285700  009.40520300  41.91286100  009.40514000 102 
111  41.91286300  009.40511000 102 
111  41.91287100  009.40442600 102 
112  41.91286500  009.40332800  41.91286400  009.40316700 102 
112  41.91304400  009.40308400  41.91316400  009.40308300 102 
112  41.91944700  009.40301200  41.91956700  009.40301100 102 
112  41.91962800  009.40325200  41.91962900  009.40341300 102 
111  41.91963500  009.40437300 102 
111  41.91963900  009.40507600 
112  41.91963900  009.40516800  41.91963900  009.40523000 
112  41.91950400  009.40526200  41.91941400  009.40526300 
111  41.91950400  009.40526200 
111  41.91972900  009.40544200 
111  41.91995400  009.40525900 
112  41.91995400  009.40525900  41.91986400  009.40526000 
112  41.91981900  009.40516800  41.91981900  009.40510700 
111  41.91981900  009.40507600 102 
111  41.91981500  009.40437100 102 
112  41.91980800  009.40325000  41.91980700  009.40308900 102 
112  41.91998700  009.40300700  41.92010700  009.40300600 102 
111  41.92650300  009.40295500 102 
112  41.92861800  009.40295000  41.92873800  009.40295000 102 
112  41.92879900  009.40319200  41.92880000  009.40335300 102 
111  41.92880800  009.40515500 
111  41.92898800  009.40515400 102 
112  41.92897900  009.40319100  41.92897800  009.40303000 102 
112  41.92915800  009.40294800  41.92927800  009.40294700 102 
112  41.93560400  009.40290600  41.93572400  009.40290500 102 
112  41.93578500  009.40308600  41.93578600  009.40320700 102 
111  41.93579300  009.40423800 102 
111  41.93579700  009.40498800 
112  41.93579700  009.40508100  41.93579600  009.40514300 
112  41.93566100  009.40517500  41.93557100  009.40517600 
111  41.93566100  009.40517500 
111  41.93586300  009.40535500 
111  41.93606600  009.40517200 
112  41.93606600  009.40517200  41.93597600  009.40517300 
112  41.93593100  009.40508100  41.93593100  009.40502000 
111  41.93593100  009.40498800 102 
111  41.93592700  009.40423600 102 
112  41.93592000  009.40305500  41.93591900  009.40293400 102 
112  41.93605400  009.40287300  41.93614400  009.40287200 102 
111  41.93757300  009.40286400 102 
112  41.93769300  009.40286300  41.93777200  009.40286300 102 
111  41.93785300  009.40287300 102 
111  41.93789600  009.40290200 102 
111  41.93790500  009.40418700 102 
111  41.93790700  009.40459700 102 
112  41.93791100  009.40488000  41.93791300  009.40506800 102 
112  41.93777900  009.40516300  41.93768900  009.40516400 
111  41.93777900  009.40516300 
111  41.93809700  009.40534300 
112  41.93809700  009.40534300  41.93818700  009.40534200 102 
112  41.93822700  009.40496700  41.93822400  009.40471700 102 
111  41.93822100  009.40459100 102 
111  41.93821900  009.40418300 102 
112  41.93821600  009.40368800  41.93821500  009.40340600 102 
112  41.93815500  009.40310200  41.93811600  009.40299300 102 
112  41.93812100  009.40300800  41.93808200  009.40289900 102 
112  41.93800900  009.40278000  41.93797400  009.40273700 102 
112  41.93789000  009.40269800  41.93784600  009.40268700 102 
112  41.93769800  009.40268200  41.93761400  009.40268300 102 
111  41.93757300  009.40268200 102 
111  41.93585100  009.40267800 102 
112  41.92915600  009.40270700  41.92903600  009.40270800 102 
112  41.92897300  009.40246600  41.92897100  009.40230500 102 
111  41.92894000  009.40010400 
111  41.92879600  009.40010600 102 
112  41.92879600  009.40246600  41.92879600  009.40262700 102 
112  41.92861600  009.40270800  41.92849600  009.40270800 102 
114  41.92681700  009.40271300  41.92669700  009.40271300 102 
110   2 0.25 179.77 Apron
111  41.93799800  009.40447900 
111  41.93771000  009.40499600 
111  41.93825400  009.40499000 
111  41.93824900  009.40468400 
113  41.93812500  009.40468500 
110   2 0.25 179.77 Apron
111  41.91035000  009.40469500 
111  41.91029300  009.40513000 
111  41.91097800  009.40512700 
113  41.91065900  009.40459000 
110   2 0.25 179.77 Apron
111  41.91686400  009.40037600 
111  41.91964900  009.40035400 
111  41.91984200  009.40029100 
111  41.92672800  009.40023600 
111  41.92897500  009.40021800 
111  41.92899400  009.40010300 
111  41.92908800  009.39998500 
111  41.93005000  009.39997700 
111  41.93016600  009.40010500 
111  41.93085000  009.40009600 
111  41.93084700  009.39979000 
111  41.93017200  009.39980100 
111  41.93017000  009.39951000 
111  41.93047100  009.39950600 
111  41.93054300  009.39950500 
111  41.93058600  009.39948400 
111  41.93062500  009.39942400 
111  41.93064700  009.39935100 
111  41.93065300  009.39927800 
111  41.93062900  009.39919000 
111  41.93058700  009.39912400 
111  41.93053400  009.39906600 
111  41.93047000  009.39902100 
111  41.93039700  009.39898700 
111  41.93010800  009.39899100 
111  41.92994100  009.39915000 
111  41.92913900  009.39916200 
111  41.92914200  009.39945700 
111  41.92737900  009.39948200 
111  41.92737800  009.39864200 
111  41.92659300  009.39866600 
111  41.92660800  009.39950700 
111  41.92618800  009.39951100 
111  41.92618500  009.39930100 
111  41.92568600  009.39931000 
111  41.92568700  009.39951200 
111  41.92532600  009.39951900 
111  41.92452500  009.39952500 
111  41.92451900  009.39886900 
111  41.92327800  009.39888800 
111  41.92327800  009.39898700 
111  41.92354500  009.39898300 
111  41.92355200  009.39953800 
111  41.92188000  009.39956500 
111  41.92187100  009.39859400 
111  41.92095300  009.39860300 
111  41.92095800  009.39954600 
111  41.92025800  009.39955700 
111  41.92025100  009.39864600 
111  41.92004600  009.39864900 
111  41.92005400  009.39957800 
111  41.91903700  009.39959300 
111  41.91903200  009.39860700 
111  41.91822300  009.39861700 
111  41.91822800  009.39960000 
113  41.91686100  009.39962100 
110   2 0.25 179.77 Apron
111  41.91285900  009.40565700 
111  41.91290300  009.40588900 
111  41.91293600  009.40602500 
111  41.91301400  009.40609100 
111  41.91311100  009.40609100 
111  41.91323300  009.40602500 
111  41.91356300  009.40564800 
113  41.91286400  009.40565200 
110   2 0.25 179.77 Apron
111  41.93513100  009.40553600 
111  41.93556700  009.40587900 
111  41.93573400  009.40599100 
111  41.93583200  009.40604300 
111  41.93593000  009.40608000 
111  41.93602200  009.40608100 
111  41.93609800  009.40603800 
111  41.93615900  009.40597000 
111  41.93616600  009.40585800 
111  41.93616300  009.40567000 
113  41.93624500  009.40552700 
110   2 0.25 179.77 Apron
111  41.91241000  009.40209700 
111  41.91322300  009.40207400 
111  41.91320600  009.40094100 
113  41.91239300  009.40096200 
110   2 0.25 179.77 Apron
111  41.92678700  009.40022900 
111  41.92634400  009.39971800 
111  41.92635100  009.40041100 
111  41.92657000  009.40142400 
111  41.92879400  009.40140900 
113  41.92878400  009.40021500 
110   2 0.25 179.77 Apron
111  41.93032100  009.39999600 
111  41.93034400  009.40007400 
111  41.93038300  009.40013100 
111  41.93044300  009.40016000 
111  41.93051800  009.40015400 
111  41.93057700  009.40012100 
111  41.93060900  009.40006100 
111  41.93062700  009.39998200 
111  41.93062200  009.39989000 
111  41.93058900  009.39981400 
111  41.93053300  009.39976300 
111  41.93047000  009.39974500 
111  41.93040300  009.39976100 
111  41.93035300  009.39981400 
113  41.93032500  009.39989500 
110   2 0.25 179.77 Apron
111  41.93008300  009.39975800 
111  41.93002100  009.39977200 
111  41.92997200  009.39981600 
111  41.92993400  009.39988700 
111  41.92992400  009.39997700 
111  41.92994100  009.40006900 
111  41.92997600  009.40013400 
111  41.93003700  009.40017100 
111  41.93009300  009.40017600 
111  41.93015000  009.40015600 
111  41.93020200  009.40010200 
111  41.93023200  009.40001500 
111  41.93023000  009.39990100 
111  41.93018700  009.39981700 
113  41.93013800  009.39977100 
110   2 0.25 179.77 Apron
111  41.92894500  009.40016900 
111  41.92894500  009.40053800 
111  41.92896600  009.40051900 
111  41.92898600  009.40049800 
111  41.92900400  009.40046400 
111  41.92901600  009.40043400 
111  41.92902400  009.40039600 
111  41.92902700  009.40035700 
111  41.92902500  009.40032100 
111  41.92901900  009.40028600 
111  41.92900900  009.40025600 
111  41.92899600  009.40022800 
111  41.92898000  009.40020500 
113  41.92896300  009.40018500 
110   2 0.25 179.77 Apron
111  41.92932200  009.39916900 
111  41.92987800  009.39916000 
111  41.92986800  009.39861400 
111  41.92930700  009.39863100 
113  41.92931900  009.39916400 
110   2 0.25 179.77 Apron
111  41.92897000  009.40331600 
111  41.92917400  009.40294700 
111  41.92917300  009.40271300 
111  41.92896900  009.40236100 
111  41.92880500  009.40236300 
111  41.92879300  009.40138900 
111  41.92863600  009.40138800 
111  41.92864800  009.40250400 
111  41.92840900  009.40271800 
111  41.92841000  009.40294800 
113  41.92880700  009.40332400 
110   2 0.25 179.77 Apron
111  41.93790800  009.40282900 
111  41.93591300  009.40284600 
111  41.93591500  009.40300100 
113  41.93790200  009.40296000 
110   2 0.25 179.77 Apron
111  41.91268100  009.40301200 
111  41.91272700  009.40514500 
111  41.91301000  009.40513200 
113  41.91299400  009.40300900 
120 Centreline for Taxi
111  41.92889700  009.40503400  51 
112  41.92888800  009.40307100  41.92888700  009.40291000  51 
112  41.92906700  009.40282800  41.92918700  009.40282700  51 
112  41.93567100  009.40278500  41.93579100  009.40278400  51 
112  41.93598600  009.40278300  41.93607600  009.40278300  51 
112  41.93743800  009.40277400  41.93752800  009.40277300  51 
112  41.93769600  009.40277300  41.93777700  009.40277200  51 
112  41.93787100  009.40278600  41.93790700  009.40279500  51 
112  41.93796600  009.40285000  41.93799300  009.40288300  51 
112  41.93803100  009.40296700  41.93804700  009.40301100  51 
112  41.93805800  009.40345600  41.93805900  009.40373800  51 
112  41.93805900  009.40376200  41.93806100  009.40404400  51 
112  41.93806300  009.40439000  41.93806400  009.40452600  51 
112  41.93806800  009.40492300  41.93807100  009.40514200  51 
116  41.93793800  009.40525300  41.93784800  009.40525300 
120 Centreline for Path
111  41.91708100  009.39998700  51 101 
112  41.91851100  009.39997100  41.91858400  009.39997000  51 101 
112  41.91873100  009.39996900  41.91880400  009.39996900  51 101 
112  41.91961400  009.39996500  41.91968700  009.39996400  51 101 
112  41.91972400  009.40011100  41.91972500  009.40020900  51 101 
112  41.91972500  009.40013300  41.91972500  009.40023100  51 101 
116  41.91972400  009.40052200  41.91972400  009.40068300 
120 Centreline for Path
111  41.91862000  009.39958200  51 101 
112  41.91862100  009.39982300  41.91862100  009.39992100  51 101 
116  41.91873100  009.39996900  41.91880400  009.39996900 
120 Centreline for Path
111  41.92015500  009.39897700  51 101 
112  41.92016100  009.39981400  41.92016200  009.39991200  51 101 
112  41.92005200  009.39996200  41.91997900  009.39996200  51 101 
112  41.91983400  009.39996300  41.91976100  009.39996400  51 101 
116  41.91972400  009.40011100  41.91972500  009.40020900 
120 Centreline for Path
111  41.92127600  009.39957300  51 101 
112  41.92127800  009.39980400  41.92127900  009.39990200  51 101 
112  41.92116900  009.39995200  41.92109600  009.39995300  51 101 
112  41.92027200  009.39996000  41.92019900  009.39996100  51 101 
116  41.92005200  009.39996200  41.91997900  009.39996200 
120 Centreline for Path
111  41.92167700  009.39957800  51 101 
112  41.92167500  009.39980100  41.92167400  009.39989900  51 101 
112  41.92156300  009.39994900  41.92149000  009.39994900  51 101 
112  41.92138900  009.39995000  41.92131600  009.39995100  51 101 
116  41.92116900  009.39995200  41.92109600  009.39995300 
120 Centreline for Path
111  41.92408700  009.39953500  51 101 
112  41.92409300  009.39978100  41.92409500  009.39987900  51 101 
112  41.92398600  009.39992900  41.92391300  009.39993000  51 101 
112  41.92178300  009.39994700  41.92171000  009.39994800  51 101 
116  41.92156300  009.39994900  41.92149000  009.39994900 
120 Centreline for Path
111  41.92719400  009.39950700  51 101 
112  41.92719300  009.39975900  41.92719300  009.39985700  51 101 
112  41.92708300  009.39990500  41.92701000  009.39990400  51 101 
112  41.92708300  009.39990400  41.92701000  009.39990300  51 101 
112  41.92689900  009.39990400  41.92684900  009.39990500  51 101 
112  41.92672600  009.39990600  41.92666000  009.39990700  51 101 
112  41.92655300  009.39991000  41.92650500  009.39991200  51 101 
112  41.92637000  009.39991200  41.92629700  009.39991100  51 101 
112  41.92635600  009.39991100  41.92628300  009.39991000  51 101 
112  41.92613600  009.39991100  41.92606300  009.39991200  51 101 
112  41.92420600  009.39992700  41.92413300  009.39992800  51 101 
116  41.92398600  009.39992900  41.92391300  009.39993000 
120 Centreline for Taxi
111  41.91276400  009.40196200  51 
112  41.91277100  009.40278500  41.91277200  009.40290600  51 
112  41.91266500  009.40296700  41.91259300  009.40296700  51 
112  41.91083100  009.40298100  41.91075900  009.40298200  51 
112  41.91064500  009.40308200  41.91059300  009.40314800  51 
112  41.91058800  009.40315400  41.91053600  009.40322100  51 
112  41.91051800  009.40373700  41.91052300  009.40405900  51 
112  41.91052000  009.40392700  41.91052500  009.40424900  51 
112  41.91053000  009.40454900  41.91053100  009.40464200  51 
112  41.91053800  009.40504400  41.91054200  009.40528200  51 
116  41.91094900  009.40539900  41.91122000  009.40539700 
120 Centreline for Path
111  41.92682300  009.39951300  51 101 
112  41.92682400  009.39975800  41.92682400  009.39985600  51 101 
116  41.92689900  009.39990400  41.92694800  009.39990300 
120 Centreline for Path
111  41.92697900  009.40084500  51 101 
112  41.92697400  009.40005000  41.92697300  009.39995200  51 101 
116  41.92708300  009.39990400  41.92715600  009.39990500 
120 Centreline for Path
111  41.92768300  009.40085400  51 101 
112  41.92767900  009.40004500  41.92767800  009.39994700  51 101 
112  41.92756800  009.39990000  41.92749500  009.39990100  51 101 
112  41.92730300  009.39990400  41.92723000  009.39990500  51 101 
116  41.92719300  009.39975900  41.92719400  009.39966100 
120 Centreline for Path
111  41.92837600  009.40083700  51 101 
112  41.92837200  009.40004000  41.92837100  009.39994200  51 101 
112  41.92826100  009.39989400  41.92818800  009.39989400  51 101 
112  41.92778800  009.39989700  41.92771500  009.39989800  51 101 
116  41.92756800  009.39990000  41.92749500  009.39990100 
120 Centreline for Taxi
112  41.93572800  009.40526500  41.93581800  009.40526400  51 
112  41.93586300  009.40512600  41.93586400  009.40503400  51 
112  41.93586300  009.40480700  41.93586200  009.40468600  51 
112  41.93586100  009.40441800  41.93586000  009.40429700  51 
112  41.93585900  009.40405600  41.93585800  009.40393500  51 
112  41.93585200  009.40296500  41.93585100  009.40284400  51 
116  41.93598600  009.40278300  41.93607600  009.40278300 
120 Centreline for Taxi
112  41.91972400  009.40052200  41.91972400  009.40068300  51 
112  41.91971700  009.40264600  41.91971600  009.40280700  51 
112  41.91953600  009.40289000  41.91941600  009.40289100  51 
112  41.91295300  009.40296400  41.91283300  009.40296500  51 
112  41.91277400  009.40320800  41.91277500  009.40336900  51 
112  41.91278000  009.40418500  41.91278100  009.40434600  51 
112  41.91278200  009.40466900  41.91278300  009.40483000  51 
112  41.91278300  009.40486800  41.91278400  009.40502900  51 
112  41.91278400  009.40524900  41.91278400  009.40534200  51 
116  41.91291900  009.40538700  41.91300900  009.40538700 
120 Centreline for Taxi
112  41.91986400  009.40535000  41.91977400  009.40535100  51 
112  41.91972900  009.40521300  41.91972900  009.40512200  51 
112  41.91972800  009.40483400  41.91972700  009.40467300  51 
112  41.91972600  009.40461400  41.91972500  009.40445300  51 
112  41.91972400  009.40413000  41.91972300  009.40396900  51 
112  41.91971700  009.40313000  41.91971600  009.40296900  51 
112  41.91989600  009.40288700  41.92001600  009.40288600  51 
112  41.92632300  009.40283500  41.92644300  009.40283400  51 
112  41.92668300  009.40283400  41.92680300  009.40283300  51 
112  41.92870700  009.40282900  41.92882700  009.40282900  51 
112  41.92888500  009.40258700  41.92888400  009.40242600  51 
116  41.92887000  009.40034700  41.92886900  009.40018600 
120 Centreline for Taxi
112  41.92648300  009.40027500  41.92648500  009.40051700  51 
112  41.92650000  009.40247200  41.92650200  009.40271300  51 
116  41.92668300  009.40283400  41.92680300  009.40283300 
120 Centreline for Path
112  41.92887000  009.40034700  41.92886900  009.40018600  51 101 
112  41.92886600  009.40000100  41.92886600  009.39993100  51 101 
112  41.92875500  009.39989400  41.92868200  009.39989300  51 101 
112  41.92867900  009.39989300  41.92860600  009.39989200  51 101 
112  41.92847000  009.39989200  41.92840400  009.39989300  51 101 
116  41.92826100  009.39989400  41.92818800  009.39989400 
120 Centreline for Taxi
112  41.91959400  009.40535200  41.91968400  009.40535100  51 
116  41.91972900  009.40521300  41.91972900  009.40512200 
120 Centreline for Taxi
112  41.91971700  009.40264600  41.91971600  009.40280700  51 
116  41.91989600  009.40288700  41.92001600  009.40288600 
120 Centreline for Taxi
112  41.91971700  009.40264600  41.91971600  009.40280700  51 
116  41.91971700  009.40313000  41.91971800  009.40329100 
120 Centreline for Taxi
112  41.91953600  009.40289000  41.91965600  009.40288900  51 
116  41.91989600  009.40288700  41.92001600  009.40288600 
120 Centreline for Taxi
112  41.91953600  009.40289000  41.91965600  009.40288900  51 
116  41.91971700  009.40313000  41.91971800  009.40329100 
120 Centreline for Taxi
112  41.93586300  009.40512600  41.93586300  009.40521800  51 
116  41.93599800  009.40526300  41.93608800  009.40526300 
120 Centreline for Taxi
112  41.93567100  009.40278500  41.93579100  009.40278400  51 
116  41.93585200  009.40296500  41.93585300  009.40308600 
120 Centreline for Taxi
112  41.92906700  009.40282800  41.92894700  009.40282900  51 
116  41.92870700  009.40282900  41.92858700  009.40283000 
120 Centreline for Taxi
112  41.92906700  009.40282800  41.92894700  009.40282900  51 
116  41.92888500  009.40258700  41.92888400  009.40242600 
120 Centreline for Taxi
112  41.92888800  009.40307100  41.92888700  009.40291000  51 
116  41.92870700  009.40282900  41.92858700  009.40283000 
120 Centreline for Taxi
112  41.92888800  009.40307100  41.92888700  009.40291000  51 
116  41.92888500  009.40258700  41.92888400  009.40242600 
120 Centreline for Taxi
112  41.91266500  009.40296700  41.91273700  009.40296600  51 
116  41.91295300  009.40296400  41.91307300  009.40296300 
120 Centreline for Taxi
112  41.91266500  009.40296700  41.91273700  009.40296600  51 
116  41.91277400  009.40320800  41.91277500  009.40336900 
120 Centreline for Taxi
112  41.91295300  009.40296400  41.91283300  009.40296500  51 
116  41.91277100  009.40278500  41.91277000  009.40266400 
120 Centreline for Taxi
112  41.91277400  009.40320800  41.91277300  009.40304700  51 
116  41.91277100  009.40278500  41.91277000  009.40266400 
120 Centreline for Taxi
112  41.91278400  009.40524900  41.91278400  009.40534200  51 
116  41.91237900  009.40539000  41.91210800  009.40539200 
120 Centreline for Taxi join
112  41.92648300  009.40027500  41.92648100  009.40003400  51 101 
116  41.92655300  009.39991000  41.92660300  009.39990800 
120 Centreline for Taxi join
112  41.92648300  009.40027500  41.92648100  009.40003400  51 101 
116  41.92637000  009.39991200  41.92629700  009.39991100 
120 Centreline for Taxi
112  41.92632300  009.40283500  41.92644300  009.40283400  51 
116  41.92650000  009.40247200  41.92649800  009.40223000 
120 Centreline for Path
112  41.91961400  009.39996500  41.91968700  009.39996400  51 101 
116  41.91983400  009.39996300  41.91990700  009.39996300 
120 Centreline for Path
112  41.91851100  009.39997100  41.91858400  009.39997000  51 101 
116  41.91862100  009.39982300  41.91862000  009.39972500 
120 Centreline for Path
112  41.92016100  009.39981400  41.92016200  009.39991200  51 101 
116  41.92027200  009.39996000  41.92034500  009.39995900 
120 Centreline for Path
112  41.92127800  009.39980400  41.92127900  009.39990200  51 101 
116  41.92138900  009.39995000  41.92146200  009.39995000 
120 Centreline for Path
112  41.92167500  009.39980100  41.92167400  009.39989900  51 101 
116  41.92178300  009.39994700  41.92185600  009.39994600 
120 Centreline for Path
112  41.92409300  009.39978100  41.92409500  009.39987900  51 101 
116  41.92420600  009.39992700  41.92427900  009.39992600 
120 Centreline for Path
112  41.92708300  009.39990500  41.92715600  009.39990600  51 101 
116  41.92730300  009.39990400  41.92737600  009.39990300 
120 Centreline for Path
112  41.92689900  009.39990400  41.92694800  009.39990300  51 101 
116  41.92697400  009.40005000  41.92697500  009.40014800 
120 Centreline for Path
112  41.92672600  009.39990600  41.92679100  009.39990500  51 101 
116  41.92682400  009.39975800  41.92682300  009.39966000 
120 Centreline for Path
112  41.92767900  009.40004500  41.92767800  009.39994700  51 101 
116  41.92778800  009.39989700  41.92786100  009.39989700 
120 Centreline for Path
112  41.92847000  009.39989200  41.92840400  009.39989300  51 101 
116  41.92837200  009.40004000  41.92837200  009.40013800 
120 Taxi hold short
111  41.91964000  009.40437300  54 
115  41.91981000  009.40437100 
120 Taxi hold short
111  41.91269600  009.40442800  54 
115  41.91286600  009.40442600 
120 Taxi hold short
111  41.91035300  009.40441500  54 
115  41.91070300  009.40440500 
120 Taxi hold short
111  41.93579700  009.40423800  54 
115  41.93592300  009.40423600 
120 Taxi hold short
111  41.93790900  009.40418700  54 
115  41.93821500  009.40418300 
120 Military Ramp 8
111  41.92018200  009.39897700  51 
115  41.92012800  009.39897700 
120 Mil cargo Ramp 10
111  41.92765600  009.40085400  51 
115  41.92771000  009.40085400 
120 Military Ramp 6
111  41.92170400  009.39957900  51 
115  41.92165000  009.39957700 
120 Military Ramp 9
111  41.91864700  009.39958200  51 
115  41.91859300  009.39958200 
120 Mil cargo Ramp 9
111  41.92695200  009.40084500  51 
115  41.92700600  009.40084500 
120 Military Ramp 7
111  41.92130300  009.39957300  51 
115  41.92124900  009.39957300 
120 Military Ramp 2
111  41.92722100  009.39950700  51 
115  41.92716700  009.39950700 
120 Military Ramp 1
111  41.92411400  009.39953400  51 
115  41.92406000  009.39953600 
120 Military Ramp 4
111  41.92685000  009.39951300  51 
115  41.92679600  009.39951300 
120 Mil cargo Ramp 11
111  41.92834900  009.40083700  51 
115  41.92840300  009.40083700 
120 Apron edge
111  41.92452600  009.39952400 102 
115  41.92451900  009.39887000 
120 Apron edge
111  41.92354500  009.39898000 102 
111  41.92355300  009.39954000 102 
111  41.92188100  009.39956600 102 
111  41.92187300  009.39859100 102 
111  41.92095300  009.39859900 102 
111  41.92095900  009.39954400 102 
111  41.92025800  009.39956000 102 
111  41.92024900  009.39864100 102 
111  41.92004500  009.39864600 102 
111  41.92005200  009.39957900 102 
111  41.91903700  009.39959500 102 
111  41.91903400  009.39860700 102 
111  41.91822500  009.39861100 102 
111  41.91823500  009.39960400 102 
111  41.91686100  009.39962000 102 
115  41.91686400  009.40037700 
120 Apron edge
111  41.92898100  009.40019600 102 
111  41.92899200  009.40010600 102 
115  41.92909000  009.39998700 
120 Apron edge
111  41.93772100  009.40498300 102 
115  41.93791100  009.40464500 
120 Apron edge
111  41.91355900  009.40565400 102 
111  41.91323700  009.40602200 102 
111  41.91312100  009.40608700 102 
111  41.91302200  009.40609000 102 
111  41.91294200  009.40603000 102 
111  41.91290700  009.40589500 102 
115  41.91286400  009.40568000 
120 Apron edge
111  41.93621000  009.40557500 102 
115  41.93623800  009.40553700 
120 Apron edge
111  41.93621000  009.40557500 102 
115  41.93616400  009.40566700 
120 Apron edge
111  41.91281400  009.40565800 102 
115  41.91028900  009.40566800 
120 Apron edge
111  41.91097900  009.40512500 102 
115  41.91234000  009.40511600 
120 Apron edge
111  41.93641500  009.40498800 102 
115  41.93772100  009.40498300 
120 Apron edge
111  41.93625200  009.40553500 102 
115  41.93825100  009.40553000 
120 Apron edge
111  41.93824800  009.40468900 102 
115  41.93825100  009.40553000 
120 Apron edge
111  41.93616400  009.40566700 102 
111  41.93615700  009.40597200 102 
111  41.93606100  009.40606800 102 
111  41.93591400  009.40607900 102 
111  41.93572500  009.40598500 102 
115  41.93513200  009.40554300 
120 Apron edge
111  41.91240600  009.40209800 102 
111  41.91239100  009.40095700 102 
111  41.91320800  009.40094100 102 
111  41.91322000  009.40207500 102 
115  41.91240600  009.40209800 
120 Apron edge
111  41.92452600  009.39952400 102 
111  41.92660800  009.39950500 102 
111  41.92659500  009.39866700 102 
111  41.92737800  009.39864500 102 
111  41.92737700  009.39948300 102 
115  41.92914000  009.39945100 
120 Apron edge
111  41.92913900  009.39916200 102 
115  41.92914000  009.39945100 
120 Apron edge
111  41.92662900  009.40142300 102 
115  41.92863900  009.40141700 
120 Apron edge
111  41.92896500  009.40052100 102 
111  41.92898700  009.40049400 102 
111  41.92901900  009.40042600 102 
111  41.92902800  009.40035200 102 
111  41.92901900  009.40027500 102 
115  41.92899300  009.40021600 
120 Apron edge
111  41.93031800  009.39996000 102 
111  41.93032600  009.40003100 102 
111  41.93035800  009.40010100 102 
111  41.93041700  009.40015300 102 
111  41.93048300  009.40016700 102 
111  41.93055700  009.40013100 102 
111  41.93060500  009.40006800 102 
111  41.93063100  009.39998900 102 
111  41.93062700  009.39989700 102 
111  41.93059700  009.39982400 102 
111  41.93055100  009.39977300 102 
111  41.93049000  009.39974600 102 
111  41.93043100  009.39974900 102 
111  41.93038400  009.39977300 102 
111  41.93034800  009.39982000 102 
111  41.93032400  009.39988800 102 
115  41.93031800  009.39996000 
120 Apron edge
111  41.93023800  009.39996400 102 
111  41.93023200  009.40003700 102 
115  41.93020200  009.40010200 
120 Apron edge
111  41.93019600  009.40010600 102 
111  41.93015100  009.40015700 102 
111  41.93008800  009.40017700 102 
111  41.93002100  009.40016300 102 
111  41.92997400  009.40012800 102 
111  41.92994000  009.40006300 102 
111  41.92992400  009.39998300 102 
111  41.92993200  009.39990300 102 
111  41.92996300  009.39982700 102 
111  41.93001700  009.39977100 102 
111  41.93008800  009.39975400 102 
111  41.93016700  009.39978600 102 
111  41.93021200  009.39985300 102 
111  41.93023500  009.39991700 102 
115  41.93023800  009.39996400 
120 Apron edge
111  41.92909000  009.39998700 102 
111  41.92989600  009.39997600 102 
115  41.92992400  009.39998300 
120 Apron edge
111  41.93020200  009.40010200 102 
115  41.93035800  009.40010100 
120 Apron edge
111  41.93018200  009.39980500 102 
115  41.93036300  009.39980400 
120 Apron edge
111  41.93052500  009.39950800 102 
111  41.93058700  009.39948700 102 
111  41.93063500  009.39939700 102 
111  41.93065400  009.39928200 102 
115  41.93062500  009.39918400 
120 Apron edge
111  41.93062600  009.39918500 102 
111  41.93056500  009.39909700 102 
111  41.93047400  009.39902300 102 
111  41.93038900  009.39898800 102 
115  41.93010700  009.39899400 
120 Apron edge
111  41.91984100  009.40029100 102 
115  41.92634800  009.40023900 
120 Apron edge
111  41.91688300  009.40037100 102 
115  41.91963600  009.40035400 
120 Apron edge
111  41.92863900  009.40141700 102 
111  41.92864700  009.40250300 102 
115  41.92842300  009.40270700 
120 Apron edge
111  41.92842000  009.40295600 102 
115  41.92879500  009.40331400 
120 Apron edge
111  41.92898000  009.40329000 102 
115  41.92917200  009.40294800 
120 Apron edge
111  41.92917400  009.40270700 102 
115  41.92898100  009.40236700 
120 Apron edge
111  41.92931900  009.39915700 102 
115  41.92913900  009.39916200 
120 Apron edge
111  41.93010700  009.39899400 102 
111  41.92994200  009.39914700 102 
115  41.92988000  009.39914700 
120 Apron edge
111  41.93017400  009.39950900 102 
115  41.93051500  009.39950500 
120 Apron edge
111  41.93017300  009.39976700 102 
115  41.93016900  009.39951000 
120 Apron edge
111  41.93084700  009.39978900 102 
115  41.93057900  009.39979300 
120 Apron edge
111  41.93084800  009.39979600 102 
111  41.93085000  009.40009500 102 
115  41.93059400  009.40009900 
120 Apron edge
111  41.92890000  009.40261200 102 
111  41.92896200  009.40262900 102 
111  41.92902000  009.40269100 102 
111  41.92905400  009.40279500 102 
111  41.92904300  009.40291200 102 
111  41.92898500  009.40299800 102 
111  41.92892100  009.40303300 102 
111  41.92883200  009.40301500 102 
111  41.92876000  009.40292400 102 
111  41.92874300  009.40279200 102 
111  41.92877600  009.40267200 102 
111  41.92883200  009.40263100 102 
115  41.92890000  009.40261200 
120 Apron edge
111  41.92896500  009.40052100 102 
111  41.92891100  009.40055700 102 
111  41.92883200  009.40055800 102 
111  41.92876400  009.40050200 102 
111  41.92872300  009.40041800 102 
111  41.92871700  009.40031800 102 
111  41.92875000  009.40021600 102 
111  41.92880400  009.40016600 102 
111  41.92886400  009.40014500 102 
115  41.92894100  009.40016500 
14   41.92281700  009.39914000  119 0 Solenzara Tower
15   41.92768300  009.40085400 269.61 Mil cargo Ramp 10
15   41.92837600  009.40083700 269.61 Mil cargo Ramp 11
15   41.92697900  009.40084500 269.61 Mil cargo Ramp 9
15   41.92408700  009.39953500  89.42 Military Ramp 1
15   41.92719400  009.39950700  89.12 Military Ramp 2
15   41.92682300  009.39951300  89.12 Military Ramp 4
15   41.92167700  009.39957800  89.12 Military Ramp 6
15   41.92127600  009.39957300  89.12 Military Ramp 7
15   41.92015500  009.39897700  89.12 Military Ramp 8
15   41.91862000  009.39958200  89.12 Military Ramp 9
18   41.92430300  009.40411000 1 Rotating Beacon
19   41.92274700  009.40130200 1 Windsock
19   41.92274700  009.40130200 1 Windsock
20   41.93824000  009.40429300  89.37  0 2 {@R}18
20   41.93596700  009.40436700  89.92  0 2 {@R}18
20   41.92900800  009.40480500  89.92  0 2 {@R}18-36
20   41.91984500  009.40450300  89.92  0 2 {@R}18-36
20   41.91289300  009.40458200  89.92  0 2 {@R}36
20   41.91074500  009.40458700  89.92  0 2 {@R}36
53 12210 ZARA GND
54 11835 ZARA TWR
55 11990 ZARA APP