1      935 0 1 UB16 BELOKANY
100   36.58   1   0 0.25 0 0 0 13   41.75743900  046.35042800    0.00   60.96 2  0 0 0 31   41.74934700  046.36014700    0.00   42.67 2  0 0 0
110   1 0.30 138.14 Default taxiway for RWY 13
111  41.75733067  046.35026594   3 
111  41.75677999  046.34944217   3 
111  41.74868840  046.35916252   3 
111  41.74923908  046.35998619 
112  41.74948421  046.35969171  41.74936015  046.35983671   3 
111  41.74922834  046.35963956   3 
112  41.74905261  046.35937671  41.74892081  046.35917957   3 
111  41.74904337  046.35903232   3 
111  41.75278275  046.35454026   3 
111  41.75322359  046.35519968 
111  41.75334616  046.35505244   3 
111  41.75290532  046.35439302   3 
112  41.75664470  046.34990095  41.75676726  046.34975372   3 
111  41.75689906  046.34995088   3 
112  41.75707479  046.35021377  41.75720660  046.35041094   3 
113  41.75708554  046.35056041 
120 Default hold RWY 13 (near)
111  41.75710950  046.34993508   4 
115  41.75698693  046.35008233 
120 Default hold RWY 13 (centre)
111  41.75312499  046.35472161   4 
115  41.75300242  046.35486885 
120 Default hold RWY 13 (far)
111  41.74914048  046.35950814   4 
115  41.74901791  046.35965538 
19   41.75801363  046.35062645 1 WS
19   41.74877238  046.35994850 1 WS
1     1795 0 1 UG28 BOLSHIYE SHIRAKI
100   39.62   2   0 0.25 0 0 0 13   41.38829700  046.35612500    0.00    0.00 2  0 0 0 31   41.37079200  046.37854200    0.00    0.00 2  0 0 0
110   2 0.30 136.14 Default taxiway for RWY 13
111  41.38817501  046.35595582  53 
111  41.38755570  046.35509698  53 
111  41.37005288  046.37752028  53 
111  41.37067219  046.37837890 
112  41.37092928  046.37804954  41.37079917  046.37821206  53 
111  41.37065091  046.37800651  53 
112  41.37045323  046.37773244  41.37030497  046.37752689  53 
111  41.37043352  046.37736221  53 
111  41.37886357  046.36656229  53 
111  41.37935933  046.36724971 
111  41.37948787  046.36708503  53 
111  41.37899211  046.36639761  53 
112  41.38742216  046.35559768  41.38755070  046.35543300  53 
111  41.38769896  046.35563860  53 
112  41.38789664  046.35591274  41.38804490  046.35611834  53 
113  41.38791792  046.35628519 
120 Default hold RWY 13 (near)
111  41.38792635  046.35561099  54 
115  41.38779780  046.35577567 
120 Default hold RWY 13 (centre)
111  41.37923921  046.36674024  54 
115  41.37911067  046.36690492 
120 Default hold RWY 13 (far)
111  41.37055207  046.37786948  54 
115  41.37042353  046.37803416 
19   41.38892474  046.35630965 1 WS
19   41.37016430  046.37835718 1 WS