1       42 0 0 S51  Andy Mc Beth
100   14.94   1   0 0.00 0 0 0 11   41.51404344 -123.99885825    0.00    0.00 2  0 0 0 29   41.50991861 -123.99200709    0.00    0.00 2  0 0 0
110   1 0.00   0.00 New Taxiway 9
111  41.51408043 -123.99881883 
111  41.51388471 -123.99901643 
112  41.51379755 -123.99886755  41.51378539 -123.99885130 
111  41.51378825 -123.99876664 
113  41.51378825 -123.99857443 
110   1 0.00   0.00 New Taxiway 1
111  41.51094487 -123.99374612 
112  41.51088388 -123.99374183  41.51084856 -123.99369896   1 
111  41.51080362 -123.99371182   1 
111  41.51045369 -123.99408479 
111  41.50946490 -123.99244794   1 
111  41.50986941 -123.99206640 
113  41.50994645 -123.99198494 
111  41.51046974 -123.99368502   1 
111  41.51050184 -123.99373647   1 
111  41.51055321 -123.99375790   1 
111  41.51069768 -123.99362501   1 
112  41.51071694 -123.99346639  41.51066557 -123.99338064 
111  41.50997856 -123.99224458   1 
112  41.50985656 -123.99224029  41.50981483 -123.99228316   1 
111  41.50972815 -123.99238177   1 
114  41.50973778 -123.99245893  41.50976346 -123.99250609   1 
120 Linear Feature 8
111  41.50973141 -123.99237459   4 
115  41.50966582 -123.99226385 
120 Linear Feature 7
111  41.51063843 -123.99388209   4 
115  41.51056046 -123.99375316 
120 Linear Feature 4
111  41.51076580 -123.99364738   1 
116  41.51094156 -123.99370523  41.51102325 -123.99384242 
120 Linear Feature 3
111  41.50998177 -123.99215027   1 
112  41.50985391 -123.99216734  41.50980811 -123.99221196   1 
111  41.50969919 -123.99231609   1 
112  41.50967444 -123.99251939  41.50974004 -123.99263013   1 
111  41.51044535 -123.99382093   1 
112  41.51060006 -123.99382754  41.51067680 -123.99374490   1 
111  41.51076592 -123.99364738   1 
116  41.51076592 -123.99341763  41.51068175 -123.99327053 
14   41.51011491 -123.99358623   16 0 New Tower Viewpoint 3
15   41.50979083 -123.99292003  42.54 New Ramp Start 2
19   41.51119528 -123.99498399 0 New Windsock 1
1     1209 0 0 36S  Happy Camp
100   15.24   1   0 0.25 0 0 1 04   41.78833300 -123.39333100    0.00    0.00 2  0 0 0 22   41.79250000 -123.38416100    0.00    0.00 2  0 0 0
10   41.79063800 -123.38929000 xxx  58.64   292 0.0 0.0    50 101101  1 0 0 0.35 0
10   41.79048200 -123.38910700 xxx 148.64   150 0.0 0.0    25 101101  1 0 0 0.35 0
10   41.79031800 -123.38983200 xxx 148.64    21 0.0 0.0    20 101101  1 0 0 0.35 0
14   41.79086300 -123.38895400    0 0 ATC Tower
15   41.79050100 -123.38960300 100.00 LOC
19   41.79031800 -123.38983200 0 WS
51 12290 CTAF
1      356 0 0 O21  Hoopa
100   15.24   1   0 0.25 0 2 0 14   41.04534965 -123.67109744    0.00    0.00 2  0 0 0 32   41.04046635 -123.66566456    0.00    0.00 2  0 0 0
10   41.04103100 -123.66563400 xxx 140.00   272 0.0 0.0    40 101101  1 0 0 0.35 0
10   41.04101200 -123.66536700 xxx 350.00   201 0.0 0.0    80 161161  1 0 0 0.25 0
10   41.04100000 -123.66546600 xxx 330.00   201 0.0 0.0    60 161161  1 0 0 0.25 0
10   41.04542900 -123.67082200 xxx 230.00   150 0.0 0.0    65 101101  1 0 0 0.35 0
10   41.04400600 -123.66909000 xxx  40.00   191 0.0 0.0    20 101101  1 0 0 0.25 0
10   41.04120600 -123.66607700 xxx 230.00   150 0.0 0.0    25 101101  1 0 0 0.35 0
10   41.04066100 -123.66545900 xxx 230.00   150 0.0 0.0    25 101101  1 0 0 0.35 0
10   41.04092000 -123.66587800 xxx 140.00    21 0.0 0.0    20 101101  1 0 0 0.35 0
14   41.04120300 -123.66541300    6 0 ATC Tower
15   41.04102700 -123.66529800 260.00 LOC
18   41.04321655 -123.66789335 1 BCN
19   41.04092000 -123.66587800 0 WS
1      356 0 0 0O9  Ward Field
100   15.24   1   0 0.25 0 2 0 06   41.84361862 -123.98928728    0.00    0.00 2  0 0 0 24   41.84771938 -123.97975272    0.00    0.00 2  0 0 0
10   41.84651900 -123.98143800 xxx  80.00   239 0.0 0.0    50 161161  1 0 0 0.35 0
10   41.84677900 -123.98128500 xxx 180.00   150 0.0 0.0    25 161161  1 0 0 0.35 0
10   41.84756900 -123.97976700 xxx 150.00    50 0.0 0.0    55 161161  1 0 0 0.35 0
10   41.84682500 -123.98110200 xxx  60.00    21 0.0 0.0    20 101101  5 0 0 0.35 0
14   41.84652300 -123.98127700    6 0 ATC Tower
15   41.84647800 -123.98152200   0.00 LOC
18   41.84590500 -123.98470300 1 BCN
19   41.84682500 -123.98110200 1 WS