1     4243 0 0 A32  Butte Valley
100   18.29   1   0 0.25 0 2 1 16   41.89313900 -121.97560800    0.00    0.00 2  0 0 0 34   41.88133600 -121.97558300    0.00    0.00 2  0 0 0
10   41.88744400 -121.97487600 xxx 179.91   437 0.0 0.0    60 161161  1 0 0 0.35 0
10   41.88723400 -121.97523500 xxx 269.91   180 0.0 0.0    30 161161  1 0 0 0.35 0
14   41.88770300 -121.97483100    6 0 ATC Tower
15   41.88694400 -121.97486900   0.00 LOC
18   41.88723977 -121.97482175 1 BCN
19   41.89313900 -121.97516600 1 WS
19   41.88116100 -121.97602100 1 WS
51 12290 CTAF
1     3323 0 0 O89  FALL RIVER MILLS
100   22.86   1   0 0.00 0 1 0 02   41.01473614 -121.43708334    0.00   20.12 2  0 0 0 20   41.02308819 -121.42961754    0.00   10.97 2  0 0 0
110   5 0.00   0.00 New Taxiway 13
112  41.01930831 -121.43343042  41.01934170 -121.43339723 
112  41.01947108 -121.43346914  41.01950864 -121.43354106 
112  41.01945856 -121.43371253  41.01941682 -121.43375126 
112  41.01929161 -121.43370147  41.01924570 -121.43363509 
113  41.01927074 -121.43351893 
110   4 0.00   0.00 New Taxiway 12
111  41.01923318 -121.43324788 
111  41.01936257 -121.43351893 
111  41.01931666 -121.43355212 
113  41.01919562 -121.43326448 
110   1 0.00   0.00 New Taxiway 1
111  41.02268137 -121.42982520 102 
112  41.02269820 -121.42948760  41.02268344 -121.42946151 102 
111  41.02262931 -121.42937673 102 
112  41.02253090 -121.42938326  41.02249646 -121.42942891 102 
111  41.01884571 -121.43268313 102 
111  41.01906539 -121.43306642 
111  41.01866429 -121.43342089 102 
112  41.01867842 -121.43327658  41.01866366 -121.43321788 102 
111  41.01851604 -121.43297007 
111  41.01486155 -121.43631688 
111  41.01503686 -121.43666150 
111  41.01468134 -121.43696996 
111  41.01450399 -121.43662024 
112  41.01458664 -121.43632260  41.01471306 -121.43620346 
111  41.01745347 -121.43372702 
111  41.01720745 -121.43327053 
111  41.01818170 -121.43233800 
111  41.01724681 -121.43054467 
111  41.01712380 -121.43051206 
111  41.01579060 -121.43173807 
112  41.01505253 -121.43230539  41.01489015 -121.43239669 
111  41.01408811 -121.43278795 
111  41.01407827 -121.43260536 
112  41.01508697 -121.43209020  41.01519522 -121.43200543 
111  41.02325728 -121.42471785 
111  41.02327204 -121.42496567 
111  41.01804540 -121.42966700 
112  41.01803064 -121.42983003  41.01804540 -121.42986264 
111  41.01809460 -121.42992785 
112  41.01827174 -121.42986916  41.01834063 -121.42978438 
111  41.01856697 -121.42957570 
112  41.01877855 -121.42966700  41.01882776 -121.42977134 
112  41.01876871 -121.43003219  41.01869490 -121.43009089 
111  41.01846364 -121.43031913 
111  41.01836523 -121.43031913 
111  41.01841936 -121.43047564 
111  41.01872443 -121.43020827 
111  41.01880315 -121.43035826 
111  41.01852269 -121.43061911 
111  41.01898029 -121.43150602 
111  41.01927539 -121.43125822 
111  41.01936396 -121.43142126 
111  41.01960015 -121.43117997 
111  41.01966411 -121.43130387 
111  41.01943285 -121.43153213 
111  41.01958046 -121.43181907 102 
111  41.02273092 -121.42902133 102 
111  41.02277520 -121.42902133 102 
113  41.02303249 -121.42950978 
111  41.01882284 -121.43164949 
111  41.01788302 -121.42989525 
111  41.01738606 -121.43033870 
112  41.01738606 -121.43059303  41.01745002 -121.43070389 
113  41.01824222 -121.43217771 
120 Linear Feature 11
111  41.01455493 -121.43671600   4 
115  41.01490736 -121.43640862 
120 Linear Feature 9
111  41.01750756 -121.43377439   1 
111  41.01462711 -121.43641378   1 
112  41.01461804 -121.43659580  41.01466858 -121.43670398   1 
115  41.01478649 -121.43697187 
120 Linear Feature 8
111  41.01857421 -121.43307130   4 
115  41.01890073 -121.43277764 
120 Linear Feature 6
111  41.01848870 -121.43289887   1 
112  41.01874654 -121.43292978  41.01884502 -121.43310323   1 
111  41.01890462 -121.43320283   1 
112  41.01877894 -121.43346800  41.01860790 -121.43362084   1 
115  41.01859624 -121.43363287 
120 Linear Feature 5
111  41.01878068 -121.43263440   1 
112  41.01874440 -121.43292634  41.01878845 -121.43301221 
111  41.01890506 -121.43320283   1 
112  41.01914689 -121.43313929  41.01931015 -121.43299160   1 
115  41.01931015 -121.43299160 
120 Linear Feature 4
111  41.02264779 -121.42940562   4 
115  41.02286907 -121.42920205 
120 Linear Feature 3
111  41.02300930 -121.42968574   1 
111  41.02278424 -121.42923869   1 
112  41.02262682 -121.42919738  41.02255270 -121.42925972   1 
115  41.01750884 -121.43377534 
14   41.01815638 -121.43245133   19 0 New Tower Viewpoint 3
15   41.01866974 -121.43210284 306.81 New Ramp Start 2
18   41.01931334 -121.43414130 1 BCN
19   41.01938343 -121.43360190 0 New Windsock 1
51 12280 CTAF/UNICOM
1     4158 0 1 O55  Southard Field
100   10.67   1   0 0.25 0 1 0 04   41.13738515 -121.12841277    0.00    0.00 2  0 0 0 22   41.14183707 -121.11931001    0.00    0.00 2  0 0 0
110   1 0.30  57.00 Default taxiway for RWY 04
111  41.13734678 -121.12837968   3 102 
111  41.13714361 -121.12820447   3 102 
111  41.14159589 -121.11910232   3 102 
111  41.14179906 -121.11927754 
112  41.14174677 -121.11938444  41.14177102 -121.11932936   3 102 
111  41.14172272 -121.11928770   3 102 
112  41.14165830 -121.11923215  41.14161000 -121.11919049   3 102 
111  41.14158386 -121.11924394   3 102 
111  41.13942308 -121.12366138   3 102 
111  41.13958599 -121.12380188 
111  41.13955985 -121.12385534   3 102 
111  41.13939694 -121.12371484   3 102 
112  41.13723616 -121.12813229  41.13721002 -121.12818574   3 102 
111  41.13725832 -121.12822740   3 102 
112  41.13732274 -121.12828294  41.13737104 -121.12832460   3 102 
113  41.13739907 -121.12827278 
120 Default hold RWY 04 (near)
111  41.13726438 -121.12830862   4 
115  41.13729053 -121.12825517 
120 Default hold RWY 04 (centre)
111  41.13947745 -121.12378428   4 
115  41.13950359 -121.12373082 
120 Default hold RWY 04 (far)
111  41.14169051 -121.11925992   4 
115  41.14171666 -121.11920647 
18   41.13989177 -121.12410356 1 BCN
19   41.13745248 -121.12862283 1 WS
19   41.14176972 -121.11909994 1 WS
1     4380 0 0 6CA1 Triple R Ranch
100   12.19   3   0 0.25 0 2 0 15   41.74538481 -121.88044782    0.00    0.00 1  0 0 0 33   41.73992119 -121.87622018    0.00    0.00 1  0 0 0
14   41.74551400 -121.87953900    6 0 ATC Tower
15   41.74529600 -121.87930300 200.00 LOC
18   41.74284501 -121.87788819 1 BCN
19   41.74549100 -121.88019600 0 WS
19   41.73980700 -121.87648000 0 WS
1     4044 0 0 O81  Tulelake Muni
100   13.41   1   0 0.25 0 2 1 11   41.89027800 -121.36471900    0.00    0.00 2  0 0 0 29   41.88416700 -121.35445000    0.00    0.00 2  0 0 0
10   41.88694000 -121.35988600 xxx 128.64  3568 0.0 0.0    72 101101  4 0 0 0.35 0
10   41.88781400 -121.35849000 xxx 218.64  2532 0.0 0.0    82 101101  4 0 0 0.35 0
10   41.88868000 -121.36344900 xxx 128.64   657 0.0 0.0   244 161161  1 0 0 0.35 0
10   41.89008700 -121.36481500 xxx 218.64   132 0.0 0.0    22 101101  1 0 0 0.35 0
10   41.88902300 -121.36299100 xxx 218.64   132 0.0 0.0    22 161161  1 0 0 0.35 0
14   41.88890100 -121.36351000    0 0 ATC Tower
15   41.88826800 -121.36277800   0.00 LOC
18   41.88755276 -121.35922985 1 BCN
19   41.89046500 -121.36451700 1 WS
19   41.88398000 -121.35465200 1 WS
51 12290 CTAF