1     4229 0 0 KBMC Brigham City
100   29.87   1   0 0.00 0 2 0 16   41.56268600 -112.06233600    0.00    0.00 2  0 0 0 34   41.54210300 -112.06209700    0.00    0.00 2  0 0 1
21   41.54390010 -112.06252957  1 359.50   3.00 34  VASI
110   1 0.00   0.00 New Taxiway 104
111  41.55537489 -112.06243372  53 
111  41.55526206 -112.06261465  53 
111  41.55518308 -112.06309712  53 
112  41.55472612 -112.06324790  41.55446511 -112.06323918  53 
111  41.55435378 -112.06312728  53 
111  41.55424095 -112.06284081  53 
111  41.55419582 -112.06251665  53 
111  41.55409991 -112.06241864 
111  41.55449482 -112.06241864  53 
111  41.55441019 -112.06260711  53 
111  41.55441584 -112.06290866  53 
112  41.55474304 -112.06305943  41.55499318 -112.06304490  53 
111  41.55506461 -112.06293127  53 
111  41.55510410 -112.06260711  53 
113  41.55494050 -112.06242618 
110   1 0.00   0.00 New Taxiway 103
111  41.54230349 -112.06227541  53 
111  41.54223579 -112.06245631  53 
112  41.54224708 -112.06278794  41.54225272 -112.06281055  53 
111  41.54232042 -112.06292361  53 
111  41.54948515 -112.06300658  53 
111  41.54956977 -112.06287844  53 
111  41.54957541 -112.06241863  53 
111  41.54950207 -112.06235833 
111  41.54972773 -112.06236586  53 
111  41.54968260 -112.06245632  53 
111  41.54968260 -112.06311965  53 
111  41.54537248 -112.06307434  53 
111  41.54529914 -112.06318740  53 
111  41.54527657 -112.06434814  53 
111  41.54519195 -112.06434814  53 
111  41.54519195 -112.06321755  53 
111  41.54509604 -112.06308188  53 
111  41.54345436 -112.06308188  53 
111  41.54340923 -112.06323263  53 
111  41.54377593 -112.06327031  53 
111  41.54378157 -112.06355673  53 
111  41.54416519 -112.06354919  53 
111  41.54418776 -112.06426523  53 
111  41.54361232 -112.06432553  53 
111  41.54357283 -112.06510940  53 
111  41.54221323 -112.06508679  53 
111  41.54218502 -112.06480037  53 
111  41.54208347 -112.06476268  53 
111  41.54137435 -112.06409173  53 
111  41.54134887 -112.06296001  53 
111  41.54195393 -112.06294299  53 
111  41.54208767 -112.06283237  53 
113  41.54210997 -112.06227927 
130 Airport Boundary 113
111  41.54193671 -112.06553925 
111  41.54113564 -112.06423649 
111  41.53901109 -112.06400386 
111  41.53901109 -112.06163097 
111  41.53918523 -112.06004905 
111  41.56558546 -112.06102577 
111  41.56534166 -112.06321285 
111  41.56353056 -112.06372472 
111  41.56349573 -112.06302672 
111  41.56279916 -112.06311979 
111  41.56119703 -112.06414353 
111  41.55781864 -112.06298018 
111  41.55750518 -112.06428313 
111  41.55099219 -112.06456233 
111  41.54622065 -112.06446926 
113  41.54601168 -112.06553954 
120 Linear Feature 112
111  41.54223428 -112.06255092  54 103 
115  41.54210532 -112.06254389 
120 Linear Feature 110
111  41.54967967 -112.06288150  54 103 
115  41.54956913 -112.06288150 
120 Linear Feature 108
111  41.55516143 -112.06311006  54 103 
115  41.55505485 -112.06295021 
120 Linear Feature 106
111  41.55444366 -112.06295020  54 103 
115  41.55433056 -112.06307518 
18   41.54518917 -112.06474580 1 BCN
19   41.56183716 -112.06167199 1 WS
19   41.54257141 -112.06254577 1 WS
50 13507 AWOS 3
51 12305 CTAF/UNICOM
52 12600 CLNC DEL
55 12110 APP/DEP
1     4260 0 1 UT48 LBL Farms
100   15.24   4   0 0.25 0 0 0 09   41.15146350 -112.10498991    0.00    0.00 1  0 0 0 27   41.14897872 -112.09267455    0.00    0.00 1  0 0 0
19   41.15169771 -112.10509516 1 WS
19   41.14874450 -112.09256935 1 WS
1     4473 1 0 KOGD Ogden Hinckley
100   46.02   1   0 0.00 0 3 0 03   41.18802500 -112.02082200    0.00   46.02 3 10 0 0 21   41.20379200 -112.00006900  259.08  116.13 2  0 0 0
100   46.02   1   0 0.00 0 2 0 07   41.19786100 -112.02221900    0.00    0.00 2  0 0 0 25   41.19792500 -112.00187500   47.85    0.00 2  0 0 0
100   46.02   1   0 0.00 0 2 0 16   41.20129052 -112.01496700   46.02    0.00 2  0 0 1 34   41.18662500 -112.01490600    0.00    0.00 2  0 0 1
21   41.19089053 -112.01780660  2  44.72   3.00 03  PAPI-4L
21   41.19824545 -112.01982915  1  89.75   3.00 07  VASI
21   41.19908246 -112.01442276  2 179.82   3.00 16  PAPI-4L
21   41.19969337 -112.00423515  2 224.73   3.00 21  PAPI-4L
21   41.18881843 -112.01564449  2 359.82   3.00 34  PAPI-4L
110   1 0.00   0.00 New Taxiway 11
112  41.20081399 -112.01469283  41.20111367 -112.01470610  53 102 
111  41.20105374 -112.01433438  53 102 
111  41.20001483 -112.01097562  53 102 
111  41.19975510 -112.01048442  53 102 
111  41.19809685 -112.00825409 
111  41.19809685 -112.00792220 
111  41.19818675 -112.00780271  53 102 
111  41.19830663 -112.00822754  53 102 
112  41.19996488 -112.01040476  41.20005479 -112.01049769  53 102 
111  41.20020463 -112.01089596  53 102 
111  41.20086394 -112.01315284  53 102 
111  41.20111367 -112.01328560  53 102 
111  41.20126351 -112.01372370  53 102 
111  41.20115363 -112.01413525  53 102 
113  41.20128349 -112.01469283 
110   1 0.00   0.00 New Taxiway 10
111  41.19455899 -112.01465658  53 102 
111  41.19469408 -112.01447705  53 102 
111  41.19436385 -112.01307077  53 102 
111  41.19419874 -112.01306079 
111  41.19449144 -112.01266185  53 102 
111  41.19447643 -112.01288127  53 102 
111  41.19486671 -112.01457679  53 102 
113  41.19500180 -112.01466655 
110   1 0.00   0.00 New Taxiway 9
111  41.19765115 -112.02220670  53 102 
111  41.19749354 -112.02219672  53 102 
111  41.19676553 -112.02175788  53 102 
112  41.19647283 -112.02137888  41.19639778 -112.02110959  53 102 
111  41.19495677 -112.01549443  53 102 
112  41.19461903 -112.01521517  41.19442390 -112.01522514 
111  41.19539207 -112.01521517  53 102 
111  41.19515941 -112.01529496  53 102 
111  41.19509937 -112.01550440  53 102 
111  41.19655539 -112.02117940  53 102 
112  41.19681807 -112.02157834  41.19705824 -112.02172795  53 102 
111  41.19747103 -112.02195739  53 102 
111  41.19760612 -112.02191750  53 102 
113  41.19765115 -112.02174794  53 102 
110   1 0.00   0.00 New Taxiway 2
111  41.18662807 -112.01463952  53 102 
111  41.18666754 -112.01451965  53 102 
111  41.18666754 -112.01432484  53 102 
111  41.18648710 -112.01416001  53 102 
111  41.18648710 -112.01368049  53 102 
111  41.18666754 -112.01356061  53 102 
112  41.18675776 -112.01299867  41.18687054 -112.01286381  53 102 
111  41.18765433 -112.01186729  53 102 
111  41.18753591 -112.01162753  53 102 
111  41.18771072 -112.01143272  53 102 
111  41.18785169 -112.01165750  53 102 
111  41.18914861 -112.01024888  53 102 
111  41.18944747 -112.01025637  53 102 
111  41.18944747 -112.01003159  53 102 
111  41.18957716 -112.01002410  53 102 
111  41.18957716 -112.00946215  53 102 
111  41.18972377 -112.00930480  53 102 
111  41.18972941 -112.01022640  53 102 
111  41.19002263 -112.01024139  53 102 
111  41.19002263 -112.00944716  53 102 
111  41.18983091 -112.00944716  53 102 
111  41.18984219 -112.00923737  53 102 
111  41.19053576 -112.00927483  53 102 
111  41.19052448 -112.01027885  53 102 
111  41.19068237 -112.01027134  53 102 
111  41.19069928 -112.00928977  53 102 
111  41.19061470 -112.00928977  53 102 
111  41.19064853 -112.00857046  53 102 
111  41.19076131 -112.00857795  53 102 
111  41.19076695 -112.00838314  53 102 
111  41.19094175 -112.00835316  53 102 
111  41.19108272 -112.00848804  53 102 
111  41.19131955 -112.00848054  53 102 
111  41.19134775 -112.00767881  53 102 
111  41.19149999 -112.00764134  53 102 
111  41.19150563 -112.00923732  53 102 
111  41.19157894 -112.00923732  53 102 
111  41.19159585 -112.00763385  53 102 
111  41.19185524 -112.00761886  53 102 
111  41.19184396 -112.00926730  53 102 
111  41.19196238 -112.00925231  53 102 
111  41.19197365 -112.00755892  53 102 
111  41.19208643 -112.00755892  53 102 
111  41.19208079 -112.00924482  53 102 
111  41.19221048 -112.00924482  53 102 
111  41.19219921 -112.00830071  53 102 
111  41.19231198 -112.00830071  53 102 
111  41.19231198 -112.00782866  53 102 
111  41.19243040 -112.00781368  53 102 
111  41.19246423 -112.00924482  53 102 
111  41.19318600 -112.00925231  53 102 
111  41.19317472 -112.00955954  53 102 
111  41.19362018 -112.00954455  53 102 
111  41.19386829 -112.00917738  53 102 
111  41.19379499 -112.00884019  53 102 
111  41.19351305 -112.00827071  53 102 
111  41.19373296 -112.00804591  53 102 
111  41.19401490 -112.00841308  53 102 
111  41.19416151 -112.00824073  53 102 
111  41.19368785 -112.00761131  53 102 
111  41.19343410 -112.00696689  53 102 
111  41.19420098 -112.00612765  53 102 
111  41.19451675 -112.00651730  53 102 
111  41.19466900 -112.00624754  53 102 
111  41.19523852 -112.00692942  53 102 
111  41.19548099 -112.00665216  53 102 
111  41.19548099 -112.00594778  53 102 
111  41.19453931 -112.00592530  53 102 
111  41.19446037 -112.00569300  53 102 
111  41.19510319 -112.00459147  53 102 
111  41.19549227 -112.00453902  53 102 
111  41.19553738 -112.00413438  53 102 
111  41.19603359 -112.00342250  53 102 
111  41.19629862 -112.00369226  53 102 
111  41.19635500 -112.00348242  53 102 
112  41.19713316 -112.00243332  41.19715571 -112.00240335  53 102 
112  41.19770523 -112.00204758  41.19784620 -112.00199512  53 102 
111  41.20184156 -112.00034255  53 102 
112  41.20203328 -112.00017019  41.20216297 -112.00001281  53 102 
111  41.20252385 -111.99955568  53 102 
112  41.20320051 -111.99935334  41.20366853 -111.99953320  53 102 
111  41.20364034 -111.99986295  53 102 
111  41.20342042 -112.00017771  53 102 
112  41.20337531 -111.99982548  41.20323998 -111.99962314  53 102 
111  41.20313285 -111.99957068  53 102 
112  41.20263099 -111.99969808  41.20238288 -111.99999785  53 102 
111  41.20215169 -112.00029013  53 102 
112  41.20175698 -112.00059739  41.20157654 -112.00066484  53 102 
111  41.19813480 -112.00211432 
111  41.19771396 -112.00245583  53 102 
111  41.19760682 -112.00231345  53 102 
111  41.19730796 -112.00245583  53 102 
111  41.19658619 -112.00339255  53 102 
112  41.19647342 -112.00400702  41.19646778 -112.00459901  53 102 
111  41.19647342 -112.00679462  53 102 
112  41.19669897 -112.00717679  41.19694708 -112.00727421  53 102 
111  41.19748276 -112.00753648  53 102 
112  41.19769140 -112.00732666  41.19769140 -112.00710186 
111  41.19770268 -112.00775380 
111  41.19740382 -112.00809101  53 102 
112  41.19744329 -112.00778377  41.19731360 -112.00772382  53 102 
111  41.19651289 -112.00733416  53 102 
112  41.19621967 -112.00749152  41.19602795 -112.00773131  53 102 
111  41.19411076 -112.01030906  53 102 
112  41.19403182 -112.01076615  41.19409948 -112.01117079  53 102 
111  41.19422917 -112.01177025  53 102 
111  41.19442089 -112.01200254 
111  41.19403746 -112.01251958  53 102 
112  41.19408820 -112.01211494  41.19404873 -112.01186766  53 102 
111  41.19390776 -112.01117079  53 102 
112  41.19350741 -112.01107338  41.19322547 -112.01147801  53 102 
111  41.19196801 -112.01311152  53 102 
112  41.19112783 -112.01350115  41.19036659 -112.01347867  53 102 
111  41.18704534 -112.01346365  53 102 
111  41.18684234 -112.01361350  53 102 
111  41.18683106 -112.01440022  53 102 
113  41.18700023 -112.01463998 
111  41.19194546 -112.01069885  51 102 
111  41.19195110 -112.01134325  51 102 
111  41.19154510 -112.01136573  51 102 
111  41.19152255 -112.01056398  51 102 
111  41.19134211 -112.01055649  51 102 
111  41.19132519 -112.01218995  51 102 
111  41.19112219 -112.01178533  51 102 
111  41.19113911 -112.01057147  51 102 
111  41.19095303 -112.01056398  51 102 
111  41.19091356 -112.01184528  51 102 
111  41.19112783 -112.01189023  51 102 
111  41.19112783 -112.01219745  51 102 
111  41.19075567 -112.01221992  51 102 
111  41.19076695 -112.01056398  51 102 
111  41.18985346 -112.01052654  51 102 
111  41.18982527 -112.01064643  51 102 
111  41.18980271 -112.01302911  51 102 
111  41.18928958 -112.01303661  51 102 
111  41.18927830 -112.01054902  51 102 
112  41.18913170 -112.01061646  41.18912042 -112.01061646  51 102 
112  41.18691001 -112.01305909  41.18676904 -112.01323142  51 102 
111  41.18698895 -112.01326888  51 102 
112  41.19109964 -112.01326893  41.19166916 -112.01328391  51 102 
111  41.19187215 -112.01290177  51 102 
111  41.19329877 -112.01096110  51 102 
111  41.19321983 -112.01066888  51 102 
113  41.19233454 -112.01071384  51 102 
111  41.18967302 -112.01072883  51 102 
111  41.18958844 -112.01053401  51 102 
111  41.18948694 -112.01052652  51 102 
111  41.18946439 -112.01287181  51 102 
111  41.18954333 -112.01293176  51 102 
113  41.18963355 -112.01287181  51 102 
111  41.19445473 -112.00794884  51 102 
111  41.19403746 -112.00737185  51 102 
111  41.19396415 -112.00746926  51 102 
113  41.19439270 -112.00804625  51 102 
111  41.19467464 -112.00762662  51 102 
111  41.19427992 -112.00710958  51 102 
111  41.19421226 -112.00719950  51 102 
113  41.19460134 -112.00775401  51 102 
111  41.19487200 -112.00727444  51 102 
111  41.19452239 -112.00680985  51 102 
111  41.19444345 -112.00693724  51 102 
113  41.19479869 -112.00741681  51 102 
111  41.19512574 -112.00705713  51 102 
111  41.19479869 -112.00663001  51 102 
111  41.19482125 -112.00658505  51 102 
111  41.19472539 -112.00644267  51 102 
111  41.19464645 -112.00653259  51 102 
113  41.19507500 -112.00713206  51 102 
110   1 0.00   0.00 New Taxiway 1
111  41.18787988 -112.02061854  53 102 
112  41.18690437 -112.01928487  41.18669009 -112.01900765  53 102 
111  41.18669009 -112.01867049  53 102 
111  41.18669009 -112.01532133  53 102 
111  41.18663934 -112.01517897 
111  41.18688745 -112.01517897  53 102 
111  41.18683106 -112.01532882  53 102 
112  41.18682543 -112.01859556  41.18683106 -112.01910505  53 102 
111  41.18698331 -112.01915001  53 102 
111  41.18734983 -112.01902264  53 102 
111  41.18774455 -112.01953213  53 102 
111  41.18764869 -112.02001165  53 102 
111  41.18794755 -112.02040126  53 102 
113  41.18806596 -112.02038628 
130 Airport Boundary 12
111  41.19751762 -112.02518716 
111  41.19683359 -112.02537649 
111  41.19689059 -112.02310462 
111  41.19535153 -112.02219587 
111  41.19475301 -112.02212014 
111  41.19332795 -112.02109780 
111  41.19070584 -112.02098420 
111  41.18765622 -112.02552795 
111  41.18358055 -112.02567940 
111  41.18375156 -112.01469853 
111  41.20219181 -111.99591499 
111  41.20450040 -111.99731618 
111  41.20478542 -111.99883097 
111  41.20484242 -112.00356473 
111  41.20472841 -112.00496592 
111  41.20432940 -112.00750322 
111  41.20033923 -112.02007609 
114  41.19808764 -112.02446902  41.19794514 -112.02469624 
120 Linear Feature 27
111  41.18746731 -112.02005434  54 103 
115  41.18769847 -112.01973623 
120 Linear Feature 26
111  41.18682336 -112.01562266  54 103 
115  41.18668301 -112.01561169 
120 Linear Feature 25
111  41.18650139 -112.01416372  54 103 
115  41.18683162 -112.01414178 
120 Linear Feature 24
111  41.19732471 -112.02210644  54 103 
115  41.19737424 -112.02189799 
120 Linear Feature 23
111  41.19516169 -112.01578729  54 103 
115  41.19504611 -112.01582020 
120 Linear Feature 22
111  41.19463332 -112.01421852  54 103 
115  41.19476542 -112.01414172 
120 Linear Feature 21
111  41.19461681 -112.01357126  54 103 
115  41.19450123 -112.01364805 
120 Linear Feature 20
111  41.19398937 -112.01153076  54 103 
115  41.19415449 -112.01142105 
120 Linear Feature 19
111  41.20313170 -111.99957432  54 103 
115  41.20319854 -111.99935434 
120 Linear Feature 18
111  41.19839546 -112.00176560  54 103 
115  41.19840182 -112.00199825 
120 Linear Feature 17
111  41.19725914 -112.00251009  54 103 
115  41.19717957 -112.00239588 
120 Linear Feature 16
111  41.19704270 -112.00759464  54 103 
115  41.19710954 -112.00736199 
120 Linear Feature 15
111  41.19847185 -112.00844913  54 103 
115  41.19835408 -112.00860564 
120 Linear Feature 14
111  41.20102458 -112.01423183  54 103 
115  41.20115826 -112.01416415 
18   41.19343317 -112.00907020 1 BCN
19   41.18816688 -112.02178944 1 WS
19   41.19847639 -112.02276934 1 WS
19   41.20053390 -112.01412906 1 WS
19   41.20311216 -112.00261268 1 WS
19   41.19738263 -112.00328785 1 WS
19   41.18735237 -112.01566602 1 WS
50 12555 ASOS
51 11870 CTAF
51 12295 UNICOM
53 12170 GND
54 11870 TWR
55 12110 APP/DEP
1     4228 0 1 UT40 Payne Field
100   15.24   3   0 0.25 0 0 0 09   41.09879479 -112.11784089    0.00    0.00 1  0 0 0 27   41.09787187 -112.11327023    0.00    0.00 1  0 0 0
19   41.09902900 -112.11794604 1 WS
19   41.09763766 -112.11316510 1 WS
1     4333 0 0 U27  Tremonton Municipal
100   22.86   1   0 0.00 0 2 0 17   41.72181825 -112.18254424    0.00    0.00 2  0 0 0 35   41.71272050 -112.18458627    0.00    0.00 2  0 0 0
110   1 0.00   0.00 New Taxiway 81
112  41.71874426 -112.18309133  41.71884585 -112.18306040  53 
111  41.71882738 -112.18288718  53 
111  41.71878120 -112.18230564  53 
111  41.71861034 -112.18223759  53 
111  41.71860572 -112.18190352  53 
111  41.71888280 -112.18193445  53 
111  41.71890589 -112.18211386  53 
111  41.71885047 -112.18215717  53 
111  41.71885509 -112.18224996  53 
112  41.71891974 -112.18291192  41.71893359 -112.18301709  53 
113  41.71899363 -112.18304184 
110   1 0.00   0.00 New Taxiway 80
112  41.71513769 -112.18443378  41.71514230 -112.18466267  53 
111  41.71517001 -112.18475546  53 
111  41.71625522 -112.18468741  53 
111  41.71628292 -112.18505858  53 
111  41.71605665 -112.18506477  53 
111  41.71603817 -112.18549161  53 
111  41.71452812 -112.18542975  53 
111  41.71451889 -112.18513281  53 
112  41.71491141 -112.18513281  41.71504071 -112.18514519  53 
111  41.71506842 -112.18487300  53 
112  41.71503609 -112.18440285  41.71502224 -112.18431624  53 
111  41.71490679 -112.18423582 
113  41.71526699 -112.18414922  53 
130 Airport Boundary 82
111  41.71641932 -112.18473870 
111  41.71629955 -112.18579760 
111  41.71426335 -112.18584573 
111  41.71138872 -112.18571738 
111  41.71141267 -112.18385629 
111  41.71847947 -112.18225175 
111  41.71851541 -112.18181853 
111  41.71889869 -112.18183457 
111  41.71898253 -112.18209129 
111  41.72201287 -112.18146554 
111  41.72219254 -112.18164203 
113  41.72213265 -112.18324654 
18   41.71890068 -112.18364572 1 BCN
19   41.72162929 -112.18288556 1 WS
19   41.71294778 -112.18483579 1 WS
17    4308 0 1 UT14 [H] Brigham City Community Hospital
102 H1   41.49104444 -112.02661112   0.00   18.29   18.29   2 2   0 0.25 0
19   41.49129131 -112.02628155 1 WS