1     3651 0 0 NE19 Ag Air
100   10.97   3   0 0.25 0 0 0 10   41.60399826 -102.82825782    0.00    0.00 0  0 0 0 28   41.60026238 -102.82371180    0.00    0.00 0  0 0 0
110   3 0.25 137.70 New Taxiway 1
112  41.60210222 -102.82703146  41.60182280 -102.82673787 
112  41.60062481 -102.82489538  41.60050772 -102.82468986 
112  41.60017839 -102.82379932  41.60015644 -102.82360359 
112  41.60053699 -102.82268369  41.60062481 -102.82241946 
112  41.60066140 -102.82159741  41.60066872 -102.82142126 
111  41.60078581 -102.82142126 
112  41.60382291 -102.82187143  41.60394000 -102.82190079 
112  41.60386682 -102.82218459  41.60385218 -102.82239010 
112  41.60395464 -102.82368188  41.60401318 -102.82457243 
112  41.60409493 -102.82871127  41.60409493 -102.82878419 
112  41.60404040 -102.82873558  41.60400859 -102.82868089 
113  41.60387227 -102.82874773 
14   41.60376100 -102.82857939    6 0 New Tower Viewpoint 3
15   41.60386210 -102.82859826  94.93 New Ramp Start 1
19   41.60403515 -102.82787629 0 New Windsock 2
1     3682 0 0 KCNP BILLY G RAY FIELD
100   17.07   1   0 1.00 0 2 0 12   41.08098768 -102.46961166    0.00    0.00 2  0 0 0 30   41.07417181 -102.45883610   39.93    0.00 2  0 0 0
110   1 1.00 130.00 New Taxiway 161
111  41.08092181 -102.46948661 
111  41.08090489 -102.46932941 
111  41.08102714 -102.46922461 
111  41.08115974 -102.46942797 
113  41.08104501 -102.46954524 
110   1 1.00 130.00 New Taxiway 160
111  41.07424427 -102.45896477 
111  41.07423301 -102.45878046 
112  41.07428558 -102.45878212  41.07430060 -102.45878212 
111  41.07437195 -102.45869412 
111  41.07451214 -102.45887345 
112  41.07443954 -102.45895149  41.07441701 -102.45897307 
113  41.07440324 -102.45904281 
110   4 1.00 130.00 New Taxiway 159
111  41.07621284 -102.46056497 
112  41.07626561 -102.46057747  41.07628257 -102.46058497 
111  41.07628634 -102.46059497 
112  41.07630142 -102.46066996  41.07631461 -102.46069996 
111  41.08230614 -102.47021701 
112  41.08227972 -102.47022992  41.08226871 -102.47022992 
111  41.07622019 -102.46067627 
112  41.07618593 -102.46065354  41.07617502 -102.46064735 
114  41.07618437 -102.46059156  41.07618593 -102.46057504 
110   2 1.00 137.30 New Taxiway 158
111  41.07613187 -102.46012053 
111  41.07604777 -102.46021350 
111  41.07537340 -102.45912060 
113  41.07545750 -102.45903010 
110   1 1.00 130.00 New Taxiway 155
111  41.07567536 -102.46122503 
112  41.07567285 -102.46106865  41.07571800 -102.46108196 102 
111  41.07579325 -102.46102207 102 
112  41.07613186 -102.46065607  41.07615444 -102.46063943 102 
111  41.07614942 -102.46057289 
112  41.07529661 -102.45921537  41.07525899 -102.45916546 
111  41.07529661 -102.45909226 
112  41.07544961 -102.45894586  41.07548724 -102.45891924 
111  41.07552737 -102.45895252 
112  41.07640025 -102.46033000  41.07641781 -102.46035662 
111  41.07651061 -102.46038656 
111  41.07665860 -102.46062280 
111  41.07657771 -102.46075037 
111  41.07638617 -102.46046906 
111  41.07628812 -102.46059913 
111  41.07621971 -102.46067475 102 
112  41.07584575 -102.46111636  41.07581839 -102.46114963 102 
113  41.07579330 -102.46124643 
111  41.07632713 -102.46044778 
112  41.07633655 -102.46034779  41.07631959 -102.46031529 
111  41.07621029 -102.46016030 
111  41.07610099 -102.46029029 
112  41.07610287 -102.46038528  41.07612360 -102.46043028 
113  41.07621218 -102.46056277 
111  41.07545750 -102.45903010 
111  41.07537340 -102.45912060 
111  41.07604777 -102.46021350 
113  41.07613187 -102.46012053 
14   41.07621215 -102.46047160    6 0 New Tower Viewpoint 22
15   41.07655126 -102.46063724 126.55 New Ramp Start 24
18   41.07660480 -102.46043944 1 New Airport Beacon 26
19   41.07620037 -102.46115130 1 New Windsock 25
51 12290 CTAF
1     4300 0 1 NE34 Fehringer Aerodrome
100   19.81   3   0 0.25 0 0 0 17   41.04202922 -102.95262507    0.00    0.00 1  0 0 0 35   41.03572132 -102.95277105    0.00    0.00 1  0 0 0
19   41.04220285 -102.95226822 1 WS
19   41.03554769 -102.95312786 1 WS
1     3394 1 0 KOKS GARDEN CO
100   17.98   2   0 1.00 0 2 0 12   41.40636651 -102.36256038    0.00    0.00 2  0 0 0 30   41.39747149 -102.35015104    0.00    0.00 2  0 0 0
110   2 1.00 133.70 New Taxiway 1
111  41.40630001 -102.36250370 
112  41.40629816 -102.36231675  41.40637895 -102.36234646 102 
111  41.40642259 -102.36232294 102 
112  41.40650709 -102.36223380  41.40654331 -102.36218551 102 
111  41.40650709 -102.36206294 102 
112  41.40654981 -102.36201713  41.40655910 -102.36200599 102 
111  41.40655260 -102.36197132 102 
111  41.40646624 -102.36181780 102 
111  41.40471805 -102.35939004 
112  41.40470681 -102.35951437  41.40470232 -102.35957430 
111  41.40465288 -102.35963122 
111  41.40450681 -102.35980949 
111  41.40436411 -102.35982447 
112  41.40436074 -102.35961624  41.40447984 -102.35967766 
112  41.40460231 -102.35952786  41.40464838 -102.35947093 
111  41.40462204 -102.35928357 102 
112  41.40445911 -102.35905437  41.40440293 -102.35898397 
111  41.40426248 -102.35907085 
111  41.40413214 -102.35921616 
111  41.40417259 -102.35927309 
111  41.40414000 -102.35930754 
111  41.40398719 -102.35924912 
112  41.40397034 -102.35906486  41.40400405 -102.35908883 
111  41.40409056 -102.35909033 
112  41.40423551 -102.35896000  41.40428046 -102.35891206 
111  41.40438383 -102.35891356 102 
112  41.39906014 -102.35149639  41.39900779 -102.35142860 102 
112  41.39888965 -102.35147845  41.39886123 -102.35149639 102 
112  41.39874757 -102.35165589  41.39872364 -102.35170573 102 
111  41.39874159 -102.35176355 
111  41.39860550 -102.35173763 
112  41.39858755 -102.35155421  41.39863840 -102.35159209 102 
111  41.39869672 -102.35154823 102 
112  41.39885375 -102.35134487  41.39889264 -102.35130101 102 
111  41.39886721 -102.35121528 102 
112  41.39793410 -102.34990914  41.39789059 -102.34984571 102 
111  41.39781990 -102.34987652 102 
112  41.39764315 -102.35009582  41.39760780 -102.35014114 102 
111  41.39764043 -102.35022632 
111  41.39755478 -102.35022813 
111  41.39752895 -102.35008495 102 
112  41.39777911 -102.34978409  41.39784845 -102.34970796 102 
111  41.39796673 -102.34980584 102 
112  41.39892225 -102.35112690  41.39896310 -102.35118261 102 
111  41.39902439 -102.35112071 102 
112  41.40066424 -102.34898583  41.40068160 -102.34896813 102 
111  41.40066322 -102.34889731 
111  41.40020662 -102.34828588 
111  41.40050869 -102.34789803 
111  41.40060532 -102.34802536 
111  41.40072442 -102.34785759 
111  41.40155583 -102.34783149 
112  41.40162656 -102.34778763  41.40165453 -102.34775473 
111  41.40166769 -102.34766700 
111  41.40198848 -102.34766043 102 
111  41.40199836 -102.34818678 
112  41.40207238 -102.34818459  41.40209871 -102.34817801 
111  41.40209529 -102.34814096 
111  41.40211351 -102.34813853 
111  41.40211187 -102.34837320 
112  41.40210364 -102.34836004  41.40210200 -102.34835346 
111  41.40207074 -102.34833153 
111  41.40206745 -102.34851795 
112  41.40207896 -102.34851137  41.40208225 -102.34850917 
111  41.40211022 -102.34848286 
111  41.40210858 -102.34869559 
112  41.40209706 -102.34868024  41.40209542 -102.34867805 
111  41.40206087 -102.34867585 
111  41.40206416 -102.34914299 
112  41.40208554 -102.34912984  41.40209871 -102.34911887 
111  41.40211516 -102.34909694 
111  41.40211351 -102.34931625 
112  41.40209377 -102.34929871  41.40208884 -102.34928555 
111  41.40205429 -102.34927678 
111  41.40205100 -102.34945661 
111  41.40211187 -102.34944565 
112  41.40210529 -102.34961233  41.40210035 -102.34959698 
111  41.40205429 -102.34958162 
111  41.40166310 -102.34955242 
112  41.40166510 -102.34952129  41.40166510 -102.34949338 
112  41.40162323 -102.34930596  41.40159780 -102.34927805 
111  41.40156191 -102.34918833 
112  41.40156640 -102.34859818  41.40156191 -102.34849051 
111  41.40170099 -102.34846858 
112  41.40170847 -102.34801998  41.40171744 -102.34795020 
111  41.40164715 -102.34787843 
112  41.40134207 -102.34788042  41.40132412 -102.34787643 
111  41.40129271 -102.34789438 
111  41.40129766 -102.34796874 
111  41.40158175 -102.34796615 
111  41.40158285 -102.34832104 
111  41.40151106 -102.34840079 
111  41.40151403 -102.34960563 
111  41.40129852 -102.34959905 
111  41.40129660 -102.34991646 
111  41.40115038 -102.34991727 
111  41.40115211 -102.34960124 
111  41.40109124 -102.34958370 102 
111  41.40109453 -102.34898278 102 
112  41.40097115 -102.34882049  41.40093331 -102.34878320 102 
111  41.40090863 -102.34882487 102 
112  41.39914331 -102.35111833  41.39904461 -102.35123995 102 
111  41.39912547 -102.35141059 102 
111  41.40675265 -102.36206782 102 
113  41.40642045 -102.36249210 
111  41.40078756 -102.34852117 
111  41.40061197 -102.34870799 
111  41.40070483 -102.34884079 
112  41.40076983 -102.34884642  41.40078840 -102.34882278 
111  41.40081964 -102.34877439 
113  41.40083146 -102.34859432 
111  41.40083108 -102.34832109 
111  41.40083333 -102.34799304 
111  41.40071985 -102.34799005 
113  41.40065131 -102.34808741 
112  41.40093793 -102.34793174  41.40090802 -102.34793373 
111  41.40089606 -102.34799753 
111  41.40089456 -102.34807329 
111  41.40096934 -102.34808326 
111  41.40096934 -102.34798756 
111  41.40102766 -102.34798956 
113  41.40102617 -102.34793373 
120 Linear Feature 16
111  41.40457781 -102.35956390   4 
115  41.40463399 -102.35964970 
120 Linear Feature 17
111  41.40652293 -102.36213751   4 
115  41.40660581 -102.36225313 
120 Linear Feature 15
111  41.40421110 -102.35899057   4 
115  41.40426116 -102.35906819 
120 Linear Feature 14
111  41.39880611 -102.35141073   4 
115  41.39886123 -102.35149639 
120 Linear Feature 13
111  41.39766397 -102.34992099   4 
115  41.39771884 -102.34999864 
120 Linear Feature 12
111  41.39871084 -102.35159417   1 
112  41.39852791 -102.35161528  41.39846240 -102.35152136   1 
115  41.39827947 -102.35126927 
120 Linear Feature 11
111  41.39906109 -102.35115545   1 
116  41.39889571 -102.35116403  41.39884361 -102.35109322 
120 Linear Feature 10
111  41.39889571 -102.35116403   1 
116  41.39888740 -102.35138395  41.39881794 -102.35147655 
120 Linear Feature 9
111  41.39908854 -102.35144271   1 
116  41.39888740 -102.35138395  41.39881589 -102.35145748 
120 Linear Feature 8
111  41.39908854 -102.35144271   1 
116  41.39906109 -102.35115545  41.39912953 -102.35097297 
120 Linear Feature 7
111  41.39896957 -102.35223415   1 
111  41.39869439 -102.35184737   1 
112  41.39871084 -102.35159417  41.39878861 -102.35150445   1 
111  41.39888740 -102.35138395   1 
111  41.39906109 -102.35115545   1 
111  41.40068620 -102.34902471   1 
115  41.40090786 -102.34872649 
120 Linear Feature 6
111  41.40465965 -102.35922729   1 
112  41.40466475 -102.35949511  41.40463632 -102.35960387   1 
111  41.40453621 -102.35968297   1 
112  41.40430879 -102.35968791  41.40421238 -102.35955444   1 
111  41.40407766 -102.35936823   1 
112  41.40409991 -102.35914413  41.40419631 -102.35906009   1 
111  41.40424699 -102.35901725   1 
116  41.40449395 -102.35899660  41.40457182 -102.35907404 
120 Linear Feature 5
111  41.40640417 -102.36243846   1 
111  41.40658336 -102.36219922   1 
112  41.40657250 -102.36191936  41.40648383 -102.36178425   1 
111  41.40465965 -102.35922729   1 
111  41.40449395 -102.35899660   1 
111  41.39908854 -102.35144271   1 
111  41.39889571 -102.35116403   1 
111  41.39797295 -102.34987989   1 
112  41.39778319 -102.34984023  41.39771262 -102.34991743   1 
115  41.39757147 -102.35010318 
14   41.40154226 -102.34872518    6 0 New Tower Viewpoint 1
15   41.40133333 -102.34860237 295.46 New Ramp Start 2
18   41.40113576 -102.35103139 1 New Airport Beacon 4
19   41.40015085 -102.35213785 1 New Windsock 3
51 12280 CTAF/UNICOM
54 12880 unnamed entity
1     4100 0 1 1NE6 Miller Airstrip
100   22.86   3   0 0.25 0 0 0 36   41.33824903 -102.77830131    0.00    0.00 1  0 0 0 18   41.34338151 -102.77709593    0.00    0.00 1  0 0 0
100   22.86   3   0 0.25 0 0 0 09   41.34124395 -102.78093676    0.00    0.00 1  0 0 0 27   41.34038659 -102.77446048    0.00    0.00 1  0 0 0
19   41.33809977 -102.77875184 1 WS
19   41.34158222 -102.78113557 1 WS
19   41.34353076 -102.77664536 1 WS
19   41.34004832 -102.77426171 1 WS
1     3528 0 0 0NE5 Newman
100   27.13   3   0 0.25 0 0 0 14   41.02486494 -102.02003738    0.00    0.00 0  0 0 0 32   41.01782981 -102.01609883    0.00    0.00 0  0 0 0
110   5 1.00   0.00 New Taxiway 1
111  41.01788849 -102.01601595 
112  41.01778364 -102.01578436  41.01778364 -102.01575348 
111  41.01778364 -102.01538293 
111  41.01733512 -102.01529801 
111  41.01732930 -102.01525169 
112  41.01771957 -102.01524397  41.01778364 -102.01524397 
111  41.01778947 -102.01518993 
111  41.01783024 -102.01462639 
111  41.01652546 -102.01455691 
111  41.01653129 -102.01448743 
111  41.02178594 -102.01459422 
111  41.02179447 -102.01470725 
112  41.01794890 -102.01463763  41.01790654 -102.01463763 
112  41.01790124 -102.01489028  41.01791183 -102.01498854 
112  41.01813424 -102.01525522  41.01817131 -102.01527628 
112  41.01839901 -102.01540260  41.01844137 -102.01546577 
111  41.01845196 -102.01562718 
112  41.01788006 -102.01562718  41.01781122 -102.01563420 
112  41.01787476 -102.01580965  41.01790124 -102.01587282 
113  41.01802303 -102.01606231 
14   41.01798051 -102.01549081    6 0 New Tower Viewpoint 13
15   41.01786514 -102.01538536 266.79 New Ramp Start 12
19   41.01780944 -102.01631337 0 New Windsock 14
1     3850 0 1 3NE7 Pawlet Ranch
100   13.72   3   0 0.25 0 0 0 36   41.82536455 -102.34358715    0.00    0.00 1  0 0 0 18   41.83292821 -102.34179731    0.00    0.00 1  0 0 0
19   41.82527490 -102.34385879 1 WS
19   41.83301786 -102.34152563 1 WS
1     4313 0 0 KSNY SIDNEY MUNI LLOYD W CARR FLD
100   29.87   2   0 1.00 0 3 0 12   41.10771900 -102.99378067  246.89    0.00 2  0 0 1 30   41.09493300 -102.97681000    0.00    0.00 2  0 0 1
100   22.86  15   0 1.00 0 0 0 02   41.09449107 -102.98757801    0.00    0.00 0  0 0 0 20   41.10243393 -102.97986378    0.00    0.00 0  0 0 0
21   41.10668016 -102.99175843  2 135.04   3.00 12  PAPI-4L
21   41.09596214 -102.97881592  2 315.05   3.00 30  PAPI-4L
110   4 1.00   0.00 New Taxiway 16
111  41.10439462 -102.98428196 
111  41.10437601 -102.98396897 
111  41.10448964 -102.98396486 
112  41.10442862 -102.98407389  41.10440684 -102.98412758 
111  41.10447530 -102.98414203 
111  41.10487674 -102.98415442 
111  41.10487051 -102.98428864 
113  41.10483054 -102.98428708 
110   1 1.00  44.90 New Taxiway 15
111  41.10384245 -102.98435671 
112  41.10383921 -102.98441217  41.10385477 -102.98442869 
111  41.10389458 -102.98440320 
111  41.10370043 -102.98466314 
112  41.10370540 -102.98461659  41.10370455 -102.98458706 
113  41.10367821 -102.98456955 
110   1 1.00  44.90 New Taxiway 14
111  41.10373553 -102.98395286 
112  41.10374424 -102.98399799  41.10375414 -102.98401301 
111  41.10379375 -102.98399236 
111  41.10383901 -102.98405806 
111  41.10383837 -102.98425402 
111  41.10370105 -102.98443577 
111  41.10362118 -102.98437906 
111  41.10354479 -102.98446353 
111  41.10349529 -102.98439595 
111  41.10352499 -102.98435653 
113  41.10347600 -102.98429376 
110   1 1.00 116.90 New Taxiway 13
111  41.10275869 -102.98310628 
111  41.10305733 -102.98290774 
111  41.10313810 -102.98285552 
111  41.10330619 -102.98305810 
111  41.10338865 -102.98298789 
111  41.10359999 -102.98325532 
111  41.10353525 -102.98335532 
112  41.10390528 -102.98382331  41.10394296 -102.98386306 
111  41.10404634 -102.98388998 
112  41.10524109 -102.98388433  41.10535024 -102.98387226 
111  41.10535024 -102.98376362 
111  41.10543817 -102.98375154 
111  41.10543211 -102.98410162 
111  41.10535328 -102.98410162 
111  41.10535024 -102.98395676 
111  41.10527141 -102.98397286 
111  41.10448964 -102.98396486 
111  41.10437601 -102.98396897 
112  41.10406779 -102.98396897  41.10396505 -102.98396897 
111  41.10385912 -102.98387790 
111  41.10345509 -102.98336412 
111  41.10332650 -102.98331975 
111  41.10324262 -102.98321909 
111  41.10321750 -102.98324986 
111  41.10320204 -102.98322422 
111  41.10309287 -102.98335371 
111  41.10301655 -102.98324730 
111  41.10299626 -102.98335243 
111  41.10292380 -102.98346270 
111  41.10284232 -102.98350616 
111  41.10274132 -102.98336979 
113  41.10267223 -102.98315783 
110   2 1.00 116.90 New Taxiway 12
111  41.10305733 -102.98290774 
112  41.10306562 -102.98283629  41.10305319 -102.98280605 
111  41.10287302 -102.98233335 
111  41.10267006 -102.98241854 
111  41.10266592 -102.98239381 
111  41.10289994 -102.98224815 
111  41.10311532 -102.98281705 
113  41.10313810 -102.98285552 
110   2 1.00  44.90 New Taxiway 11
111  41.10222050 -102.98381835 
111  41.10170872 -102.98248775 
111  41.10244545 -102.98196897 
111  41.10257075 -102.98230484 
111  41.10238531 -102.98242789 
111  41.10239283 -102.98243786 
111  41.10245798 -102.98239131 
111  41.10251311 -102.98253430 
111  41.10244295 -102.98258086 
111  41.10248304 -102.98269392 
111  41.10268417 -102.98256539 
111  41.10275117 -102.98276708 
111  41.10264091 -102.98285022 
111  41.10265595 -102.98288015 
111  41.10271609 -102.98284357 
111  41.10278124 -102.98300984 
111  41.10273112 -102.98303977 
111  41.10275869 -102.98310628 
111  41.10267223 -102.98315783 
111  41.10258578 -102.98320937 
113  41.10268030 -102.98346183 
110   2 1.00  44.90 New Taxiway 1
111  41.10483043 -102.98481140 
111  41.10440534 -102.98482492 
111  41.10400195 -102.98535791 
112  41.10356712 -102.98478455  41.10355070 -102.98476917 
111  41.10354200 -102.98479096 
111  41.10328624 -102.98512870 
111  41.10237916 -102.98392769 102 
112  41.10223833 -102.98413656  41.10218034 -102.98424924 102 
111  41.10223212 -102.98433169 
112  41.10826003 -102.99228834  41.10854414 -102.99265406 
111  41.10831744 -102.99298384 
111  41.10780961 -102.99365579 
111  41.10732594 -102.99329382 
111  41.10702442 -102.99261555 
111  41.10708666 -102.99255360 
112  41.10730591 -102.99270754  41.10744736 -102.99273945 
111  41.10757042 -102.99260429 
112  41.10785249 -102.99222431  41.10791944 -102.99212699 
111  41.10786737 -102.99197890 
112  41.10213101 -102.98443104  41.10208137 -102.98438107 102 
111  41.10202147 -102.98441968 102 
111  41.10148917 -102.98509653 102 
111  41.10148917 -102.98526234 
111  41.10126325 -102.98523508 
111  41.10122731 -102.98491483 102 
111  41.10140188 -102.98491937 102 
112  41.10191193 -102.98424025  41.10194273 -102.98419482 102 
111  41.10190679 -102.98410851 
112  41.09622274 -102.97659548  41.09617762 -102.97653560 
111  41.09611071 -102.97659135 
112  41.09574818 -102.97707861  41.09561281 -102.97727681 
111  41.09581975 -102.97760922 
111  41.09579641 -102.97770419 
111  41.09534674 -102.97733049 
111  41.09502687 -102.97668531 
112  41.09548697 -102.97606559  41.09568517 -102.97579354 
111  41.09595520 -102.97604798 
112  41.10194485 -102.98395742  41.10201091 -102.98403602 102 
111  41.10209976 -102.98397858 102 
112  41.10220227 -102.98386672  41.10221594 -102.98385463 102 
111  41.10222050 -102.98381835 
111  41.10268030 -102.98346183 
111  41.10284821 -102.98368585 
111  41.10296727 -102.98354347 
111  41.10292380 -102.98346270 
111  41.10299626 -102.98335243 
111  41.10301655 -102.98324730 
111  41.10309287 -102.98335371 
111  41.10320204 -102.98322422 
111  41.10321750 -102.98324986 
111  41.10324262 -102.98321909 
111  41.10358613 -102.98369260 
111  41.10335684 -102.98398598 
112  41.10332054 -102.98394044  41.10331526 -102.98393343 
111  41.10329877 -102.98393518 
111  41.10316637 -102.98410999 
111  41.10332969 -102.98431998 
111  41.10337615 -102.98431806 
111  41.10369343 -102.98389988 
111  41.10373553 -102.98395286 
111  41.10347600 -102.98429376 
111  41.10342250 -102.98436264 
111  41.10341452 -102.98442939 
111  41.10352758 -102.98459364 
111  41.10357622 -102.98459942 
111  41.10370105 -102.98443577 
111  41.10383837 -102.98425402 
111  41.10386462 -102.98421950 
111  41.10390454 -102.98427151 
111  41.10384245 -102.98435671 
111  41.10367821 -102.98456955 
111  41.10362411 -102.98464648 
111  41.10362218 -102.98470417 
112  41.10373715 -102.98485418  41.10375357 -102.98487342 
111  41.10378738 -102.98485418 
112  41.10387917 -102.98472982  41.10388786 -102.98470930 
111  41.10388013 -102.98467725 
111  41.10383319 -102.98460876 
111  41.10374101 -102.98472597 
111  41.10370043 -102.98466314 
111  41.10389458 -102.98440320 
111  41.10393741 -102.98446581 
111  41.10385816 -102.98457274 
112  41.10391128 -102.98464113  41.10392144 -102.98465173 
111  41.10394685 -102.98464306 
111  41.10411331 -102.98442448 
111  41.10415323 -102.98447650 
112  41.10415831 -102.98454489  41.10417065 -102.98456127 
111  41.10419896 -102.98455163 
111  41.10434994 -102.98475296 
111  41.10439462 -102.98468982 
111  41.10439462 -102.98428196 
113  41.10483054 -102.98428708 
111  41.10427241 -102.98471650 
111  41.10424074 -102.98475942 
112  41.10427439 -102.98480233  41.10428297 -102.98481634 
113  41.10432454 -102.98478656 
111  41.10420775 -102.98480233 
111  41.10416353 -102.98486100 
111  41.10419587 -102.98490303 
112  41.10424140 -102.98489515  41.10425262 -102.98487851 
113  41.10424272 -102.98484611 
111  41.10413120 -102.98490479 
111  41.10408369 -102.98496521 
111  41.10411338 -102.98500374 
112  41.10415958 -102.98500374  41.10417343 -102.98498710 
113  41.10416221 -102.98494595 
111  41.10402504 -102.98504481 
111  41.10392466 -102.98491322 
111  41.10393203 -102.98490452 
111  41.10388163 -102.98483492 
112  41.10382017 -102.98491703  41.10380379 -102.98493932 
111  41.10382099 -102.98497195 
112  41.10394846 -102.98513279  41.10399534 -102.98519380 
112  41.10408503 -102.98510228  41.10409404 -102.98509092 
111  41.10408052 -102.98504665 
113  41.10405168 -102.98500897 
111  41.10399057 -102.98482725 
111  41.10396286 -102.98479049 
112  41.10392564 -102.98477786  41.10391501 -102.98479309 
111  41.10393684 -102.98482317 
113  41.10396454 -102.98485919 
111  41.10407089 -102.98471992 
111  41.10404346 -102.98468278 
112  41.10399673 -102.98468427  41.10398245 -102.98470284 
111  41.10399393 -102.98474369 
113  41.10402247 -102.98478232 
111  41.10414679 -102.98462017 
111  41.10412139 -102.98458647 
112  41.10407669 -102.98457928  41.10406145 -102.98459860 
111  41.10407398 -102.98463635 
113  41.10410378 -102.98467635 
111  41.10324118 -102.98384351 
111  41.10314896 -102.98372345 
111  41.10322449 -102.98362205 
111  41.10313578 -102.98350549 
111  41.10304005 -102.98362088 
111  41.10305498 -102.98364419 
111  41.10313227 -102.98354978 
111  41.10315599 -102.98358125 
111  41.10295046 -102.98383068 
113  41.10310241 -102.98402767 
111  41.10303847 -102.98365369 
111  41.10297387 -102.98356314 
111  41.10286281 -102.98370571 
113  41.10292741 -102.98379241 
112  41.10751939 -102.99301160  41.10746969 -102.99307206 
111  41.10751525 -102.99312978 
112  41.10768921 -102.99322323  41.10780519 -102.99326721 
111  41.10794809 -102.99312703 
112  41.10820903 -102.99278072  41.10824217 -102.99272575 
112  41.10816140 -102.99249212  41.10810134 -102.99239043 
113  41.10792116 -102.99247838 
111  41.09590140 -102.97652072 
112  41.09588069 -102.97626790  41.09581649 -102.97617996 
112  41.09566323 -102.97619096  41.09561974 -102.97624042 
111  41.09541472 -102.97650698 
112  41.09533395 -102.97683674  41.09536708 -102.97700987 
111  41.09541886 -102.97708132 
114  41.09548720 -102.97707857  41.09553276 -102.97700987 
110   3 0.25  36.20 New Taxiway 1
111  41.09455098 -102.98768462 
111  41.09442968 -102.98746807 
111  41.10236985 -102.97975667 
113  41.10249448 -102.97997909 
120 Linear Feature 36
111  41.10233214 -102.98335794   1 
115  41.10227221 -102.98339682 
120 Linear Feature 36
111  41.10221078 -102.98344053   1 
115  41.10215084 -102.98347942 
120 Linear Feature 36
111  41.10222323 -102.98308331   1 
115  41.10216329 -102.98312220 
120 Linear Feature 36
111  41.10210186 -102.98316590   1 
115  41.10204193 -102.98320479 
120 Linear Feature 36
111  41.10202875 -102.98257278   1 
115  41.10196881 -102.98261166 
120 Linear Feature 36
111  41.10190738 -102.98265537   1 
115  41.10184744 -102.98269426 
120 Linear Feature 36
111  41.10212333 -102.98283509   1 
115  41.10206339 -102.98287398 
120 Linear Feature 36
111  41.10200197 -102.98291769   1 
115  41.10194203 -102.98295658 
120 Linear Feature 36
111  41.10229602 -102.98354583   1 
115  41.10234661 -102.98351279 
120 Linear Feature 36
111  41.10217465 -102.98362842   1 
115  41.10222524 -102.98359539 
120 Linear Feature 36
111  41.10218710 -102.98327120   1 
115  41.10223769 -102.98323817 
120 Linear Feature 36
111  41.10206574 -102.98335380   1 
115  41.10211632 -102.98332076 
120 Linear Feature 36
111  41.10188635 -102.98247437   1 
115  41.10193693 -102.98244134 
120 Linear Feature 36
111  41.10176498 -102.98255697   1 
115  41.10181557 -102.98252393 
120 Linear Feature 36
111  41.10199262 -102.98276067   1 
115  41.10204321 -102.98272763 
120 Linear Feature 36
111  41.10187126 -102.98284326   1 
115  41.10192184 -102.98281023 
120 Linear Feature 36
111  41.10208720 -102.98302299   1 
115  41.10213779 -102.98298995 
120 Linear Feature 36
111  41.10196584 -102.98310558   1 
115  41.10201643 -102.98307255 
120 Linear Feature 35
111  41.10233214 -102.98335794   1 
115  41.10231169 -102.98330189 
120 Linear Feature 35
111  41.10221078 -102.98344053   1 
115  41.10219032 -102.98338448 
120 Linear Feature 35
111  41.10222323 -102.98308331   1 
115  41.10220277 -102.98302727 
120 Linear Feature 35
111  41.10210186 -102.98316590   1 
115  41.10208141 -102.98310986 
120 Linear Feature 35
111  41.10202875 -102.98257278   1 
115  41.10200829 -102.98251673 
120 Linear Feature 35
111  41.10190738 -102.98265537   1 
115  41.10188693 -102.98259932 
120 Linear Feature 35
111  41.10212333 -102.98283509   1 
115  41.10210287 -102.98277905 
120 Linear Feature 35
111  41.10200197 -102.98291769   1 
115  41.10198151 -102.98286164 
120 Linear Feature 35
111  41.10229602 -102.98354583   1 
115  41.10227556 -102.98348978 
120 Linear Feature 35
111  41.10217465 -102.98362842   1 
115  41.10215420 -102.98357238 
120 Linear Feature 35
111  41.10218710 -102.98327120   1 
115  41.10216665 -102.98321516 
120 Linear Feature 35
111  41.10206574 -102.98335380   1 
115  41.10204528 -102.98329775 
120 Linear Feature 35
111  41.10188635 -102.98247437   1 
115  41.10186589 -102.98241833 
120 Linear Feature 35
111  41.10176498 -102.98255697   1 
115  41.10174453 -102.98250092 
120 Linear Feature 35
111  41.10199262 -102.98276067   1 
115  41.10197216 -102.98270462 
120 Linear Feature 35
111  41.10187126 -102.98284326   1 
115  41.10185080 -102.98278722 
120 Linear Feature 35
111  41.10208720 -102.98302299   1 
115  41.10206675 -102.98296694 
120 Linear Feature 35
111  41.10196584 -102.98310558   1 
115  41.10194538 -102.98304954 
120 Linear Feature 35
111  41.10235237 -102.98341369   1 
115  41.10233214 -102.98335794 
120 Linear Feature 35
111  41.10223101 -102.98349628   1 
115  41.10221078 -102.98344053 
120 Linear Feature 35
111  41.10224345 -102.98313906   1 
115  41.10222323 -102.98308331 
120 Linear Feature 35
111  41.10212209 -102.98322166   1 
115  41.10210186 -102.98316590 
120 Linear Feature 35
111  41.10204897 -102.98262853   1 
115  41.10202875 -102.98257278 
120 Linear Feature 35
111  41.10192761 -102.98271112   1 
115  41.10190738 -102.98265537 
120 Linear Feature 35
111  41.10214356 -102.98289085   1 
115  41.10212333 -102.98283509 
120 Linear Feature 35
111  41.10202219 -102.98297344   1 
115  41.10200197 -102.98291769 
120 Linear Feature 35
111  41.10231625 -102.98360158   1 
115  41.10229602 -102.98354583 
120 Linear Feature 35
111  41.10219488 -102.98368417   1 
115  41.10217465 -102.98362842 
120 Linear Feature 35
111  41.10220733 -102.98332696   1 
115  41.10218710 -102.98327120 
120 Linear Feature 35
111  41.10208596 -102.98340955   1 
115  41.10206574 -102.98335380 
120 Linear Feature 35
111  41.10190657 -102.98253013   1 
115  41.10188635 -102.98247437 
120 Linear Feature 35
111  41.10178521 -102.98261272   1 
115  41.10176498 -102.98255697 
120 Linear Feature 35
111  41.10201285 -102.98281642   1 
115  41.10199262 -102.98276067 
120 Linear Feature 35
111  41.10189148 -102.98289901   1 
115  41.10187126 -102.98284326 
120 Linear Feature 35
111  41.10210743 -102.98307874   1 
115  41.10208720 -102.98302299 
120 Linear Feature 35
111  41.10198607 -102.98316133   1 
115  41.10196584 -102.98310558 
120 Linear Feature 34
111  41.10792022 -102.99233635   1 
116  41.10821340 -102.99238556  41.10831591 -102.99253673 
120 Linear Feature 33
111  41.10775077 -102.99253874   1 
111  41.10792022 -102.99233635   1 
116  41.10795838 -102.99201984  41.10788683 -102.99188742 
120 Linear Feature 32
111  41.10196878 -102.98431409   1 
116  41.10193102 -102.98403297  41.10184358 -102.98390499 
120 Linear Feature 31
111  41.10216444 -102.98407042   1 
116  41.10193102 -102.98403297  41.10182944 -102.98393570 
120 Linear Feature 30
111  41.10217856 -102.98437273   1 
116  41.10216444 -102.98407042  41.10223131 -102.98395779 
120 Linear Feature 29
111  41.10217856 -102.98437273   1 
116  41.10196878 -102.98431409  41.10184898 -102.98435483 
120 Linear Feature 28
111  41.10194595 -102.98610693   1 
111  41.10139411 -102.98537059   1 
116  41.10141583 -102.98503413  41.10156137 -102.98485306 
120 Linear Feature 27
111  41.10080074 -102.98458616   1 
111  41.10116938 -102.98507810   1 
112  41.10141583 -102.98503413  41.10156494 -102.98483625   1 
111  41.10196878 -102.98431409   1 
111  41.10216444 -102.98407042   1 
115  41.10241560 -102.98373591 
120 Linear Feature 26
111  41.09621077 -102.97649508   1 
112  41.09598524 -102.97657972  41.09588273 -102.97672784   1 
115  41.09583944 -102.97678527 
120 Linear Feature 25
111  41.09597157 -102.97621093   1 
116  41.09598524 -102.97657972  41.09591690 -102.97667343 
120 Linear Feature 24
111  41.10814494 -102.99305793   1 
111  41.10826303 -102.99290120   1 
112  41.10821340 -102.99238556  41.10801486 -102.99211298   1 
111  41.10795838 -102.99201984   1 
111  41.10217856 -102.98437273   1 
111  41.10193102 -102.98403297   1 
111  41.09621077 -102.97649508   1 
111  41.09597157 -102.97621093   1 
112  41.09561391 -102.97609606  41.09546812 -102.97626232   1 
115  41.09545900 -102.97627441 
120 Linear Feature 23
111  41.10807134 -102.99297161   4 
115  41.10819971 -102.99313743 
120 Linear Feature 22
111  41.10768624 -102.99245598   4 
115  41.10780947 -102.99261953 
120 Linear Feature 21
111  41.10168748 -102.98454385   4 
115  41.10180064 -102.98469573 
120 Linear Feature 20
111  41.09577319 -102.97669864   4 
115  41.09589664 -102.97686415 
120 Linear Feature 19
111  41.09539513 -102.97619016   4 
115  41.09552244 -102.97636420 
14   41.10303335 -102.98382146    6 0 New Tower Viewpoint 4
15   41.10221126 -102.98308825  27.40 New Ramp Start 1
18   41.10420775 -102.98423921 1 New Airport Beacon 3
19   41.10155587 -102.98921559 1 New Windsock 2
50 11802 ASOS
51 12280 CTAF/UNICOM