1      712 0 1 C11  Amana
100   28.96   3   0 0.25 0 0 0 08   41.79540570 -091.87575851    0.00    0.00 1  0 0 0 26   41.79627484 -091.86626373    0.00    0.00 1  0 0 0
19   41.79576053 -091.87616913 1 WS
19   41.79591998 -091.86585316 1 WS
1      820 0 1 IA25 Bartlett Field
100   30.48   3   0 0.25 0 1 0 09   41.80068882 -091.44448801    0.00    0.00 1  0 0 0 27   41.80044950 -091.43529477    0.00    0.00 1  0 0 0
18   41.80152862 -091.43984644 1 BCN
19   41.80110958 -091.44483651 1 WS
19   41.80002871 -091.43494633 1 WS
1      800 0 1 IA61 Estle Field
100   18.29   3   0 0.25 0 0 0 04   41.07815576 -091.94911833    0.00    0.00 1  0 0 0 22   41.08243646 -091.94400501    0.00    0.00 1  0 0 0
100   18.29   3   0 0.25 0 0 0 09   41.08034876 -091.94856186    0.00    0.00 1  0 0 0 27   41.08024346 -091.94456148    0.00    0.00 1  0 0 0
19   41.07819863 -091.94950780 1 WS
19   41.08060122 -091.94876864 1 WS
19   41.07999099 -091.94435472 1 WS
19   41.08239357 -091.94361553 1 WS
1      799 0 1 KFFL FAIRFIELD MUNI
100   22.86   1   0 0.25 0 2 0 18   41.05901900 -091.98163600    0.00    0.00 2  0 0 0 36   41.04803900 -091.98154400    0.00    0.00 2  0 0 1
100   50.29   4   0 0.25 0 0 0 08   41.05333900 -091.98687500    0.00    0.00 1  0 0 0 26   41.05375600 -091.97800800    0.00    0.00 1  0 0 0
21   41.05722091 -091.98125776  1 179.64   3.00 18  VASI
21   41.04983709 -091.98192220  1 359.64   3.00 36  VASI
110   1 0.30 179.64 Default taxiway for RWY 18
111  41.05901836 -091.98176943   3 102 
111  41.05901510 -091.98245448   3 102 
111  41.04803510 -091.98236232   3 102 
111  41.04803836 -091.98167739 
112  41.04824408 -091.98167912  41.04814121 -091.98168124   3 102 
111  41.04814043 -091.98184491   3 102 
112  41.04813939 -091.98206313  41.04813861 -091.98222680   3 102 
111  41.04824147 -091.98222766   3 102 
111  41.05347432 -091.98227157   3 102 
111  41.05347693 -091.98172298 
111  41.05357979 -091.98172384   3 102 
111  41.05357718 -091.98227243   3 102 
112  41.05881003 -091.98231634  41.05891289 -091.98231720   3 102 
111  41.05891367 -091.98215351   3 102 
112  41.05891471 -091.98193525  41.05891549 -091.98177155   3 102 
113  41.05881264 -091.98176771 
120 Default hold RWY 18 (near)
111  41.05901705 -091.98204524   4 
115  41.05891419 -091.98204438 
120 Default hold RWY 18 (centre)
111  41.05357848 -091.98199962   4 
115  41.05347562 -091.98199876 
120 Default hold RWY 18 (far)
111  41.04813991 -091.98195402   4 
115  41.04803705 -091.98195315 
18   41.05353495 -091.98063701 1 BCN
19   41.05398701 -091.98752998 1 WS
19   41.05922666 -091.98123030 1 WS
19   41.05310795 -091.97735310 1 WS
19   41.04783134 -091.98194963 1 WS
50 13202 AWOS 3
51 12270 CTAF/UNICOM
1      750 0 1 IA24 GREEN CASTLE
100   18.29   1   0 0.25 0 1 0 13   41.75888900 -091.73278100    0.00  426.72 2  0 0 0 31   41.75111100 -091.72277800    0.00    0.00 2  0 0 0
110   1 0.30 136.18 Default taxiway for RWY 13
111  41.75883358 -091.73285842   3 102 
111  41.75854716 -091.73325859   3 102 
111  41.75076959 -091.72325432   3 102 
111  41.75105601 -091.72285420 
112  41.75117477 -091.72300695  41.75111384 -091.72293275   3 102 
111  41.75104547 -091.72302826   3 102 
112  41.75095431 -091.72315560  41.75088594 -091.72325111   3 102 
111  41.75094532 -091.72332749   3 102 
111  41.75468566 -091.72813868   3 102 
111  41.75491511 -091.72781813 
111  41.75497449 -091.72789450   3 102 
111  41.75474504 -091.72821505   3 102 
112  41.75848538 -091.73302624  41.75854475 -091.73310261   3 102 
111  41.75861312 -091.73300709   3 102 
112  41.75870428 -091.73287974  41.75877265 -091.73278422   3 102 
113  41.75871483 -091.73270567 
120 Default hold RWY 13 (near)
111  41.75871808 -091.73301980   4 
115  41.75865870 -091.73294342 
120 Default hold RWY 13 (centre)
111  41.75485899 -091.72805586   4 
115  41.75479961 -091.72797949 
120 Default hold RWY 13 (far)
111  41.75099989 -091.72309193   4 
115  41.75094051 -091.72301556 
18   41.75540060 -091.72722376 1 BCN
19   41.75917867 -091.73269495 1 WS
19   41.75082133 -091.72286407 1 WS
1      668 0 1 KIOW IOWA CITY MUNI
100   45.72   2   0 0.25 0 2 0 07   41.63894200 -091.55501900    0.00    0.00 2  0 0 0 25   41.64286100 -091.53997200   45.72    0.00 2  0 0 0
100   45.72   2   0 0.25 0 2 0 12   41.64190300 -091.55272500    0.00    0.00 2  0 0 0 30   41.63581400 -091.54099200    0.00    0.00 2  0 0 0
100   45.72   2   0 0.25 0 0 0 18   41.63940800 -091.54495300    0.00    0.00 2  0 0 0 36   41.63245600 -091.54528300    0.00    0.00 2  0 0 0
21   41.63991569 -091.55292272  2  70.78   3.00 07  PAPI-4L
21   41.64175222 -091.54258855  2 250.79   3.00 25  PAPI-4L
110   2 0.00  70.78 Default taxiway for RWY 07
111  41.63874987 -091.55492938  53 102 
111  41.63777645 -091.55447532  53 102 
111  41.64169643 -091.53942920  53 102 
111  41.64266985 -091.53988329 
112  41.64253441 -091.54040315  41.64260000 -091.54014223  53 102 
111  41.64236689 -091.54003349  53 102 
112  41.64205608 -091.53988850  41.64182297 -091.53977975  53 102 
111  41.64175525 -091.54003968  53 102 
111  41.63996456 -091.54691291  53 102 
111  41.64074372 -091.54727636 
111  41.64067600 -091.54753629  53 102 
111  41.63989684 -091.54717284  53 102 
112  41.63810615 -091.55404607  41.63803843 -091.55430600  53 102 
111  41.63827154 -091.55441474  53 102 
112  41.63858235 -091.55455972  41.63881546 -091.55466846  53 102 
113  41.63888531 -091.55440952 
110   2 0.00 124.77 Default taxiway for RWY 12
111  41.64173586 -091.55288028  53 102 
111  41.64088908 -091.55366700  53 102 
111  41.63480068 -091.54193280  53 102 
111  41.63564746 -091.54114616 
112  41.63588211 -091.54159841  41.63576293 -091.54137401  53 102 
111  41.63556015 -091.54156239  53 102 
112  41.63528977 -091.54181357  41.63508699 -091.54200195  53 102 
111  41.63520432 -091.54222807  53 102 
111  41.63795520 -091.54752984  53 102 
111  41.63863299 -091.54690016 
111  41.63875032 -091.54712629  53 102 
111  41.63807253 -091.54775597  53 102 
112  41.64082341 -091.55305775  41.64094074 -091.55328387  53 102 
111  41.64114352 -091.55309547  53 102 
112  41.64141390 -091.55284427  41.64161668 -091.55265587  53 102 
113  41.64150120 -091.55242803 
130 Airport Boundary 8
111  41.63619546 -091.56379819 
111  41.63550011 -091.56316567 
111  41.63630671 -091.56089602 
111  41.63563918 -091.56056116 
111  41.63769741 -091.55259880 
111  41.63611201 -091.54898969 
111  41.63180086 -091.54913852 
111  41.63199556 -091.54366905 
111  41.63143928 -091.54232959 
111  41.63310811 -091.54009715 
112  41.63588950 -091.53849724  41.63755834 -091.53857165 
111  41.63588950 -091.53849724 
111  41.63981126 -091.53890652 
111  41.64406679 -091.53972508 
111  41.64448399 -091.54977105 
111  41.64289860 -091.55003150 
111  41.64278735 -091.55256159 
111  41.64445618 -091.55535214 
111  41.64281516 -091.55702647 
111  41.64209200 -091.55520331 
111  41.64195293 -091.55457078 
111  41.64036754 -091.55509169 
113  41.63903247 -091.56082161 
120 Default hold RWY 07 (near)
111  41.63835923 -091.55474716  54 
115  41.63842695 -091.55448723 
120 Default hold RWY 12 (near)
111  41.64139604 -091.55319600  54 
115  41.64127871 -091.55296987 
120 Default hold RWY 07 (centre)
111  41.64028536 -091.54735407  54 
115  41.64035308 -091.54709414 
120 Default hold RWY 12 (centre)
111  41.63841050 -091.54744199  54 
115  41.63829317 -091.54721586 
120 Default hold RWY 07 (far)
111  41.64221149 -091.53996099  54 
115  41.64227921 -091.53970106 
120 Default hold RWY 12 (far)
111  41.63542496 -091.54168798  54 
115  41.63530764 -091.54146185 
19   41.63938933 -091.55581070 1 WS
19   41.64264462 -091.55270625 1 WS
19   41.63979731 -091.54410817 1 WS
19   41.64241356 -091.53918036 1 WS
19   41.63507239 -091.54101089 1 WS
19   41.63206669 -091.54612773 1 WS
50 12807 ASOS
51 12280 CTAF/UNICOM
52 11905 CLNC DEL
55 11970 CEDAR RAPIDS APP/DEP
1      755 0 1 IA77 Keitzer Field
100   28.96   3   0 0.25 0 1 0 18   41.02957584 -091.14166824    0.00    0.00 1  0 0 0 36   41.02327082 -091.14196010    0.00    0.00 1  0 0 0
18   41.02639155 -091.14060777 1 BCN
19   41.02982267 -091.14114016 1 WS
19   41.02302399 -091.14248811 1 WS
1      840 0 1 8C4  MATHEWS MEM
100   18.29   2   0 0.25 0 2 0 11   41.76478600 -091.15809200    0.00    0.00 2  0 0 0 29   41.76192500 -091.14778100    0.00    0.00 2  0 0 0
110   2 0.30 110.40 Default taxiway for RWY 11
111  41.76471098 -091.15812941  53 102 
111  41.76432323 -091.15832275  53 102 
111  41.76146269 -091.14801128  53 102 
111  41.76185044 -091.14781795 
112  41.76190781 -091.14802476  41.76187702 -091.14792240  53 102 
111  41.76178447 -091.14796855  53 102 
112  41.76166106 -091.14803008  41.76156851 -091.14807622  53 102 
111  41.76159719 -091.14817963  53 102 
111  41.76295575 -091.15307686  53 102 
111  41.76326637 -091.15292198 
111  41.76329505 -091.15302538  53 102 
111  41.76298443 -091.15318026  53 102 
112  41.76434299 -091.15807748  41.76437167 -091.15818089  53 102 
111  41.76446422 -091.15813474  53 102 
112  41.76458763 -091.15807321  41.76468018 -091.15802706  53 102 
113  41.76465361 -091.15792260 
120 Default hold RWY 11 (near)
111  41.76455462 -091.15820738  54 
115  41.76452593 -091.15810398 
120 Default hold RWY 11 (centre)
111  41.76313869 -091.15310334  54 
115  41.76311001 -091.15299994 
120 Default hold RWY 11 (far)
111  41.76172277 -091.14799931  54 
115  41.76169408 -091.14789591 
18   41.76389638 -091.15266983 1 BCN
19   41.76507475 -091.15818343 1 WS
19   41.76163624 -091.14768962 1 WS
51 12290 CTAF
55 11970 CEDAR RAPIDS APP/DEP
1      803 0 1 8C9  Murphy Field - Private
100   36.58   3   0 0.25 0 1 0 36   41.41866769 -091.83343782    0.00    0.00 1  0 0 0 18   41.42469397 -091.83301664    0.00    0.00 1  0 0 0
18   41.42174112 -091.83476149 1 BCN
19   41.41836482 -091.83411829 1 WS
19   41.42499684 -091.83233609 1 WS
1      547 0 1 KMUT MUSCATINE MUNI
100   30.48   2   0 0.25 0 2 0 06   41.36229700 -091.15443900    0.00   60.96 2  0 0 1 24   41.37018300 -091.13735600    0.00  243.84 2  8 0 0
100   22.86   2   0 0.25 0 2 0 12   41.37328900 -091.15740000    0.00    0.00 2  0 0 1 30   41.36698100 -091.14547200    0.00    0.00 2  0 0 1
21   41.36350257 -091.15261166  1  58.40   3.00 06  VASI
21   41.37249826 -091.15520843  2 125.17   3.00 12  PAPI-4L
21   41.36895471 -091.13916503  2 238.41   3.00 24  PAPI-4L
21   41.36777197 -091.14766322  2 305.18   3.00 30  PAPI-4L
110   2 0.30  58.40 Default taxiway for RWY 06
111  41.36218210 -091.15434482  53 102 
111  41.36159613 -091.15386449  53 102 
111  41.36948339 -091.13678349  53 102 
111  41.37006936 -091.13726388 
112  41.36992563 -091.13757515  41.36999559 -091.13741795  53 102 
111  41.36985541 -091.13730303  53 102 
112  41.36966851 -091.13714981  41.36952834 -091.13703489  53 102 
111  41.36945647 -091.13719052  53 102 
111  41.36569250 -091.14534193  53 102 
111  41.36616166 -091.14572653 
111  41.36608980 -091.14588216  53 102 
111  41.36562064 -091.14549756  53 102 
112  41.36185667 -091.15364897  41.36178481 -091.15380460  53 102 
111  41.36192498 -091.15391950  53 102 
112  41.36211188 -091.15407271  41.36225206 -091.15418761  53 102 
113  41.36232583 -091.15403355 
110   2 0.30 125.17 Default taxiway for RWY 12
111  41.37320675 -091.15747722  53 102 
111  41.37278448 -091.15787370  53 102 
111  41.36647710 -091.14594450  53 102 
111  41.36689937 -091.14554806 
112  41.36701786 -091.14577217  41.36695677 -091.14566184  53 102 
111  41.36685587 -091.14575657  53 102 
112  41.36672133 -091.14588288  41.36662043 -091.14597761  53 102 
111  41.36667968 -091.14608967  53 102 
111  41.36968525 -091.15177413  53 102 
111  41.37002343 -091.15145662 
111  41.37008268 -091.15156867  53 102 
111  41.36974450 -091.15188618  53 102 
112  41.37275008 -091.15757065  41.37280932 -091.15768270  53 102 
111  41.37291022 -091.15758796  53 102 
112  41.37304476 -091.15746164  41.37314566 -091.15736690  53 102 
113  41.37308826 -091.15725312 
120 Default hold RWY 06 (near)
111  41.36194656 -091.15415174  54 
115  41.36201843 -091.15399610 
120 Default hold RWY 12 (near)
111  41.37303674 -091.15763685  54 
115  41.37297749 -091.15752480 
120 Default hold RWY 06 (centre)
111  41.36585426 -091.14568908  54 
115  41.36592612 -091.14553345 
120 Default hold RWY 12 (centre)
111  41.36991267 -091.15172829  54 
115  41.36985342 -091.15161624 
120 Default hold RWY 06 (far)
111  41.36976196 -091.13722642  54 
115  41.36983382 -091.13707078 
120 Default hold RWY 12 (far)
111  41.36678860 -091.14581973  54 
115  41.36672936 -091.14570767 
18   41.37072301 -091.15088428 1 BCN
19   41.36250371 -091.15503753 1 WS
19   41.37365863 -091.15738830 1 WS
19   41.36997621 -091.13675745 1 WS
19   41.36661137 -091.14548376 1 WS
50 11977 AWOS 3
51 12270 CTAF/UNICOM
52 12425 QUAD CITY CLNC DEL
55 11820 QUAD CITY APP/DEP
1      800 0 1 IA16 Picayune
100   22.86   3   0 0.25 0 0 0 06   41.70719018 -091.50308864    0.00    0.00 1  0 0 0 24   41.70950814 -091.49724914    0.00    0.00 1  0 0 0
19   41.70736484 -091.50352514 1 WS
19   41.70933346 -091.49681263 1 WS
1      700 0 1 8IA2 Port Paradise Farms
100   21.34   3   0 0.25 0 1 0 09   41.17397502 -091.36628448    0.00    0.00 1  0 0 0 27   41.17385774 -091.35735776    0.00    0.00 1  0 0 0
18   41.17458831 -091.36180553 1 BCN
19   41.17426633 -091.36653287 1 WS
19   41.17356641 -091.35710941 1 WS
1      552 0 1 2IS4 Ritter Field
100   30.48   3   0 0.25 0 0 0 09   41.33706538 -091.01667096    0.00    0.00 1  0 0 0 27   41.33688350 -091.00973406    0.00    0.00 1  0 0 0
19   41.33748614 -091.01701696 1 WS
19   41.33646272 -091.00938811 1 WS
1      534 0 1 69LL Russell Farms
100   21.34   3   0 0.25 0 0 0 09   41.28708328 -091.05290606    0.00    0.00 1  0 0 0 27   41.28686560 -091.04461006    0.00    0.00 1  0 0 0
19   41.28737781 -091.05314807 1 WS
19   41.28657105 -091.04436808 1 WS
1      700 0 1 7C2  Sharar Field
100   30.48   3   0 0.25 0 1 0 09   41.03351192 -091.05559618    0.00    0.00 1  0 0 0 27   41.03322474 -091.04469384    0.00    0.00 1  0 0 0
18   41.03432779 -091.05010058 1 BCN
19   41.03393268 -091.05594059 1 WS
19   41.03280395 -091.04434950 1 WS
1      869 1 1 KCID THE EASTERN IOWA
100   45.72   1   0 0.25 0 2 0 09   41.88465000 -091.72916900    0.00    0.00 3  6 0 0 27   41.88427200 -091.69759200  129.54    0.00 3  0 0 1
100   45.72   1   0 0.25 0 2 0 13   41.89111700 -091.71513300    0.00    0.00 1  0 0 1 31   41.87889200 -091.69930300    0.00    0.00 1  6 0 0
21   41.88497741 -091.72499951  1  90.91   3.00 09  VASI
21   41.89010155 -091.71306440  2 136.04   3.00 13  PAPI-4L
21   41.88392688 -091.70243497  2 270.93   3.00 27  PAPI-4L
21   41.87992647 -091.70134486  1 316.06   3.00 31  VASI
110   1 0.00  90.92 xxx
111  41.88562998 -091.72913076 
111  41.88547301 -091.71600114 
111  41.88565402 -091.71599724 
113  41.88581099 -091.72912686 
110   1 0.00  78.50 xxx
111  41.88548367 -091.71603604 
111  41.88703293 -091.70580748 
111  41.88721033 -091.70585596 
113  41.88566107 -091.71608452 
110   1 0.00   0.92 xxx
111  41.88479747 -091.72881919 
111  41.88569705 -091.72879978 
111  41.88570053 -091.72909081 
113  41.88480095 -091.72911022 
110   1 0.00  90.92 xxx
111  41.88576028 -091.72861277 
111  41.88575073 -091.72781335 
111  41.88621972 -091.72780323 
113  41.88622927 -091.72860265 
110   1 0.00  41.60 xxx
111  41.88560701 -091.72882120 
111  41.88603777 -091.72830750 
111  41.88622899 -091.72859680 
113  41.88579823 -091.72911050 
110   1 0.00 309.20 xxx
111  41.88579412 -091.72710654 
111  41.88622580 -091.72781749 
111  41.88605788 -091.72800146 
113  41.88562620 -091.72729051 
110   1 0.00  60.00 xxx
111  41.88541086 -091.72892946 
111  41.88575236 -091.72813495 
111  41.88590914 -091.72825654 
113  41.88556764 -091.72905105 
110   1 0.00 315.00 xxx
111  41.88578035 -091.72745659 
111  41.88614887 -091.72795159 
111  41.88599565 -091.72815741 
113  41.88562713 -091.72766241 
110   1 0.00 315.00 xxx
111  41.88477118 -091.72848640 
111  41.88506405 -091.72887979 
111  41.88491082 -091.72908560 
113  41.88461795 -091.72869221 
110   1 0.00   0.00 xxx
111  41.88475215 -091.72292252 
111  41.88565185 -091.72292252 
111  41.88565185 -091.72326148 
113  41.88475215 -091.72326148 
110   1 0.00   0.00 xxx
111  41.88465415 -091.71721952 
111  41.88555385 -091.71721952 
111  41.88555385 -091.71755848 
113  41.88465415 -091.71755848 
110   1 0.00   0.92 xxx
111  41.88372229 -091.70532849 
111  41.88715880 -091.70525437 
111  41.88716171 -091.70549751 
113  41.88372520 -091.70557163 
110   1 0.00   0.92 xxx
111  41.87999298 -091.69774104 
111  41.88422211 -091.69764983 
111  41.88422502 -091.69789296 
113  41.87999589 -091.69798417 
110   1 0.00  46.60 xxx
111  41.87887566 -091.69933348 
111  41.88000081 -091.69773546 
111  41.88013234 -091.69790252 
113  41.87900720 -091.69950054 
110   1 0.00  46.60 xxx
111  41.87943642 -091.69990752 
111  41.88094604 -091.69776341 
111  41.88107758 -091.69793048 
113  41.87956796 -091.70007459 
110   1 0.00   0.00 xxx
111  41.88439390 -091.69764552 
111  41.88509610 -091.69764552 
111  41.88509610 -091.69798448 
113  41.88439390 -091.69798448 
110   1 0.00 111.80 xxx
111  41.88701493 -091.70468727 
111  41.88494298 -091.69772903 
111  41.88511107 -091.69763873 
113  41.88718302 -091.70459697 
110   1 0.00  90.92 xxx
111  41.88701558 -091.70593297 
111  41.88699941 -091.70458093 
111  41.88718042 -091.70457703 
113  41.88719659 -091.70592907 
110   1 0.00 136.40 xxx
111  41.89009393 -091.71024409 
111  41.88698722 -091.70627001 
111  41.88711207 -091.70609391 
113  41.89021878 -091.71006799 
110   1 0.00  45.70 xxx
111  41.89063164 -091.71521522 
111  41.89180024 -091.71360656 
111  41.89200636 -091.71387678 
113  41.89083776 -091.71548544 
110   1 0.00 135.00 xxx
111  41.89174362 -091.71389928 
111  41.89005037 -091.71162468 
111  41.89017838 -091.71145272 
113  41.89187163 -091.71372732 
110   1 0.00  91.00 xxx
111  41.89005472 -091.71163468 
111  41.89003427 -091.71006156 
111  41.89021528 -091.71005732 
113  41.89023573 -091.71163044 
110   1 0.00 291.00 xxx
111  41.88430403 -091.70517065 
111  41.88490366 -091.70726883 
111  41.88434797 -091.70755535 
113  41.88374834 -091.70545717 
110   1 0.00  46.30 xxx
111  41.88655918 -091.70134483 
111  41.88807714 -091.69921112 
111  41.88881882 -091.70016317 
113  41.88730086 -091.70229688 
110   1 0.00  18.00 xxx
111  41.88618209 -091.70144036 
111  41.88696992 -091.70109651 
111  41.88709791 -091.70162564 
113  41.88631008 -091.70196949 
110   1 0.00  90.00 xxx
111  41.88809441 -091.70419679 
111  41.88809441 -091.69921521 
111  41.88890359 -091.69921521 
113  41.88890359 -091.70419679 
110   1 0.00 316.10 xxx
111  41.88801641 -091.70102949 
111  41.88891174 -091.70218686 
111  41.88809959 -091.70332051 
113  41.88720426 -091.70216314 
110   1 0.00  45.00 xxx
111  41.88689795 -091.70406274 
111  41.88781343 -091.70283300 
111  41.88862805 -091.70392726 
113  41.88771257 -091.70515700 
110   1 0.00 348.60 xxx
111  41.88683244 -091.70340408 
111  41.88734333 -091.70354245 
111  41.88727556 -091.70399392 
113  41.88676467 -091.70385555 
110   1 0.00  90.00 xxx
111  41.88702867 -091.70670986 
111  41.88702867 -091.70388014 
111  41.88774733 -091.70388014 
113  41.88774733 -091.70670986 
110   1 0.00 138.00 xxx
111  41.88879546 -091.70825690 
111  41.88716268 -091.70628207 
111  41.88763254 -091.70558110 
113  41.88926532 -091.70755593 
110   1 0.00  90.00 xxx
111  41.88906142 -091.70891420 
111  41.88906142 -091.70630180 
111  41.88929458 -091.70630180 
113  41.88929458 -091.70891420 
110   1 0.00  90.00 xxx
111  41.88921067 -091.70758213 
111  41.88921067 -091.70629987 
111  41.88992933 -091.70629987 
113  41.88992933 -091.70758213 
110   1 0.00  90.00 xxx
111  41.88881551 -091.70854682 
111  41.88881551 -091.70704718 
111  41.88921049 -091.70704718 
113  41.88921049 -091.70854682 
110   1 0.00   0.00 xxx
111  41.88918740 -091.70838320 
111  41.89028460 -091.70838320 
111  41.89028460 -091.70857480 
113  41.88918740 -091.70857480 
110   1 0.00  69.00 xxx
111  41.88956797 -091.70839784 
111  41.88982552 -091.70749658 
111  41.88991003 -091.70754016 
113  41.88965248 -091.70844142 
110   1 0.00   0.00 xxx
111  41.88971199 -091.70851991 
111  41.89028801 -091.70851991 
111  41.89028801 -091.70917209 
113  41.88971199 -091.70917209 
110   1 0.00 292.70 xxx
111  41.88560656 -091.69784446 
111  41.88580133 -091.69846988 
111  41.88535344 -091.69872154 
113  41.88515867 -091.69809612 
110   1 0.00 342.80 xxx
111  41.88509521 -091.69763578 
111  41.88561141 -091.69785041 
111  41.88553679 -091.69817422 
113  41.88502059 -091.69795959 
110   1 0.00  62.20 xxx
111  41.88532455 -091.69899718 
111  41.88559320 -091.69831276 
111  41.88579945 -091.69845882 
113  41.88553080 -091.69914324 
110   1 0.00   0.00 xxx
111  41.88064171 -091.69524306 
111  41.88188429 -091.69524306 
111  41.88188429 -091.69725094 
113  41.88064171 -091.69725094 
110   1 0.00  90.00 xxx
111  41.88181634 -091.69777237 
111  41.88181634 -091.69670763 
111  41.88188766 -091.69670763 
113  41.88188766 -091.69777237 
110   1 0.00   0.00 xxx
111  41.88045590 -091.69695748 
111  41.88115810 -091.69695748 
111  41.88115810 -091.69724852 
113  41.88045590 -091.69724852 
110   1 0.00  90.00 xxx
111  41.88046034 -091.69852409 
111  41.88046034 -091.69721991 
111  41.88053166 -091.69721991 
113  41.88053166 -091.69852409 
110   1 0.00  13.00 xxx
111  41.88043654 -091.69789967 
111  41.88077063 -091.69779608 
111  41.88085146 -091.69826633 
113  41.88051737 -091.69836992 
110   2 0.00  90.92 xxx
111  41.88671020 -091.71865044 
111  41.88666484 -091.71485588 
111  41.88742180 -091.71483956 
113  41.88746716 -091.71863412 
110   1 0.00   0.00 xxx
111  41.88579746 -091.71486573 
111  41.88713054 -091.71486573 
111  41.88713054 -091.71497627 
113  41.88579746 -091.71497627 
110   1 0.00   0.00 xxx
111  41.88552546 -091.71728173 
111  41.88685854 -091.71728173 
111  41.88685854 -091.71739227 
113  41.88552546 -091.71739227 
110   2 0.00  90.00 xxx
111  41.88735865 -091.71736443 
111  41.88735865 -091.71485157 
111  41.88786335 -091.71485157 
113  41.88786335 -091.71736443 
130 Airport Boundary 3
112  41.88271243 -091.71921456  41.88402275 -091.71718850 
111  41.88271243 -091.71921456 
111  41.88283155 -091.70855110 
111  41.87195194 -091.69335567 
111  41.89244055 -091.69362226 
111  41.89486265 -091.70753807 
111  41.89506119 -091.71793494 
111  41.89462441 -091.72006764 
111  41.89307586 -091.72268018 
111  41.89224202 -091.72443965 
111  41.89160671 -091.72699888 
111  41.89164642 -091.73587992 
111  41.88168006 -091.73571997 
113  41.88144182 -091.72377690 
18   41.88600500 -091.70582500 1 BCN
19   41.88527400 -091.72970800 1 WS
19   41.89184200 -091.71492000 1 WS
19   41.88364800 -091.69705300 1 WS
19   41.87816700 -091.69951600 1 WS
50 12415 ATIS
51 11870 CTAF
51 12295 UNICOM
52 12545 CLNC DEL
53 12160 GND
54 11870 TWR
55 11905 APP/DEP
55 11970 APP/DEP
55 13405 APP/DEP
1      754 0 1 KAWG WASHINGTON MUNI
100   22.86   2   0 0.25 0 2 0 18   41.27959700 -091.67628300    0.00    0.00 2  0 0 1 36   41.26863300 -091.67706400    0.00    0.00 2  0 0 1
100   15.24   2   0 0.25 0 2 0 13   41.27941700 -091.67785000    0.00    0.00 2  0 0 0 31   41.27285000 -091.66906400  102.11    0.00 2  0 0 0
21   41.27778364 -091.67601131  2 183.07   3.00 18  PAPI-4L
21   41.27044636 -091.67733570  2   3.06   3.00 36  PAPI-4L
110   2 0.30 134.84 Default taxiway for RWY 13
111  41.27936997 -091.67791223  53 102 
111  41.27912525 -091.67823606  53 102 
111  41.27255858 -091.66944914  53 102 
111  41.27280330 -091.66912535 
112  41.27290001 -091.66925475  41.27285007 -091.66919216  53 102 
111  41.27279172 -091.66926936  53 102 
112  41.27271392 -091.66937230  41.27265557 -091.66944951  53 102 
111  41.27270392 -091.66951421  53 102 
111  41.27586637 -091.67374591  53 102 
111  41.27606246 -091.67348644 
111  41.27611081 -091.67355114  53 102 
111  41.27591472 -091.67381061  53 102 
112  41.27907717 -091.67804231  41.27912553 -091.67810702  53 102 
111  41.27918388 -091.67802981  53 102 
112  41.27926168 -091.67792686  41.27932003 -091.67784964  53 102 
113  41.27927326 -091.67778282 
110   2 0.30 183.07 Default taxiway for RWY 18
111  41.27960238 -091.67641669  53 102 
111  41.27963000 -091.67710308  53 102 
111  41.26866600 -091.67788407  53 102 
111  41.26863838 -091.67719780 
112  41.26884381 -091.67718317  41.26874122 -091.67719347  53 102 
111  41.26874782 -091.67735746  53 102 
112  41.26875662 -091.67757611  41.26876322 -091.67774009  53 102 
111  41.26886593 -091.67773279  53 102 
111  41.27409114 -091.67736056  53 102 
111  41.27406902 -091.67681090 
111  41.27417174 -091.67680359  53 102 
111  41.27419386 -091.67735325  53 102 
112  41.27941907 -091.67698104  41.27952179 -091.67697372  53 102 
111  41.27951519 -091.67680970  53 102 
112  41.27950639 -091.67659101  41.27949979 -091.67642700  53 102 
113  41.27939695 -091.67643133 
120 Default hold RWY 13 (near)
111  41.27927113 -091.67804303  54 
115  41.27922278 -091.67797833 
120 Default hold RWY 18 (near)
111  41.27961350 -091.67669304  54 
115  41.27951079 -091.67670036 
120 Default hold RWY 13 (centre)
111  41.27601197 -091.67368193  54 
115  41.27596362 -091.67361723 
120 Default hold RWY 18 (centre)
111  41.27418286 -091.67707991  54 
115  41.27408014 -091.67708722 
120 Default hold RWY 13 (far)
111  41.27275282 -091.66932083  54 
115  41.27270446 -091.66925613 
120 Default hold RWY 18 (far)
111  41.26875222 -091.67746678  54 
115  41.26864950 -091.67747410 
18   41.27407773 -091.67571862 1 BCN
19   41.27965958 -091.67778638 1 WS
19   41.27978601 -091.67586014 1 WS
19   41.26844399 -091.67748678 1 WS
19   41.27260742 -091.66912765 1 WS
50 12782 AWOS 3
51 12270 CTAF/UNICOM
1      850 0 1 4IA8 Weiss
100   39.62   3   0 0.25 0 0 0 12   41.64947173 -091.96423923    0.00    0.00 1  0 0 0 30   41.64498993 -091.95500355    0.00    0.00 1  0 0 0
19   41.65011453 -091.96424964 1 WS
19   41.64434713 -091.95499323 1 WS
17     815 0 1 IA80 [H] Cedar Rapids Emergency
102 H1   41.95500194 -091.65240084   0.00    9.14    9.14   2 2   0 0.25 0
19   41.95512537 -091.65223486 1 WS
17     768 0 1 7IA6 [H] Jefferson County Hospital
102 H1   41.00307583 -091.95211667   0.00   18.29   18.29   2 2   0 0.25 0
19   41.00332270 -091.95178955 1 WS
17     815 0 1 IA75 [H] Mays Island Helistop
102 H1   41.97583388 -091.67017945   0.00    4.57    4.57   4 1   0 0.25 0
19   41.97589422 -091.67009828 1 WS
17     850 0 1 IA72 [H] Mercy Hospital
102 H1   41.97861166 -091.65517917   0.00   15.24   15.24   1 2   0 0.25 0
19   41.97881738 -091.65490243 1 WS
17     633 0 1 8IA0 [H] Muscatine General
102 H1   41.43361111 -091.05416667   0.00    9.14    9.14   1 2   0 0.25 0
19   41.43373454 -091.05400203 1 WS
17     759 0 1 IA73 [H] St Lukes Hospital Emergency
102 H1   41.98472249 -091.66156862   0.00   15.24   15.24   1 2   0 0.25 0
19   41.98492821 -091.66129186 1 WS
17     790 0 1 IA92 [H] University of Iowa Hospitals & Clinic 
102 H1   41.66751527 -091.60016973   0.00   15.24   15.24   2 2   0 0.25 0
19   41.66772099 -091.59989434 1 WS
17     840 0 1 1IA7 [H] University of Iowa Hospitals & Clinic
102 H1   41.66001611 -091.54766834   0.00   14.63   14.63   2 2   0 0.25 0
102 H2   41.66001611 -091.54766834   0.00    9.14   18.29   2 2   0 0.25 0
19   41.66022183 -091.54733790 1 WS
19   41.66021360 -091.54740399 1 WS
17     760 0 1 3IA0 [H] Washington County Hospital
102 H1   41.28918361 -091.68766667   0.00   10.97    9.14   2 2   0 0.25 0
19   41.28931527 -091.68750240 1 WS