1      800 0 1 IL50 Boyd Wheatleys Farm
100   18.29   3   0 0.25 0 0 0 32   41.28080962 -090.21623467    0.00    0.00 1  0 0 0 14   41.28426260 -090.22067201    0.00    0.00 1  0 0 0
19   41.28051975 -090.21631885 1 WS
19   41.28455248 -090.22058784 1 WS
1      708 0 1 KCWI CLINTON MUNI
100   30.48   1   0 0.25 0 3 0 03   41.82633600 -090.33303100    0.00    0.00 3  8 0 0 21   41.83874700 -090.32358100    0.00    0.00 2  0 0 1
100   30.48   1   0 0.25 0 2 0 14   41.83320000 -090.33423900   51.82    0.00 2  0 0 1 32   41.82493600 -090.32635600    0.00    0.00 2  0 0 0
21   41.83153148 -090.33213978  1 144.59   3.00 14  VASI
21   41.83702952 -090.32441350  1 209.57   3.00 21  VASI
21   41.82622456 -090.32809227  1 324.60   3.00 32  VASI
110   1 0.00  29.57 Default taxiway for RWY 03
111  41.82626944 -090.33287354   3 102 
111  41.82592998 -090.33207048   3 102 
111  41.83834137 -090.32262212   3 102 
111  41.83868083 -090.32342534 
112  41.83844224 -090.32360696  41.83856042 -090.32351352   3 102 
111  41.83847922 -090.32332138   3 102 
112  41.83837094 -090.32306519  41.83828974 -090.32287305   3 102 
111  41.83817045 -090.32296386   3 102 
111  41.83226299 -090.32746099   3 102 
111  41.83253478 -090.32810403 
111  41.83241549 -090.32819484   3 102 
111  41.83214370 -090.32755181   3 102 
112  41.82623623 -090.33204894  41.82611694 -090.33213975   3 102 
111  41.82619814 -090.33233186   3 102 
112  41.82630642 -090.33258800  41.82638762 -090.33278010   3 102 
113  41.82650802 -090.33269192 
110   1 0.00 144.59 Default taxiway for RWY 14
111  41.83312184 -090.33438657   3 102 
111  41.83272323 -090.33513917   3 102 
111  41.82445950 -090.32725503   3 102 
111  41.82485811 -090.32650253 
112  41.82508168 -090.32671583  41.82496859 -090.32661164   3 102 
111  41.82487323 -090.32679165   3 102 
112  41.82474609 -090.32703166  41.82465074 -090.32721167   3 102 
111  41.82476253 -090.32731832   3 102 
111  41.82861493 -090.33099376   3 102 
111  41.82893408 -090.33039123 
111  41.82904587 -090.33049787   3 102 
111  41.82872672 -090.33110040   3 102 
112  41.83257912 -090.33477583  41.83269091 -090.33488249   3 102 
111  41.83278626 -090.33470245   3 102 
112  41.83291340 -090.33446241  41.83300876 -090.33428238   3 102 
113  41.83289827 -090.33417327 
130 Airport Boundary 4
111  41.83362456 -090.33540308 
111  41.83017640 -090.33190931 
111  41.82966034 -090.33228701 
111  41.82996528 -090.33307389 
111  41.82771342 -090.33549748 
111  41.82536772 -090.33537158 
111  41.82438253 -090.33631584 
111  41.82393685 -090.33552896 
111  41.82346674 -090.33571105 
111  41.82109856 -090.33782665 
111  41.82060790 -090.33676480 
111  41.82288129 -090.33486798 
111  41.82290475 -090.32526805 
111  41.83181838 -090.32545690 
111  41.83743181 -090.32130145 
111  41.83743181 -090.32026267 
111  41.84111455 -090.32016823 
111  41.84172443 -090.32284389 
111  41.83370216 -090.32895068 
111  41.83327993 -090.33036720 
111  41.83189597 -090.33165781 
113  41.83424167 -090.33414460 
120 Default hold RWY 03 (near)
111  41.82613299 -090.33255074   4 
115  41.82625228 -090.33245993 
120 Default hold RWY 14 (near)
111  41.83296161 -090.33468908   4 
115  41.83284983 -090.33458243 
120 Default hold RWY 03 (centre)
111  41.83227904 -090.32787201   4 
115  41.83239833 -090.32778120 
120 Default hold RWY 14 (centre)
111  41.82888564 -090.33080036   4 
115  41.82877385 -090.33069372 
120 Default hold RWY 03 (far)
111  41.83842508 -090.32319329   4 
115  41.83854438 -090.32310247 
120 Default hold RWY 14 (far)
111  41.82480966 -090.32691166   4 
115  41.82469788 -090.32680500 
18   41.82962470 -090.32924719 1 BCN
19   41.82630043 -090.33369288 1 WS
19   41.83366196 -090.33400222 1 WS
19   41.83878252 -090.32291898 1 WS
19   41.82447406 -090.32659281 1 WS
50 12552 AWOS 3
51 12280 CTAF/UNICOM
52 11850 QUAD CITY CLNC DEL
55 12595 QUAD CITY APP/DEP
1      580 0 1 9IL7 Cole
100   22.86   3   0 0.25 0 0 0 01   41.50672695 -090.18285046    0.00    0.00 1  0 0 0 19   41.51278527 -090.18127788    0.00    0.00 1  0 0 0
102 H1   41.50975611 -090.18206417   0.00   60.96   60.96   3 1   0 0.25 0
19   41.50658363 -090.18330556 1 WS
19   41.51292859 -090.18082273 1 WS
19   41.51057901 -090.18096527 1 WS
1      753 0 1 KDVN DAVENPORT MUNI
100   30.48   2   0 0.25 0 2 0 15   41.61536400 -090.59339700    0.00    0.00 3  8 0 0 33   41.60234700 -090.58320800    0.00    0.00 2  0 0 1
100   30.48   2   0 0.25 0 2 0 03   41.60745800 -090.59196700    0.00    0.00 2  0 0 0 21   41.61700800 -090.58474400    0.00    0.00 2  0 0 0
21   41.60917641 -090.59114096  1  29.49   3.00 03  VASI
21   41.61301828 -090.59108290  1 149.66   3.00 15  VASI
21   41.61528965 -090.58557037  1 209.49   3.00 21  VASI
21   41.60374480 -090.58477931  1 329.67   3.00 33  VASI
110   2 0.00 149.66 Default taxiway for RWY 15
112  41.61519542 -090.59305594  41.61531492 -090.59314601  53 102 
111  41.61539806 -090.59295603  53 102 
112  41.61550891 -090.59270272  41.61559205 -090.59251273  53 102 
111  41.61547368 -090.59242006  53 102 
111  41.60926132 -090.58755629  53 102 
111  41.60898306 -090.58819210 
111  41.60886469 -090.58809943  53 102 
111  41.60914295 -090.58746362  53 102 
112  41.60293059 -090.58259984  41.60281222 -090.58250717  53 102 
111  41.60272908 -090.58269711  53 102 
112  41.60261823 -090.58295038  41.60253509 -090.58314032  53 102 
111  41.60265233 -090.58323559 
111  41.60241560 -090.58305025  53 102 
111  41.60276314 -090.58225621  53 102 
111  41.61577969 -090.59244708  53 102 
113  41.61543215 -090.59324128 
110   2 0.00  29.49 Default taxiway for RWY 03
111  41.60739160 -090.59180995  53 102 
111  41.60705298 -090.59100899  53 102 
111  41.61660321 -090.58378691  53 102 
111  41.61694183 -090.58458800 
112  41.61670305 -090.58476856  41.61682134 -090.58467566  53 102 
111  41.61674033 -090.58448403  53 102 
112  41.61663233 -090.58422852  41.61655132 -090.58403689  53 102 
111  41.61643193 -090.58412717  53 102 
111  41.61195529 -090.58751249  53 102 
111  41.61222641 -090.58815383 
111  41.61210702 -090.58824411  53 102 
111  41.61183590 -090.58760277  53 102 
112  41.60735925 -090.59098809  41.60723987 -090.59107837  53 102 
111  41.60732088 -090.59126998  53 102 
112  41.60742888 -090.59152545  41.60750989 -090.59171705  53 102 
113  41.60763037 -090.59162939 
130 Airport Boundary 6
111  41.61845191 -090.59819888 
111  41.60335274 -090.59806626 
111  41.60350150 -090.58739061 
111  41.59819934 -090.58331278 
111  41.60023240 -090.57873766 
111  41.60504231 -090.58271603 
111  41.60578611 -090.58334593 
111  41.60824066 -090.58394269 
111  41.60814148 -090.57833983 
111  41.61109190 -090.57824037 
113  41.61846946 -090.58046092 
120 Default hold RWY 15 (near)
111  41.61545349 -090.59282937  54 
115  41.61557185 -090.59292204 
120 Default hold RWY 03 (near)
111  41.60725549 -090.59148799  54 
115  41.60737488 -090.59139771 
120 Default hold RWY 15 (centre)
111  41.60900439 -090.58778023  54 
115  41.60912276 -090.58787290 
120 Default hold RWY 03 (centre)
111  41.61197091 -090.58792213  54 
115  41.61209030 -090.58783185 
120 Default hold RWY 15 (far)
111  41.60255530 -090.58273108  54 
115  41.60267366 -090.58282374 
120 Default hold RWY 03 (far)
111  41.61668633 -090.58435627  54 
115  41.61680572 -090.58426599 
18   41.60837142 -090.58941012 1 BCN
19   41.60742174 -090.59262656 1 WS
19   41.61580858 -090.59310738 1 WS
19   41.60190246 -090.58349763 1 WS
19   41.61704422 -090.58408433 1 WS
50 12017 ASOS
51 12300 CTAF/UNICOM
52 11835 QUAD CITY CLNC DEL
55 12595 QUAD CITY APP/DEP
1      710 0 1 5IL6 Dewey E Greene
100   24.38   3   0 0.25 0 0 0 10   41.43600898 -090.17326991    0.00    0.00 1  0 0 0 28   41.43517156 -090.16752343    0.00    0.00 1  0 0 0
19   41.43637395 -090.17347348 1 WS
19   41.43480657 -090.16731990 1 WS
1      580 0 1 LL23 Earl J. Meyer
100   22.86   3   0 0.25 0 0 0 09   41.01651621 -090.87887014    0.00    0.00 1  0 0 0 27   41.01633433 -090.87196710    0.00    0.00 1  0 0 0
19   41.01683041 -090.87912844 1 WS
19   41.01602011 -090.87170884 1 WS
1      600 0 1 3IL5 Earls Air Park
100   38.10   3   0 0.25 0 0 0 36   41.67609840 -090.07880327    0.00    0.00 1  0 0 0 18   41.68229660 -090.07865841    0.00    0.00 1  0 0 0
19   41.67576453 -090.07949791 1 WS
19   41.68263047 -090.07796369 1 WS
1      790 0 1 LL18 Ernest E Orwig
100   20.12   3   0 0.25 0 0 0 09   41.09736418 -090.45691003    0.00    0.00 1  0 0 0 27   41.09715358 -090.44890721    0.00    0.00 1  0 0 0
19   41.09764188 -090.45713756 1 WS
19   41.09687586 -090.44867972 1 WS
1      645 0 1 IS37 Gen-Airpark
100   44.20   3   0 0.25 0 2 0 09   41.43981875 -090.11486113    0.00    0.00 1  0 0 0 27   41.43969457 -090.10537111    0.00    0.00 1  0 0 0
18   41.44114714 -090.11008374 1 BCN
19   41.44042081 -090.11537780 1 WS
19   41.43909247 -090.10485454 1 WS
1      605 0 1 IL65 Gibson Rla
100   24.38   3   0 0.25 0 0 0 18   41.00868316 -090.70830213    0.00    0.00 1  0 0 0 36   41.00139128 -090.70863955    0.00    0.00 1  0 0 0
19   41.00889097 -090.70785605 1 WS
19   41.00118347 -090.70908558 1 WS
1      770 0 1 1IL5 Goode
100   40.84   3   0 0.25 0 0 0 09   41.33594213 -090.79111798    0.00    0.00 1  0 0 0 27   41.33578897 -090.78527648    0.00    0.00 1  0 0 0
19   41.33650594 -090.79158161 1 WS
19   41.33522513 -090.78481291 1 WS
1      745 0 1 9IS1 Hughes Rla
100   30.48   3   0 0.25 0 0 0 32   41.39057978 -090.37019053    0.00    0.00 1  0 0 0 14   41.39393410 -090.37450837    0.00    0.00 1  0 0 0
19   41.39009665 -090.37033107 1 WS
19   41.39441723 -090.37436785 1 WS
1      570 0 1 IL89 Kamy Field
100   30.48   3   0 0.25 0 0 0 18   41.68471894 -090.23950646    0.00    0.00 1  0 0 0 36   41.67923382 -090.23963466    0.00    0.00 1  0 0 0
19   41.68498602 -090.23894920 1 WS
19   41.67896674 -090.24019187 1 WS
1      631 0 1 8LL8 Kazuma
100   19.81   3   0 0.25 0 0 0 09   41.58092926 -090.09580886    0.00    0.00 1  0 0 0 27   41.58080240 -090.08609282    0.00    0.00 1  0 0 0
19   41.58119839 -090.09604099 1 WS
19   41.58053325 -090.08586073 1 WS
1      575 0 1 C95  Mc Neals Field
100   45.72   3   0 0.25 0 0 0 18   41.51881547 -090.37950405    0.00    0.00 1  0 0 0 36   41.51291897 -090.37964151    0.00    0.00 1  0 0 0
19   41.51921608 -090.37867030 1 WS
19   41.51251836 -090.38047518 1 WS
1      740 0 1 C00  Mercer County
100   13.72   5   0 0.25 0 1 0 17   41.25201319 -090.73771322    0.00    0.00 1  0 0 0 35   41.24527681 -090.73645402    0.00    0.00 1  0 0 0
18   41.24870493 -090.73651638 1 BCN
19   41.25216100 -090.73749400 1 WS
19   41.24512900 -090.73667321 1 WS
1      590 1 1 KMLI QUAD CITY INTL
100   45.72   1   0 0.25 0 3 0 09   41.44908600 -090.52703900    0.00    0.00 3  8 0 0 27   41.44863900 -090.49056100    0.00    0.00 3  8 0 0
100   45.72   1   0 0.25 0 3 0 13   41.45498900 -090.51545000    0.00    0.00 2  0 0 1 31   41.44303600 -090.49517800   67.67    0.00 2  0 0 1
100   45.72   1   0 0.25 0 2 0 05   41.44320000 -090.51316400    0.00    0.00 2  0 0 0 23   41.45145800 -090.50091700    0.00    0.00 2  0 0 0
21   41.44468387 -090.51171518  1  48.02   3.00 05  VASI
21   41.45417247 -090.51325165  1 128.18   3.00 13  VASI
21   41.44997429 -090.50236630  1 228.03   3.00 23  VASI
21   41.44830500 -090.49400637  1 270.95   3.00 27  VASI
21   41.44422947 -090.49801413  1 308.20   3.00 31  VASI
110   1 0.30  48.02 Default taxiway for RWY 05
111  41.44304874 -090.51298245   3 102 
111  41.44228238 -090.51206266   3 102 
111  41.45054103 -090.49981708   3 102 
111  41.45130739 -090.50073699 
112  41.45103220 -090.50114503  41.45116811 -090.50093900   3 102 
111  41.45098459 -090.50071870   3 102 
112  41.45073989 -090.50042498  41.45055637 -090.50020468   3 102 
111  41.45041878 -090.50040870   3 102 
111  41.44663344 -090.50602143   3 102 
111  41.44724686 -090.50675771 
111  41.44710927 -090.50696173   3 102 
111  41.44649585 -090.50622545   3 102 
112  41.44271051 -090.51183817  41.44257292 -090.51204219   3 102 
111  41.44275644 -090.51226246   3 102 
112  41.44300114 -090.51255615  41.44318466 -090.51277642   3 102 
113  41.44332393 -090.51257441 
110   1 0.30  90.93 Default taxiway for RWY 09
111  41.44888255 -090.52704338   3 102 
111  41.44785182 -090.52706557   3 102 
111  41.44741058 -090.49058732   3 102 
111  41.44844131 -090.49056513 
112  41.44844795 -090.49111399  41.44844238 -090.49083961   3 102 
111  41.44819555 -090.49084492   3 102 
112  41.44786643 -090.49085201  41.44761960 -090.49085732   3 102 
111  41.44762292 -090.49113175   3 102 
111  41.44783524 -090.50868480   3 102 
111  41.44866027 -090.50866704 
111  41.44866359 -090.50894147   3 102 
111  41.44783856 -090.50895923   3 102 
112  41.44805088 -090.52651228  41.44805420 -090.52678671   3 102 
111  41.44830103 -090.52678140   3 102 
112  41.44863015 -090.52677431  41.44887698 -090.52676900   3 102 
113  41.44887591 -090.52649452 
110   1 0.30 128.18 Default taxiway for RWY 13
111  41.45482906 -090.51561783   3 102 
111  41.45401877 -090.51646811   3 102 
111  41.44206755 -090.49619219   3 102 
111  41.44287784 -090.49534206 
112  41.44313219 -090.49577358  41.44300324 -090.49555967   3 102 
111  41.44280920 -090.49576326   3 102 
112  41.44255047 -090.49603471  41.44235642 -090.49623829   3 102 
111  41.44248360 -090.49645405   3 102 
111  41.44814127 -090.50605260   3 102 
111  41.44878986 -090.50537206 
111  41.44891704 -090.50558782   3 102 
111  41.44826845 -090.50626836   3 102 
112  41.45392612 -090.51586690  41.45405329 -090.51608267   3 102 
111  41.45424734 -090.51587904   3 102 
112  41.45450607 -090.51560755  41.45470011 -090.51540393   3 102 
113  41.45457471 -090.51518631 
120 Default hold RWY 13 (near)
111  41.45450388 -090.51595906   4 
115  41.45437670 -090.51574330 
120 Default hold RWY 05 (near)
111  41.44274119 -090.51261333   4 
115  41.44287879 -090.51240931 
120 Default hold RWY 09 (near)
111  41.44846891 -090.52705229   4 
115  41.44846559 -090.52677786 
120 Default hold RWY 13 (centre)
111  41.44859186 -090.50592902   4 
115  41.44846468 -090.50571326 
120 Default hold RWY 05 (centre)
111  41.44680172 -090.50659258   4 
115  41.44693931 -090.50638856 
120 Default hold RWY 09 (centre)
111  41.44824995 -090.50895038   4 
115  41.44824663 -090.50867595 
120 Default hold RWY 13 (far)
111  41.44267983 -090.49589898   4 
115  41.44255266 -090.49568322 
120 Default hold RWY 05 (far)
111  41.45086224 -090.50057184   4 
115  41.45099984 -090.50036782 
120 Default hold RWY 09 (far)
111  41.44803099 -090.49084847   4 
115  41.44802767 -090.49057404 
18   41.45014540 -090.50412456 1 BCN
19   41.44338362 -090.51412271 1 WS
19   41.44970973 -090.52757457 1 WS
19   41.45572847 -090.51537246 1 WS
19   41.45127428 -090.49995820 1 WS
19   41.44229654 -090.49525575 1 WS
19   41.44801510 -090.49002578 1 WS
50 12120 ATIS
51 11940 CTAF
51 12295 UNICOM
52 12395 CLNC DEL
53 12190 GND
54 11940 TWR
55 12595 APP/DEP
55 11820 APP/DEP
1      720 0 1 IA21 Schurr
100   22.86   3   0 0.25 0 0 0 09   41.60006867 -090.38621370    0.00    0.00 1  0 0 0 27   41.59999687 -090.38071242    0.00    0.00 1  0 0 0
19   41.60037942 -090.38648160 1 WS
19   41.59968610 -090.38044454 1 WS
1      570 0 1 13IL Shissler Seed Co Inc
100   36.58   3   0 0.25 0 0 0 09   41.04152045 -090.89822040    0.00    0.00 1  0 0 0 27   41.04132899 -090.89095128    0.00    0.00 1  0 0 0
19   41.04202536 -090.89863373 1 WS
19   41.04082406 -090.89053800 1 WS
1      725 0 1 7C1  Stender
100   15.24   3   0 0.25 0 1 0 17   41.66463558 -090.74191208    0.00    0.00 1  0 0 0 35   41.65764386 -090.74059682    0.00    0.00 1  0 0 0
18   41.66120653 -090.74061814 1 BCN
19   41.66480002 -090.74166493 1 WS
19   41.65747942 -090.74084394 1 WS
1      620 0 1 32LL The Sandbox
100   30.48   3   0 0.25 0 0 0 18   41.70735256 -090.25977599    0.00    0.00 1  0 0 0 36   41.70104466 -090.25992347    0.00    0.00 1  0 0 0
19   41.70761964 -090.25921853 1 WS
19   41.70077758 -090.26048087 1 WS
1      700 0 1 06IL Thudwhomp
100   30.48   3   0 0.25 0 0 0 09   41.40037442 -090.99326856    0.00    0.00 1  0 0 0 27   41.40024002 -090.98813756    0.00    0.00 1  0 0 0
19   41.40079518 -090.99361489 1 WS
19   41.39981924 -090.98779127 1 WS
1      600 0 1 4IL5 Trent Aerial Spraying Inc
100   30.48   1   0 0.25 0 0 0 36   41.72223231 -090.00518320    0.00    0.00 2  0 0 0 18   41.72782713 -090.00505236    0.00    0.00 2  0 0 0
19   41.72196523 -090.00574078 1 WS
19   41.72809421 -090.00449473 1 WS
1      740 0 1 2LL2 Weihler
100   30.48   3   0 0.25 0 0 0 36   41.31311215 -090.55215509    0.00    0.00 1  0 0 0 18   41.31640173 -090.55200215    0.00    0.00 1  0 0 0
19   41.31285238 -090.55271528 1 WS
19   41.31666150 -090.55144192 1 WS
1      760 0 1 6LL2 Young
100   30.48   3   0 0.25 0 0 0 09   41.16455685 -090.56026922    0.00    0.00 1  0 0 0 27   41.16440369 -090.55444302    0.00    0.00 1  0 0 0
19   41.16497761 -090.56061431 1 WS
19   41.16398291 -090.55409797 1 WS
16     560 0 1 I04  [S] Quad-City
101   91.44 0 09   41.46027324 -090.51120880 27   41.45979452 -090.47461288
17     630 0 1 9IS7 [H] Black Hawk
102 H1   41.45559000 -090.16817445   0.00   18.29   18.29   3 1   0 0.25 0
19   41.45583687 -090.16784506 1 WS
17     558 0 1 5IA7 [H] Davenport
102 H1   41.51947666 -090.58708112   0.00   30.48   15.24   3 1   0 0.25 0
19   41.51975096 -090.58680636 1 WS
17     650 0 1 0IS0 [H] Franciscan
102 H1   41.48194972 -090.56985806   0.00   12.19   12.19   2 2   0 0.25 0
19   41.48211430 -090.56963838 1 WS
17     675 0 1 2IA0 [H] Genesis Medical Center East Campus
102 H1   41.54197694 -090.55680251   0.00   18.29   18.29   1 2   0 0.25 0
19   41.54222381 -090.55647268 1 WS
17     169 0 1 IA81 [H] Genesis Medical Center West Campus
102 H1   41.54280972 -090.59235945   0.00   15.24   15.24   2 2   0 0.25 0
19   41.54301544 -090.59208459 1 WS
17     700 0 1 2LL6 [H] Illini Hospital
102 H1   41.49447833 -090.41818556   0.00   22.86   22.86   4 1   0 0.25 0
19   41.49478554 -090.41777540 1 WS
17     729 0 1 12IS [H] Mercer County Hospital
102 H1   41.20586749 -090.75986195   0.00   15.24   15.24   2 2   0 0.25 0
19   41.20607321 -090.75958851 1 WS
17     504 0 1 IA88 [H] Quiet Valley
102 H1   41.70419805 -090.46818973   0.00   30.48   30.48   3 1   0 0.25 0
19   41.70460950 -090.46763862 1 WS
17     708 0 1 7IA5 [H] Samaritan Hospital North
102 H1   41.86086194 -090.19012695   0.00   12.19   12.19   2 2   0 0.25 0
19   41.86102652 -090.18990597 1 WS
17     700 0 1 1IA8 [H] Samaritan Hospital South
102 H1   41.83947361 -090.31346334   0.00    9.14    9.14   2 2   0 0.25 0
19   41.83959704 -090.31329766 1 WS
17     695 0 1 89IL [H] Umc Trauma Center
102 H1   41.50281111 -090.52652334   0.00   18.29   18.29   2 2   0 0.25 0
19   41.50305798 -090.52619371 1 WS