1     1171 0 1 11Z  Lignite
100    8.53   5   0 0.25 0 0 0 12   63.91193218 -149.02588078    0.00    0.00 1  0 0 0 30   63.90936948 -149.02209646    0.00    0.00 1  0 0 0
19   63.91205934 -149.02575620 1 WS
19   63.90924233 -149.02222105 1 WS
1     2409 0 1 PAST Summit
100   24.38   5   0 0.25 0 0 0 03   63.32853444 -149.13701122    0.00    0.00 1  0 0 0 21   63.33442444 -149.11755546    0.00    0.00 1  0 0 0
19   63.32868456 -149.13782661 1 WS
19   63.33427421 -149.11674000 1 WS
17    2000 0 1 C36  [H] Igloo
102 H1   63.18763972 -149.36744750   0.00  121.92   45.72   4 1   0 0.25 0
19   63.18859977 -149.36607922 1 WS