1     1625 0 1 5TE  Tetlin
100    7.62   3   0 0.25 0 0 0 14   63.13611231 -142.52291833    0.00    0.00 1  0 0 0 32   63.13153491 -142.52094945    0.00    0.00 1  0 0 0
19   63.13619899 -142.52272682 1 WS
19   63.13144824 -142.52114094 1 WS
1     1640 0 1 PFTO TOK JUNCTION
100   15.24   1   0 0.25 0 2 0 07   63.33005800 -142.96121900    0.00   73.15 2  0 0 0 25   63.32896900 -142.94614700    0.00   73.15 2  0 0 0
18   63.32998785 -142.95351324 1 BCN
19   63.33028289 -142.96144789 1 WS
19   63.32874408 -142.94591823 1 WS
51 12280 CTAF/UNICOM
55 12655 ANCHORAGE CNTR