1      249 0 1 SGPI CARLOS MIGUEL GIMENEZ
100   18.90   2   0 0.25 0 0 0 02  -26.88823900 -058.31867500    0.00    0.00 2  0 0 0 20  -26.87469400 -058.31739400    0.00    0.00 2  0 0 0
110   2 0.30   4.82 Default taxiway for RWY 02
111 -26.88824596 -058.31858251  53 
111 -26.88828189 -058.31810499  53 
111 -26.87473690 -058.31682391  53 
111 -26.87470097 -058.31730137 
112 -26.87487043 -058.31731740 -26.87478589 -058.31730687  53 
111 -26.87479447 -058.31719288  53 
112 -26.87480590 -058.31704090 -26.87481448 -058.31692691  53 
111 -26.87489921 -058.31693493  53 
111 -26.88145988 -058.31755544  53 
111 -26.88143110 -058.31793794 
111 -26.88151583 -058.31794595  53 
111 -26.88154461 -058.31756345  53 
112 -26.88810528 -058.31818396 -26.88819001 -058.31819198  53 
111 -26.88818143 -058.31830598  53 
112 -26.88817000 -058.31845799 -26.88816142 -058.31857199  53 
113 -26.88807650 -058.31856648 
120 Default hold RWY 02 (near)
111 -26.88826044 -058.31838999  54 
115 -26.88817571 -058.31838198 
120 Default hold RWY 02 (centre)
111 -26.88153031 -058.31775344  54 
115 -26.88144558 -058.31774543 
120 Default hold RWY 02 (far)
111 -26.87480018 -058.31711689  54 
115 -26.87471545 -058.31710888 
19  -26.88838702 -058.31897604 1 WS
19  -26.87454598 -058.31709301 1 WS
1      194 1 1 SARF FORMOSA
100   30.48   1   0 0.25 0 2 0 04  -26.22008300 -058.23191700    0.00   19.81 2  0 0 0 22  -26.20536100 -058.22430600    0.00   19.81 3  0 0 0
110   1 0.30  24.88 Default taxiway for RWY 04
111 -26.22013976 -058.23178059   3 102 
111 -26.22042926 -058.23108488   3 102 
111 -26.20570746 -058.22347303   3 102 
111 -26.20541796 -058.22416865 
112 -26.20566679 -058.22429731 -26.20554333 -058.22423070   3 102 
111 -26.20561258 -058.22406430   3 102 
112 -26.20570492 -058.22384243 -26.20577417 -058.22367603   3 102 
111 -26.20589858 -058.22374035   3 102 
111 -26.21294844 -058.22738546   3 102 
111 -26.21271665 -058.22794245 
111 -26.21284107 -058.22800678   3 102 
111 -26.21307286 -058.22744979   3 102 
112 -26.22012272 -058.23109491 -26.22024713 -058.23115924   3 102 
111 -26.22017788 -058.23132566   3 102 
112 -26.22008554 -058.23154756 -26.22001629 -058.23171398   3 102 
113 -26.21989093 -058.23165193 
120 Default hold RWY 04 (near)
111 -26.22025613 -058.23150094   4 
115 -26.22013171 -058.23143661 
120 Default hold RWY 04 (centre)
111 -26.21295744 -058.22772715   4 
115 -26.21283302 -058.22766282 
120 Default hold RWY 04 (far)
111 -26.20565875 -058.22395336   4 
115 -26.20553433 -058.22388903 
18  -26.21231858 -058.22908199 1 BCN
19  -26.22015870 -058.23246172 1 WS
19  -26.20528527 -058.22376135 1 WS
54 11910 TWR
54 11900 TWR
1      229 0 0 SA5R FORMOSA AEROCLUB
100   22.86   4   0 0.00 0 0 0 18  -26.29645908 -058.29833333    0.00    0.00 0  0 0 0 36  -26.30631869 -058.29833333    0.00    0.00 0  0 0 0
19  -26.29625336 -058.29799065 1 WS
19  -26.30652442 -058.29867604 1 WS