1       33 0 0 SIJY Itajai - Campo Comandantes
100   17.98   3   0 0.00 0 0 0 06  -26.98561177 -048.81863695    0.00    0.00 0  0 0 0 24  -26.98049934 -048.81414083    0.00    0.00 0  0 0 0
130 Airport Boundary
111 -26.97880495 -048.81362869 
111 -26.98633617 -048.82025203 
111 -26.98730616 -048.81914908 
113 -26.97977494 -048.81252574 
19  -26.98327132 -048.81614355 0 Windsock
1       15 1 1 SBJV LAURO CARNEIRO DE LOYOLA
100   45.11   1   0 0.25 0 1 0 15  -26.21982200 -048.80376100    0.00   60.96 2  0 0 0 33  -26.22908100 -048.79096400    0.00   60.96 2  0 0 0
21  -26.22826324 -048.79280643  2 308.89   3.00 33  PAPI-4L
110   1 0.30 128.89 Default taxiway for RWY 15
111 -26.21997824 -048.80390148   3 102 
111 -26.22076993 -048.80461333   3 102 
111 -26.23002950 -048.79181742   3 102 
111 -26.22923781 -048.79110551 
112 -26.22898293 -048.79145773 -26.22911212 -048.79128320   3 102 
111 -26.22930171 -048.79145368   3 102 
112 -26.22955449 -048.79168098 -26.22974408 -048.79185146   3 102 
111 -26.22961664 -048.79202757   3 102 
111 -26.22530545 -048.79798525   3 102 
111 -26.22467174 -048.79741544 
111 -26.22454430 -048.79759155   3 102 
111 -26.22517801 -048.79816136   3 102 
112 -26.22086683 -048.80411906 -26.22073939 -048.80429517   3 102 
111 -26.22054980 -048.80412470   3 102 
112 -26.22029702 -048.80389741 -26.22010743 -048.80372695   3 102 
113 -26.22023312 -048.80354926 
120 Default hold RWY 15 (near)
111 -26.22029597 -048.80418717   4 
115 -26.22042341 -048.80401106 
120 Default hold RWY 15 (centre)
111 -26.22486203 -048.79787724   4 
115 -26.22498947 -048.79770113 
120 Default hold RWY 15 (far)
111 -26.22942810 -048.79156733   4 
115 -26.22955554 -048.79139122 
18  -26.22334520 -048.79636950 1 BCN
19  -26.21909315 -048.80368706 1 WS
19  -26.22980985 -048.79103787 1 WS
54 11800 TWR
1       18 1 0 SBNF Ministro Victor Konder
100   45.11   1   0 0.25 0 1 1 07  -26.88440000 -048.65839700    0.00   57.91 2  0 1 0 25  -26.87559700 -048.64437800    0.00   59.44 2  0 1 0
21  -26.88303611 -048.65700563  2  54.86   3.00 07  PAPI-4L
21  -26.87696102 -048.64576908  2 234.85   3.00 25  PAPI-4L
10  -26.88136900 -048.65036000 xxx  54.85   600 0.0 0.0   250 161161  1 0 0 0.35 0
10  -26.88065500 -048.65102000 xxx 144.85   444 0.0 0.0    74 161161  1 0 0 0.35 0
14  -26.88174400 -048.64970800    0 0 ATC Tower
15  -26.88138600 -048.65039100 144.00 Ramp
18  -26.87933500 -048.65191300 1 BCN
19  -26.87626100 -048.64385600 1 WS
19  -26.88373600 -048.65892000 1 WS
50 12762 ATIS
54 11820 NAVEGANTES TWR
55 11950 NAVEGANTES APP
1       49 0 0 SSSS Sao Francisco do Sul
100   35.05   3   0 0.00 0 0 0 18  -26.21801918 -048.56549822    0.00    0.00 0  0 0 0 36  -26.22420303 -048.56339066    0.00    0.00 0  0 0 0
130 Airport Boundary
111 -26.22541291 -048.56214622 
111 -26.21630114 -048.56525166 
111 -26.21680930 -048.56674267 
113 -26.22592107 -048.56363722 
19  -26.22126381 -048.56489248 0 Windsock
17      30 0 0 SIEI [H] 8o Batalhao da Policia Militar
102 H1  -26.30638889 -048.86000000 281.60   20.12   20.12   2 0   0 0.00 1
130 Heliport Boundary
111 -26.30660141 -048.85985987 
111 -26.30624876 -048.85978748 
111 -26.30617637 -048.86014013 
113 -26.30652902 -048.86021252 
18  -26.30700958 -048.86014213 3 BCN
19  -26.30649399 -048.86015939 1 Windsock
17      33 0 0 SNMQ [H] Felipe Hansen
102 H1  -26.31638889 -048.86583333 121.60   17.98   17.98   2 0   0 0.00 1
130 Heliport Boundary
111 -26.31615364 -048.86588938 
111 -26.31644493 -048.86606858 
111 -26.31662414 -048.86577729 
113 -26.31633285 -048.86559809 
18  -26.31590762 -048.86550302 3 BCN
19  -26.31634759 -048.86565999 1 Windsock
17      12 0 0 SWZZ [H] Graer
102 H1  -26.26277778 -048.85805556  21.60   21.03   21.03   2 0   0 0.00 1
130 Heliport Boundary
111 -26.26288140 -048.85829502 
111 -26.26301724 -048.85795193 
111 -26.26267415 -048.85781609 
113 -26.26253832 -048.85815918 
18  -26.26253443 -048.85874095 3 BCN
19  -26.26259672 -048.85813391 1 Windsock
17      19 0 0 SSHR [H] Horus
102 H1  -26.33194444 -048.84916667 141.60   17.98   17.98   2 0   0 0.00 1
130 Heliport Boundary
111 -26.33170422 -048.84913887 
111 -26.33191665 -048.84940689 
111 -26.33218467 -048.84919446 
113 -26.33197224 -048.84892644 
18  -26.33176743 -048.84914619 3 Beacon
19  -26.33196493 -048.84898966 0 Windsock
17       5 0 0 SIXH [H] Hospital Unimed
102 H1  -26.28305556 -048.84527778  91.58   17.98   17.98   2 0   0 0.00 1
130 Heliport Boundary
111 -26.28287991 -048.84544400 
111 -26.28322178 -048.84545343 
111 -26.28323121 -048.84511156 
113 -26.28288934 -048.84510213 
18  -26.28249072 -048.84526040 3 BCN
19  -26.28293308 -048.84514835 1 Windsock
17      46 0 0 SDXN [H] Parada Havan
102 H1  -26.63444444 -048.70055556   1.00   20.12   20.12   2 0   0 0.00 1
130 Heliport Boundary
111 -26.63462128 -048.70073867 
111 -26.63462756 -048.70037872 
111 -26.63426761 -048.70037244 
113 -26.63426133 -048.70073239 
18  -26.63443338 -048.70126430 3 BCN
19  -26.63430711 -048.70068818 0 Windsock
17      16 0 0 SISQ [H] Tino
102 H1  -26.30638889 -048.93333333  11.65   20.12   20.12   2 0   0 0.00 0
130 Heliport Boundary
111 -26.30652883 -048.93354597 
111 -26.30660153 -048.93319339 
111 -26.30624894 -048.93312069 
113 -26.30617625 -048.93347328 
19  -26.30622941 -048.93343829 0 Windsock