1     3000 0 0 FYBR Berseba
100   10.06   3   0 0.00 0 0 0 09  -26.99310000  017.76350000    0.00    0.00 0  0 0 0 27  -26.99310000  017.76360000    0.00    0.00 0  0 0 0
19  -26.99296559  017.76339842 1 WS
19  -26.99323441  017.76370158 1 WS
1     3300 0 0 FY2L Naute Dam
100   10.06   4   0 0.00 0 0 0 04  -26.92240000  017.91270000    0.00    0.00 0  0 0 0 22  -26.91820000  017.91660000    0.00    0.00 0  0 0 0
19  -26.92238400  017.91251915 1 WS
19  -26.91821599  017.91678085 1 WS
1     3000 0 0 FY45 Simplon
100   10.06   4   0 0.00 0 0 0 05  -26.83520000  017.33090000    0.00    0.00 0  0 0 0 23  -26.83150000  017.33580000    0.00    0.00 0  0 0 0
19  -26.83515587  017.33072526 1 WS
19  -26.83154413  017.33597473 1 WS
1     2854 0 0 FYVK Vogelstrausskluft
100 1000.05   5   0 0.00 0 0 0 04  -26.96780000  017.51530000    0.00    0.00 0  0 0 0 22  -26.96090000  017.52170000    0.00    0.00 0  0 0 0
19  -26.96613537  017.49719269 1 WS
19  -26.96256381  017.53980485 1 WS