1     5700 0 1 FAEO ERMELO
100   10.06   1   0 0.25 0 0 0 13  -26.49293900  029.97270600  116.74    0.00 2  0 0 0 31  -26.49834700  029.98682200   76.81    0.00 2  0 0 0
110   1 0.30 113.18 Default taxiway for RWY 13
111 -26.49297854  029.97268709   3 
111 -26.49318864  029.97258658   3 
111 -26.49859733  029.98670191   3 
111 -26.49838723  029.98680243 
112 -26.49835161  029.98670945 -26.49837149  029.98675495   3 
111 -26.49842141  029.98673106   3 
112 -26.49848798  029.98669921 -26.49853791  029.98667533   3 
111 -26.49852010  029.98662884   3 
111 -26.49586028  029.97968739   3 
111 -26.49569179  029.97976800 
111 -26.49567398  029.97972151   3 
111 -26.49584247  029.97964090   3 
112 -26.49318266  029.97269946 -26.49316484  029.97265297   3 
111 -26.49311491  029.97267686   3 
112 -26.49304834  029.97270870 -26.49299842  029.97273259   3 
113 -26.49301417  029.97278007 
120 Default hold RWY 13 (near)
111 -26.49306382  029.97264629   4 
115 -26.49308163  029.97269278 
120 Default hold RWY 13 (centre)
111 -26.49575926  029.97968071   4 
115 -26.49577707  029.97972720 
120 Default hold RWY 13 (far)
111 -26.49845470  029.98671514   4 
115 -26.49847251  029.98676163 
19  -26.49277981  029.97267213 1 WS
19  -26.49850618  029.98685589 1 WS
1     5250 0 1 FASC Secunda
100   17.98   1   0 0.25 0 2 1 11  -26.52403277  029.16461884    0.00    0.00 2  0 0 0 29  -26.52413123  029.17567916    0.00    0.00 2  0 0 0
110   1 0.30  90.57 Default taxiway for RWY 11
111 -26.52411143  029.16461796   3 102 
111 -26.52451825  029.16461342   3 102 
111 -26.52461714  029.17567373   3 102 
111 -26.52421032  029.17567827 
112 -26.52420870  029.17549741 -26.52421176  029.17558782   3 102 
111 -26.52430886  029.17558673   3 102 
112 -26.52443832  029.17558529 -26.52453542  029.17558420   3 102 
111 -26.52453461  029.17549377   3 102 
111 -26.52448719  029.17018969   3 102 
111 -26.52416128  029.17019333 
111 -26.52416047  029.17010290   3 102 
111 -26.52448638  029.17009926   3 102 
112 -26.52443896  029.16479518 -26.52443815  029.16470475   3 102 
111 -26.52434105  029.16470584   3 102 
112 -26.52421159  029.16470728 -26.52411449  029.16470837   3 102 
113 -26.52411305  029.16479882 
120 Default hold RWY 11 (near)
111 -26.52427551  029.16461613   4 
115 -26.52427632  029.16470656 
120 Default hold RWY 11 (centre)
111 -26.52432455  029.17010107   4 
115 -26.52432536  029.17019150 
120 Default hold RWY 11 (far)
111 -26.52437359  029.17558601   4 
115 -26.52437440  029.17567644 
14  -26.52308500  029.17014900    0 0 Tower Viewpoint
18  -26.52360500  029.17004200 1 BCN
19  -26.52363600  029.16958000 0 WS
50 12100 ATIS
51 12200 CTAF
1     5313 0 1 FATT Tutuka Power Station
100   17.98   1   0 0.25 0 2 1 04  -26.78296247  029.33642839    0.00    0.00 2  0 0 0 22  -26.77012753  029.34109961    0.00    0.00 2  0 0 0
10  -26.78278200  029.33677700 xxx  18.00   200 0.0 0.0   120 161161  2 0 0 0.25 0
10  -26.77033600  029.34075200 xxx  18.00   200 0.0 0.0   120 161161  2 0 0 0.25 0
18  -26.77651000  029.33947000 1 BCN
19  -26.78108800  029.33986200 1 WS
51 12220 CTAF