1     2319 0 0 YERN Ernabella
100   31.09   4   0 0.00 0 0 0 05  -26.26832204  132.17130834    0.00    0.00 2  0 0 0 23  -26.26199154  132.18219734    0.00    0.00 2  0 0 0
110   4 0.25   0.00 New Taxiway 11
111 -26.25675184  132.18874489 
111 -26.26265435  132.17849474 
111 -26.26266585  132.17834725 
112 -26.26309717  132.17671839 -26.26316618  132.17662220 
111 -26.26324163  132.17664489 
112 -26.26331754  132.17636273 -26.26342508  132.17617932 
112 -26.26405769  132.17591831 -26.26439297  132.17570669 
112 -26.26736725  132.17040307 -26.26757392  132.17004457 
111 -26.26762750  132.16962633 
111 -26.27000401  132.15960932 
111 -26.27013191  132.15964497 
112 -26.26774032  132.16982520 -26.26763033  132.17026200 
111 -26.26731912  132.17074068 
111 -26.25947607  132.18424969 
113 -26.25681565  132.18881012 
111 -26.26399471  132.17611339 
112 -26.26379831  132.17623284 -26.26368405  132.17625275 
112 -26.26348051  132.17635230 -26.26343765  132.17640407 
112 -26.26336981  132.17663900 -26.26345908  132.17669077 
114 -26.26371261  132.17659520 -26.26375903  132.17655936 
111 -26.26278939  132.17830241 
111 -26.26340175  132.17725253 
112 -26.26345534  132.17698793 -26.26339410  132.17691111 
111 -26.26331755  132.17680015 
114 -26.26313385  132.17692818 -26.26305730  132.17716718 
110   4 0.25   0.00 New Taxiway 10
111 -26.26497507  132.17629923 
111 -26.26466138  132.17612963 
111 -26.26435720  132.17661723 
111 -26.26413857  132.17650063 
112 -26.26445701  132.17593883 -26.26456633  132.17576393 
111 -26.26469465  132.17588053 
111 -26.26507013  132.17612433 
112 -26.26784526  132.17130203 -26.26800934  132.17096937 
112 -26.26839717  132.17113570 -26.26859108  132.17116897 
111 -26.26853142  132.17171786 
112 -26.26231124  132.18234646 -26.26220682  132.18247953 
112 -26.26189357  132.18226329 -26.26171458  132.18209696 
113 -26.26180408  132.18174767 
14  -26.26416086  132.17638332    6 0 New Tower Viewpoint 10
15  -26.26442023  132.17610115 190.85 New Ramp Start 9
19  -26.26490101  132.17546627 0 New Windsock 8
51 12670 CTAF
1     1732 0 0 YFRG Fregon
100   36.88   4   0 0.25 0 2 0 17  -26.78046283  132.01814350    0.00    0.00 0  0 0 0 35  -26.76883400  132.01748500    0.00    0.00 0  0 0 0
110   4 0.25   0.00 New Taxiway 85
111 -26.77337021  132.01768505 
112 -26.77335629  132.01816848 -26.77335629  132.01819967 
112 -26.77357906  132.01872988 -26.77369044  132.01893261 
112 -26.77348160  132.01933806 -26.77339806  132.01950960 
112 -26.77281329  132.01919771 -26.77274368  132.01918212 
112 -26.77271583  132.01885464 -26.77272975  132.01872988 
112 -26.77289683  132.01869869 -26.77300821  132.01874547 
112 -26.77324491  132.01879226 -26.77335629  132.01879226 
112 -26.77324491  132.01851156 -26.77321706  132.01843359 
113 -26.77282721  132.01779421 
14  -26.77327275  132.01943163    6 0 New Tower Viewpoint 53
15  -26.77295252  132.01901058 194.93 New Ramp Start 51
18  -26.77470824  132.01651633 1 BCN
19  -26.77382967  132.01872988 0 New Windsock 52
51 12670 CTAF
1     1995 0 0 YKEN Kenmore Park
100   74.98   4   0 0.25 0 0 0 09  -26.33583257  132.47055585    0.00    0.00 0  0 0 0 27  -26.33710604  132.48119246    0.00    0.00 0  0 0 0
110   4 0.25   0.00 New Taxiway 24
111 -26.33385980  132.47890299 
112 -26.33601815  132.48063879 -26.33621436  132.48079517 
111 -26.33670489  132.48118611 
112 -26.33691512  132.48134249 -26.33695717  132.48123302 
111 -26.33697118  132.48110792 
112 -26.33737762  132.48096718 -26.33737762  132.48126430 
112 -26.33751778  132.48173343 -26.33754581  132.48187418 
111 -26.33760187  132.48185854 
111 -26.33849884  132.48229640 
112 -26.33830263  132.48234331 -26.33827460  132.48234331 
112 -26.33737762  132.48187417 -26.33720944  132.48176471 
112 -26.33383177  132.47912192 -26.33355146  132.47904373 
112 -26.33233214  132.47901246 -26.33172948  132.47916883 
112 -26.33182759  132.47905937 -26.33195372  132.47899682 
112 -26.33314502  132.47880917 -26.33328517  132.47885608 
111 -26.33370563  132.47887172 
112 -26.33192569  132.47733921 -26.33174350  132.47718283 
114 -26.33185562  132.47716720 -26.33192569  132.47726102 
14  -26.33643860  132.48077953    6 0 New Tower Viewpoint 16
15  -26.33737762  132.48156142 288.44 New Ramp Start 14
19  -26.33639656  132.48057624 0 New Windsock 15
51 12670 CTAF
1     1916 0 0 YUMU Umuwa
100   54.86   4   0 0.25 0 0 0 08  -26.48773973  132.03074735    0.00    0.00 0  0 0 0 26  -26.48622662  132.04932343    0.00    0.00 0  0 0 0
110   4 1.00  84.80 New Taxiway 1
111 -26.48700975  132.04938798 
111 -26.48562115  132.04924478 
111 -26.48610610  132.04160480 
111 -26.47955341  132.03984018 
111 -26.47950650  132.03975282 
111 -26.48609133  132.04140859 
112 -26.48686350  132.03069944 -26.48686350  132.03062002 
112 -26.48753170  132.03062002 -26.48754592  132.03062002 
112 -26.48763122  132.03006409 -26.48764544  132.02979407 
111 -26.48790135  132.03003232 
112 -26.48794400  132.03060414 -26.48794400  132.03062002 
111 -26.48804352  132.03069944 
113 -26.48844160  132.03079474 
111 -26.48629912  132.04140093 
111 -26.48636091  132.04142066 
112 -26.48640505  132.04067110 -26.48640505  132.04057247 
111 -26.48664340  132.04073027 
111 -26.48659043  132.04144038 
111 -26.48679347  132.04146997 
111 -26.48676699  132.04165736 
111 -26.48623732  132.04162777 
111 -26.48571787  132.04913792 
111 -26.48689195  132.04925627 
111 -26.48832693  132.03086923 
113 -26.48701895  132.03078982 
14  -26.48620600  132.04134037    6 0 New Tower Viewpoint 2
15  -26.48651953  132.04090924  81.12 New Ramp Start 1
19  -26.48603115  132.04043770 0 New Windsock 3
51 12670 CTAF