1     1355 0 0 YDRL DE ROSE HILL
100   29.87   4   0 0.00 0 0 0 17  -26.43325586  133.25982000    0.00    0.00 0  0 0 0 35  -26.44158712  133.26100212    0.00    0.00 0  0 0 0
100   24.08   4   0 0.25 0 0 0 7   -26.43754070  133.25225353    0.00    0.00 0  0 0 0 25  -26.43488897  133.26530203    0.00    0.00 0  0 0 0
110   4 0.25   0.00 New Taxiway 17
111 -26.43464787  133.26008627 
111 -26.43528801  133.26018839 
111 -26.43559561  133.26011412 
111 -26.43558730  133.26017911 
112 -26.43557067  133.26050405 -26.43556236  133.26059689 
112 -26.43522150  133.26149745 -26.43512174  133.26213805 
112 -26.43463955  133.26201736 -26.43438183  133.26224946 
112 -26.43427376  133.26156244 -26.43408254  133.26124678 
112 -26.43370843  133.26181311 -26.43335095  133.26207306 
112 -26.43313480  133.26166456 -26.43287707  133.26142318 
112 -26.43279394  133.26102396 -26.43267755  133.26076401 
111 -26.43239489  133.26061546 
112 -26.43249465  133.26022553 -26.43255284  133.26004913 
112 -26.43281057  133.25978917 -26.43305166  133.25970562 
113 -26.43330107  133.25965920 
110   4 0.25   0.00 New Taxiway 16
111 -26.44343620  133.25439554 
111 -26.43647879  133.25189894 
112 -26.43622731  133.25240446 -26.43618707  133.25255050 
112 -26.43606636  133.25303355 -26.43602612  133.25334810 
112 -26.43594564  133.25350537 -26.43586517  133.25365141 
112 -26.43500636  133.25523780 -26.43491567  133.25538972 
112 -26.43442441  133.25617465 -26.43425814  133.25641941 
112 -26.43362328  133.25723810 -26.43344945  133.25754195 
112 -26.43304889  133.25817495 -26.43299599  133.25836907 
112 -26.43239362  133.25945066 -26.43224398  133.25973846 
112 -26.43220241  133.26004484 -26.43216084  133.26019338 
112 -26.43211096  133.26033264 -26.43223567  133.26046262 
112 -26.43255990  133.26069472 -26.43258484  133.26074114 
112 -26.43280847  133.26109401 -26.43288150  133.26178724 
112 -26.43241897  133.26200472 -26.43204164  133.26200472 
112 -26.43132350  133.26174646 -26.43126264  133.26137946 
112 -26.43145739  133.26101246 -26.43151825  133.26082216 
112 -26.43210250  133.25988427 -26.43216336  133.25962601 
112 -26.43269892  133.25864735 -26.43306408  133.25788616 
112 -26.43336838  133.25750557 -26.43352661  133.25720653 
112 -26.43394046  133.25669001 -26.43423258  133.25625505 
112 -26.43457340  133.25575212 -26.43508462  133.25484142 
112 -26.43540109  133.25425694 -26.43566887  133.25378120 
112 -26.43588796  133.25340061 -26.43598534  133.25312875 
112 -26.43611923  133.25248990 -26.43628963  133.25204135 
111 -26.43632615  133.25186464 
111 -26.43126585  133.25008562 
111 -26.43128096  133.24996746 
111 -26.43642228  133.25168262 
112 -26.43648411  133.25152149 -26.43649098  133.25143709 
112 -26.43650473  133.25133734 -26.43653908  133.25125294 
111 -26.43658030  133.25120690 
111 -26.43684139  133.25126828 
111 -26.43669711  133.25145243 
112 -26.43660092  133.25165193 -26.43658717  133.25169029 
112 -26.43658030  133.25177469 -26.43658717  133.25177469 
113 -26.44344697  133.25433967 
14  -26.43250296  133.26071758    6 0 New Tower Viewpoint 21
15  -26.43297684  133.26011412 201.35 New Ramp Start 19
19  -26.43336758  133.26014197 0 New Windsock 20
1     1101 0 0 AU85 Granite Downs Airport
100   32.92   4   0 1.00 0 0 0 08  -26.94728080  133.60047585    0.00    0.00 0  0 0 0 26  -26.94611983  133.60934201    0.00    0.00 0  0 0 0
14  -26.94593368  133.60838048    6 0 New Tower Viewpoint 86
15  -26.94619551  133.60918646 282.17 New Ramp Start 85
19  -26.94585453  133.60866052 0 New Windsock 87
1     1316 0 0 YIDK Indulkana
100   53.95   4   0 1.00 0 0 0 11  -26.96203921  133.31513417    0.00    0.00 2  0 0 0 29  -26.96789867  133.32713381    0.00    0.00 2  0 0 0
110   1 0.25   0.00 New Taxiway 34
112 -26.96394163  133.31641811 -26.96394163  133.31638480 
112 -26.96400303  133.31633560 -26.96404148  133.31633181 
112 -26.96407522  133.31640827 -26.96407387  133.31646201 
114 -26.96401045  133.31647715 -26.96397266  133.31647488 
110   4 0.25   0.00 New Taxiway 33
111 -26.96124559  133.31468219 
112 -26.96130981  133.31457412 -26.96134192  133.31455011 
111 -26.96194126  133.31420189 
112 -26.96215531  133.31434598 -26.96223023  133.31451408 
111 -26.96296870  133.31596698 
112 -26.96318275  133.31589494 -26.96325767  133.31584691 
112 -26.96379280  133.31558274 -26.96402825  133.31545066 
112 -26.96406036  133.31558274 -26.96410317  133.31571482 
112 -26.96433863  133.31615910 -26.96436003  133.31631520 
112 -26.96434933  133.31715571 -26.96423160  133.31766003 
112 -26.96423160  133.31809229 -26.96426371  133.31827240 
112 -26.96438144  133.31852456 -26.96443495  133.31862062 
111 -26.96858980  133.32732749 
112 -26.96857413  133.32776700 -26.96835476  133.32787248 
111 -26.96807270  133.32804828 
112 -26.96766530  133.32781974 -26.96753994  133.32755604 
111 -26.96281352  133.31784755 
112 -26.96204963  133.31667479 -26.96192902  133.31667479 
112 -26.96172799  133.31671990 -26.96148676  133.31658458 
112 -26.96121337  133.31646730 -26.96123749  133.31575463 
114 -26.96120533  133.31518629 -26.96120533  133.31496076 
14  -26.96414692  133.31715736    6 0 New Tower Viewpoint 40
15  -26.96374749  133.31624581   0.00 New Ramp Start 39
19  -26.96401168  133.31640140 0 New Windsock 38
51 12670 CTAF
1     1261 0 0 YTCY TARCOONYINNA
100   49.99   4   0 0.25 0 0 0 13  -26.75293805  133.35320219    0.00    0.00 0  0 0 0 31  -26.76103859  133.36352532    0.00    0.00 0  0 0 0
110   4 0.25   0.00 New Taxiway 21
112 -26.74970690  133.36640605 -26.75045761  133.36632199 
111 -26.76201443  133.36517533 
111 -26.76076243  133.36354306 
111 -26.76105777  133.36317634 
111 -26.76243497  133.36475307 
111 -26.76481182  133.36232853 
111 -26.76487238  133.36283718 
112 -26.76256524  133.36531552 -26.76253496  133.36536638 
111 -26.76233815  133.36541724 
113 -26.74969971  133.36657090 
110   4 0.25   0.00 New Taxiway 20
111 -26.74981125  133.35444272 
111 -26.76450788  133.34906639 
111 -26.76450788  133.34913421 
111 -26.75779250  133.35160469 
112 -26.75759828  133.35195270 -26.75757498  133.35217021 
112 -26.75768374  133.35257043 -26.75774589  133.35270964 
112 -26.75829747  133.35386679 -26.75837516  133.35401470 
112 -26.75891121  133.35449322 -26.75908212  133.35457153 
112 -26.75992115  133.35478033 -26.76013091  133.35482384 
111 -26.76061258  133.35487604 
112 -26.76029917  133.35586959 -26.76023080  133.35605143 
112 -26.76013680  133.35653952 -26.76011117  133.35669264 
112 -26.76004280  133.35684577 -26.75984625  133.35669264 
112 -26.75940187  133.35614713 -26.75926514  133.35595572 
112 -26.75911132  133.35556333 -26.75901732  133.35538150 
111 -26.75888913  133.35525708 
111 -26.75673581  133.35774764 
111 -26.75668758  133.35766661 
111 -26.75881212  133.35522949 
112 -26.75870706  133.35491573 -26.75862535  133.35479154 
112 -26.75848526  133.35463466 -26.75836853  133.35454968 
112 -26.75830432  133.35431436 -26.75829265  133.35419670 
112 -26.75823428  133.35393523 -26.75818175  133.35383718 
111 -26.75749884  133.35231413 
112 -26.75704093  133.35187360 -26.75684522  133.35190607 
111 -26.75684522  133.35190607 
113 -26.74978303  133.35451709 
111 -26.75713796  133.35181321 
112 -26.75744967  133.35208472 -26.75747935  133.35215675 
111 -26.75753378  133.35220108 
112 -26.75757831  133.35177996 -26.75764758  133.35166360 
113 -26.75769211  133.35160265 
14  -26.75597707  133.35844650    6 0 New Tower Viewpoint 37
15  -26.75672157  133.35785592   0.00 New Ramp Start 36
19  -26.75590469  133.35814542 0 New Windsock 38
1     1227 0 0 YTYN TIEYON STN
100   91.14   4   0 0.25 0 0 0 8   -26.21498343  133.89888426    0.00    0.00 0  0 0 0 26  -26.21502889  133.91013971    0.00    0.00 0  0 0 0
100   73.15   4   0 0.25 0 0 0 17  -26.20658671  133.90281549    0.00    0.00 0  0 0 0 35  -26.21503278  133.90389890    0.00    0.00 0  0 0 0
14  -26.21496904  133.90765452    6 0 New Tower Viewpoint 84
15  -26.21520112  133.90990292 303.18 New Ramp Start 83
19  -26.21437991  133.90876877 0 New Windsock 85