1       37 0 0 YCDR Caloundra
100   17.98   1   0 0.25 0 1 0 05  -26.80473300  153.10274846    0.00    0.00 1  0 0 0 23  -26.80077600  153.10933700    0.00    0.00 1  0 0 0
100   17.98   1   0 0.25 0 1 0 12  -26.80001669  153.10030052    0.00    0.00 1  0 0 0 30  -26.80449881  153.10660191    0.00    0.00 1  0 0 0
102 H8  -26.79843508  153.11042304   5.71   14.94   14.94   1 0   0 0.25 0
110   2 1.00  55.00 New Taxiway 17
111 -26.79955829  153.10743539 
111 -26.79966778  153.10750963 
111 -26.79970620  153.10745152 
111 -26.79994225  153.10761708 
111 -26.80006241  153.10767580 
111 -26.79998955  153.10780755 
111 -26.79991413  153.10775456 
111 -26.79987833  153.10775027 
111 -26.79979396  153.10788014 
112 -26.79979300  153.10788983 -26.79979204  153.10789951 
111 -26.79981028  153.10793932 
111 -26.79988424  153.10799204 
111 -26.79986472  153.10802704 
111 -26.79975558  153.10794390 
111 -26.79971629  153.10798009 
111 -26.79975119  153.10801849 
112 -26.79972450  153.10806619 -26.79972089  153.10807589 
111 -26.79973171  153.10808559 
111 -26.79980459  153.10813652 
111 -26.79977552  153.10818177 
112 -26.79969774  153.10812752 -26.79968504  153.10812752 
111 -26.79964456  153.10814175 
112 -26.79958738  153.10823640 -26.79958594  153.10824691 
111 -26.79959460  153.10826065 
111 -26.79969273  153.10833664 
111 -26.79966170  153.10837302 
111 -26.79958017  153.10830511 
111 -26.79952460  153.10830673 
111 -26.79926388  153.10810832 
111 -26.79928946  153.10806423 
113 -26.79921993  153.10801425 
111 -26.79949029  153.10756685 
111 -26.79952906  153.10759090 
111 -26.79958452  153.10750338 
113 -26.79954337  153.10747399 
111 -26.79936317  153.10777973 
112 -26.79936317  153.10778707 -26.79936317  153.10779001 
111 -26.79937235  153.10779222 
111 -26.79956007  153.10776127 
111 -26.79960598  153.10768511 
113 -26.79948015  153.10758422 
111 -26.79925031  153.10797018 
111 -26.79934939  153.10798330 
111 -26.79938284  153.10800461 
111 -26.79945172  153.10791642 
111 -26.79942417  153.10789364 
111 -26.79944582  153.10785248 
111 -26.79947665  153.10787232 
111 -26.79952126  153.10780618 
111 -26.79954553  153.10781941 
111 -26.79955602  153.10780104 
111 -26.79954684  153.10779589 
113 -26.79933102  153.10783190 
110   2 1.00   0.00 New Taxiway 11
111 -26.79813200  153.11029546 
111 -26.79818254  153.11025352 
111 -26.79831073  153.11035054 
113 -26.79828173  153.11051982 
110   1 1.00   0.00 New Taxiway 9
111 -26.80132532  153.10453991 
111 -26.79914934  153.10813653 
112 -26.79923232  153.10817396 -26.79927310  153.10819129 
111 -26.79933075  153.10824327 
111 -26.79938137  153.10829526 
111 -26.79935184  153.10836773 
111 -26.79943902  153.10844334 
111 -26.79945449  153.10841499 
111 -26.79943480  153.10839136 
111 -26.79945589  153.10835512 
111 -26.79948261  153.10837403 
111 -26.79951355  153.10838663 
111 -26.79952480  153.10837245 
111 -26.79957964  153.10841026 
112 -26.79963869  153.10840081 -26.79964713  153.10839451 
111 -26.80007038  153.10765110 
111 -26.80009851  153.10759911 
111 -26.80051567  153.10789259 
111 -26.80017186  153.10846459 102 
112 -26.80021304  153.10883133 -26.80032421  153.10892128 102 
111 -26.80056481  153.10908807   1 102 
112 -26.80086614  153.10903146 -26.80101399  153.10889517 
111 -26.80097282  153.10908178 
111 -26.80073700  153.10931033 
111 -26.80070908  153.10928676 102 
111 -26.80020323  153.10891919   1 102 
112 -26.79984748  153.10900583 -26.79972373  153.10921536 
111 -26.79870513  153.11093442 
111 -26.79882846  153.11111249 
111 -26.79885151  153.11114477 
111 -26.79877660  153.11121148 
112 -26.79873626  153.11120717 -26.79872762  153.11119534 
111 -26.79872762  153.11119426 
111 -26.79869515  153.11114575 
111 -26.79867085  153.11115640 
111 -26.79863705  153.11107947 
111 -26.79850076  153.11119427 
111 -26.79791857  153.11034285 
111 -26.79806397  153.11021982 
111 -26.79796807  153.11012971 
111 -26.79783771  153.11034300 
112 -26.79783629  153.11045101 -26.79786799  153.11049361 
111 -26.79791025  153.11055753 
111 -26.79802857  153.11073743 
111 -26.79842329  153.11133270 
111 -26.79836705  153.11136993 
111 -26.79781980  153.11056898 
112 -26.79768762  153.11057685 -26.79762294  153.11065877 
111 -26.79721768  153.11126539 
112 -26.79715473  153.11127873 -26.79718706  153.11122155 
111 -26.79761412  153.11054487 
112 -26.79761923  153.11050675 -26.79762603  153.11049340 
111 -26.79791461  153.10998115 
112 -26.79785555  153.10979841 -26.79775149  153.10971807 
111 -26.79676752  153.10896834 
112 -26.79680149  153.10891253 -26.79683999  153.10892014 
111 -26.79790662  153.10970663 
112 -26.79809224  153.10968854 -26.79815606  153.10959167 
111 -26.80123120  153.10453606 
114 -26.80131373  153.10449799 -26.80133315  153.10450343 
111 -26.79911162  153.10819727 
111 -26.79828173  153.10960981 
111 -26.79846140  153.10974191 
111 -26.79838654  153.10987611 
111 -26.79834537  153.10984675 
111 -26.79819002  153.11010256 
111 -26.79823307  153.11014869 
111 -26.79817505  153.11023465 
111 -26.79818254  153.11025352 
111 -26.79813200  153.11029546 
111 -26.79828173  153.11051982 
111 -26.79831073  153.11035054 
111 -26.79859612  153.10985611 
111 -26.79861654  153.10987509 
111 -26.79871417  153.10994089 
111 -26.79949293  153.10864159 
112 -26.79947184  153.10858015 -26.79945778  153.10855022 
111 -26.79941419  153.10849508 
111 -26.79942544  153.10846515 
111 -26.79932560  153.10840214 
111 -26.79934529  153.10834542 
112 -26.79925951  153.10825563 -26.79922436  153.10822255 
113 -26.79913437  153.10818631 
111 -26.79799912  153.11007789 
111 -26.79805281  153.11011656 
111 -26.79828291  153.10972989 
112 -26.79827907  153.10968119 -26.79826501  153.10966974 
113 -26.79824584  153.10966258 
110   1 1.00   0.00 New Taxiway 21
112 -26.80350493  153.10492518 -26.80349746  153.10498099 
111 -26.80350742  153.10507868 
112 -26.80346009  153.10526288 -26.80340778  153.10521264 
111 -26.80328571  153.10527404 
112 -26.80310636  153.10531032 -26.80330066  153.10494192 
111 -26.80310636  153.10477726 
112 -26.80330564  153.10478563 -26.80338785  153.10481075 
113 -26.80346507  153.10471307 
110   2 1.00  45.00 New Taxiway 12
111 -26.79795231  153.11037755 
111 -26.79813487  153.11065144 
112 -26.79805946  153.11071012 -26.79804597  153.11072080 
111 -26.79802857  153.11073743 
111 -26.79791025  153.11055753 
111 -26.79797929  153.11050560 
111 -26.79791421  153.11040956 
113 -26.79794596  153.11038022 
110   2 1.00  55.00 New Taxiway 16
111 -26.79895246  153.10857395 
111 -26.79898897  153.10851615 
111 -26.79893102  153.10846546 
111 -26.79904215  153.10830184 
112 -26.79906596  153.10831518 -26.79907787  153.10832229 
111 -26.79910088  153.10831162 
111 -26.79929297  153.10844234 
111 -26.79927603  153.10847664 
111 -26.79934128  153.10852689 
111 -26.79935795  153.10848865 
112 -26.79939525  153.10851799 -26.79939525  153.10851888 
112 -26.79941272  153.10852155 -26.79941748  153.10852155 
111 -26.79944050  153.10851710 
111 -26.79944685  153.10852689 
112 -26.79939446  153.10853933 -26.79938255  153.10854378 
111 -26.79935557  153.10856779 
111 -26.79930080  153.10865666 
111 -26.79912659  153.10853606 
111 -26.79909484  153.10859919 
111 -26.79904245  153.10856896 
113 -26.79900753  153.10861431 
110   1 1.00   0.00 New Taxiway 15
111 -26.79891270  153.10861410 
111 -26.79887254  153.10857888 
111 -26.79889611  153.10854660 
111 -26.79892667  153.10854465 
111 -26.79901136  153.10861507 
111 -26.79896422  153.10873539 
113 -26.79886905  153.10869039 
110   2 1.00  55.00 New Taxiway 14
111 -26.79906641  153.10936601 
111 -26.79905263  153.10935646 
111 -26.79903820  153.10938071 
111 -26.79903229  153.10937556 
111 -26.79902180  153.10939614 
111 -26.79893652  153.10933367 
111 -26.79890044  153.10932412 
111 -26.79865259  153.10914753 
111 -26.79869785  153.10912990 
111 -26.79873458  153.10908213 
111 -26.79864924  153.10903335 
111 -26.79863219  153.10898999 
111 -26.79865515  153.10895178 
111 -26.79877610  153.10874075 
111 -26.79883188  153.10878241 
112 -26.79887023  153.10885141 -26.79888418  153.10886313 
111 -26.79888418  153.10886313 
111 -26.79901114  153.10860077 
111 -26.79924745  153.10878676 
111 -26.79936074  153.10887730 
111 -26.79928931  153.10899937 
111 -26.79916952  153.10891045 
111 -26.79910790  153.10903066 
111 -26.79897253  153.10893615 
111 -26.79894295  153.10898805 
111 -26.79906706  153.10908021 
111 -26.79912984  153.10920875 
113 -26.79914860  153.10923058 
110   2 1.00  55.00 t
111 -26.79890210  153.10963092 
111 -26.79877550  153.10953702 
111 -26.79871177  153.10964657 
111 -26.79850833  153.10949398 
111 -26.79868033  153.10918923 
111 -26.79889222  153.10934028 
111 -26.79882656  153.10944780 
113 -26.79895861  153.10954723 
110   1 1.00   0.00 New Taxiway 8
112 -26.80219220  153.10533178 -26.80221713  153.10533252 
112 -26.80223156  153.10537955 -26.80223025  153.10541189 
112 -26.80218826  153.10542438 -26.80217252  153.10542291 
114 -26.80214825  153.10537955 -26.80214825  153.10535309 
110   1 1.00   0.00 New Taxiway 7
112 -26.80203228  153.10515825 -26.80208193  153.10515825 
112 -26.80211785  153.10525058 -26.80211679  153.10530147 
112 -26.80202911  153.10534290 -26.80198685  153.10534053 
114 -26.80194670  153.10525058 -26.80194670  153.10519850 
110   3 1.00   0.00 New Taxiway 6
111 -26.79708481  153.11103350 
111 -26.79754741  153.11014841 
112 -26.79753702  153.10986891 -26.79753702  153.10971169 
111 -26.79752142  153.10959523 
111 -26.79711989  153.10920548 
112 -26.79717574  153.10900336 -26.79728313  153.10892155 
111 -26.79830005  153.10709188 
112 -26.79852143  153.10698337 -26.79859061  153.10703762 
112 -26.79872898  153.10709188 -26.79874973  153.10707638 
111 -26.79890885  153.10691362 
112 -26.79918557  153.10715388 -26.79926167  153.10727788 
112 -26.79939758  153.10742870 -26.79943066  153.10742870 
112 -26.79976293  153.10742715 -26.79985727  153.10746943 
112 -26.80022082  153.10755853 -26.80032964  153.10752102 
112 -26.80049706  153.10760542 -26.80058914  153.10772734 
111 -26.80084027  153.10791490 
111 -26.80129230  153.10694896 
112 -26.80133178  153.10685150 -26.80129405  153.10684445 
112 -26.80125631  153.10678104 -26.80131292  153.10671058 
112 -26.80140097  153.10652034 -26.80139468  153.10641465 
112 -26.80130795  153.10525972 -26.80130795  153.10477918 
112 -26.80132179  153.10466293 -26.80130103  153.10464743 
112 -26.80124569  153.10455442 -26.80125261  153.10448466 
111 -26.80144631  153.10415139 
112 -26.80143940  153.10398088 -26.80140480  153.10394213 
111 -26.80118342  153.10360885 
112 -26.80119034  153.10350035 -26.80121110  153.10347710 
112 -26.80127310  153.10334395 -26.80127939  153.10321712 
111 -26.79898344  153.10009609 
112 -26.79855812  153.09983602 -26.79842921  153.09973287 
112 -26.79814376  153.09912424 -26.79811613  153.09888698 
112 -26.79801360  153.09843420 -26.79801360  153.09840016 
112 -26.80310991  153.09725991 -26.80352262  153.09740063 
112 -26.80368900  153.09978734 -26.80367105  153.10031000 
111 -26.80367105  153.10119449 
111 -26.80295330  153.10252122 
112 -26.80331218  153.10292326 -26.80343778  153.10282275 
111 -26.80460345  153.10073713 
112 -26.80471779  153.10072548 -26.80475418  153.10076624 
112 -26.80603588  153.10251812 -26.80596498  153.10277911 
112 -26.80501286  153.10427702 -26.80488119  153.10444723 
111 -26.80470900  153.10466284 
112 -26.80789709  153.11008384 -26.80797865  153.11023005 
112 -26.80719564  153.11112554 -26.80690201  153.11114382 
111 -26.80655945  153.11094279 
111 -26.80479768  153.10825630 
112 -26.80442602  153.10803649 -26.80420001  153.10804586 
112 -26.80383168  153.10793332 -26.80378146  153.10790519 
112 -26.80181824  153.10963134 -26.80133290  153.11008443 
112 -26.80109023  153.11023547 -26.80100935  153.11044691 
111 -26.79967656  153.11264559 
112 -26.79964067  153.11286671 -26.79971245  153.11294712 
112 -26.79994572  153.11348987 -26.79990983  153.11379140 
111 -26.79915618  153.11423364 
111 -26.79809749  153.11290691 
112 -26.79857009  153.11211883 -26.79869565  153.11180935 
111 -26.79870402  153.11179998 
112 -26.79818502  153.11095596 -26.79811805  153.11088093 
112 -26.79788367  153.11094658 -26.79774973  153.11103098 
112 -26.79758231  153.11138735 -26.79756557  153.11153739 
111 -26.79750697  153.11183749 
111 -26.79744838  153.11197816 
114 -26.79720562  153.11149988 -26.79708843  153.11126543 
120 Linear Feature 42
111 -26.79958745  153.10843923   1 
115 -26.79959443  153.10847151 
120 Linear Feature 41
111 -26.79945212  153.10849205   1 
115 -26.79945648  153.10851650 
120 Linear Feature 40
111 -26.79947045  153.10846759   1 
115 -26.79948093  153.10853509 
120 Linear Feature 39
111 -26.79948355  153.10844705   1 
115 -26.79950276  153.10854976 
120 Linear Feature 38
111 -26.79950188  153.10842162   1 
115 -26.79952633  153.10856835 
120 Linear Feature 37
111 -26.79951673  153.10839912   1 
115 -26.79954205  153.10854878 
120 Linear Feature 36
111 -26.79953768  153.10840401   1 
115 -26.79955864  153.10852531 
120 Linear Feature 35
111 -26.79956038  153.10841966   1 
115 -26.79957435  153.10849987 
120 Linear Feature 34
111 -26.79951966  153.10839054   1 
111 -26.79943989  153.10850770   1 
111 -26.79952895  153.10857226   1 
113 -26.79960928  153.10845194   1 
120 Linear Feature 33
111 -26.79844589  153.11013527   1 
115 -26.79895606  153.11050763 
120 Linear Feature 32
111 -26.79861654  153.10987509   1 
115 -26.79833201  153.11037483 
120 Linear Feature 31
111 -26.79974015  153.10868209   1 
111 -26.79982995  153.10874837   1 
111 -26.79894904  153.11022707   1 
113 -26.79885492  153.11015605   1 
120 Linear Feature 30
111 -26.79983835  153.10845015   1 
111 -26.79994592  153.10852547   1 
111 -26.80027985  153.10795486   1 
113 -26.80016991  153.10788039   1 
120 Linear Feature 29
111 -26.79876833  153.11009375   1 
111 -26.79966009  153.10860317   1 
116 -26.79979064  153.10856293 -26.79987795  153.10859939 
120 Linear Feature 28
111 -26.80003467  153.10874697   1 
112 -26.79989433  153.10879231 -26.79983386  153.10890101   1 
111 -26.79876564  153.11070331   1 
116 -26.79876276  153.11079584 -26.79879734  153.11082597 
120 Linear Feature 27
111 -26.80003526  153.10874641   1 
112 -26.80000467  153.10858117 -26.80005968  153.10848335   1 
111 -26.80032704  153.10806057   1 
112 -26.80032726  153.10788004 -26.80026799  153.10782666   1 
112 -26.80009251  153.10781755 -26.80004603  153.10789697   1 
115 -26.80002798  153.10792584 
120 Linear Feature 26
111 -26.80045366  153.10905800   1 
111 -26.80003526  153.10874641   1 
111 -26.79979064  153.10856293   1 
112 -26.79976171  153.10838375 -26.79982637  153.10826938   1 
115 -26.80002798  153.10792584 
120 Linear Feature 25
111 -26.80047836  153.10903133   1 
115 -26.80056481  153.10908807 
120 Linear Feature 23
111 -26.80044169  153.10909100   1 
115 -26.80070908  153.10928676 
120 Linear Feature 22
111 -26.80044169  153.10909100   4 
115 -26.80047836  153.10903133 
14  -26.79919671  153.10905962    6 0 New Tower Viewpoint 10
15  -26.79946799  153.10928925 154.98 New Ramp Start 9
19  -26.80203122  153.10524821 1 New Windsock 7
51 12210 YCDR MULT
51 12869 YCDR UNIC
1        0 0 0 YNSH Noosa
100   54.86  15   0 0.25 0 0 0 11  -26.42090853  153.06094751    0.00    0.00 0  0 0 0 29  -26.42524782  153.06873211    0.00    0.00 0  0 0 0
110   1 0.25 121.90 New Taxiway 7
111 -26.42196941  153.06277200 
112 -26.42196302  153.06283619 -26.42195344  153.06284333 
112 -26.42191192  153.06282550 -26.42188957  153.06277557 
111 -26.42156061  153.06217288 
111 -26.42089311  153.06096392 
113 -26.42095699  153.06091399 
110   1 0.25 121.90 New Taxiway 6
112 -26.42489797  153.06802745 -26.42490277  153.06803281 
112 -26.42495556  153.06812927 -26.42496036  153.06816946 
112 -26.42526270  153.06862497 -26.42527710  153.06863569 
112 -26.42523870  153.06868660 -26.42522431  153.06869732 
112 -26.42518352  153.06867052 -26.42517632  153.06865444 
111 -26.42514272  153.06866516 
112 -26.42505874  153.06873215 -26.42504434  153.06874019 
112 -26.42490517  153.06891167 -26.42487638  153.06893579 
112 -26.42484038  153.06891971 -26.42483319  153.06891703 
112 -26.42473961  153.06881253 -26.42472041  153.06878306 
112 -26.42472096  153.06868851 -26.42474496  153.06865441 
112 -26.42489765  153.06861544 -26.42495655  153.06860813 
112 -26.42506562  153.06857403 -26.42508089  153.06856672 
111 -26.42505689  153.06847416 
112 -26.42483439  153.06805032 -26.42483439  153.06803814 
113 -26.42485839  153.06803327 
110   4 0.25 121.90 New Taxiway 5
111 -26.42355971  153.06963415 
111 -26.42386577  153.06942055 
112 -26.42399330  153.06942529 -26.42403581  153.06946327 
112 -26.42423135  153.06946802 -26.42428236  153.06942529 
112 -26.42446940  153.06923068 -26.42447790  153.06918796 
112 -26.42443539  153.06903606 -26.42442689  153.06901233 
112 -26.42432912  153.06891265 -26.42430787  153.06885569 
112 -26.42421860  153.06866107 -26.42424410  153.06865158 
111 -26.42429086  153.06862784 
112 -26.42426111  153.06849493 -26.42424410  153.06843323 
111 -26.42415908  153.06824810 
112 -26.42412933  153.06809146 -26.42415483  153.06801551 
112 -26.42428661  153.06787786 -26.42430361  153.06786362 
112 -26.42445665  153.06763577 -26.42447365  153.06757881 
112 -26.42441839  153.06740793 -26.42440989  153.06738419 
112 -26.42231135  153.06355548 -26.42227735  153.06347953 
112 -26.42217958  153.06338934 -26.42214132  153.06337036 
112 -26.42209881  153.06323270 -26.42209881  153.06318049 
112 -26.42201804  153.06303334 -26.42199679  153.06300961 
112 -26.42194766  153.06286534 -26.42193808  153.06282611 
112 -26.42197321  153.06277618 -26.42199237  153.06279758 
112 -26.42220635  153.06316490 -26.42221913  153.06319700 
112 -26.42265250  153.06394697 -26.42268411  153.06400581 
112 -26.42474690  153.06773515 -26.42479047  153.06779770 
112 -26.42493075  153.06804562 -26.42493075  153.06805739 
112 -26.42488508  153.06806523 -26.42486048  153.06807308 
112 -26.42479373  153.06805739 -26.42478319  153.06802601 
112 -26.42464970  153.06781809 -26.42464267  153.06781809 
112 -26.42451971  153.06784555 -26.42447053  153.06791616 
112 -26.42431244  153.06808093 -26.42425974  153.06810446 
112 -26.42422109  153.06825746 -26.42423866  153.06832023 
112 -26.42437567  153.06863406 -26.42440378  153.06870467 
111 -26.42443540  153.06875960 
112 -26.42447755  153.06877529 -26.42448458  153.06877529 
112 -26.42445296  153.06869683 -26.42445999  153.06869683 
111 -26.42457943  153.06892828 
112 -26.42453025  153.06888513 -26.42450917  153.06884982 
112 -26.42447053  153.06882629 -26.42444242  153.06883805 
112 -26.42446350  153.06888905 -26.42447053  153.06890082 
111 -26.42453025  153.06900674 
112 -26.42458997  153.06903028 -26.42461457  153.06903028 
112 -26.42466556  153.06912051 -26.42467833  153.06913834 
112 -26.42470388  153.06919184 -26.42468153  153.06920967 
112 -26.42445158  153.06933449 -26.42441006  153.06937372 
111 -26.42428550  153.06950924 
112 -26.42407152  153.06954490 -26.42400126  153.06948784 
112 -26.42386073  153.06949497 -26.42378728  153.06954134 
113 -26.42360999  153.06967623 
110   3 0.25 121.90 New Taxiway 4
111 -26.42336679  153.06768528 
111 -26.42407403  153.06719248 
111 -26.42070918  153.06111993 
112 -26.42080536  153.06081667 -26.42093550  153.06074718 
112 -26.42113918  153.06080404 -26.42120708  153.06091144 
111 -26.42547454  153.06858026 
112 -26.42519164  153.06888984 -26.42511243  153.06895934 
112 -26.42475032  153.06920574 -26.42468243  153.06924997 
111 -26.42450703  153.06932578 
114 -26.42435993  153.06926260 -26.42432598  153.06920574 
14  -26.42445440  153.06837308    6 0 New Tower Viewpoint 6
15  -26.42395759  153.06780248 283.39 New Ramp Start 4
19  -26.42455660  153.06856922 0 New Windsock 5
51 12670 CTAF
1       14 1 0 YBSU Sunshine Coast
100   29.87   1   0 0.25 1 2 1 18  -26.59436950  153.09430781    0.00    0.00 3  0 0 0 36  -26.61011000  153.08995000    0.00    0.00 3  0 0 0
100   17.98   1   0 0.25 0 0 0 12  -26.60054700  153.08627300    0.00    0.00 2  0 0 0 30  -26.60418700  153.09139900    0.00    0.00 2  0 0 0
102 H1  -26.60822200  153.08941600  14.42   17.98   17.98  15 0   0 0.25 0
102 H2  -26.60424005  153.08884399 126.23   14.02   14.02   2 0   0 0.25 0
21  -26.59704200  153.09404100  2 193.90   3.00 New PAPI-4L
21  -26.59684500  153.09316600  3 193.90   3.00 New PAPI-4R
21  -26.60758508  153.09103987  3  13.90   3.00 New PAPI-4R
21  -26.60739018  153.09024225  2  13.90   3.00 New PAPI-4L
110   2 0.25  40.00 New Taxiway 142
111 -26.60153009  153.08479120 
111 -26.60187387  153.08438321 
111 -26.60201726  153.08451150 
111 -26.60207743  153.08445464 
111 -26.60211288  153.08449313 
111 -26.60208577  153.08453045 
111 -26.60211810  153.08457011 
111 -26.60209724  153.08459110 
111 -26.60216711  153.08465175 
113 -26.60181999  153.08508277 
110   2 0.25  40.00 New Taxiway 140
111 -26.60192434  153.08518665 
111 -26.60204359  153.08503651 
111 -26.60202467  153.08502240 
111 -26.60199691  153.08502381 
111 -26.60211115  153.08488788 
111 -26.60214900  153.08490969 
111 -26.60222796  153.08481050 
111 -26.60220659  153.08479001 
111 -26.60218979  153.08478830 
111 -26.60223407  153.08473195 
111 -26.60222949  153.08476610 
111 -26.60225392  153.08478659 
111 -26.60227529  153.08477122 
111 -26.60238064  153.08487538 
111 -26.60243713  153.08481391 
111 -26.60249210  153.08487709 
111 -26.60243408  153.08492832 
111 -26.60265419  153.08518915 
111 -26.60271728  153.08512629 
111 -26.60272187  153.08510448 
111 -26.60277922  153.08516606 
111 -26.60275858  153.08517248 
111 -26.60272774  153.08520998 
111 -26.60283297  153.08534675 
111 -26.60288796  153.08530328 
111 -26.60289554  153.08528207 
111 -26.60294579  153.08533721 
111 -26.60292967  153.08533933 
111 -26.60288010  153.08540142 
111 -26.60298735  153.08551149 
111 -26.60304918  153.08546916 
111 -26.60305801  153.08544517 
111 -26.60311479  153.08550585 
111 -26.60302394  153.08555242 
111 -26.60306054  153.08558770 
111 -26.60278420  153.08587700 
111 -26.60276653  153.08586289 
113 -26.60267092  153.08597784 
111 -26.60244851  153.08573437 
111 -26.60248555  153.08577261 
111 -26.60257173  153.08566666 
113 -26.60253540  153.08562604 
110   2 0.25  40.00 New Taxiway 139
111 -26.60272518  153.08604981 
111 -26.60283467  153.08594474 
111 -26.60281953  153.08591934 
111 -26.60313877  153.08563709 
111 -26.60315643  153.08566249 
111 -26.60318546  153.08563145 
111 -26.60318546  153.08560040 
111 -26.60327000  153.08571612 
111 -26.60323593  153.08571330 
111 -26.60320438  153.08573729 
111 -26.60321448  153.08575281 
111 -26.60309587  153.08586571 
111 -26.60321448  153.08603647 
111 -26.60305170  153.08617759 
111 -26.60295454  153.08602518 
111 -26.60289524  153.08607316 
111 -26.60286117  153.08602518 
113 -26.60276682  153.08610626 
110   2 0.25  40.00 New Taxiway 137
111 -26.60308468  153.08655145 
111 -26.60319691  153.08645320 
111 -26.60313004  153.08636006 
111 -26.60321584  153.08626974 
111 -26.60311994  153.08614697 
111 -26.60333319  153.08593528 
111 -26.60338492  153.08599879 
111 -26.60343666  153.08595222 
111 -26.60347112  153.08599927 
111 -26.60339541  153.08605995 
111 -26.60349257  153.08620108 
111 -26.60356702  153.08613051 
111 -26.60360487  153.08617991 
111 -26.60359099  153.08618696 
111 -26.60353421  153.08626035 
111 -26.60357711  153.08631821 
111 -26.60363011  153.08627305 
111 -26.60364525  153.08624059 
111 -26.60368437  153.08629280 
111 -26.60366922  153.08629422 
111 -26.60360866  153.08636054 
111 -26.60362758  153.08640147 
111 -26.60367301  153.08637183 
111 -26.60370077  153.08631397 
111 -26.60373231  153.08635772 
111 -26.60372222  153.08636196 
111 -26.60364399  153.08641699 
111 -26.60366544  153.08644804 
113 -26.60326498  153.08680274 
110   2 0.25  40.00 New Taxiway 136
111 -26.60343228  153.08679013 
111 -26.60338772  153.08673712 
111 -26.60338677  153.08671697 
111 -26.60369109  153.08646038 
111 -26.60369773  153.08647629 
111 -26.60375366  153.08643388 
111 -26.60376503  153.08640631 
111 -26.60379727  153.08644872 
111 -26.60376788  153.08645614 
111 -26.60372048  153.08649643 
111 -26.60379239  153.08662859 
111 -26.60362136  153.08677904 
111 -26.60365891  153.08683502 
111 -26.60355837  153.08692266 
111 -26.60357353  153.08694387 
111 -26.60354320  153.08697144 
111 -26.60349485  153.08690252 
111 -26.60339512  153.08698106 
113 -26.60332445  153.08688371 
110   2 0.25  40.00 New Taxiway 134
111 -26.60384790  153.08680402 
111 -26.60392312  153.08680402 
111 -26.60400225  153.08673042 
111 -26.60403829  153.08678124 
111 -26.60402732  153.08678299 
111 -26.60392155  153.08691706 
111 -26.60394505  153.08694598 
111 -26.60389099  153.08698015 
111 -26.60393487  153.08703974 
111 -26.60361677  153.08729911 
111 -26.60352118  153.08716242 
111 -26.60364498  153.08706778 
111 -26.60360342  153.08700785 
113 -26.60373508  153.08689954 
110   2 0.25  40.00 New Taxiway 133
111 -26.60451154  153.08793259 
111 -26.60434932  153.08807771 
111 -26.60419832  153.08820198 
111 -26.60416413  153.08819003 
111 -26.60406627  153.08805002 
111 -26.60406438  153.08801397 
111 -26.60409945  153.08798216 
111 -26.60409945  153.08796732 
111 -26.60364751  153.08733136 
111 -26.60375094  153.08723400 
111 -26.60407647  153.08695968 
111 -26.60454429  153.08763965 
113 -26.60438369  153.08775745 
110   1 0.25   0.00 New Taxiway 5
112 -26.60267189  153.09054020 -26.60269191  153.09054020 
112 -26.60271781  153.09058365 -26.60271899  153.09061657 
112 -26.60267484  153.09063040 -26.60266012  153.09063105 
114 -26.60263010  153.09058629 -26.60262892  153.09056127 
110   1 0.25   0.00 New Taxiway 6
112 -26.60846489  153.08882477 -26.60850023  153.08881899  22 
112 -26.60853556  153.08886815 -26.60854590  153.08887875  22 
112 -26.60853039  153.08891538 -26.60852263  153.08893273  22 
112 -26.60846058  153.08896936 -26.60843559  153.08896357  22 
114 -26.60839250  153.08889803 -26.60839250  153.08886140  22 
110   1 0.25   0.00 New Taxiway 4
112 -26.60253801  153.09054589 -26.60256784  153.09053948  22 
112 -26.60262060  153.09061645 -26.60262749  153.09066905  22 
112 -26.60254145  153.09070240 -26.60249671  153.09070112  22 
114 -26.60246918  153.09062800 -26.60246804  153.09058053  22 
110   1 0.25   0.00 New Taxiway 4
112 -26.59496226  153.09275682 -26.59499208  153.09275041  22 
112 -26.59504485  153.09282738 -26.59505173  153.09287997  22 
112 -26.59496570  153.09291333 -26.59492096  153.09291205  22 
114 -26.59489343  153.09283892 -26.59489228  153.09279146  22 
110   1 0.25  13.90 New Taxiway 3
111 -26.59357929  153.09451673 
111 -26.59383292  153.09443488 
111 -26.59381525  153.09430647 
111 -26.59431115  153.09416959 
111 -26.59429474  153.09405670 
111 -26.59460455  153.09397769 
111 -26.59473761  153.09401618 
111 -26.59519845  153.09388722 
112 -26.59519290  153.09385003 -26.59519845  153.09383764 
111 -26.59521877  153.09383557 
111 -26.59593080  153.09364058 
111 -26.59619381  153.09362634 
111 -26.60100371  153.09228220 102 
112 -26.60109983  153.09211220 -26.60108195  153.09202470 102 
111 -26.60089864  153.09138470 102 
112 -26.60092994  153.09125219 -26.60098359  153.09121969 102 
112 -26.60111548  153.09119219 -26.60116689  153.09120719 102 
111 -26.60144184  153.09130219 102 
111 -26.60339592  153.09077534 102 
112 -26.60346908  153.09053669 -26.60344063  153.09035487 
111 -26.60370137  153.09057251 102 
112 -26.60394203  153.09060611 -26.60406396  153.09057305 102 
111 -26.60435400  153.09049454 102 
112 -26.60436878  153.09030238 -26.60430782  153.09021767 102 
111 -26.60275145  153.08790840 
112 -26.60267511  153.08788667 -26.60264041  153.08789288 
111 -26.60262515  153.08790219 
111 -26.60260849  153.08787425 
111 -26.60268205  153.08781836 102 
111 -26.60138450  153.08591579 102 
112 -26.60110955  153.08588329 -26.60098883  153.08598579 
111 -26.60073176  153.08620829 
112 -26.60071165  153.08636829 -26.60074071  153.08644079 
111 -26.60058870  153.08637579 
111 -26.60055517  153.08626829 
111 -26.60159078  153.08533817 102 
112 -26.60159448  153.08512743 -26.60150395  153.08503445 
111 -26.60082198  153.08434182 
111 -26.60091817  153.08422400 
112 -26.60091206  153.08409764 -26.60090137  153.08404641 
112 -26.60081728  153.08382650 -26.60076354  153.08377203 
111 -26.60080721  153.08375888 
112 -26.60087607  153.08386031 -26.60088950  153.08389224 
112 -26.60092645  153.08404063 -26.60092645  153.08407256 
111 -26.60094660  153.08419840 
111 -26.60153009  153.08479120 
111 -26.60181999  153.08508277 
111 -26.60184919  153.08511193 
111 -26.60195459  153.08499887 
111 -26.60198066  153.08502803 
111 -26.60188472  153.08514816 
111 -26.60192434  153.08518665 
111 -26.60244564  153.08573608 
111 -26.60248483  153.08577743 
111 -26.60267092  153.08597784 
111 -26.60272518  153.08604981 
111 -26.60276682  153.08610626 
111 -26.60287534  153.08626008 
111 -26.60298833  153.08616295 
111 -26.60297124  153.08612870 
111 -26.60300685  153.08609365 
111 -26.60304674  153.08615021 
111 -26.60298905  153.08620039 
111 -26.60298192  153.08619243 
111 -26.60288790  153.08627607 
111 -26.60308468  153.08655145 
111 -26.60326498  153.08680274 
111 -26.60332445  153.08688371 
111 -26.60339512  153.08698106 
111 -26.60348447  153.08710743 
111 -26.60360342  153.08700785 
111 -26.60363315  153.08704563 
111 -26.60351401  153.08714991 
111 -26.60359342  153.08726481 
111 -26.60364751  153.08733136 
111 -26.60424320  153.08816635 
111 -26.60434932  153.08807771 
111 -26.60450942  153.08793225 
111 -26.60438342  153.08775497 
111 -26.60450332  153.08769361 
111 -26.60466386  153.08789816 
112 -26.60466950  153.08766078 -26.60461223  153.08758640 
111 -26.60397303  153.08669646 
112 -26.60387335  153.08671762 -26.60383171  153.08675855 
111 -26.60360458  153.08698152 
111 -26.60355462  153.08693532 
111 -26.60365891  153.08683502 
111 -26.60362136  153.08677904 
111 -26.60379239  153.08662859 
111 -26.60382993  153.08667291 
112 -26.60388103  153.08657844 -26.60385600  153.08653761 
111 -26.60312106  153.08551683 
111 -26.60234654  153.08473261 
112 -26.60223689  153.08473416 -26.60219664  153.08478849 
111 -26.60199538  153.08503376 
111 -26.60195374  153.08498719 
111 -26.60220913  153.08467517 
112 -26.60219664  153.08458048 -26.60215639  153.08453701 
111 -26.60134425  153.08371318 
112 -26.60132577  153.08368425 -26.60133686  153.08366153 
112 -26.60136457  153.08365326 -26.60137381  153.08366359 
111 -26.60313438  153.08542556 
111 -26.60328604  153.08563297 
111 -26.60333462  153.08564384 
111 -26.60338042  153.08570593 
111 -26.60338320  153.08577268 
111 -26.60389311  153.08648009 
112 -26.60393883  153.08647299 -26.60394717  153.08646599 
111 -26.60400348  153.08642517 
112 -26.60418493  153.08650331 -26.60422456  153.08663161 
111 -26.60424959  153.08669342 
111 -26.60426245  153.08668350 
111 -26.60425771  153.08661882 
111 -26.60502794  153.08647308 
111 -26.60503933  153.08655195 
111 -26.60506284  153.08658063 
112 -26.60514831  153.08647339 -26.60519855  153.08643946 
111 -26.60521467  153.08644052 
111 -26.60589179  153.08638430 
112 -26.60621140  153.08660745 -26.60626682  153.08677068 
111 -26.60635403  153.08716925 
112 -26.60638810  153.08717913 -26.60641207  153.08717489 
111 -26.60641712  153.08717066 
111 -26.60627822  153.08655848 
111 -26.60660178  153.08649013 
111 -26.60679555  153.08736217 
111 -26.60648518  153.08744895 
111 -26.60643900  153.08724852 
112 -26.60639108  153.08728164 -26.60638420  153.08730217 
111 -26.60638649  153.08732013 
111 -26.60647619  153.08767668 
112 -26.60674347  153.08780370 -26.60688342  153.08775366 
111 -26.60706868  153.08770752 
112 -26.60712823  153.08759652 -26.60710532  153.08750431 
111 -26.60684005  153.08641932 
111 -26.60690388  153.08641181 
111 -26.60720223  153.08759549 
112 -26.60731308  153.08763869 -26.60741385  153.08761803 
111 -26.60775022  153.08752665 
112 -26.60778534  153.08741736 -26.60777160  153.08734906 
111 -26.60752058  153.08624252 
111 -26.60752730  153.08616550 
112 -26.60755585  153.08616926 -26.60756425  153.08618241 
111 -26.60761967  153.08633456 
111 -26.60779413  153.08711366 
111 -26.60781558  153.08710237 
111 -26.60779792  153.08700922 
111 -26.60785091  153.08700499 
111 -26.60789508  153.08720398 
111 -26.60784839  153.08721527 
111 -26.60783451  153.08714188 
112 -26.60779792  153.08714329 -26.60779792  153.08714753 
111 -26.60780170  153.08716305 
111 -26.60785975  153.08741849 
112 -26.60796953  153.08746648 -26.60805912  153.08744107 
111 -26.60840580  153.08733756 
112 -26.60845114  153.08721170 -26.60842763  153.08711402 
111 -26.60817769  153.08604249 
111 -26.60824475  153.08601249 
111 -26.60853088  153.08722007 
112 -26.60866962  153.08726560 -26.60877732  153.08722696 
111 -26.60891549  153.08718151 
112 -26.60919714  153.08741153 -26.60925303  153.08765404 
111 -26.60945043  153.08843418 
112 -26.60976495  153.08851786 -26.60998176  153.08845296 
111 -26.61083368  153.08823962 
112 -26.61095561  153.08814663 -26.61096300  153.08810944 
111 -26.61096300  153.08810944 
111 -26.61100919  153.08835326 
112 -26.61087248  153.08834293 -26.61078750  153.08836153 
111 -26.61057689  153.08842352 
112 -26.61053255  153.08847931 -26.61052701  153.08850204 
111 -26.61052516  153.08850617 
111 -26.61047713  153.08848964 
111 -26.61045496  153.08845865 
111 -26.60955738  153.08867404 
112 -26.60943523  153.08866721 -26.60942149  153.08867745 
112 -26.60935889  153.08866208 -26.60935889  153.08863476 
111 -26.60936042  153.08854425 
111 -26.60909315  153.08740605 
112 -26.60886083  153.08730253 -26.60863932  153.08735708 
111 -26.60839375  153.08743030 
112 -26.60836393  153.08749829 -26.60836737  153.08753294 
112 -26.60841325  153.08753935 -26.60842243  153.08753550 
111 -26.60882736  153.08742901 
111 -26.60884457  153.08750086 
111 -26.60856811  153.08757399 
111 -26.60860482  153.08771384 
112 -26.60866676  153.08774719 -26.60871609  153.08773693 
111 -26.60877918  153.08772025 
111 -26.60880212  153.08783444 
112 -26.60879639  153.08787036 -26.60879983  153.08787293 
111 -26.60881474  153.08786908 
111 -26.60886736  153.08804462 
111 -26.60913773  153.08797404 102 
111 -26.60925406  153.08850549 102 
111 -26.60894242  153.08859324 
112 -26.60891592  153.08865392 -26.60892727  153.08870050 
111 -26.60897901  153.08893195 
112 -26.60909510  153.08899405 -26.60918595  153.08897005 
111 -26.60952056  153.08887192 
112 -26.60963660  153.08879678 -26.60967630  153.08876946 
112 -26.60977757  153.08873973 -26.60979794  153.08873973 
111 -26.60979794  153.08873973 
111 -26.60978384  153.08867488 
111 -26.60981674  153.08866524 
111 -26.60984417  153.08872834 
111 -26.60998739  153.08870772 
112 -26.61009178  153.08885270 -26.61010783  153.08893866 
112 -26.61009439  153.08912500 -26.61007827  153.08921301 
111 -26.61001191  153.08944098 
112 -26.61001191  153.08952793 -26.61001665  153.08956186 
112 -26.61004691  153.08966915 -26.61005943  153.08970064 
111 -26.61008341  153.08980212 
111 -26.61061127  153.08965458 
111 -26.61067815  153.08994954 
111 -26.61015130  153.09008998 
111 -26.61017738  153.09019379 
111 -26.60981660  153.09029802 
112 -26.60976402  153.09028260 -26.60975023  153.09028357 
112 -26.60971748  153.09029224 -26.60970283  153.09029320 
111 -26.60962271  153.09027903 
111 -26.59612569  153.09400436 
112 -26.59600938  153.09405881 -26.59599045  153.09407696 
112 -26.59596979  153.09415213 -26.59597649  153.09421713 
111 -26.59618991  153.09529300 
111 -26.59616085  153.09530050 
111 -26.59592390  153.09413804 
112 -26.59584566  153.09412304 -26.59579649  153.09414054 
111 -26.59530597  153.09427360 
111 -26.59528553  153.09424037 
111 -26.59479539  153.09436920 
111 -26.59469870  153.09447416 
111 -26.59441910  153.09455603 
111 -26.59441077  153.09452343 
111 -26.59439272  153.09445203 
111 -26.59387159  153.09459047 
111 -26.59385386  153.09449134 
113 -26.59359494  153.09457361 
111 -26.60983108  153.08976482 
112 -26.60994865  153.08955068 -26.60992010  153.08942858 
111 -26.60983466  153.08906956 
112 -26.60957258  153.08895269 -26.60934508  153.08900392 
111 -26.60594113  153.08992081 
112 -26.60590984  153.08999779 -26.60592027  153.09005494 102 
111 -26.60606644  153.09071346 102 
112 -26.60619893  153.09079813 -26.60628473  153.09077555 
111 -26.60953297  153.08993366 
112 -26.60960183  153.08986792 -26.60962031  153.08984913 
112 -26.60967069  153.08983599 -26.60967237  153.08982847 
114 -26.60969588  153.08980217 -26.60969924  153.08980029 
112 -26.60884878  153.08864475 -26.60884190  153.08861653 
111 -26.60880978  153.08862422 102 
111 -26.60741247  153.08902372 102 
111 -26.60732759  153.08904553 
112 -26.60739527  153.08936499 -26.60740559  153.08941118 
111 -26.60747212  153.08942786 
112 -26.60888292  153.08904759 -26.60892151  153.08903710 
113 -26.60892047  153.08896595 
111 -26.60626528  153.08934276 102 
112 -26.60620420  153.08939740 -26.60616451  153.08941960 102 
112 -26.60596602  153.08959549 -26.60588663  153.08967575 102 
112 -26.60587289  153.08980723 -26.60587747  153.08983968 102 
111 -26.60593854  153.08983455 
112 -26.60725638  153.08948803 -26.60732859  153.08946924 
111 -26.60732523  153.08938471 
113 -26.60725806  153.08907102 102 
111 -26.60509234  153.09037187 
112 -26.60506211  153.09044700 -26.60507555  153.09051087 102 
111 -26.60515952  153.09085649 102 
112 -26.60521326  153.09100300 -26.60524182  153.09104620 102 
112 -26.60530060  153.09109504 -26.60534426  153.09108189 
111 -26.60575005  153.09097093 102 
112 -26.60586914  153.09076772 -26.60585846  153.09069259 102 
111 -26.60575463  153.09024349 102 
114 -26.60569509  153.09020079 -26.60563096  153.09021616 
111 -26.60565911  153.09011919 
112 -26.60571085  153.09004863 -26.60570327  153.09000911 102 
111 -26.60568435  153.08993008 102 
112 -26.60564397  153.08988775 -26.60563514  153.08988492 102 
112 -26.60551296  153.08989743 -26.60549769  153.08990085 102 
111 -26.60549769  153.08990085 102 
111 -26.60549769  153.08991963 102 
112 -26.60531448  153.08995378 -26.60524882  153.08997257 102 
112 -26.60510531  153.09004087 -26.60506866  153.09006478 102 
111 -26.60506866  153.09006478 102 
111 -26.60505339  153.09005112 102 
112 -26.60501863  153.09012459 -26.60501863  153.09016488 102 
111 -26.60503664  153.09026773 102 
114 -26.60508120  153.09029742 -26.60512101  153.09028788 
111 -26.60486908  153.09050060 102 
112 -26.60480940  153.09046490 -26.60476915  153.09047421 102 
111 -26.60442546  153.09057204 102 
112 -26.60435893  153.09057717 -26.60434516  153.09058102 102 
111 -26.60429698  153.09059000 102 
111 -26.60398110  153.09068043 102 
112 -26.60391896  153.09087766 -26.60394751  153.09100351 
111 -26.60419775  153.09127775 
112 -26.60440433  153.09133786 -26.60448998  153.09131532 
111 -26.60492811  153.09120090 102 
112 -26.60497114  153.09107515 -26.60497253  153.09098977 102 
114 -26.60496142  153.09089663 -26.60495448  153.09086093 102 
111 -26.60394774  153.09146454 
112 -26.60397416  153.09125090 -26.60391522  153.09113628 
112 -26.60377297  153.09098271 -26.60376281  153.09097134 102 
112 -26.60340921  153.09083952 -26.60315722  153.09090998 102 
111 -26.60177245  153.09130189 102 
111 -26.60117547  153.09153753 102 
112 -26.60108844  153.09162632 -26.60107928  153.09168267 102 
112 -26.60107622  153.09174756 -26.60108233  153.09176634 102 
111 -26.60116936  153.09209248 102 
114 -26.60131440  153.09220347 -26.60138006  153.09218640 
112 -26.60474137  153.08995044 -26.60472962  153.08989596 102 
111 -26.60468427  153.08982271 102 
111 -26.60419380  153.08912851 102 
111 -26.60457703  153.08880407 
112 -26.60428065  153.08836824 -26.60426677  153.08833874 
111 -26.60426261  153.08829217 
111 -26.60412797  153.08825492 
112 -26.60404886  153.08833409 -26.60404330  153.08833874 
111 -26.60400207  153.08837359 
111 -26.60387076  153.08818064 
111 -26.60396084  153.08810550 102 
112 -26.60388603  153.08800476 -26.60385855  153.08797573 102 
111 -26.60377152  153.08801329 102 
112 -26.60337455  153.08834627 -26.60326767  153.08843507 102 
111 -26.60336234  153.08864168 102 
112 -26.60445621  153.09023808 -26.60448718  153.09028042 102 
112 -26.60456429  153.09036146 -26.60460855  153.09039721 102 
112 -26.60478314  153.09035321 -26.60481756  153.09034221 102 
113 -26.60482002  153.09029821 102 
112 -26.60342667  153.08735004 -26.60338193  153.08729103 102 
111 -26.60328359  153.08732959 102 
112 -26.60285457  153.08769651 -26.60277003  153.08777131 102 
111 -26.60281798  153.08786727 102 
112 -26.60308920  153.08826033 -26.60316096  153.08836620 102 
111 -26.60325614  153.08830917 102 
112 -26.60366996  153.08795586 -26.60378820  153.08785255 102 
113 -26.60370691  153.08773891 102 
112 -26.60318804  153.08700782 -26.60316167  153.08697523 102 
111 -26.60313252  153.08699075 102 
112 -26.60304924  153.08704042 -26.60303258  153.08704974 102 
112 -26.60283410  153.08721584 -26.60278274  153.08726086 102 
111 -26.60274665  153.08720497 102 
112 -26.60224417  153.08649984 -26.60219749  153.08643492 102 
111 -26.60223913  153.08639682 102 
112 -26.60253566  153.08614562 -26.60254827  153.08613151 102 
111 -26.60254196  153.08612022 102 
112 -26.60185538  153.08538518 -26.60177598  153.08529980 102 
112 -26.60169812  153.08536298 -26.60169048  153.08536810 102 
112 -26.60159124  153.08545348 -26.60154696  153.08550129 102 
112 -26.60157139  153.08561228 -26.60158361  153.08565838 102 
112 -26.60160880  153.08572416 -26.60161157  153.08573968 102 
112 -26.60163517  153.08608120 -26.60163656  153.08614018 102 
111 -26.60167681  153.08620849 102 
112 -26.60263701  153.08761101 -26.60265770  153.08764185 102 
112 -26.60272233  153.08765246 -26.60276112  153.08766595 102 
111 -26.60282920  153.08761872 102 
112 -26.60321844  153.08728265 -26.60328956  153.08721722 102 
113 -26.60323794  153.08708380 102 
111 -26.60486065  153.08764899 
111 -26.60481704  153.08752175 
111 -26.60491848  153.08747722 
111 -26.60495924  153.08765853 
111 -26.60492227  153.08767125 
111 -26.60483789  153.08778258 
112 -26.60484643  153.08778789 -26.60485496  153.08779319 
111 -26.60489478  153.08782181 
112 -26.60491184  153.08781757 -26.60492606  153.08781333 
111 -26.60493419  153.08779230 
111 -26.60525066  153.08798790 
111 -26.60535059  153.08796306 
111 -26.60503130  153.08780821 
111 -26.60511838  153.08763086 
111 -26.60518474  153.08765206 
111 -26.60522361  153.08753119 
111 -26.60534970  153.08755664 
111 -26.60534061  153.08744565 
112 -26.60528743  153.08742116 -26.60528117  153.08743049 
112 -26.60519879  153.08749231 -26.60517480  153.08752496 
111 -26.60508616  153.08762527 
111 -26.60503715  153.08740250 
111 -26.60520087  153.08735002 
111 -26.60502568  153.08722522 
111 -26.60531778  153.08670734 
112 -26.60546188  153.08676142 -26.60548178  153.08677414 
111 -26.60547420  153.08681231 
111 -26.60545619  153.08696181 
112 -26.60563347  153.08699998 -26.60564579  153.08700104 
112 -26.60565812  153.08692576 -26.60566475  153.08685790 
111 -26.60561356  153.08681549 
112 -26.60554435  153.08679853 -26.60550928  153.08678156 
112 -26.60548652  153.08664372 -26.60549221  153.08659389 
111 -26.60556805  153.08649846 
112 -26.60545334  153.08652179 -26.60540689  153.08653133 
111 -26.60527711  153.08663377 
112 -26.60483298  153.08739735 -26.60482255  153.08741601 
112 -26.60478397  153.08756530 -26.60476416  153.08766211 
113 -26.60480587  153.08773442 
112 -26.60482077  153.08786343 -26.60480550  153.08785490 
112 -26.60482382  153.08793857 -26.60484367  153.08799321 
112 -26.60496123  153.08808201 -26.60501162  153.08811958 
112 -26.60536703  153.08821508 -26.60550307  153.08825828 
111 -26.60579127  153.08822401 
111 -26.60580160  153.08824326 
112 -26.60628682  153.08811496 -26.60632927  153.08810085 
111 -26.60626273  153.08806493 
111 -26.60580849  153.08820812 
111 -26.60578906  153.08817242 
112 -26.60542412  153.08814777 -26.60535871  153.08813823 
111 -26.60517645  153.08807474 
111 -26.60513767  153.08810076 
111 -26.60489463  153.08799762 
112 -26.60486188  153.08795618 -26.60485585  153.08793593 
113 -26.60485929  153.08788196 
112 -26.60614369  153.08667334 -26.60614674  153.08670066 
112 -26.60638340  153.08774231 -26.60640782  153.08783111 
111 -26.60637881  153.08786014 
112 -26.60632843  153.08795405 -26.60631927  153.08796942 
112 -26.60632690  153.08801724 -26.60633606  153.08804797 
111 -26.60636660  153.08802919 
112 -26.60641546  153.08796089 -26.60642920  153.08793698 
112 -26.60645974  153.08782257 -26.60646584  153.08781744 
112 -26.60661089  153.08787892 -26.60662005  153.08787892 
112 -26.60655745  153.08783794 -26.60651165  153.08782940 
112 -26.60642004  153.08771840 -26.60639866  153.08767913 
112 -26.60636507  153.08752544 -26.60636049  153.08749812 
112 -26.60629179  153.08716684 -26.60628415  153.08711903 
112 -26.60621850  153.08680312 -26.60621087  153.08675530 
113 -26.60615743  153.08663235 
111 -26.60661988  153.08862379 
111 -26.60659082  153.08850378 
111 -26.60617727  153.08860129 
111 -26.60599844  153.08850628 
111 -26.60604985  153.08868879 
111 -26.60609679  153.08868379 
112 -26.60613927  153.08873879 -26.60614821  153.08874879 
113 -26.60616609  153.08876379 
111 -26.60752025  153.08827037 
111 -26.60744402  153.08791285 
111 -26.60771450  153.08783585 
111 -26.60771971  153.08786679 
111 -26.60798401  153.08779611 
111 -26.60808004  153.08823565 
111 -26.60810294  153.08823565 
111 -26.60804187  153.08795388 
111 -26.60825409  153.08789582 
111 -26.60831975  153.08818100 
111 -26.60837624  153.08816393 
111 -26.60832127  153.08792998 
111 -26.60842955  153.08789381 
111 -26.60845984  153.08800248 
111 -26.60854942  153.08798413 
111 -26.60856961  153.08809421 
111 -26.60864003  153.08809743 
111 -26.60856987  153.08783692 
111 -26.60830384  153.08788651 
111 -26.60826689  153.08770882 
111 -26.60833155  153.08769022 
111 -26.60831862  153.08764270 
111 -26.60744210  153.08787466 
112 -26.60741082  153.08792831 -26.60741707  153.08796330 
111 -26.60742437  153.08797263 
111 -26.60656358  153.08820498 
111 -26.60652321  153.08818946 
112 -26.60648283  153.08823039 -26.60648283  153.08824309 
111 -26.60650302  153.08834329 
112 -26.60653078  153.08839127 -26.60653961  153.08839691 
111 -26.60659765  153.08842796 
112 -26.60661910  153.08841667 -26.60661910  153.08840962 
111 -26.60659639  153.08831224 
111 -26.60720987  153.08813412 
111 -26.60723763  153.08822727 
111 -26.60737782  153.08819932 
111 -26.60743056  153.08843218 
113 -26.60755409  153.08840269 
111 -26.60705125  153.08779838 
112 -26.60702028  153.08785611 -26.60702487  153.08790743 
112 -26.60708911  153.08789845 -26.60711205  153.08789460 
112 -26.60713843  153.08787407 -26.60713843  153.08786766 
111 -26.60713958  153.08785226 
111 -26.60736170  153.08779369 
112 -26.60740185  153.08782063 -26.60743512  153.08781294 
111 -26.60827201  153.08758120 
112 -26.60831113  153.08751628 -26.60830356  153.08748100 
114 -26.60825561  153.08747394 -26.60822280  153.08748099 
111 -26.60838943  153.08762273 
112 -26.60839447  153.08764903 -26.60839783  153.08765654 
111 -26.60841462  153.08767157 
111 -26.60850196  153.08765090 
111 -26.60854898  153.08781245 
111 -26.60856242  153.08780869 
113 -26.60851707  153.08758516 
120 Linear Feature 1
111 -26.60735895  153.08920473   2 
115 -26.60729426  153.08922134 
120 Linear Feature 108
111 -26.60464324  153.08949865   2 
112 -26.60467857  153.08938293 -26.60472148  153.08932931   2 
112 -26.60477573  153.08928556 -26.60482873  153.08922205   2 
112 -26.60479214  153.08910068 -26.60477952  153.08907105   2 
116 -26.60470129  153.08900472 -26.60467227  153.08900472 
120 Linear Feature 107
111 -26.60464577  153.08904423   2 
112 -26.60475302  153.08912326 -26.60479214  153.08920371   2 
112 -26.60475933  153.08931519 -26.60474293  153.08934765   2 
112 -26.60468615  153.08940269 -26.60466848  153.08940975   2 
115 -26.60465965  153.08940975 
120 Linear Feature 106
111 -26.60503254  153.08922687   2 
112 -26.60490266  153.08923429 -26.60485431  153.08927246   2 
112 -26.60482018  153.08942197 -26.60483914  153.08950679   2 
115 -26.60485147  153.08956510 
120 Linear Feature 105
111 -26.60510269  153.08932018   2 
112 -26.60499746  153.08928731 -26.60495196  153.08929367   2 
116 -26.60486948  153.08937319 -26.60484767  153.08942833 
120 Linear Feature 104
111 -26.60486189  153.08936153   2 
112 -26.60496618  153.08926716 -26.60503444  153.08925444   2 
116 -26.60510459  153.08929685 -26.60511691  153.08930639 
120 Linear Feature 103
111 -26.60586507  153.08918292   2 
112 -26.60592660  153.08906862 -26.60600064  153.08903247   2 
112 -26.60604051  153.08905929 -26.60605189  153.08906459   2 
115 -26.60607653  153.08908156 
120 Linear Feature 102
111 -26.60571282  153.08947917   2 
112 -26.60576287  153.08938936 -26.60576600  153.08934854   2 
116 -26.60574306  153.08926807 -26.60572325  153.08922724 
120 Linear Feature 101
111 -26.60577330  153.08942435   2 
112 -26.60574306  153.08926807 -26.60569926  153.08921558   2 
116 -26.60560171  153.08919578 -26.60556730  153.08920628 
120 Linear Feature 100
111 -26.60578403  153.08988494   2 
111 -26.60570996  153.08954080   2 
112 -26.60571358  153.08929969 -26.60564722  153.08918200   2 
112 -26.60560171  153.08919578 -26.60559603  153.08919366   2 
112 -26.60549487  153.08920508 -26.60547088  153.08921908   2 
115 -26.60546671  153.08922374 
120 Linear Feature 99
111 -26.60557536  153.08923794   1 
115 -26.60562646  153.08926360 
120 Linear Feature 98
111 -26.60544396  153.08956801   1 
112 -26.60545543  153.08941522 -26.60548568  153.08934408   1 
112 -26.60552530  153.08931025 -26.60553469  153.08930442   1 
111 -26.60555555  153.08929043   1 
111 -26.60557536  153.08923794   1 
115 -26.60563689  153.08905950 
120 Linear Feature 97
111 -26.60578485  153.08988450   1 
112 -26.60572448  153.08981061 -26.60568381  153.08977445   1 
111 -26.60544396  153.08956801   1 
115 -26.60541059  153.08953652 
120 Linear Feature 96
111 -26.60276053  153.08688808   1 
115 -26.60252537  153.08656093 
120 Linear Feature 95
111 -26.60286721  153.08681752   1 
115 -26.60290277  153.08686499 
120 Linear Feature 95
111 -26.60276626  153.08667255   1 
115 -26.60280182  153.08672001 
120 Linear Feature 95
111 -26.60266876  153.08653527   1 
115 -26.60270432  153.08658274 
120 Linear Feature 95
111 -26.60257011  153.08639543   1 
115 -26.60260567  153.08644290 
120 Linear Feature 94
111 -26.60274604  153.08640914   1 
111 -26.60253686  153.08659198   1 
116 -26.60251555  153.08673314 -26.60255242  153.08680734 
120 Linear Feature 94
111 -26.60284511  153.08654909   1 
111 -26.60263593  153.08673194   1 
116 -26.60261440  153.08687171 -26.60265127  153.08694592 
120 Linear Feature 94
111 -26.60293792  153.08668905   1 
111 -26.60273500  153.08686956   1 
116 -26.60273108  153.08703955 -26.60279298  153.08712192 
120 Linear Feature 93
111 -26.60292146  153.08671037   2 
116 -26.60303751  153.08671543 -26.60310697  153.08675824 
120 Linear Feature 93
111 -26.60283135  153.08656403   2 
116 -26.60294662  153.08658925 -26.60301608  153.08663731 
120 Linear Feature 93
111 -26.60272715  153.08642471   2 
116 -26.60284144  153.08644286 -26.60291090  153.08649092 
120 Linear Feature 93
111 -26.60262686  153.08628363   2 
116 -26.60274518  153.08630470 -26.60281464  153.08635276 
120 Linear Feature 92
111 -26.60317395  153.08690991   1 
112 -26.60302658  153.08692051 -26.60296021  153.08698027   1 
111 -26.60287163  153.08705606   1 
112 -26.60273132  153.08703804 -26.60268013  153.08696488   1 
111 -26.60261440  153.08687171   1 
111 -26.60251555  153.08673314   1 
111 -26.60242030  153.08659626   1 
112 -26.60243323  153.08644878 -26.60249097  153.08639962   1 
115 -26.60264400  153.08626750 
120 Linear Feature 91
111 -26.60334699  153.08830253   1 
112 -26.60327047  153.08836244 -26.60324633  153.08837561   1 
116 -26.60308683  153.08833254 -26.60301796  153.08825815 
120 Linear Feature 90
111 -26.60281031  153.08768270   1 
116 -26.60278132  153.08788666 -26.60283389  153.08800425 
120 Linear Feature 89
111 -26.60250777  153.08624278   1 
115 -26.60303688  153.08698541 
120 Linear Feature 88
111 -26.60315275  153.08696136   1 
112 -26.60296756  153.08701857 -26.60292094  153.08705405   1 
111 -26.60278676  153.08716995   1 
111 -26.60227508  153.08644712   1 
111 -26.60250777  153.08624278   1 
115 -26.60258362  153.08617531 
120 Linear Feature 87
111 -26.60326169  153.08729730   1 
116 -26.60346044  153.08731238 -26.60355797  153.08739344 
120 Linear Feature 86
111 -26.60262797  153.08766438   1 
112 -26.60281031  153.08768270 -26.60288154  153.08761977   1 
111 -26.60326169  153.08729730   1 
116 -26.60329833  153.08708548 -26.60325844  153.08693572 
120 Linear Feature 85
111 -26.60155288  153.08557248   1 
111 -26.60146827  153.08564609   1 
112 -26.60145651  153.08576789 -26.60150117  153.08583711   1 
115 -26.60162026  153.08601061 
120 Linear Feature 84
111 -26.60187290  153.08533485   1 
116 -26.60165096  153.08534276 -26.60155060  153.08545283 
120 Linear Feature 83
111 -26.60139599  153.08557145   1 
116 -26.60140224  153.08587462 -26.60154875  153.08604987 
120 Linear Feature 82
111 -26.60086650  153.08599035   4 
115 -26.60091045  153.08604915 
120 Linear Feature 81
111 -26.60164156  153.08510004   1 
112 -26.60165096  153.08534276 -26.60156713  153.08542074   1 
111 -26.60139599  153.08557145   1 
111 -26.60111328  153.08582240   1 
115 -26.60063208  153.08624674 
120 Linear Feature 80
111 -26.60411146  153.08821565   1 
111 -26.60377696  153.08774902   1 
111 -26.60346044  153.08731238   1 
111 -26.60329833  153.08708548   1 
111 -26.60317383  153.08691084   1 
111 -26.60303751  153.08671543   1 
111 -26.60294662  153.08658925   1 
111 -26.60284144  153.08644286   1 
111 -26.60274350  153.08630442   1 
111 -26.60261849  153.08612881   1 
112 -26.60253819  153.08604029 -26.60251296  153.08601079   1 
111 -26.60187290  153.08533485   1 
111 -26.60164199  153.08509917   1 
115 -26.60143148  153.08487597 
120 Linear Feature 79
111 -26.60330811  153.08864904   1 
112 -26.60334699  153.08830253 -26.60349311  153.08817481   1 
111 -26.60375485  153.08795030   1 
116 -26.60377652  153.08774967 -26.60372438  153.08762244 
120 Linear Feature 78
111 -26.60483853  153.08889315   1 
115 -26.60460383  153.08907728 
120 Linear Feature 77
111 -26.60457703  153.08880407   1 
115 -26.60466482  153.08874002 
120 Linear Feature 76
111 -26.60419303  153.08825496   1 
115 -26.60436301  153.08810800 
120 Linear Feature 75
111 -26.60114820  153.09214754   1 
111 -26.60103268  153.09169798   1 
112 -26.60124638  153.09141974 -26.60151803  153.09132135   1 
115 -26.60323640  153.09085307 
120 Linear Feature 74
111 -26.60116936  153.09209248   1 
116 -26.60130847  153.09223394 -26.60140942  153.09224523 
120 Linear Feature 73
111 -26.60109983  153.09211220   1 
116 -26.60103214  153.09230873 -26.60094128  153.09238776 
120 Linear Feature 72
111 -26.60093097  153.09149862   1 
112 -26.60108239  153.09134762 -26.60118712  153.09130387   1 
115 -26.60131078  153.09126436 
120 Linear Feature 71
111 -26.60098978  153.09169794   4 
115 -26.60107722  153.09167310 
120 Linear Feature 70
111 -26.60325285  153.09088085   4 
115 -26.60323789  153.09081791 
120 Linear Feature 68
111 -26.60442428  153.09029545   1 
116 -26.60434917  153.09053944 -26.60419796  153.09061129 
120 Linear Feature 67
111 -26.60468662  153.09043827   1 
112 -26.60442428  153.09029545 -26.60432157  153.09014177   1 
111 -26.60330822  153.08865015   1 
111 -26.60308683  153.08833254   1 
111 -26.60278132  153.08788666   1 
111 -26.60262698  153.08766390   1 
111 -26.60140224  153.08587462   1 
116 -26.60111328  153.08582240 -26.60094798  153.08591695 
120 Linear Feature 66
111 -26.60467968  153.09038239   2 
115 -26.60470188  153.09049105 
120 Linear Feature 65
111 -26.60437709  153.09057177   2 
115 -26.60435766  153.09049571 
120 Linear Feature 64
111 -26.60411198  153.09056401   4 
115 -26.60413003  153.09063542 
120 Linear Feature 63
111 -26.60479625  153.09041340   1 
111 -26.60468541  153.09043819   1 
111 -26.60434917  153.09053944   1 
115 -26.60413302  153.09059729 
120 Linear Feature 25
111 -26.61002310  153.08919602   1 
112 -26.60991871  153.08889195 -26.60982465  153.08876365   1 
116 -26.60970535  153.08876236 -26.60969273  153.08876493 
120 Linear Feature 24
111 -26.60115898  153.08571726 102 
115 -26.60159078  153.08533817 
120 Linear Feature 33
111 -26.60617348  153.08887010   1 
111 -26.60609275  153.08889202   1 
111 -26.60601284  153.08891042   1 
115 -26.60599795  153.08884733 
120 Linear Feature 32
111 -26.60717273  153.08908506   1 
111 -26.60714774  153.08897639   1 
111 -26.60640159  153.08918253   1 
115 -26.60642367  153.08929167 
120 Linear Feature 31
111 -26.60874872  153.08863289   1 
111 -26.60872028  153.08853216   1 
111 -26.60738483  153.08891144   1 
115 -26.60741247  153.08902372 
120 Linear Feature 30
111 -26.60899236  153.08856235   1 
111 -26.60897435  153.08847010   1 
111 -26.60920946  153.08840648   1 
111 -26.60915447  153.08817215   1 
111 -26.60619998  153.08898583   1 
111 -26.60617348  153.08887010   1 
115 -26.60615708  153.08879672 
120 Linear Feature 29
111 -26.60682612  153.09085573   1 
111 -26.60629856  153.09099573   1 
112 -26.60597890  153.09077322 -26.60592749  153.09052321   1 
111 -26.60578485  153.08988450   1 
112 -26.60581786  153.08959085 -26.60589697  153.08943872   1 
111 -26.60600801  153.08940301   1 
111 -26.60610934  153.08934868   1 
112 -26.60610795  153.08926330 -26.60609684  153.08923380   1 
111 -26.60607325  153.08921207   1 
111 -26.60607325  153.08911893   1 
115 -26.60608158  153.08891091 
120 Linear Feature 28
111 -26.60963856  153.09007913   1 
112 -26.60975118  153.08999166 -26.60977413  153.08993800   1 
112 -26.60985129  153.08984236 -26.60991178  153.08981437   1 
112 -26.61001398  153.08985869 -26.61005256  153.08989485   1 
111 -26.61007550  153.08995900   1 
112 -26.61005569  153.09009663 -26.61001919  153.09015262   1 
112 -26.60994619  153.09017594 -26.60991595  153.09018061   1 
112 -26.60983148  153.09015028 -26.60978768  153.09011996   1 
114 -26.60969278  153.09007214 -26.60964064  153.09008030   1 
120 Linear Feature 27
111 -26.61006146  153.08972880  20 
111 -26.61016316  153.09016826  20 
111 -26.60981656  153.09026210  20 
115 -26.60967435  153.09022499 
120 Linear Feature 26
111 -26.60960759  153.08993683  20 
111 -26.60971863  153.08982971  20 
115 -26.60986853  153.08978779 
120 Linear Feature 3
111 -26.59482528  153.09417913   1 
112 -26.59467789  153.09415151 -26.59462292  153.09410696   1 
112 -26.59449944  153.09408736 -26.59441260  153.09411053   1 
112 -26.59439293  153.09430089 -26.59440886  153.09437622   1 
112 -26.59458413  153.09443048 -26.59467829  153.09440294   1 
112 -26.59471377  153.09426849 -26.59474347  153.09422475   1 
116 -26.59482604  153.09417778 -26.59485935  153.09417130 
120 Linear Feature 2
111 -26.59472333  153.09405274  20 
111 -26.59460303  153.09402245  20 
111 -26.59431941  153.09408571  20 
111 -26.59441912  153.09452143  20 
111 -26.59468553  153.09445087  20 
115 -26.59478106  153.09434698 
120 Linear Feature 35
111 -26.60885072  153.08851280   1 
112 -26.60887414  153.08840671 -26.60891253  153.08835939   1 
115 -26.60895092  153.08835063 
120 Linear Feature 34
111 -26.60622228  153.08910571   1 
111 -26.60715733  153.08884210   1 
111 -26.60733169  153.08879334   1 
111 -26.60869586  153.08841658   1 
112 -26.60885072  153.08851280 -26.60887710  153.08863340   1 
111 -26.60895805  153.08898175   1 
116 -26.60892201  153.08907815 -26.60887735  153.08912547 
120 Linear Feature 42
111 -26.60895805  153.08898175   1 
116 -26.60904591  153.08904399 -26.60910526  153.08904072 
120 Linear Feature 41
111 -26.60715733  153.08884210   1 
116 -26.60726530  153.08892161 -26.60729374  153.08899968 
120 Linear Feature 40
111 -26.60732590  153.08950636   1 
116 -26.60736958  153.08941031 -26.60736269  153.08932934 
120 Linear Feature 39
111 -26.60744896  153.08947254   1 
112 -26.60736958  153.08941031 -26.60735707  153.08934499   1 
111 -26.60726530  153.08892161   1 
116 -26.60733169  153.08879334 -26.60740840  153.08875189 
120 Linear Feature 38
111 -26.60605322  153.08988680   2 
115 -26.60604029  153.08981161 
120 Linear Feature 37
111 -26.60999281  153.08959522   1 
111 -26.60986433  153.08903198   1 
112 -26.60958648  153.08889407 -26.60936843  153.08894901   1 
111 -26.60904591  153.08904399   1 
111 -26.60892269  153.08907745   1 
111 -26.60744896  153.08947254   1 
111 -26.60732590  153.08950636   1 
115 -26.60606701  153.08984535 
120 Linear Feature 36
111 -26.60888242  153.08879005   2 
115 -26.60894197  153.08877515 
120 Linear Feature 61
111 -26.60618791  153.08939467   1 
112 -26.60592288  153.08961862 -26.60584058  153.08974635   1 
115 -26.60585402  153.08982336 
120 Linear Feature 60
111 -26.60609270  153.08889175   2 
115 -26.60619479  153.08935490 
120 Linear Feature 59
111 -26.60487866  153.09047998   4 
115 -26.60505729  153.09042704 
120 Linear Feature 58
111 -26.60482675  153.09017944   2 
115 -26.60501454  153.09012650 
120 Linear Feature 57
111 -26.60502671  153.08990553   1 
111 -26.60517687  153.08986005   1 
112 -26.60520294  153.08971659 -26.60519147  153.08961628   1 
112 -26.60514454  153.08959879 -26.60513516  153.08959063   1 
115 -26.60511743  153.08957780 
120 Linear Feature 56
111 -26.60510283  153.08936319   1 
115 -26.60515706  153.08937019 
120 Linear Feature 56
111 -26.60510596  153.08934103   1 
115 -26.60516019  153.08934803 
120 Linear Feature 55
111 -26.60489621  153.09016402   1 
112 -26.60494325  153.08997670 -26.60500748  153.08991641   1 
111 -26.60502584  153.08990486   1 
111 -26.60508549  153.08985482   1 
112 -26.60509352  153.08977656 -26.60509008  153.08975219   1 
111 -26.60506943  153.08967649   1 
115 -26.60512577  153.08912293 
120 Linear Feature 54
111 -26.60509487  153.09104847   1 
112 -26.60484085  153.09140461 -26.60457037  153.09147886   1 
115 -26.60435399  153.09153386 
120 Linear Feature 53
111 -26.60597911  153.09077320   1 
112 -26.60580963  153.09113521 -26.60560046  153.09119668   1 
111 -26.60540961  153.09124621   1 
112 -26.60509487  153.09104847 -26.60503945  153.09079845   1 
111 -26.60489535  153.09016413   1 
111 -26.60483319  153.08988144   1 
112 -26.60478650  153.08977983 -26.60475748  153.08973890   1 
111 -26.60440993  153.08925146   1 
112 -26.60445726  153.08913363 -26.60450459  153.08910631   1 
116 -26.60460383  153.08907728 -26.60464811  153.08909094 
120 Linear Feature 52
111 -26.60485006  153.09028968   1 
111 -26.60476303  153.08992425   1 
112 -26.60470502  153.08979960 -26.60466074  153.08972446   1 
111 -26.60423204  153.08913446   1 
111 -26.60466093  153.08877741   1 
111 -26.60490244  153.08912980   1 
115 -26.60491355  153.08912204 
120 Linear Feature 51
111 -26.60489756  153.09049053   1 
111 -26.60498336  153.09085463   1 
112 -26.60499093  153.09091955 -26.60499345  153.09094777   1 
112 -26.60499067  153.09110181 -26.60497957  153.09117477   1 
115 -26.60495875  153.09122134 
120 Linear Feature 50
111 -26.60502992  153.09044963   1 
111 -26.60513668  153.09090978   1 
112 -26.60517332  153.09099687 -26.60519317  153.09102931   1 
115 -26.60527867  153.09113347 
120 Linear Feature 49
111 -26.60575168  153.09005307   1 
111 -26.60572266  153.08993170   1 
112 -26.60562550  153.08986396 -26.60554979  153.08985690   1 
112 -26.60533654  153.08988654 -26.60523938  153.08991194   1 
112 -26.60507030  153.08999521 -26.60504254  153.09001920   1 
112 -26.60499333  153.09014198 -26.60499207  153.09015468   1 
112 -26.60499837  153.09027181 -26.60500216  153.09030004   1 
115 -26.60500595  153.09030709 
120 Linear Feature 48
111 -26.60518639  153.09027040   2 
115 -26.60520279  153.09033814 
120 Linear Feature 47
111 -26.60559604  153.09022302   2 
115 -26.60557925  153.09014976 
120 Linear Feature 46
111 -26.60507373  153.09033572   1 
115 -26.60567834  153.09016666 
120 Linear Feature 45
111 -26.60578952  153.09022504   4 
115 -26.60592695  153.09019114 
120 Linear Feature 44
111 -26.60579755  153.09098712   1 
112 -26.60586982  153.09085754 -26.60588932  153.09081392   1 
112 -26.60590079  153.09073438 -26.60589735  153.09072026   1 
111 -26.60578952  153.09022504   1 
115 -26.60577920  153.09017885 
120 Linear Feature 43
111 -26.60587837  153.08996915   1 
111 -26.60592695  153.09019114   1 
111 -26.60603500  153.09069076   1 
112 -26.60613365  153.09081264 -26.60618527  153.09084471   1 
115 -26.60621854  153.09086781 
120 Linear Feature 132
111 -26.60987704  153.08923598   4 
115 -26.61007553  153.08917854 
120 Linear Feature 131
111 -26.60598192  153.08885145  21 
115 -26.60609338  153.08909051 
120 Linear Feature 130
111 -26.60566131  153.08928270  21 
115 -26.60570253  153.08925880 
120 Linear Feature 129
111 -26.60570559  153.08931344  21 
111 -26.60570253  153.08925880  21 
115 -26.60570559  153.08893606 
120 Linear Feature 128
111 -26.60550558  153.08898216  21 
115 -26.60552084  153.08917171 
120 Linear Feature 127
111 -26.60518126  153.08905426  21 
115 -26.60512040  153.08926751 
120 Linear Feature 126
111 -26.60470156  153.08911375  21 
115 -26.60505925  153.08907059 
120 Linear Feature 125
111 -26.60765868  153.08828993   1 
112 -26.60763688  153.08832280 -26.60763498  153.08833977   1 
115 -26.60763498  153.08837582 
120 Linear Feature 124
111 -26.60757146  153.08828145   1 
112 -26.60763403  153.08829311 -26.60765868  153.08828993   1 
111 -26.60765868  153.08828993   1 
115 -26.60768238  153.08828357 
120 Linear Feature 123
111 -26.60757525  153.08826236   1 
112 -26.60763688  153.08827297 -26.60765868  153.08826873   1 
115 -26.60767954  153.08826130 
120 Linear Feature 122
111 -26.60490244  153.08912980   1 
111 -26.60519901  153.08912001   1 
115 -26.60596444  153.08890710 
120 Linear Feature 121
111 -26.60546738  153.08923975   1 
115 -26.60552387  153.08924658 
120 Linear Feature 120
111 -26.60545669  153.08932342   1 
115 -26.60548112  153.08906386 
120 Linear Feature 119
111 -26.60505521  153.08928860   1 
115 -26.60510261  153.08927482 
120 Linear Feature 119
111 -26.60505237  153.08927376   1 
115 -26.60509977  153.08925997 
120 Linear Feature 119
111 -26.60504763  153.08925997   1 
115 -26.60509503  153.08924619 
120 Linear Feature 118
111 -26.60501350  153.08912637   1 
115 -26.60506469  153.08935010 
120 Linear Feature 117
111 -26.60490827  153.08895567   1 
111 -26.60495757  153.08902777   1 
115 -26.60502488  153.08900974 
120 Linear Feature 116
111 -26.60476891  153.08866197   2 
111 -26.60474331  153.08871710   2 
115 -26.60490827  153.08895673 
120 Linear Feature 115
111 -26.60323784  153.08726803   2 
115 -26.60328250  153.08732849 
120 Linear Feature 114
111 -26.60259982  153.08768935   2 
115 -26.60266094  153.08763414 
120 Linear Feature 113
111 -26.60277141  153.08764904   2 
115 -26.60282469  153.08772703 
120 Linear Feature 112
111 -26.60274947  153.08790053   2 
115 -26.60280745  153.08785759 
120 Linear Feature 111
111 -26.60302604  153.08829860   2 
115 -26.60307818  153.08825311 
120 Linear Feature 110
111 -26.60323739  153.08832371   2 
115 -26.60332185  153.08844227 
120 Linear Feature 109
111 -26.60321671  153.08859745   2 
115 -26.60331926  153.08850878 
14  -26.60512445  153.08755161   45 0 New Tower Viewpoint 29
15  -26.60869079  153.08860401 287.90 GA 1
15  -26.60805069  153.08876949 285.33 GA 2
15  -26.60684637  153.08910724 285.26 GA 3
15  -26.60607365  153.08910467 270.00 Gate 1
15  -26.60556279  153.08927307 248.20 Gate 2
15  -26.60509894  153.08938839 262.35 Gate 3
15  -26.60457333  153.08911777 219.91 Gate 4
15  -26.60822215  153.08941547 284.85 Pad Delta
15  -26.60424009  153.08884355 125.78 Pad Echo
15  -26.60260468  153.08653160 217.72 West Hangers
19  -26.60847092  153.08888550 1 New Windsock 10
19  -26.59497029  153.09283764 1 New Windsock 7
19  -26.60255022  153.09062730 0 New Windsock 9
20  -26.60113037  153.09166971 276.48  0 2 {@L}A{@Y}{^l}D
20  -26.60482580  153.09050229 104.04  0 2 {@L}B1{@R}18-36
20  -26.60517210  153.09051624 259.06  0 2 {@L}B1{@Y}{^l}D{^r}|{^u}RPT_APRON
20  -26.60568854  153.09036313  81.07  0 2 {@L}B2{@R}18-36
20  -26.60606308  153.09026757 264.51  0 2 {@L}B2{@Y}{^l}D{^r}|{^u}RPT_APRON
20  -26.60409954  153.09046947   0.51  0 2 {@L}D{@R}12-30
20  -26.60327410  153.09097910 184.09  0 2 {@L}D{@R}30-12
20  -26.60472787  153.09054170 190.91  0 2 {@L}D{@Y}{^l}B1{^r}
20  -26.60466499  153.09031072  15.82  0 2 {@L}D{@Y}{^l}E
20  -26.60429497  153.09066287 196.39  0 2 {@L}D{@Y}E{^r}
20  -26.60169869  153.08616935 309.91  0 2 {@L}E{@Y}{^l}J{^r}|12-30{^r}
20  -26.60288368  153.08785372 306.44  0 2 {@L}E{@Y}{^l}L
20  -26.60338807  153.08856440 306.44  0 2 {@L}E{@Y}{^l}M
20  -26.60725172  153.08923939 100.78  0 2 {@L}G{@Y}{^l}D{^r}
20  -26.60883928  153.08883175  99.35  0 2 {@L}H{@Y}{^l}D{^r}
20  -26.60082599  153.08591301  23.86  0 2 {@L}J{@R}12-30
20  -26.60113136  153.08591731 216.65  0 2 {@L}J{@Y}{^l}E
20  -26.60320261  153.08723998  44.03  0 2 {@L}L
20  -26.60363269  153.08793047  47.73  0 2 {@L}M
20  -26.60091346  153.09171297  90.00  0 2 {@R}18-36
20  -26.60473743  153.09015931  66.62  0 2 {@Y}B1{^ru}
20  -26.60563085  153.08992657  99.06  0 2 {@Y}B2{^u}
50 11985 YBSU ATIS
51 12230 ACTIVATE LIGHTS ONLY MULT
51 12440 Sunshine Coast MULT
53 12110 MAROOCHY GND
54 12440 Sunshine Coast TWR
54 12300 BRISBANE CNTR
54 12900 BRISBANE CNTR
1       13 0 0 AU81 Teewah
100   35.66   4   0 1.00 0 0 0 02  -26.31730486  153.04282560    0.00    0.00 0  0 0 0 20  -26.31030485  153.04661695    0.00    0.00 0  0 0 0
100   53.04   4   0 1.00 0 0 0 14  -26.31041453  153.04272999    0.00    0.00 0  0 0 0 32  -26.31624154  153.04663368    0.00    0.00 0  0 0 0
100   28.35   4   0 1.00 0 0 0 10  -26.31541162  153.03517232    0.00    0.00 0  0 0 0 28  -26.31797750  153.04572437    0.00    0.00 0  0 0 0
100   41.15   4   0 1.00 0 0 0 09  -26.31354703  153.04275883    0.00    0.00 0  0 0 0 27  -26.31355932  153.04617506    0.00    0.00 0  0 0 0
110   1 1.00 122.00 New Taxiway 29
112 -26.31479331  153.04474721 -26.31483332  153.04474597  22 
112 -26.31486444  153.04482285 -26.31486555  153.04486749  22 
112 -26.31479664  153.04490593 -26.31475885  153.04490717  22 
114 -26.31471773  153.04482657 -26.31471498  153.04477188  22 
110   4 1.00   0.00 New Taxiway 27
111 -26.31372874  153.04475387 
111 -26.31536190  153.04394018 
111 -26.31514309  153.04431518 
111 -26.31501624  153.04452391 
111 -26.31481012  153.04451684 
112 -26.31482914  153.04468665 -26.31483866  153.04474325 
112 -26.31494013  153.04484231 -26.31499404  153.04482108 
111 -26.31504161  153.04482108 
111 -26.31512406  153.04502274 
112 -26.31503527  153.04510410 -26.31505113  153.04514656 
112 -26.31520017  153.04541896 -26.31520968  153.04548264 
113 -26.31525091  153.04574090 
111 -26.31450885  153.04521378 
112 -26.31460716  153.04517132 -26.31461984  153.04516071 
111 -26.31472132  153.04495552 
112 -26.31474352  153.04484939 -26.31471498  153.04478924 
112 -26.31461984  153.04473618 -26.31461033  153.04475033 
113 -26.31441055  153.04511118 
110   3 1.00  90.23 taxiway
111 -26.31338253  153.04277241 
112 -26.31338932  153.04163491 -26.31340972  153.04136191 
112 -26.31341652  153.04056566 -26.31341652  153.04043674 
112 -26.31360685  153.04026233 -26.31371561  153.04019408 
112 -26.31390595  153.04026991 -26.31381758  153.04045191 
112 -26.31367483  153.04092208 -26.31368842  153.04111924 
114 -26.31368842  153.04280274 -26.31371561  153.04287099 
14  -26.31494330  153.04505458    6 0 New Tower Viewpoint 123
15  -26.31483865  153.04518901 280.30 New Ramp Start 122
19  -26.31479219  153.04482781 0 New Windsock 124