1     1968 1 1 SSAQ Aeroclub
100   15.54   2   0 0.25 0 2 0 15  -28.24678408 -052.52049722    0.00    0.00 2 10 0 0 33  -28.25377292 -052.51283558    0.00    0.00 2 10 0 0
100   13.41   2   0 0.25 0 2 0 17  -28.24641450 -052.51861939    0.00    0.00 2 10 0 0 35  -28.25414250 -052.51471341    0.00    0.00 2 10 0 0
21  -28.24791146 -052.51888122  1 136.00   3.00 15  VASI
21  -28.24796467 -052.51754850  1 156.00   3.00 17  VASI
21  -28.25264562 -052.51445176  1 316.00   3.00 33  VASI
21  -28.25259236 -052.51578444  1 336.00   3.00 35  VASI
110   2 0.30 156.00 Default taxiway for RWY 17
111 -28.24643813 -052.51867964  53 102 
111 -28.24656176 -052.51899488  53 102 
111 -28.25428982 -052.51508920  53 102 
111 -28.25416619 -052.51477394 
112 -28.25405593 -052.51482967 -28.25411197 -052.51480414  53 102 
111 -28.25414143 -052.51487924  53 102 
112 -28.25418070 -052.51497937 -28.25421015 -052.51505448  53 102 
111 -28.25415502 -052.51508235  53 102 
111 -28.25042881 -052.51696553  53 102 
111 -28.25032972 -052.51671286 
111 -28.25027459 -052.51674072  53 102 
111 -28.25037368 -052.51699339  53 102 
112 -28.24664748 -052.51887657 -28.24659235 -052.51890443  53 102 
111 -28.24656290 -052.51882934  53 102 
112 -28.24652363 -052.51872921 -28.24649417 -052.51865411  53 102 
113 -28.24654839 -052.51862392 
110   2 0.30 136.00 Default taxiway for RWY 15
111 -28.24683110 -052.52055250  53 102 
111 -28.24707560 -052.52083993  53 102 
111 -28.25406465 -052.51317881  53 102 
111 -28.25382015 -052.51289136 
112 -28.25371952 -052.51300167 -28.25377141 -052.51294836  53 102 
111 -28.25382971 -052.51301691  53 102 
112 -28.25390745 -052.51310830 -28.25396576 -052.51317685  53 102 
111 -28.25391544 -052.51323200  53 102 
111 -28.25054671 -052.51692467  53 102 
111 -28.25035079 -052.51669435 
111 -28.25030047 -052.51674951  53 102 
111 -28.25049639 -052.51697983  53 102 
112 -28.24712765 -052.52067250 -28.24707734 -052.52072765  53 102 
111 -28.24701903 -052.52065911  53 102 
112 -28.24694129 -052.52056772 -28.24688299 -052.52049918  53 102 
113 -28.24693173 -052.52044219 
120 Default hold RWY 17 (near)
111 -28.24648813 -052.51880713  54 
115 -28.24654326 -052.51877927 
120 Default hold RWY 15 (near)
111 -28.24692984 -052.52066857  54 
115 -28.24698016 -052.52061341 
120 Default hold RWY 17 (centre)
111 -28.25032459 -052.51686822  54 
115 -28.25037972 -052.51684036 
120 Default hold RWY 15 (centre)
111 -28.25039921 -052.51686559  54 
115 -28.25044953 -052.51681043 
120 Default hold RWY 17 (far)
111 -28.25416106 -052.51492931  54 
115 -28.25421619 -052.51490145 
120 Default hold RWY 15 (far)
111 -28.25386858 -052.51306261  54 
115 -28.25391889 -052.51300745 
18  -28.25010669 -052.51622839 1 BCN
19  -28.24653864 -052.52043730 1 WS
19  -28.24623061 -052.51848737 1 WS
19  -28.25401837 -052.51289550 1 WS
19  -28.25432640 -052.51484543 1 WS
1     1752 0 0 SSYQ Agropecuaria Monte Alverne
100   17.98   3   0 0.00 0 0 0 05  -28.38148012 -052.88124003    0.00    0.00 0  0 0 0 23  -28.37629766 -052.87764885    0.00    0.00 0  0 0 0
130 Airport Boundary
111 -28.37458027 -052.87734167 
111 -28.38237087 -052.88274015 
111 -28.38319751 -052.88154722 
113 -28.37540691 -052.87614874 
19  -28.37906326 -052.87919281 0 Windsock
1     1854 1 1 SSKZ Carazinho
100   22.86   1   0 0.25 0 1 0 11  -28.32141100 -052.82481900    0.00   60.05 2  0 0 0 29  -28.32356100 -052.80901400    0.00   60.05 2  0 0 0
110   1 0.30  98.79 Default taxiway for RWY 11
111 -28.32151043 -052.82483646   3 102 
111 -28.32202092 -052.82492612   3 102 
111 -28.32417183 -052.80912144   3 102 
111 -28.32366134 -052.80903178 
112 -28.32362991 -052.80926273 -28.32364784 -052.80914765   3 102 
111 -28.32376983 -052.80916908   3 102 
112 -28.32393248 -052.80919764 -28.32405446 -052.80921906   3 102 
111 -28.32403875 -052.80933453   3 102 
111 -28.32300258 -052.81694818   3 102 
111 -28.32259374 -052.81687638 
111 -28.32257803 -052.81699186   3 102 
111 -28.32298687 -052.81706366   3 102 
112 -28.32195070 -052.82467731 -28.32193499 -052.82479278   3 102 
111 -28.32181301 -052.82477136   3 102 
112 -28.32165036 -052.82474280 -28.32152837 -052.82472137   3 102 
113 -28.32154186 -052.82460551 
120 Default hold RWY 11 (near)
111 -28.32171596 -052.82487256   4 
115 -28.32173168 -052.82475708 
120 Default hold RWY 11 (centre)
111 -28.32278356 -052.81702796   4 
115 -28.32279927 -052.81691248 
120 Default hold RWY 11 (far)
111 -28.32385115 -052.80918336   4 
115 -28.32386687 -052.80906788 
18  -28.32177615 -052.81679259 1 BCN
19  -28.32107596 -052.82499663 1 WS
19  -28.32389601 -052.80883632 1 WS
1     1198 0 0 SSEZ Espumoso
100   29.87   4   0 0.00 0 0 0 07  -28.73955935 -052.85931362    0.00    0.00 0  0 0 0 25  -28.73544065 -052.85346416    0.00    0.00 0  0 0 0
130 Airport Boundary
111 -28.73383426 -052.85258798 
111 -28.73984274 -052.86112135 
111 -28.74116574 -052.86018980 
113 -28.73515726 -052.85165643 
19  -28.73785747 -052.85613719 0 Windsock
1     2133 0 0 SSCX Fazenda Coxilha
100   29.87   4   0 0.00 0 0 0 17  -28.11293402 -052.31929245    0.00    0.00 0  0 0 0 35  -28.12151042 -052.31515199    0.00    0.00 0  0 0 0
130 Airport Boundary
111 -28.12258046 -052.31377943 
111 -28.11119370 -052.31927665 
111 -28.11186397 -052.32066502 
113 -28.12325073 -052.31516780 
19  -28.11740374 -052.31759822 0 Windsock
1     2376 0 0 SBPF Lauro Kurtz
100   22.86   1   0 0.25 0 1 1 08  -28.24685000 -052.33578300    0.00   56.39 2  0 0 0 26  -28.24113100 -052.31955800    0.00   59.44 2  0 0 0
21  -28.24592723 -052.33400146  1  68.20   3.00 08  VASI
10  -28.24366600 -052.32870500 xxx  68.19   561 0.0 0.0   400 161161  1 0 0 0.35 0
10  -28.24282100 -052.32337200 xxx 250.00   200 0.0 0.0   180 161161  1 0 0 0.25 0
10  -28.24660500 -052.33614300 xxx 340.00   180 0.0 0.0   200 161161  1 0 0 0.25 0
10  -28.24136400 -052.31913800 xxx 340.00   200 0.0 0.0   180 161161  1 0 0 0.25 0
14  -28.24299200 -052.32767100    0 0 ATC Tower
15  -28.24344400 -052.32877000 340.00 Ramp
18  -28.24360800 -052.32784300 1 BCN
19  -28.24646800 -052.33595700 1 WS
19  -28.24151200 -052.31938600 1 WS
54 13125 PASSO FUNDO RDO
1     2162 1 1 SSSD Soledade
100   18.59   2   0 0.25 0 2 0 16  -28.85787313 -052.54391624    0.00    0.00 2 10 0 0 34  -28.86768227 -052.53664256    0.00    0.00 2 10 0 0
21  -28.85924396 -052.54255318  1 147.00   3.00 16  VASI
21  -28.86631152 -052.53800584  1 327.00   3.00 34  VASI
110   2 0.30 147.00 Default taxiway for RWY 16
111 -28.85791747 -052.54399420  53 102 
111 -28.85814651 -052.54439692  53 102 
111 -28.86795585 -052.53712398  53 102 
111 -28.86772681 -052.53672122 
112 -28.86758647 -052.53682526 -28.86765786 -052.53677539  53 102 
111 -28.86771254 -052.53687154  53 102 
112 -28.86778544 -052.53699973 -28.86784011 -052.53709588  53 102 
111 -28.86776994 -052.53714790  53 102 
111 -28.86304069 -052.54065432  53 102 
111 -28.86285722 -052.54033169 
111 -28.86278705 -052.54038371  53 102 
111 -28.86297052 -052.54070634  53 102 
112 -28.85824127 -052.54421276 -28.85817111 -052.54426479  53 102 
111 -28.85811644 -052.54416865  53 102 
112 -28.85804354 -052.54404047 -28.85798886 -052.54394433  53 102 
113 -28.85805780 -052.54389015 
120 Default hold RWY 16 (near)
111 -28.85800982 -052.54415658  54 
115 -28.85807999 -052.54410456 
120 Default hold RWY 16 (centre)
111 -28.86287940 -052.54054610  54 
115 -28.86294957 -052.54049408 
120 Default hold RWY 16 (far)
111 -28.86774899 -052.53693563  54 
115 -28.86781916 -052.53688361 
18  -28.86245949 -052.53972007 1 BCN
19  -28.85759686 -052.54378126 1 WS
19  -28.86795855 -052.53677753 1 WS
17     525 0 0 SJEP [H] Sementes Roos
102 H1  -28.44333333 -052.81388889  84.93   22.86   22.86   2 0   0 0.00 1
130 Heliport Boundary
111 -28.44315769 -052.81409873 
111 -28.44354318 -052.81406453 
111 -28.44350898 -052.81367905 
113 -28.44312349 -052.81371325 
18  -28.44261748 -052.81396112 3 BCN
19  -28.44317229 -052.81375409 1 Windsock