1     1167 0 0 YKRK KIRKALOCKA
100  110.95   4   0 0.25 0 0 0 12  -28.68503202  117.75305059    0.00  264.87 0  0 0 0 30  -28.69658007  117.77007215    0.00  252.98 0  0 0 0
110   4 0.25   0.00 New Taxiway 5
112 -28.69232950  117.76497407 -28.69232838  117.76493322  20 
112 -28.69237989  117.76490896 -28.69240453  117.76490896  20 
112 -28.69243253  117.76497407 -28.69243365  117.76501492  20 
114 -28.69238325  117.76503152 -28.69235861  117.76503280  20 
110   4 0.25   0.00 New Taxiway 4
111 -28.68335134  117.75560665 
111 -28.68333358  117.75437149 
111 -28.68463046  117.75443223 
111 -28.68496246  117.75449628 
112 -28.68528547  117.75491465 -28.68535888  117.75524935 
111 -28.68631323  117.75968408 
112 -28.68632791  117.76080532 -28.68628386  117.76112328 
111 -28.68565253  117.76406861 
111 -28.68781270  117.76470280 
111 -28.68989127  117.76478380 
111 -28.68987350  117.76448005 
111 -28.69102826  117.76450030 
111 -28.69102826  117.76524954 
111 -28.69154346  117.76494580 
111 -28.69151314  117.76460599 
111 -28.69175582  117.76463365 
111 -28.69210771  117.76426020 
111 -28.69250814  117.76479963 
112 -28.69220478  117.76489645 -28.69219265  117.76495178 
111 -28.69218052  117.76506243 
111 -28.69218052  117.76542205 
111 -28.69151314  117.76538056 
111 -28.69146460  117.76513159 
111 -28.69118552  117.76538056 
111 -28.69118552  117.76598915 
111 -28.68993571  117.76603064 
111 -28.68993571  117.76618279 
111 -28.68955955  117.76615513 
111 -28.68974157  117.76561569 
111 -28.68979010  117.76543588 
111 -28.68982650  117.76539439 
111 -28.68985077  117.76489645 
111 -28.68776371  117.76486879 
111 -28.68560924  117.76421543 
111 -28.68039166  117.78800416 
111 -28.68026269  117.78795516 
111 -28.68609690  117.76099171 
111 -28.68620349  117.75991851 
111 -28.68521707  117.75525756 
112 -28.68484201  117.75467918 -28.68462139  117.75466661 
112 -28.68444490  117.75525756 -28.68451108  117.75548388 
111 -28.68476480  117.75597425 
111 -28.68480892  117.75832548 
111 -28.68101426  117.75837577 
111 -28.68066127  117.75851408 
111 -28.68147756  117.76006061 
111 -28.68144447  117.75863982 
112 -28.68256963  117.75909246 -28.68272407  117.75918047 
111 -28.68319840  117.75914275 
111 -28.68325355  117.76042524 
111 -28.68335283  117.76042524 
111 -28.68340799  117.76185862 
111 -28.68327561  117.76192148 
112 -28.68314324  117.76321655 -28.68307706  117.76331713 
112 -28.68258066  117.76356860 -28.68237107  117.76350574 
111 -28.68237107  117.76348059 
111 -28.68230489  117.76276390 
112 -28.68199602  117.76324169 -28.68179746  117.76319140 
112 -28.68169818  117.76305309 -28.68170921  117.76272618 
111 -28.68170922  117.76255015 
111 -28.68147756  117.76236155 
112 -28.68110251  117.76246214 -28.68105839  117.76238670 
111 -28.68112457  117.76170773 
111 -28.68055096  117.76071443 
112 -28.68091498  117.76032466 -28.68102529  117.76033723 
111 -28.68137829  117.76028694 
111 -28.68047375  117.75855180 
111 -28.67933755  117.75870268 
112 -28.67899559  117.75842607 -28.67895147  117.75830033 
111 -28.67890735  117.75818717 
111 -28.67739997  117.75849317 
111 -28.67739997  117.75821933 
111 -28.67913515  117.75782378 
111 -28.68096375  117.75777814 
111 -28.68095040  117.75768686 
111 -28.68109723  117.75773250 
111 -28.68109723  117.75797592 
111 -28.67930866  117.75805198 
112 -28.67934871  117.75834104 -28.67952222  117.75837146 
111 -28.68050994  117.75831061 
112 -28.68099045  117.75815848 -28.68108388  117.75815848 
111 -28.68440634  117.75817163 
112 -28.68462657  117.75802102 -28.68465594  117.75788714 
111 -28.68464126  117.75628059 
113 -28.68437698  117.75552752 
110   4 0.25   0.00 New Taxiway 3
111 -28.67746305  117.74997384 
111 -28.68680770  117.75052057 
111 -28.68685614  117.74363968 
111 -28.68701360  117.74363968 
111 -28.68706047  117.75067378 
111 -28.69318941  117.75108709 
111 -28.69310003  117.75966880 
112 -28.69348764  117.76001859 -28.69374605  117.76001859 
111 -28.70579641  117.76000485 
111 -28.70581417  117.76012636 
111 -28.69282861  117.76025685 
111 -28.69275058  117.75136199 
111 -28.68696702  117.75084413 
112 -28.68662888  117.75122953 -28.68647282  117.75108130 
111 -28.68631675  117.75102201 
111 -28.68610867  117.75093307 
111 -28.68441799  117.75090342 
111 -28.68431395  117.75117024 
111 -28.68449602  117.75140741 
111 -28.68490194  117.75111852 
112 -28.68515101  117.75113272 -28.68526309  117.75126048 
111 -28.69947160  117.77209176 
112 -28.69944425  117.77234118 -28.69936220  117.77241393 
111 -28.69835938  117.77326614 
111 -28.69820440  117.77304789 
111 -28.69907959  117.77233079 
112 -28.69907959  117.77201901 -28.69897931  117.77188390 
111 -28.68498229  117.75130347 
111 -28.68453708  117.75149865 
111 -28.68420146  117.75115513 
111 -28.68343012  117.75059350 
113 -28.67728552  117.75012966 
110   4 0.25   0.00 New Taxiway 7
111 -28.68622904  117.75558567 
111 -28.68571958  117.75566193 
112 -28.68550345  117.75540383 -28.68549316  117.75519852 
113 -28.68544684  117.75448288 
110   5 0.25   0.00 New Taxiway 6
111 -28.69410048  117.76891285 
111 -28.68400453  117.77527716 
112 -28.68355311  117.77532616 -28.68340263  117.77530166 
111 -28.68282223  117.77508114 
111 -28.68284373  117.77495864 
111 -28.68366059  117.77508114 
112 -28.68409051  117.77498314 -28.68417650  117.77490963 
113 -28.69393975  117.76867891 
14  -28.69157926  117.76523642    6 0 New Tower Viewpoint 6
15  -28.69199154  117.76523313   0.00 New Ramp Start 4
19  -28.69237400  117.76496700 0 New Windsock 5
1     1354 0 0 YMOG Mount Magnet
100   29.87   1   0 0.25 0 1 0 16  -28.10772040  117.83702587    0.00    0.00 2  0 0 0 34  -28.12265410  117.84421290    0.00    0.00 2  0 0 0
100   84.12   4   0 0.25 0 0 0 04  -28.11821910  117.83470715    0.00    0.00 0  0 0 0 22  -28.11069971  117.84081067    0.00    0.00 0  0 0 0
110   1 0.25 147.00 New Taxiway 76
112 -28.11572917  117.84184911 -28.11576645  117.84184824 
112 -28.11580526  117.84193623 -28.11580298  117.84198109 
112 -28.11572080  117.84200697 -28.11568656  117.84200438 
114 -28.11566298  117.84192761 -28.11566298  117.84189569 
110   1 0.25 147.00 New Taxiway 75
112 -28.11563483  117.84177060 -28.11565461  117.84177060 
112 -28.11567439  117.84182150 -28.11567287  117.84184652 
112 -28.11562798  117.84186722 -28.11561048  117.84186722 
114 -28.11559070  117.84181460 -28.11558993  117.84179217 
110   1 0.25 147.00 New Taxiway 74
112 -28.11832039  117.83876115 -28.11838552  117.83874996 
112 -28.11847235  117.83890435 -28.11847235  117.83898938 
112 -28.11833223  117.83905650 -28.11828882  117.83905427 
114 -28.11820001  117.83890882 -28.11820396  117.83884394 
110   1 0.25 157.00 New Taxiway 73
111 -28.12263197  117.84426063 
111 -28.12254529  117.84449323 
112 -28.12175071  117.84409682 -28.12164958  117.84403785 
113 -28.12149067  117.84377904 
110   1 0.25 157.00 New Taxiway 70
111 -28.11672236  117.84132182 
112 -28.11694580  117.84162694 -28.11667669  117.84158625 
111 -28.11658699  117.84179891 
111 -28.11633410  117.84248522 
111 -28.11639281  117.84267199 
111 -28.11673042  117.84281807 
111 -28.11659342  117.84315647 
112 -28.11606009  117.84291978 -28.11606009  117.84291608 
111 -28.11606172  117.84289389 
111 -28.11599812  117.84286245 
112 -28.11603237  117.84274780 -28.11603563  117.84273671 
111 -28.11605357  117.84273856 
111 -28.11609271  117.84275335 
112 -28.11645157  117.84174212 -28.11654948  117.84147139 
113 -28.11634650  117.84134143 
110   4 0.25  35.60 New Taxiway 68
111 -28.10697929  117.83718303 
112 -28.10707671  117.83644387 -28.10715166  117.83626545 
112 -28.10730904  117.83621448 -28.10738398  117.83621448 
112 -28.11246534  117.83881579 -28.11247773  117.83880877 
111 -28.11261399  117.83876664 
111 -28.11800423  117.83436951 
112 -28.12027124  117.83244769 -28.12041728  117.83229716 
112 -28.12100203  117.83236559 -28.12110824  117.83251611 
112 -28.12094892  117.83298273 -28.12093564  117.83308810 
112 -28.12089581  117.83403640 -28.12096220  117.83462345 
112 -28.12158297  117.84019291 -28.12158297  117.84030507 
112 -28.12159945  117.84099673 -28.12156648  117.84113693 
112 -28.12156648  117.84151080 -28.12156648  117.84162296 
112 -28.12164891  117.84278195 -28.12170662  117.84287542 
112 -28.12271024  117.84357293 -28.12284214  117.84375053 
112 -28.12332028  117.84402159 -28.12346042  117.84406832 
112 -28.12522325  117.84510262 -28.12522325  117.84516431 
111 -28.12511443  117.84624388 
114 -28.12192246  117.84450628 -28.12178644  117.84440346 
111 -28.12054749  117.84215876 
112 -28.12025541  117.84095455 -28.12024213  117.84056318 
112 -28.11989694  117.83798916 -28.11980400  117.83734190 
111 -28.11957494  117.83498067 
113 -28.11407000  117.83908726 
110   5 0.25 147.00 New Taxiway 71
111 -28.11550683  117.84437498 
112 -28.11562130  117.84426982 -28.11564892  117.84419598 
112 -28.11586798  117.84359409 -28.11589561  117.84352026 
112 -28.11586798  117.84344418 -28.11586206  117.84341957 
112 -28.11581075  117.84333007 -28.11581864  117.84330546 
112 -28.11589956  117.84326071 -28.11590942  117.84324057 
112 -28.11594100  117.84312869 -28.11593705  117.84310856 
112 -28.11581864  117.84306604 -28.11580088  117.84305709 
112 -28.11581864  117.84301682 -28.11582851  117.84299668 
111 -28.11611269  117.84309289 
111 -28.11616203  117.84293851 
111 -28.11621137  117.84295641 
111 -28.11614427  117.84310856 
112 -28.11617190  117.84314883 -28.11616795  117.84315778 
111 -28.11612848  117.84330993 
112 -28.11618966  117.84334573 -28.11619558  117.84334573 
112 -28.11631201  117.84341733 -28.11632385  117.84342181 
112 -28.11631991  117.84344194 -28.11629228  117.84343747 
112 -28.11614229  117.84341062 -28.11612848  117.84340838 
112 -28.11609296  117.84339943 -28.11608112  117.84341733 
112 -28.11599034  117.84351131 -28.11597455  117.84352249 
112 -28.11595087  117.84358514 -28.11593311  117.84361199 
111 -28.11565682  117.84435708 
114 -28.11565879  117.84444210 -28.11566669  117.84446224 
110   4 0.25 157.00 New Taxiway 81
111 -28.11635121  117.84231831 
111 -28.11725861  117.84275961 
111 -28.11704848  117.84339314 
111 -28.11657567  117.84314406 
111 -28.11635359  117.84268922 
113 -28.11630345  117.84246721 
110   4 0.25 157.00 New Taxiway 72
111 -28.10774940  117.83669672 
112 -28.10855260  117.83708154 -28.10863944  117.83712181 
111 -28.10882494  117.83743728 
113 -28.10758142  117.83711348 
120 Linear Feature 77
111 -28.11594117  117.84098696   1 
111 -28.11645167  117.84123475   1 
112 -28.11658867  117.84160829 -28.11650875  117.84182464   1 
111 -28.11620615  117.84261965   1 
112 -28.11620257  117.84283730 -28.11621871  117.84288001   1 
112 -28.11629415  117.84297551 -28.11632566  117.84298172   2 
112 -28.11642862  117.84291256 -28.11644835  117.84281695   2 
112 -28.11638736  117.84272542 -28.11636762  117.84271322   2 
115 -28.11635147  117.84270711 
120 Linear Feature 80
111 -28.11748301  117.84173256   1 
111 -28.11687409  117.84144287   1 
116 -28.11658867  117.84160829 -28.11649554  117.84183842 
120 Linear Feature 79
111 -28.11658298  117.84180388   4 
115 -28.11645592  117.84174091 
120 Linear Feature 82
111 -28.11629415  117.84297551   1 
115 -28.11626693  117.84299578 
14  -28.11630970  117.84311026    6 0 New Tower Viewpoint 38
15  -28.11627428  117.84296243 152.55 New Ramp Start 37
18  -28.11481911  117.84160051 1 BCN
19  -28.11572916  117.84192569 1 New Windsock 36
51 12480 MELBOURNE CENTRE MULT
51 12670 MOUNT MAGNET MULT