1     1570 0 0 YCTW CORK TREE WELL
100   14.94   4   0 0.25 0 0 0 7   -28.32402608  122.39679547    0.00    0.00 0  0 0 0 25  -28.31847119  122.41490976    0.00    0.00 0  0 0 0
110   4 0.25   0.00 New Taxiway 65
111 -28.32339840  122.39903221 
112 -28.32358542  122.39935713 -28.32364043  122.39935713 
112 -28.32383845  122.39885726 -28.32388245  122.39880727 
112 -28.32423449  122.39909470 -28.32421249  122.39929465 
112 -28.32416848  122.39956958 -28.32417948  122.39959457 
111 -28.32725101  122.40051047 
111 -28.32726110  122.39513426 
111 -28.32756493  122.39604014 
111 -28.32897015  122.40065583 
111 -28.33234432  122.40052324 
111 -28.33347626  122.40095186 
111 -28.33335835  122.40113937 
111 -28.33248582  122.40087149 
111 -28.33220283  122.40180908 
111 -28.33201418  122.40159477 
111 -28.33229716  122.40079113 
111 -28.32918434  122.40084470 
111 -28.32996255  122.40274666 
112 -28.33133030  122.40285382 -28.33177836  122.40312170 
111 -28.33874398  122.40670155 
112 -28.33818793  122.40834372 -28.33779870  122.40802792 
111 -28.32951355  122.40461727 
111 -28.32988176  122.40332430 
111 -28.32984724  122.40289289 
111 -28.32891503  122.40104959 
112 -28.32763755  122.40253992 -28.32749945  122.40312821 
111 -28.32752282  122.41885541 
111 -28.32736588  122.41935458 
111 -28.32733449  122.41796405 
111 -28.32730311  122.40216909 
112 -28.32756428  122.40114700 -28.32795407  122.40086523 
111 -28.32795407  122.40086523 
111 -28.32722765  122.40070421 
111 -28.32423340  122.39967775 
112 -28.32396764  122.40010041 -28.32394992  122.40012054 
111 -28.32389677  122.40018092 
111 -28.32336525  122.40030168 
111 -28.32357786  122.39969787 
113 -28.32324122  122.39951673 
111 -28.32737404  122.39633658 
111 -28.32737404  122.40055156 
112 -28.32809411  122.40073334 -28.32827413  122.40072198 
111 -28.32874418  122.40072198 
112 -28.32803411  122.39924503 -28.32796410  122.39910870 
114 -28.32794410  122.39875650 -28.32794410  122.39860881 
112 -28.32814412  122.40134684 -28.32834414  122.40110826 
111 -28.32867417  122.40093784 
111 -28.32819412  122.40092648 
112 -28.32775408  122.40121051 -28.32747405  122.40140365 
113 -28.32752405  122.40207395 
110   4 0.25  90.00 New Taxiway 64
111 -28.32493345  122.39555031 
111 -28.31873722  122.41563487 
111 -28.31800618  122.41534022 
112 -28.32365086  122.39644813 -28.32366858  122.39642801 
113 -28.32404065  122.39540160 
14  -28.32407930  122.39917803    6 0 New Tower Viewpoint 93
15  -28.32390202  122.39993908   0.00 New Ramp Start 91
19  -28.32247212  122.39953535 0 New Windsock 92
1     1451 0 0 YGRS GRANNY SMITH
100   92.96  15   0 0.25 0 0 0 15  -28.75489105  122.43392235    0.00    0.00 0  0 0 0 33  -28.77154654  122.44227894    0.00    0.00 0  0 0 0
110   4 0.25   0.00 New Taxiway 11
111 -28.77312502  122.42699039 
111 -28.77260468  122.42744264 
112 -28.77233213  122.42809275 -28.77229496  122.42841781 
111 -28.77181180  122.43872069 
112 -28.77169152  122.43930003 -28.77162794  122.43962639 
112 -28.77133550  122.44050396 -28.77125921  122.44061275 
111 -28.77109392  122.44072879 
111 -28.77120199  122.44079406 
112 -28.77113206  122.44088834 -28.77108120  122.44088109 
112 -28.77099220  122.44080131 -28.77099220  122.44077956 
111 -28.77098584  122.44071428 
111 -28.77056625  122.44048220 
112 -28.77064889  122.44025012 -28.77068068  122.44022111 
112 -28.77122742  122.43959013 -28.77127828  122.43953211 
112 -28.77159615  122.43910421 -28.77164701  122.43899542 
111 -28.77168516  122.43876333 
111 -28.77217333  122.42800445 
112 -28.77237334  122.42740768 -28.77251949  122.42722339 
113 -28.77301951  122.42681092 
111 -28.77114875  122.43978466 
111 -28.77074874  122.44024977 
112 -28.77071028  122.44042529 -28.77080259  122.44046039 
114 -28.77085643  122.44038141 -28.77085643  122.44036386 
111 -28.77157184  122.43925811 
111 -28.77098721  122.44028488 
112 -28.77099490  122.44054815 -28.77104875  122.44059203 
112 -28.77118721  122.44055693 -28.77124106  122.44047795 
114 -28.77136414  122.44016202 -28.77139491  122.44005671 
110   1 0.25   0.00 New Taxiway 9
111 -28.77137654  122.44195096 
111 -28.77128644  122.44227216 
111 -28.77012639  122.44171969 
111 -28.77032912  122.44103873 
111 -28.77009260  122.44092310 
111 -28.77025028  122.44026784 
111 -28.77057689  122.44038348 
111 -28.77055437  122.44051196 
111 -28.77093730  122.44069183 
111 -28.77079088  122.44079462 
111 -28.77065573  122.44075607 
113 -28.77039669  122.44144988 
110   1 0.25   0.00 New Taxiway 8
111 -28.75512050  122.43385882 
111 -28.75606205  122.43432516 
111 -28.75597533  122.43456539 
113 -28.75503378  122.43414145 
110   4 0.25   0.00 New Taxiway 14
111 -28.77291443  122.44718537 
112 -28.77107881  122.44659361 -28.77073962  122.44647981 
112 -28.76972205  122.44525076 -28.76952252  122.44490936 
112 -28.76794628  122.44231470 -28.76750733  122.44172293 
111 -28.76660947  122.44113117 
111 -28.75926366  122.43697021 
112 -28.75627904  122.43655642 -28.75586680  122.43644357 
111 -28.75550403  122.43640596 
111 -28.75340986  122.43514580 
111 -28.75324496  122.43431823 
112 -28.75367369  122.43476963 -28.75397050  122.43510818 
112 -28.75601829  122.43624211 -28.75654596  122.43644901 
111 -28.75857418  122.43667471 
112 -28.75531039  122.43513720 -28.75482065  122.43493031 
112 -28.75389558  122.43406135 -28.75358723  122.43379238 
111 -28.75335143  122.43321308 
111 -28.75336957  122.43257170 
112 -28.75369606  122.43346135 -28.75385931  122.43375100 
112 -28.75512900  122.43474410 -28.75532853  122.43486824 
111 -28.75853905  122.43639927 
111 -28.76692927  122.44118975 
112 -28.76794649  122.44199528 -28.76850152  122.44246182 
112 -28.77004903  122.44541027 -28.77037882  122.44592332 
111 -28.77178578  122.44661477 
113 -28.77340759  122.44711587 
110   4 0.25   0.00 New Taxiway 10
111 -28.77298021  122.44081826 
111 -28.77163106  122.44185986 
111 -28.77153984  122.44283300 
111 -28.75471836  122.43437172 
111 -28.75505344  122.43350113 
111 -28.76993033  122.44062836 
111 -28.77079978  122.43765286 
112 -28.77106961  122.43650712 -28.77106961  122.43637032 
111 -28.77108460  122.43633612 
111 -28.77112957  122.43662683 
112 -28.77102464  122.43725955 -28.77094969  122.43749896 
111 -28.77003526  122.44083356 
111 -28.77056616  122.44108129 
111 -28.77166923  122.44170569 
113 -28.77298840  122.44050865 
14  -28.77060992  122.44054794    6 0 New Tower Viewpoint 31
15  -28.77053008  122.44082733   0.00 New Ramp Start 21
19  -28.76991468  122.44048427 0 New Windsock 22
51 12680 Mount Weld MULT
1     2346 0 0 YJRX Jindalee Receiver
100  114.91   4   0 0.25 0 0 0 3   -28.33843622  121.98686561    0.00    0.00 0  0 0 0 21  -28.31550216  122.00524462    0.00    0.00 0  0 0 0
100   71.93   4   0 0.25 0 0 0 12  -28.31543670  122.00606815    0.00    0.00 0  0 0 0 30  -28.33180306  122.03222465    0.00    0.00 0  0 0 0
110   4 0.25   0.00 New Taxiway 5
111 -28.32274348  122.01639562 
111 -28.32858184  122.01172707 
111 -28.32909335  122.01226806 
112 -28.32979890  122.01192744 -28.33002820  122.01204766 
112 -28.33002820  122.01278902 -28.32985181  122.01288920 
112 -28.32969306  122.01318975 -28.32976362  122.01333001 
111 -28.33131581  122.01593478 
111 -28.32976362  122.01701676 
111 -28.32868767  122.01519342 
111 -28.32842309  122.01563423 
111 -28.32946376  122.01739746 
112 -28.32921682  122.01741750 -28.32912863  122.01721713 
111 -28.32692381  122.01339012 
113 -28.32283167  122.01667614 
111 -28.32701122  122.01331423 
111 -28.32790272  122.01479228 
111 -28.32824005  122.01453225 
113 -28.32732445  122.01312263 
110   5 0.25   0.00 New Taxiway 4
112 -28.32777195  122.00630035 -28.32785628  122.00635510 
112 -28.32797675  122.00651932 -28.32797675  122.00658775 
112 -28.32779604  122.00665618 -28.32777195  122.00669724 
112 -28.32774786  122.00761419 -28.32773581  122.00788791 
112 -28.32815747  122.00775105 -28.32839841  122.00775105 
112 -28.32902488  122.00816162 -28.32912125  122.00828480 
111 -28.32897669  122.00858588 
112 -28.32594075  122.00806582 -28.32589256  122.00802477 
112 -28.32624193  122.00716256 -28.32643469  122.00699833 
112 -28.32697682  122.00720362 -28.32708525  122.00718993 
113 -28.32721777  122.00608138 
110   4 0.25   0.00 New Taxiway 3
111 -28.32616834  122.00636679 
112 -28.32687265  122.00626981 -28.32717145  122.00651226 
112 -28.32783307  122.00634255 -28.32800381  122.00634255 
111 -28.32821724  122.00658499 
111 -28.34479553  122.01932478 
111 -28.34494677  122.01966839 
111 -28.34453086  122.01945363 
111 -28.32933133  122.00785675 
111 -28.32906683  122.00877349 
112 -28.32862587  122.00883361 -28.32830837  122.00875346 
113 -28.32571804  122.00817286 
110   4 0.25  35.20 New Taxiway 1
112 -28.33761428  121.98609109 -28.33782557  121.98590438 
111 -28.33820120  121.98590438 
112 -28.33918723  121.98739804 -28.33928114  121.98747806 
111 -28.33916376  121.98777146 
111 -28.32586238  121.99824403 
111 -28.32850111  122.00258618 
112 -28.33176071  121.99998530 -28.33207115  121.99969876 
111 -28.33224577  122.00005142 
111 -28.33344872  122.00196902 
111 -28.32962645  122.00481237 
111 -28.32566836  121.99833219 
111 -28.31644775  122.00580747 
111 -28.31788353  122.00829789 
112 -28.31831038  122.00801138 -28.31840740  122.00794526 
111 -28.31852381  122.00807750 
112 -28.31881485  122.00854032 -28.31879544  122.00862848 
111 -28.31834919  122.00893703 
111 -28.33264613  122.03160754 
111 -28.33104970  122.03275435 
111 -28.31493499  122.00650466 
113 -28.31509322  122.00435918 
112 -28.31841747  122.00828883 -28.31836689  122.00830160 
112 -28.31829945  122.00837183 -28.31826011  122.00840375 
112 -28.31828821  122.00842928 -28.31829383  122.00843567 
112 -28.31839499  122.00842928 -28.31844557  122.00841013 
112 -28.31849615  122.00843567 -28.31849615  122.00844205 
111 -28.31842309  122.00855058 
112 -28.31828821  122.00864634 -28.31827135  122.00865911 
111 -28.31829383  122.00880595 
112 -28.31865352  122.00852505 -28.31869286  122.00849313 
114 -28.31849053  122.00823138 -28.31843995  122.00823776 
14  -28.32280756  122.00719619    6 0 New Tower Viewpoint 5
15  -28.33057088  122.00287032   8.13 New Ramp Start 1
15  -28.32903232  122.01389932  84.29 New Ramp Start 2
19  -28.32221917  122.01536519 0 New Windsock 3
19  -28.32549097  121.99835984 0 New Windsock 4
51 12670 CTAF
1     1530 0 0 YLTN Laverton
100   29.87   1   0 0.25 0 1 0 07  -28.61675111  122.42106063    0.00    0.00 2  0 0 0 25  -28.61112500  122.43831700    0.00    0.00 2  0 0 0
100   78.94   4   0 0.25 0 0 0 16  -28.60583780  122.42244991    0.00    0.00 0  0 0 0 34  -28.61451633  122.42648414    0.00    0.00 0  0 0 0
110   1 0.25   0.00 New Taxiway 47
112 -28.61478436  122.42368263 -28.61480703  122.42368113  22 
112 -28.61482739  122.42373127 -28.61482673  122.42375109  22 
112 -28.61478305  122.42376980 -28.61476269  122.42376980  22 
114 -28.61474331  122.42372603 -28.61474397  122.42370657  22 
110   4 0.25 157.80 New Taxiway 46
111 -28.61452903  122.42628656 
112 -28.61483044  122.42645823 -28.61486058  122.42645823 
111 -28.61493378  122.42644842 
111 -28.61483474  122.42683591 
112 -28.61455486  122.42661029 -28.61451611  122.42660538 
113 -28.61441277  122.42659557 
110   1 0.25   0.00 New Taxiway 20
112 -28.61465451  122.42360921 -28.61469028  122.42361102  22 
112 -28.61471889  122.42369477 -28.61471889  122.42372737  22 
112 -28.61464696  122.42376223 -28.61461675  122.42376223  22 
114 -28.61458417  122.42367485 -28.61458456  122.42364090  22 
110   1 0.25   0.00 New Taxiway 18
111 -28.61590597  122.42362093 
112 -28.61568138  122.42390113 -28.61571347  122.42365443   1 102 
111 -28.61550978  122.42353666   1 102 
112 -28.61474840  122.42323376 -28.61467075  122.42320059   1 102 
111 -28.61461899  122.42328535   1 102 
111 -28.61445724  122.42376810   1 
111 -28.61403021  122.42359490   1 
111 -28.61419843  122.42309741 
111 -28.61395904  122.42299422 
111 -28.61432274  122.42184982 
112 -28.61495890  122.42008714 -28.61502194  122.41993046 
112 -28.61510218  122.41924498 -28.61511937  122.41912094 
111 -28.61517095  122.41874229 
112 -28.61525692  122.41900995 -28.61526265  122.41938860 
112 -28.61512677  122.41986195 -28.61507467  122.42006697 
112 -28.61452998  122.42155611 -28.61449682  122.42163704 
111 -28.61427960  122.42222316 
111 -28.61436371  122.42225264 
111 -28.61438960  122.42217894 
111 -28.61459017  122.42228212 
111 -28.61451900  122.42249955 
111 -28.61431195  122.42242216 
111 -28.61433460  122.42235951 
111 -28.61431519  122.42234846 
111 -28.61426990  122.42245533 
111 -28.61431195  122.42248481 
112 -28.61428284  122.42256219 -28.61427960  122.42257694 
111 -28.61433460  122.42263958   1 102 
111 -28.61475658  122.42280991   1 102 
112 -28.61473505  122.42289330 -28.61471352  122.42297668   1 102 
111 -28.61477810  122.42306007   1 102 
112 -28.61555316  122.42338379 -28.61575554  122.42346718   1 102 
113 -28.61591486  122.42319740 
111 -28.61405116  122.42289530 
111 -28.61420583  122.42296074 
111 -28.61427212  122.42273673 
113 -28.61412850  122.42267380 
110   4 0.25   0.00 New Taxiway 48
111 -28.61464117  122.42313986 
111 -28.61498072  122.42326777 
112 -28.61498607  122.42338045 -28.61499142  122.42339568 
112 -28.61498874  122.42360583 -28.61499142  122.42364542 
112 -28.61491121  122.42382511 -28.61483635  122.42393170 
112 -28.61355784  122.42573005 -28.61349634  122.42582142 
111 -28.61347763  122.42563564 
112 -28.61483741  122.42375429 -28.61489566  122.42366505 
112 -28.61480326  122.42344539 -28.61477112  122.42340878 
113 -28.61455418  122.42330123 
120 Linear Feature 45
111 -28.61549676  122.42352930   4 
115 -28.61554709  122.42338285 
120 Linear Feature 44
111 -28.61570622  122.42420392   1 
111 -28.61580364  122.42391010   1 
116 -28.61567236  122.42351670 -28.61548114  122.42343598 
120 Linear Feature 43
111 -28.61439501  122.42307136   2 
112 -28.61446307  122.42313187 -28.61450457  122.42313755   2 
115 -28.61458260  122.42312053 
120 Linear Feature 42
111 -28.61434520  122.42301841   1 
115 -28.61440497  122.42304299 
120 Linear Feature 41
111 -28.61443817  122.42293898   1 
115 -28.61433358  122.42324156 
120 Linear Feature 40
111 -28.61608421  122.42303392   1 
111 -28.61598578  122.42335426   1 
112 -28.61567242  122.42351673 -28.61551172  122.42344350   1 
111 -28.61467240  122.42309890   1 
112 -28.61460832  122.42301080 -28.61459285  122.42296046   1 
111 -28.61455308  122.42282454   1 
112 -28.61446691  122.42282454 -28.61442934  122.42284468   1 
112 -28.61440504  122.42292774 -28.61439841  122.42296801   1 
115 -28.61442050  122.42299570 
120 Linear Feature 39
111 -28.61415977  122.42322688   1 
115 -28.61457760  122.42339596 
120 Linear Feature 38
111 -28.61435481  122.42264897   1 
115 -28.61419968  122.42309759 
120 Linear Feature 37
111 -28.61430732  122.42228485  20 
115 -28.61435766  122.42230514 
120 Linear Feature 36
111 -28.61439484  122.42219575  20 
111 -28.61436541  122.42226280  20 
115 -28.61428796  122.42223015 
120 Linear Feature 35
111 -28.61439484  122.42226191  20 
115 -28.61441420  122.42220634 
120 Linear Feature 34
111 -28.61442039  122.42227250  20 
115 -28.61444208  122.42222133 
120 Linear Feature 33
111 -28.61444363  122.42228132  20 
115 -28.61446376  122.42222839 
120 Linear Feature 32
111 -28.61446609  122.42229191  20 
115 -28.61448622  122.42224074 
120 Linear Feature 31
111 -28.61448932  122.42229808  20 
115 -28.61450868  122.42225045 
120 Linear Feature 30
111 -28.61451255  122.42231661  20 
115 -28.61453269  122.42226280 
120 Linear Feature 29
111 -28.61453733  122.42232455  20 
115 -28.61455902  122.42227338 
120 Linear Feature 28
111 -28.61450326  122.42243394  20 
115 -28.61448545  122.42248158 
120 Linear Feature 27
111 -28.61448157  122.42241983  20 
115 -28.61446376  122.42247188 
120 Linear Feature 26
111 -28.61445447  122.42241189  20 
115 -28.61443588  122.42246217 
120 Linear Feature 25
111 -28.61443201  122.42239689  20 
115 -28.61441342  122.42245070 
120 Linear Feature 24
111 -28.61440878  122.42238454  20 
115 -28.61438709  122.42244276 
120 Linear Feature 23
111 -28.61438477  122.42237572  20 
115 -28.61436153  122.42243394 
120 Linear Feature 22
111 -28.61435921  122.42236954  20 
111 -28.61433753  122.42242777  20 
115 -28.61433830  122.42242777 
120 Linear Feature 21
111 -28.61425853  122.42230426  20 
111 -28.61433908  122.42234308  20 
115 -28.61433598  122.42235984 
14  -28.61443235  122.42236391    6 0 New Tower Viewpoint 26
15  -28.61418449  122.42330851 250.91 New Ramp Start 25
19  -28.61465212  122.42368663 1 New Windsock 24
51 12680 CTAF
1     1403 0 0 YMGS MOUNT MORGANS
100   71.93   4   0 0.25 0 0 0 15  -28.78496299  122.03482867    0.00    0.00 0  0 0 0 33  -28.79393592  122.03994941    0.00    0.00 0  0 0 0
100   67.97   4   0 0.00 0 0 0 6   -28.79584100  122.03545385    0.00    0.00 0  0 0 0 24  -28.79364413  122.03980405    0.00    0.00 0  0 0 0
110   4 0.25   0.00 New Taxiway 8
111 -28.79061285  122.03826954 
111 -28.79036443  122.03846391 
112 -28.78984630  122.03833433 -28.78977532  122.03836672 
111 -28.78976822  122.03854489 
111 -28.78925238  122.03854475 
112 -28.78912333  122.03827034 -28.78894149  122.03809632 
112 -28.78758128  122.03825152 -28.78732318  122.03836195 
112 -28.78614144  122.03898231 -28.78613499  122.03898231 
111 -28.78586398  122.03912219 
111 -28.78393043  122.04047678 
112 -28.78364701  122.04223076 -28.78363843  122.04270110 
112 -28.78405925  122.04368098 -28.78417948  122.04392595 
111 -28.78431690  122.04420031 
111 -28.79142729  122.05187599 
111 -28.79151531  122.05249291 
111 -28.78404544  122.04413260 
111 -28.78336667  122.04359703 
111 -28.78329796  122.04352844 
112 -28.78317773  122.04326388 -28.78330655  122.04334227 
111 -28.78389914  122.04373421 
111 -28.78371878  122.04318549 
112 -28.78256796  122.04285233 -28.78238761  122.04281314 
111 -28.78257655  122.04278374 
111 -28.78366985  122.04301286 
112 -28.78352790  122.04245334 -28.78346982  122.04223984 
111 -28.78351499  122.04152572 
112 -28.78552375  122.03012703 -28.78557654  122.02983254 
111 -28.78560587  122.03046167 
112 -28.78500459  122.03418932 -28.78500459  122.03421801 
112 -28.78521835  122.03480622 -28.78521835  122.03492099 
112 -28.78505489  122.03539443 -28.78500459  122.03546616 
111 -28.78475311  122.03559528 
111 -28.78393580  122.04040138 
112 -28.78617124  122.03889059 -28.78662641  122.03872400 
112 -28.78760547  122.03812625 -28.78818088  122.03789108 
111 -28.78947771  122.03805766 
113 -28.78960653  122.03776369 
14  -28.78980045  122.03828324    6 0 New Tower Viewpoint 15
15  -28.78986977  122.03803377 198.53 New Ramp Start 13
19  -28.79046170  122.03855705 0 New Windsock 14
1     1451 0 0 AU29 Mount Morgans
100   32.00   4   0 0.25 0 0 0 17  -28.77095016  122.05991471    0.00    0.00 0  0 0 0 35  -28.77889390  122.06115479    0.00    0.00 0  0 0 0
110   4 0.25   0.00 New Taxiway 11
111 -28.76770223  122.05878361 
112 -28.76862352  122.05940708 -28.76870159  122.05944271 
111 -28.77051293  122.05668164 
112 -28.77044266  122.05647679 -28.77048170  122.05634319 
111 -28.77049732  122.05624522 
112 -28.77079517  122.05629930 -28.77093688  122.05643941 
112 -28.77130531  122.05653640 -28.77146591  122.05642863 
112 -28.77174933  122.05636397 -28.77182490  122.05639630 
112 -28.77199495  122.05674116 -28.77194771  122.05695670 
112 -28.77175877  122.05724768 -28.77172098  122.05731234 
111 -28.77170209  122.05733389 
111 -28.77185324  122.05764643 
112 -28.77259482  122.05565192 -28.77270819  122.05537172 
111 -28.77289713  122.05476820 
112 -28.77304828  122.05478975 -28.77297270  122.05497297 
111 -28.77190519  122.05778580 
112 -28.77164067  122.05841087 -28.77156509  122.05855097 
111 -28.77020471  122.06074951 
111 -28.76934381  122.06191229 
111 -28.76778777  122.06072695 
111 -28.76850606  122.05959579 
113 -28.76766285  122.05895450 
111 -28.76864659  122.05973830 
111 -28.76795953  122.06068241 
111 -28.76931023  122.06174232 
111 -28.76998167  122.06083383 
111 -28.76958349  122.06053100 
112 -28.76932584  122.06104759 -28.76917750  122.06114557 
112 -28.76891205  122.06106540 -28.76888082  122.06097634 
112 -28.76891986  122.06070023 -28.76895889  122.06063788 
112 -28.76898232  122.06050428 -28.76893547  122.06045084 
112 -28.76905258  122.06021926 -28.76910724  122.06017473 
113 -28.76911504  122.06010347 
111 -28.76872467  122.05947109 
111 -28.77014563  122.06062007 
111 -28.77146224  122.05843225 
112 -28.77164293  122.05814064 -28.77168260  122.05804008 
111 -28.77170463  122.05792444 
112 -28.77133807  122.05743967 -28.77103481  122.05730717 
112 -28.77072509  122.05700537 -28.77061540  122.05680662 
113 -28.77055087  122.05680662 
110   4 0.25   0.00 New Taxiway 10
112 -28.76784277  122.05815124 -28.76783496  122.05779497 
112 -28.76838929  122.05750106 -28.76873282  122.05748324 
112 -28.76917004  122.05807999 -28.76917004  122.05848079 
114 -28.76849079  122.05882815 -28.76813945  122.05882815 
110   4 0.25   0.00 New Taxiway 9
111 -28.77115533  122.06004199 
112 -28.77079165  122.06060411 -28.77073885  122.06067103 
112 -28.77060394  122.06073795 -28.77049249  122.06072456 
111 -28.77046316  122.06040335 
113 -28.77099695  122.05976092 
14  -28.77068606  122.06028290    6 0 New Tower Viewpoint 18
15  -28.77068606  122.06049035 222.23 New Ramp Start 16
19  -28.77124332  122.05967393 0 New Windsock 17
1     1435 0 0 YWDA Windarra
100   57.00   4   0 0.25 0 0 0 14  -28.47405802  122.23860525    0.00    0.00 0  0 0 0 32  -28.48672252  122.24985028    0.00    0.00 0  0 0 0
110   4 0.25   0.00 New Taxiway 5
111 -28.48486498  122.25958709 
111 -28.48677226  122.25009420 
111 -28.48657720  122.24994626 
111 -28.48694565  122.24945312 
111 -28.48819398  122.24302819 
112 -28.48798230  122.24286146 -28.48796601  122.24284293 
112 -28.48716811  122.24293556 -28.48695642  122.24286146 
112 -28.48460851  122.24042693 -28.48421513  122.23941256 
112 -28.48439871  122.23842803 -28.48450361  122.23830869 
111 -28.48471341  122.23812969 
112 -28.48455606  122.23845787 -28.48455606  122.23848770 
112 -28.48447739  122.23944240 -28.48455606  122.23977058 
112 -28.48563129  122.24147113 -28.48641805  122.24218715 
112 -28.48728348  122.24269434 -28.48730970  122.24269434 
111 -28.48964374  122.24236616 
112 -28.48933075  122.24263443 -28.48898879  122.24272706 
111 -28.48825602  122.24280116 
112 -28.48830488  122.24348661 -28.48825602  122.24385713 
113 -28.48497525  122.25965718 
14  -28.48610663  122.24086214    6 0 New Tower Viewpoint 12
15  -28.48679815  122.24983059 298.07 New Ramp Start 10
19  -28.48594175  122.25006720 0 New Windsock 11
17    1524 0 0 YJTX [H] Jindalee Transmitter
102 H1  -28.31894866  122.84381587 351.42   49.99   49.99   4 0   0 0.25 0
110   5 0.25   0.00 New Taxiway 12
111 -28.31712405  122.84276209 
111 -28.32130893  122.84351860 
112 -28.32124929  122.84355248 -28.32109024  122.84351860 
111 -28.31813796  122.84304437 
111 -28.31814790  122.84331536 
111 -28.31851569  122.84336053 
111 -28.31839641  122.84398155 
111 -28.31734273  122.84380089 
111 -28.31745208  122.84329278 
111 -28.31801868  122.84332665 
111 -28.31803856  122.84299920 
111 -28.31732285  122.84292016 
112 -28.31728309  122.84347344 -28.31724333  122.84366539 
112 -28.31682584  122.84374443 -28.31664691  122.84372185 
112 -28.31630894  122.84358635 -28.31622942  122.84358635 
111 -28.31573240  122.84356377 
112 -28.31557335  122.84320245 -28.31562306  122.84292016 
112 -28.31575228  122.84272821 -28.31585168  122.84268305 
112 -28.31619960  122.84277338 -28.31624930  122.84276209 
112 -28.31662703  122.84297662 -28.31678608  122.84297662 
114 -28.31698488  122.84294275 -28.31701470  122.84289758 
110   4 0.25   0.00 New Taxiway 7
112 -28.31681002  122.84175735 -28.31672998  122.84183008 
112 -28.31698612  122.84244836 -28.31700213  122.84244836 
112 -28.31957958  122.84313937 -28.31961160  122.84313937 
112 -28.31997981  122.84264839 -28.31999582  122.84243018 
112 -28.32025196  122.84252110 -28.32026797  122.84253928 
111 -28.32028398  122.84308482 
112 -28.32118048  122.84341214 -28.32177282  122.84357580 
111 -28.32118048  122.84368491 
111 -28.31953662  122.84345910 
111 -28.31930416  122.84438320 
111 -28.31610050  122.84387116 
111 -28.31587558  122.84427692 
111 -28.31733094  122.84675654 
112 -28.31858785  122.84586989 -28.31894508  122.84556933 
111 -28.31895831  122.84580978 
112 -28.31834970  122.84653112 -28.31812478  122.84677157 
111 -28.31762099  122.84729445 
111 -28.31685239  122.85084532 
111 -28.31219435  122.85089500 
111 -28.30857355  122.84461587 
111 -28.30957186  122.83879603 
111 -28.31501445  122.83462466 
111 -28.31929736  122.83656084 
113 -28.31870074  122.84057841 
111 -28.31869942  122.83970198 
111 -28.31915668  122.83664207 
111 -28.31509163  122.83477852 
112 -28.31487804  122.83480652 -28.31482053  122.83486251 
111 -28.30980242  122.83876850 
112 -28.30964934  122.83910383 -28.30958373  122.83940190 
111 -28.30870101  122.84442355 
112 -28.30877569  122.84472430 -28.30887753  122.84490166 
111 -28.31217977  122.85062810 
112 -28.31251774  122.85077488 -28.31270661  122.85076359 
111 -28.31661001  122.85077110 
112 -28.31674918  122.85057916 -28.31675912  122.85042108 
111 -28.31722631  122.84837742 
112 -28.31713685  122.84828709 -28.31699769  122.84876131 
111 -28.31661001  122.85047754 
112 -28.31633168  122.85059045 -28.31618258  122.85055657 
112 -28.31543705  122.85031946 -28.31538735  122.85024043 
111 -28.31523825  122.85012752 
111 -28.31342151  122.84964216 
112 -28.31330094  122.84954208 -28.31324993  122.84945254 
111 -28.31000511  122.84380651 
112 -28.30995089  122.84347806 -28.30998703  122.84332410 
111 -28.31042983  122.84045017 
112 -28.31056538  122.84018331 -28.31061960  122.84015252 
111 -28.31554869  122.83635644 
112 -28.31590174  122.83625619 -28.31613258  122.83629475 
111 -28.31877232  122.83669427 
112 -28.31886737  122.83690250 -28.31886058  122.83714158 
114 -28.31862295  122.83957862 -28.31864332  122.83964803 
111 -28.31746445  122.83675431 
111 -28.31594529  122.83650137 
112 -28.31555097  122.83658536 -28.31541952  122.83671600 
111 -28.31068734  122.84035276 
112 -28.31059987  122.84060116 -28.31057800  122.84077504 
111 -28.31013016  122.84352515 
112 -28.31019806  122.84374949 -28.31030299  122.84391774 
111 -28.31345782  122.84932853 
112 -28.31389520  122.84956451 -28.31422323  122.84963903 
111 -28.31516359  122.84991227 
111 -28.31124935  122.84324958 
112 -28.31132888  122.84365605 -28.31154756  122.84403993 
111 -28.31383529  122.84789798 
112 -28.31407386  122.84837219 -28.31395457  122.84837219 
112 -28.31363648  122.84806734 -28.31351720  122.84785281 
111 -28.31099235  122.84358492 
112 -28.31096253  122.84306554 -28.31100229  122.84288489 
112 -28.31160865  122.84171065 -28.31172794  122.84147355 
111 -28.31195657  122.84111224 
114 -28.31739597  122.83690133 -28.31742402  122.83685034 
14  -28.31932580  122.84357611    6 0 New Tower Viewpoint 4
15  -28.31893957  122.84381346 341.57 New Ramp Start 2
19  -28.31854067  122.84412992 0 New Windsock 3
51 12670 CTAF