1     1276 1 1 OSAP ALEPPO INTL
100   45.11   1   0 0.25 1 3 0 09   36.18233300  037.20837500    0.00  104.85 2  7 1 0 27   36.17901700  037.24033900    0.00   85.04 3  7 1 0
21   36.17912622  037.23539584  2 277.33   3.00 27  PAPI-4L
110   1 0.30  97.31 Default taxiway for RWY 09
111  36.18213390  037.20834334   3 102 
111  36.18112503  037.20818290   3 102 
111  36.17781328  037.24014825   3 102 
111  36.17882215  037.24030869 
112  36.17887383  037.23980982  36.17884576  037.24005890   3 102 
111  36.17860417  037.24002049   3 102 
112  36.17828204  037.23996926  36.17804045  037.23993084   3 102 
111  36.17806629  037.23968140   3 102 
111  36.17965756  037.22432231   3 102 
111  36.18046510  037.22445073 
111  36.18049095  037.22420130   3 102 
111  36.17968341  037.22407288   3 102 
112  36.18127468  037.20871378  36.18130052  037.20846434   3 102 
111  36.18154211  037.20850276   3 102 
112  36.18186424  037.20855399  36.18210583  037.20859241   3 102 
113  36.18208222  037.20884221 
120 Default hold RWY 09 (near)
111  36.18172901  037.20827895   4 
115  36.18170317  037.20852838 
120 Default hold RWY 09 (centre)
111  36.18008606  037.22413691   4 
115  36.18006021  037.22438634 
120 Default hold RWY 09 (far)
111  36.17844310  037.23999487   4 
115  36.17841726  037.24024430 
18   36.18208664  037.22457975 4 BCN
19   36.18298867  037.20797218 1 WS
19   36.17836122  037.24074154 1 WS
54 11810 TWR
54 11910 TWR
55 11810 APP
55 11910 APP
1     1145 1 1 OS62 JIRAH
100   39.62   1   0 0.25 0 0 0 10   36.09922500  037.91951100    0.00    0.00 2  0 0 0 28   36.09425800  037.95341900    0.00    0.00 2  0 0 0
110   1 0.30 100.27 Default taxiway for RWY 10
111  36.09905177  037.91947217   3 
111  36.09817236  037.91927506   3 
111  36.09321014  037.95318521   3 
111  36.09408955  037.95338231 
112  36.09415309  037.95294805  36.09411911  037.95316469   3 
111  36.09390858  037.95311750   3 
112  36.09362788  037.95305459  36.09341735  037.95300740   3 
111  36.09344912  037.95279027   3 
111  36.09585080  037.93637803   3 
111  36.09655477  037.93653581 
111  36.09658655  037.93631868   3 
111  36.09588258  037.93616090   3 
112  36.09828425  037.91974864  36.09831603  037.91953151   3 
111  36.09852656  037.91957870   3 
112  36.09880726  037.91964162  36.09901779  037.91968881   3 
113  36.09898822  037.91990643 
120 Default hold RWY 10 (near)
111  36.09869868  037.91939303   4 
115  36.09866691  037.91961016 
120 Default hold RWY 10 (centre)
111  36.09623346  037.93623954   4 
115  36.09620168  037.93645667 
120 Default hold RWY 10 (far)
111  36.09376823  037.95308605   4 
115  36.09373646  037.95330318 
19   36.09981487  037.91919471 1 WS
19   36.09366804  037.95373501 1 WS
54 11810 DEIR ZZOR TWR
1     1613 0 1 OS71 MINAKH
100   39.62   1   0 0.25 0 0 0 10   36.52288900  037.03325000    0.00    0.00 2  0 0 0 28   36.52034200  037.04974700    0.00    0.00 2  0 0 0
100   44.20   1   0 0.25 0 0 0 04   36.51904200  037.03297500    0.00    0.00 2  0 0 0 22   36.52733300  037.04199700    0.00    0.00 2  0 0 0
110   1 0.30 100.87 Default taxiway for RWY 10
111  36.52271611  037.03320869   3 
111  36.52183843  037.03299896   3 
111  36.51929257  037.04949651   3 
111  36.52017025  037.04970623 
112  36.52023749  037.04927047  36.52020167  037.04948782   3 
111  36.51999155  037.04943762   3 
112  36.51971140  037.04937067  36.51950129  037.04932047   3 
111  36.51953491  037.04910259   3 
111  36.52072379  037.04139852   3 
111  36.52142637  037.04156640 
111  36.52145999  037.04134852   3 
111  36.52075741  037.04118064   3 
112  36.52194628  037.03347657  36.52197991  037.03325868   3 
111  36.52219002  037.03330889   3 
112  36.52247017  037.03337583  36.52268029  037.03342604   3 
113  36.52264886  037.03364446 
120 Default hold RWY 10 (near)
111  36.52236372  037.03312448   4 
115  36.52233010  037.03334236 
120 Default hold RWY 10 (centre)
111  36.52110760  037.04126431   4 
115  36.52107398  037.04148219 
120 Default hold RWY 10 (far)
111  36.51985148  037.04940415   4 
115  36.51981786  037.04962203 
19   36.51913439  037.03209167 1 WS
19   36.52348153  037.03293975 1 WS
19   36.52724054  037.04288042 1 WS
19   36.51974942  037.05005711 1 WS
1     2315 1 1 LTAJ OGUZELI
100   30.48   2   0 0.25 0 0 0 10R  36.95008100  037.46154700   99.97   60.05 2  0 0 0 28L  36.94309200  037.49406900    0.00   60.05 2 10 0 0
100   45.11   2   0 0.25 1 3 0 10L  36.95160600  037.46205800  130.15   60.05 2  7 1 0 28R  36.94461900  037.49458300    0.00  189.89 2  3 1 0
21   36.94970410  037.46491809  2 105.04   3.00 10R PAPI-4L
21   36.94323605  037.49178542  2 285.06   3.00 28L PAPI-4L
110   2 0.30 105.04 Default taxiway for RWY 10R
111  36.94995072  037.46150319  53 
111  36.94928630  037.46127979  53 
111  36.94230173  037.49380479  53 
111  36.94296615  037.49402818 
112  36.94303734  037.49369671  36.94299958  037.49386172  53 
111  36.94284064  037.49380828  53 
112  36.94262872  037.49373703  36.94246978  037.49368359  53 
111  36.94250537  037.49351785  53 
111  36.94590867  037.47766969  53 
111  36.94644064  037.47784856 
111  36.94647623  037.47768282  53 
111  36.94594426  037.47750395  53 
112  36.94934757  037.46165579  36.94938316  037.46149006  53 
111  36.94954210  037.46154350  53 
112  36.94975402  037.46161476  36.94991296  037.46166820  53 
113  36.94987954  037.46183466 
110   2 0.30 105.04 Default taxiway for RWY 10L
111  36.95141214  037.46199284  53 102 
111  36.95042981  037.46166265  53 102 
111  36.94344725  037.49419066  53 102 
111  36.94442958  037.49452082 
112  36.94453489  037.49403022  36.94448006  037.49427479  53 102 
111  36.94424482  037.49419573  53 102 
112  36.94393117  037.49409031  36.94369593  037.49401125  53 102 
111  36.94374859  037.49376595  53 102 
111  36.94710823  037.47811519  53 102 
111  36.94789453  037.47837948 
111  36.94794719  037.47813418  53 102 
111  36.94716089  037.47786989  53 102 
112  36.95052053  037.46221914  36.95057318  037.46197384  53 102 
111  36.95080842  037.46205291  53 102 
112  36.95112207  037.46215834  36.95135731  037.46223741  53 102 
113  36.95130683  037.46248344 
120 Default hold RWY 10R (near)
111  36.94968365  037.46141339  54 
115  36.94964806  037.46157913 
120 Default hold RWY 10L (near)
111  36.95101791  037.46186032  54 
115  36.95096525  037.46210562 
120 Default hold RWY 10R (centre)
111  36.94620916  037.47759302  54 
115  36.94617357  037.47775876 
120 Default hold RWY 10L (centre)
111  36.94755296  037.47800167  54 
115  36.94750030  037.47824697 
120 Default hold RWY 10R (far)
111  36.94273468  037.49377265  54 
115  36.94269908  037.49393838 
120 Default hold RWY 10L (far)
111  36.94408800  037.49414302  54 
115  36.94403535  037.49438832 
19   36.95054953  037.46134914 1 WS
19   36.95229940  037.46176508 1 WS
19   36.94262342  037.49426665 1 WS
19   36.94392551  037.49487560 1 WS
54 12190 TWR
54 12210 TWR
54 12010 TWR
55 12210 APP
55 12190 APP
55 12010 APP
1     1207 0 1 OS66 RASIN EL ABOUD
100   45.72   1   0 0.25 0 0 0 10   36.18911700  037.56935000    0.00    0.00 2  0 0 0 28   36.18509200  037.59702200    0.00    0.00 2  0 0 0
110   1 0.30 100.21 Default taxiway for RWY 10
111  36.18891675  037.56930532   3 
111  36.18790220  037.56907896   3 
111  36.18388038  037.59675239   3 
111  36.18489493  037.59697874 
112  36.18496785  037.59647701  36.18492917  037.59672739   3 
111  36.18468621  037.59667318   3 
112  36.18436226  037.59660091  36.18411930  037.59654670   3 
111  36.18415576  037.59629583   3 
111  36.18607552  037.58308628   3 
111  36.18688761  037.58326746 
111  36.18692407  037.58301660   3 
111  36.18611198  037.58283542   3 
112  36.18803174  037.56962586  36.18806820  037.56937500   3 
111  36.18831116  037.56942921   3 
112  36.18863511  037.56950149  36.18887807  037.56955570   3 
113  36.18884383  037.56980705 
120 Default hold RWY 10 (near)
111  36.18850960  037.56921448   4 
115  36.18847314  037.56946535 
120 Default hold RWY 10 (centre)
111  36.18651692  037.58292576   4 
115  36.18648046  037.58317662 
120 Default hold RWY 10 (far)
111  36.18452424  037.59663704   4 
115  36.18448778  037.59688790 
19   36.18979732  037.56898379 1 WS
19   36.18441160  037.59738795 1 WS