1      305 1 0 RJA1 Ami
100   24.99   1   0 0.25 0 0 0 09   36.02008111  140.26671787    0.00    0.00 2  0 0 0 27   36.02101849  140.27329073    0.00    0.00 2  0 0 0
10   36.01986310  140.26785280 xxx 125.00    50 0.0 0.0    50 101101  1 0 0 0.25 0
10   36.02013020  140.26779170 xxx 125.00    50 0.0 0.0    50 101101  1 0 0 0.25 0
10   36.01999660  140.26782230 xxx 170.00    95 0.0 0.0    49 101101  1 0 0 0.25 0
10   36.01973340  140.26786800 xxx  80.00   197 0.0 0.0    98 101101  2 0 0 0.25 0
19   36.02037430  140.26637155 1 WS
19   36.02072528  140.27363702 1 WS
1      105 1 0 RJAH HYAKURI
100   45.72   2   0 0.25 0 2 0 03   36.16961100  140.41030600    0.00  324.92 3  1 0 0 21   36.19252800  140.42055600    0.00  324.92 2  0 0 0
21   36.17205087  140.41086525  2  19.85   3.00 03  PAPI-4L
21   36.19069802  140.42026909  2 199.85   3.00 21  PAPI-4L
10   36.16898350  140.41275020 xxx  63.75   290 0.0 0.0   110 161161  2 0 0 0.25 0
10   36.18582920  140.42070010 xxx 108.75   210 0.0 0.0    82 161161  2 0 0 0.25 0
10   36.18103030  140.41564940 xxx  63.75   150 0.0 0.0   150 161161  2 0 0 0.25 0
10   36.16840740  140.40690610 xxx 148.75   200 0.0 0.0   100 161161  2 0 0 0.25 0
10   36.18986510  140.41937260 xxx  63.75   150 0.0 0.0   150 161161  2 0 0 0.25 0
10   36.17222600  140.41195680 xxx  63.75   150 0.0 0.0   150 161161  2 0 0 0.25 0
10   36.16974640  140.41000370 xxx  88.75   230 0.0 0.0    80 161161  2 0 0 0.25 0
10   36.16849900  140.40728760 xxx  38.75   170 0.0 0.0    82 161161  2 0 0 0.25 0
10   36.17148970  140.41427610 xxx 153.75   300 0.0 0.0   100 161161  2 0 0 0.25 0
10   36.16865160  140.40718080 xxx  78.75   170 0.0 0.0    82 161161  2 0 0 0.25 0
10   36.19198990  140.42240910 xxx 153.75   300 0.0 0.0   110 161161  2 0 0 0.25 0
10   36.16948320  140.41102600 xxx 153.75   320 0.0 0.0   120 161161  2 0 0 0.25 0
10   36.19242860  140.42066960 xxx  63.75   320 0.0 0.0   120 161161  2 0 0 0.25 0
10   36.16904070  140.41180420 xxx 108.75   406 0.0 0.0   148 161161  2 0 0 0.25 0
10   36.19240570  140.42163090 xxx 108.75   406 0.0 0.0   148 161161  2 0 0 0.25 0
10   36.18578340  140.42205810 xxx 108.75   410 0.0 0.0   150 161161  2 0 0 0.25 0
10   36.18956760  140.42044070 xxx 108.75   656 0.0 0.0    82 161161  2 0 0 0.25 0
10   36.16932680  140.41192630 xxx 108.75   656 0.0 0.0    82 161161  2 0 0 0.25 0
10   36.17853550  140.41598510 xxx  18.75   230 0.0 0.0    82 161161  2 0 0 0.25 0
10   36.16990280  140.41029360 xxx  18.75   170 0.0 0.0   100 161161  2 0 0 0.25 0
10   36.18592830  140.42036440 xxx  63.75   100 0.0 0.0   100 101101  2 0 0 0.25 0
10   36.18928150  140.42150880 xxx  63.75   110 0.0 0.0   110 161161  2 0 0 0.25 0
10   36.18053820  140.41802980 xxx 153.75   150 0.0 0.0   100 161161  2 0 0 0.25 0
10   36.18057250  140.41790770 xxx  63.75   150 0.0 0.0   100 161161  2 0 0 0.25 0
10   36.16959380  140.41355900 xxx  63.75   150 0.0 0.0   100 161161  2 0 0 0.25 0
10   36.18035130  140.41870120 xxx  63.75   150 0.0 0.0   100 161161  2 0 0 0.25 0
10   36.18561940  140.42094420 xxx 153.75   150 0.0 0.0   100 161161  2 0 0 0.25 0
10   36.17740630  140.41607670 xxx 348.75   660 0.0 0.0    82 161161  2 0 0 0.25 0
10   36.17192840  140.41302490 xxx 108.75   656 0.0 0.0    82 161161  2 0 0 0.25 0
10   36.18601990  140.42027280 xxx  18.75  4400 0.0 0.0    82 161161  2 0 0 0.25 0
10   36.17953870  140.41714480 xxx  48.75   835 0.0 0.0    82 161161  2 0 0 0.25 0
10   36.17032240  140.41441350 xxx  18.75   640 0.0 0.0   345 161161  2 0 0 0.25 0
10   36.18061830  140.41717530 xxx 108.75   936 0.0 0.0    82 161161  2 0 0 0.25 0
10   36.19384000  140.42079160 xxx  18.75  1000 0.0 0.0   148 101101  2 0 0 0.25 0
10   36.16829680  140.41004940 xxx  18.75  1000 0.0 0.0   148 101101  2 0 0 0.25 0
10   36.16939540  140.40890500 xxx  58.75  1280 0.0 0.0    82 161161  2 0 0 0.25 0
10   36.17281720  140.41471860 xxx  18.75  2900 0.0 0.0    82 161161  2 0 0 0.25 0
10   36.18275830  140.42063900 xxx  18.75  2215 0.0 0.0   492 161161  2 0 0 0.25 0
10   36.19211960  140.42150880 xxx 108.75   656 0.0 0.0    82 161161  2 0 0 0.25 0
18   36.18155793  140.41375103 4 BCN
19   36.16943353  140.40941386 1 WS
19   36.19270539  140.42144843 1 WS
53 11950 GND
54 11950 TWR
54 12620 TWR
55 12480 TCA
55 12010 APP
56 12010 DEP
1       85 1 0 RJAK Kasumigaura AB
100   14.94   4   0 0.25 0 0 0 06   36.02994294  140.19361525    0.00    0.00 1  0 0 0 24   36.03281646  140.19859675    0.00    0.00 1  0 0 0
10   36.03226090  140.19342040 xxx  39.50    50 0.0 0.0    30 101101  4 0 0 0.25 0
10   36.03305050  140.19613650 xxx  39.50    50 0.0 0.0    30 101101  4 0 0 0.25 0
10   36.03008270  140.19367980 xxx 114.50    50 0.0 0.0    40 101101  4 0 0 0.25 0
10   36.03305440  140.19831850 xxx 144.50   200 0.0 0.0    30 101101  4 0 0 0.25 0
10   36.03318020  140.19712830 xxx  84.50   615 0.0 0.0    30 101101  4 0 0 0.25 0
10   36.03040700  140.19531250 xxx  54.50   820 0.0 0.0    32 101101  4 0 0 0.25 0
10   36.03113940  140.19348140 xxx 174.50   836 0.0 0.0    30 101101  4 0 0 0.25 0
10   36.03282550  140.19844060 xxx   9.50    50 0.0 0.0    30 101101  4 0 0 0.25 0
10   36.03137970  140.19531250 xxx  54.50   984 0.0 0.0    32 101101  4 0 0 0.25 0
10   36.03269960  140.19470210 xxx  84.50   853 0.0 0.0   240 101101  4 0 0 0.25 0
19   36.03002790  140.19333616 1 WS
19   36.03273149  140.19887584 1 WS