1     8025 0 1 NM16 Chama Land & Cattle Co
100   30.48   1   0 0.25 0 0 0 05   36.86234675 -106.57559604    0.00    0.00 2  0 0 0 23   36.87101157 -106.55891842    0.00    0.00 2  0 0 0
110   1 0.30  57.00 Default taxiway for RWY NE
111  36.86223362 -106.57550420   3 
111  36.86165665 -106.57503579   3 
111  36.87032263 -106.55836000   3 
111  36.87089960 -106.55882846 
112  36.87075019 -106.55911597  36.87082301 -106.55897069   3 
111  36.87068499 -106.55885862   3 
112  36.87050097 -106.55870921  36.87036295 -106.55859715   3 
111  36.87028824 -106.55874090   3 
111  36.86614202 -106.56671940   3 
111  36.86660397 -106.56709445 
111  36.86652926 -106.56723820   3 
111  36.86606731 -106.56686315   3 
112  36.86192108 -106.57484166  36.86184638 -106.57498541   3 
111  36.86198440 -106.57509746   3 
112  36.86216842 -106.57524686  36.86230644 -106.57535891   3 
113  36.86238303 -106.57521669 
120 Default hold RWY NE (near)
111  36.86200170 -106.57531592   4 
115  36.86207641 -106.57517216 
120 Default hold RWY NE (centre)
111  36.86629734 -106.56704991   4 
115  36.86637205 -106.56690616 
120 Default hold RWY NE (far)
111  36.87059298 -106.55878392   4 
115  36.87066768 -106.55864016 
19   36.86254239 -106.57616367 1 WS
19   36.87081585 -106.55835076 1 WS
1     6819 0 1 NM01 Dulce
100   12.19   1   0 0.25 0 1 0 15   36.93126094 -106.99285028    0.00    0.00 2  0 0 0 33   36.91873904 -106.98776084    0.00    0.00 2  0 0 0
110   1 0.30 162.00 Default taxiway for RWY 15
111  36.93124468 -106.99291287   3 102 
111  36.93115922 -106.99324190   3 102 
111  36.91863743 -106.98815156   3 102 
111  36.91872289 -106.98782258 
112  36.91882724 -106.98786500  36.91877437 -106.98784647   3 102 
111  36.91875402 -106.98792478   3 102 
112  36.91872689 -106.98802920  36.91870655 -106.98810751   3 102 
111  36.91875873 -106.98812872   3 102 
111  36.92488919 -106.99062086   3 102 
111  36.92495770 -106.99035713 
111  36.92500987 -106.99037834   3 102 
111  36.92494136 -106.99064207   3 102 
112  36.93107182 -106.99313421  36.93112400 -106.99315542   3 102 
111  36.93114434 -106.99307710   3 102 
112  36.93117147 -106.99297266  36.93119182 -106.99289434   3 102 
113  36.93114033 -106.99287045 
120 Default hold RWY 15 (near)
111  36.93121008 -106.99304609   4 
115  36.93115791 -106.99302488 
120 Default hold RWY 15 (centre)
111  36.92497527 -106.99051154   4 
115  36.92492310 -106.99049033 
120 Default hold RWY 15 (far)
111  36.91874046 -106.98797699   4 
115  36.91868829 -106.98795578 
18   36.92511866 -106.98984849 1 BCN
19   36.93141615 -106.99269689 1 WS
19   36.91858384 -106.98791421 1 WS
1     8030 0 1 NM24 EASTSIDE
100   13.72   1   0 0.25 0 0 0 01   36.92170800 -106.55850600    0.00    0.00 2  0 0 0 19   36.92940300 -106.55482800    0.00    0.00 2  0 0 0
110   1 0.30  20.91 Default taxiway for RWY 01
111  36.92168678 -106.55843651   3 
111  36.92157583 -106.55807331   3 
111  36.92927089 -106.55439564   3 
111  36.92938184 -106.55475888 
112  36.92926653 -106.55481399  36.92932337 -106.55478380   3 
111  36.92929694 -106.55469725   3 
112  36.92926170 -106.55458186  36.92923526 -106.55449531   3 
111  36.92917761 -106.55452287   3 
111  36.92547421 -106.55629282   3 
111  36.92556313 -106.55658392 
111  36.92550548 -106.55661147   3 
111  36.92541656 -106.55632037   3 
112  36.92171316 -106.55809032  36.92165551 -106.55811788   3 
111  36.92168195 -106.55820442   3 
112  36.92171719 -106.55831980  36.92174362 -106.55840634   3 
113  36.92180208 -106.55838140 
120 Default hold RWY 01 (near)
111  36.92164192 -106.55828966   4 
115  36.92169957 -106.55826211 
120 Default hold RWY 01 (centre)
111  36.92546062 -106.55646461   4 
115  36.92551827 -106.55643706 
120 Default hold RWY 01 (far)
111  36.92927932 -106.55463956   4 
115  36.92933698 -106.55461201 
19   36.92165829 -106.55877585 1 WS
19   36.92945270 -106.55455812 1 WS
1     7640 0 1 NM48 Esenada
100   60.96   3   0 0.25 0 0 0 07   36.72961507 -106.50350547    0.00    0.00 1  0 0 0 25   36.73152381 -106.48655953    0.00    0.00 1  0 0 0
19   36.73035355 -106.50432627 1 WS
19   36.73078521 -106.48573887 1 WS
1     6440 0 1 50E  Ghost Ranch Strip
100   22.86   1   0 0.25 0 0 0 14   36.30909196 -106.49224401    0.00    0.00 2  0 0 0 32   36.29649804 -106.48393489    0.00    0.00 2  0 0 0
110   1 0.30 152.00 Default taxiway for RWY 14
111  36.30904472 -106.49235425   3 
111  36.30880219 -106.49292022   3 
111  36.29620856 -106.48460966   3 
111  36.29645109 -106.48404377 
112  36.29663273 -106.48416363  36.29654086 -106.48410616   3 
111  36.29648290 -106.48424139   3 
112  36.29640563 -106.48442168  36.29634768 -106.48455690   3 
111  36.29643850 -106.48461683   3 
111  36.30250826 -106.48862228   3 
111  36.30270249 -106.48816904 
111  36.30279331 -106.48822897   3 
111  36.30259908 -106.48868221   3 
112  36.30866885 -106.49268766  36.30875967 -106.49274759   3 
111  36.30881762 -106.49261235   3 
112  36.30889489 -106.49243202  36.30895285 -106.49229678   3 
113  36.30886308 -106.49223439 
120 Default hold RWY 14 (near)
111  36.30894708 -106.49258212   4 
115  36.30885626 -106.49252219 
120 Default hold RWY 14 (centre)
111  36.30269567 -106.48845682   4 
115  36.30260485 -106.48839689 
120 Default hold RWY 14 (far)
111  36.29644427 -106.48433153   4 
115  36.29635345 -106.48427160 
19   36.30941784 -106.49202726 1 WS
19   36.29617217 -106.48415163 1 WS
1     7618 0 1 24N  JICARILLA APACHE NATION
100   22.86   1   0 0.25 0 2 0 17   36.83882800 -106.88375000    0.00    0.00 2  0 0 1 35   36.81824200 -106.88463300    0.00    0.00 2  0 0 1
21   36.83701889 -106.88345151  2 181.97   3.00 17  PAPI-4L
21   36.82005111 -106.88493145  2   1.97   3.00 35  PAPI-4L
110   1 0.30 181.97 Default taxiway for RWY 17
111  36.83883145 -106.88387564   3 102 
111  36.83884918 -106.88452070   3 102 
111  36.81826318 -106.88540373   3 102 
111  36.81824545 -106.88475885 
112  36.81845106 -106.88475003  36.81834833 -106.88475724   3 102 
111  36.81835257 -106.88491134   3 102 
112  36.81835821 -106.88511681  36.81836245 -106.88527090   3 102 
111  36.81846526 -106.88526650   3 102 
111  36.82850125 -106.88483598   3 102 
111  36.82848705 -106.88431944 
111  36.82858985 -106.88431503   3 102 
111  36.82860405 -106.88483157   3 102 
112  36.83864005 -106.88440106  36.83874285 -106.88439666   3 102 
111  36.83873861 -106.88424252   3 102 
112  36.83873297 -106.88403700  36.83872873 -106.88388286   3 102 
113  36.83862585 -106.88388446 
120 Default hold RWY 17 (near)
111  36.83883859 -106.88413535   4 
115  36.83873579 -106.88413976 
120 Default hold RWY 17 (centre)
111  36.82859699 -106.88457471   4 
115  36.82849419 -106.88457912 
120 Default hold RWY 17 (far)
111  36.81835539 -106.88501407   4 
115  36.81825259 -106.88501848 
18   36.82851226 -106.88329423 1 BCN
19   36.83902306 -106.88335754 1 WS
19   36.81804694 -106.88502535 1 WS
51 12290 CTAF
1     5790 0 1 E14  SAN JUAN PUEBLO
100   22.86   1   0 0.25 0 2 0 16   36.03166700 -106.04833100    0.00    0.00 2  0 0 0 34   36.01833300 -106.04443900    0.00    0.00 2  0 0 0
100   10.67   4   0 0.25 0 0 0 06   36.02777800 -106.05278100    0.00    0.00 1  0 0 0 24   36.03055600 -106.04278100    0.00    0.00 1  0 0 0
110   1 0.30 166.72 Default taxiway for RWY 16
111  36.03164388 -106.04845208   3 102 
111  36.03152519 -106.04907375   3 102 
111  36.01819125 -106.04518097   3 102 
111  36.01830994 -106.04455940 
112  36.01851016 -106.04461785  36.01840954 -106.04459134   3 102 
111  36.01838117 -106.04473987   3 102 
112  36.01834336 -106.04493790  36.01831500 -106.04508643   3 102 
111  36.01841511 -106.04511565   3 102 
111  36.02483181 -106.04698897   3 102 
111  36.02492686 -106.04649113 
111  36.02502697 -106.04652035   3 102 
111  36.02493192 -106.04701819   3 102 
112  36.03134861 -106.04889151  36.03144872 -106.04892073   3 102 
111  36.03147708 -106.04877218   3 102 
112  36.03151489 -106.04857411  36.03154326 -106.04842556   3 102 
113  36.03144366 -106.04839363 
120 Default hold RWY 16 (near)
111  36.03159610 -106.04870238   4 
115  36.03149599 -106.04867315 
120 Default hold RWY 16 (centre)
111  36.02497919 -106.04677063   4 
115  36.02487908 -106.04674140 
120 Default hold RWY 16 (far)
111  36.01836227 -106.04483888   4 
115  36.01826216 -106.04480965 
18   36.02516616 -106.04552014 1 BCN
19   36.02788171 -106.05295058 1 WS
19   36.03193781 -106.04801972 1 WS
19   36.03045228 -106.04261143 1 WS
19   36.01806220 -106.04475024 1 WS
51 12290 CTAF