1     4178 0 1 17K  BOISE CITY
100   18.29   1   0 0.25 0 2 0 04   36.77054700 -102.51590000    0.00    0.00 2  0 0 0 22   36.77805800 -102.50496900    0.00    0.00 2  0 0 0
110   1 0.30  49.37 Default taxiway for RWY 04
111  36.77048625 -102.51583494   3 102 
111  36.77017227 -102.51549866   3 102 
111  36.77768377 -102.50456869   3 102 
111  36.77799775 -102.50490500 
112  36.77789059 -102.50506093  36.77794247 -102.50498114   3 102 
111  36.77786752 -102.50490087   3 102 
112  36.77776759 -102.50479383  36.77769265 -102.50471356   3 102 
111  36.77763907 -102.50479152   3 102 
111  36.77401727 -102.51006158   3 102 
111  36.77426879 -102.51033099 
111  36.77421521 -102.51040896   3 102 
111  36.77396369 -102.51013955   3 102 
112  36.77034189 -102.51540962  36.77028831 -102.51548758   3 102 
111  36.77036325 -102.51556785   3 102 
112  36.77046318 -102.51567487  36.77053813 -102.51575514   3 102 
113  36.77059341 -102.51567901 
120 Default hold RWY 04 (near)
111  36.77035964 -102.51569933   4 
115  36.77041322 -102.51562136 
120 Default hold RWY 04 (centre)
111  36.77408860 -102.51027334   4 
115  36.77414218 -102.51019537 
120 Default hold RWY 04 (far)
111  36.77781756 -102.50484735   4 
115  36.77787114 -102.50476938 
18   36.77473848 -102.51090540 1 BCN
19   36.77062720 -102.51625660 1 WS
19   36.77797777 -102.50461238 1 WS
51 12290 CTAF
1     3991 0 1 KDHT DALHART MUNI
100   22.86   1   0 0.25 0 2 0 17   36.03112200 -102.54640800    0.00    0.00 2  0 0 1 35   36.01354400 -102.54636700    0.00    0.00 2  0 0 1
100   22.86   1   0 0.25 0 2 0 03   36.01735000 -102.55503900    0.00    0.00 2  0 0 0 21   36.02838900 -102.54152200   68.28    0.00 2  0 0 0
21   36.02932272 -102.54603180  2 179.89   3.00 17  PAPI-4L
21   36.01534328 -102.54674314  2 359.89   3.00 35  PAPI-4L
110   1 0.30 179.89 Default taxiway for RWY 17
111  36.03112181 -102.54653241   3 102 
111  36.03112084 -102.54717116   3 102 
111  36.01354284 -102.54712998   3 102 
111  36.01354381 -102.54649137 
112  36.01374953 -102.54649185  36.01364667 -102.54649440   3 102 
111  36.01364643 -102.54664700   3 102 
112  36.01364612 -102.54685046  36.01364589 -102.54700306   3 102 
111  36.01374875 -102.54700330   3 102 
111  36.02228060 -102.54702328   3 102 
111  36.02228138 -102.54651178 
111  36.02238424 -102.54651202   3 102 
111  36.02238346 -102.54702352   3 102 
112  36.03091531 -102.54704349  36.03101817 -102.54704373   3 102 
111  36.03101840 -102.54689110   3 102 
112  36.03101871 -102.54668759  36.03101895 -102.54653495   3 102 
113  36.03091609 -102.54653193 
110   1 0.30  44.72 Default taxiway for RWY 03
111  36.01727921 -102.55495061   3 102 
111  36.01691575 -102.55449680   3 102 
111  36.02795551 -102.54098162   3 102 
111  36.02831897 -102.54143549 
112  36.02817279 -102.54161445  36.02824429 -102.54152299   3 102 
111  36.02815744 -102.54141454   3 102 
112  36.02804164 -102.54126993  36.02795479 -102.54116148   3 102 
111  36.02788170 -102.54125096   3 102 
111  36.02254454 -102.54778485   3 102 
111  36.02283563 -102.54814831 
111  36.02276254 -102.54823779   3 102 
111  36.02247145 -102.54787433   3 102 
112  36.01713430 -102.55440821  36.01706121 -102.55449769   3 102 
111  36.01714806 -102.55460613   3 102 
112  36.01726386 -102.55475071  36.01735071 -102.55485915   3 102 
113  36.01742539 -102.55477165 
120 Default hold RWY 17 (near)
111  36.03112142 -102.54678958   4 
115  36.03101856 -102.54678934 
120 Default hold RWY 03 (near)
111  36.01713287 -102.55476790   4 
115  36.01720596 -102.55467842 
120 Default hold RWY 17 (centre)
111  36.02238385 -102.54676916   4 
115  36.02228099 -102.54676892 
120 Default hold RWY 03 (centre)
111  36.02261620 -102.54805507   4 
115  36.02268929 -102.54796559 
120 Default hold RWY 17 (far)
111  36.01364628 -102.54674873   4 
115  36.01354342 -102.54674849 
120 Default hold RWY 03 (far)
111  36.02809954 -102.54134223   4 
115  36.02817263 -102.54125275 
18   36.02233487 -102.54549894 1 BCN
19   36.01741998 -102.55548785 1 WS
19   36.03132830 -102.54602859 1 WS
19   36.01333770 -102.54674632 1 WS
19   36.02831897 -102.54107310 1 WS
50 13407 ASOS
51 12295 CTAF/UNICOM
1     3961 0 1 25TS MILLER AFLD
100   22.86   2   0 0.25 0 0 0 17   36.10055600 -102.41583300  208.79    0.00 2  0 0 0 35   36.08250000 -102.41583300    0.00    0.00 2  0 0 0
110   2 0.30 180.00 Default taxiway for RWY 17
111  36.10055600 -102.41595752  53 
111  36.10055600 -102.41659684  53 
111  36.08250000 -102.41659666  53 
111  36.08250000 -102.41595749 
112  36.08270572 -102.41595749  36.08260286 -102.41596028  53 
111  36.08260286 -102.41611301  53 
112  36.08260286 -102.41631665  36.08260286 -102.41646939  53 
111  36.08270572 -102.41646939  53 
111  36.09147657 -102.41646946  53 
111  36.09147657 -102.41595751 
111  36.09157943 -102.41595751  53 
111  36.09157943 -102.41646946  53 
112  36.10035028 -102.41646953  36.10045314 -102.41646953  53 
111  36.10045314 -102.41631676  53 
112  36.10045314 -102.41611307  36.10045314 -102.41596031  53 
113  36.10035028 -102.41595752 
120 Default hold RWY 17 (near)
111  36.10055600 -102.41621492  54 
115  36.10045314 -102.41621492 
120 Default hold RWY 17 (centre)
111  36.09157943 -102.41621488  54 
115  36.09147657 -102.41621488 
120 Default hold RWY 17 (far)
111  36.08260286 -102.41621483  54 
115  36.08250000 -102.41621483 
19   36.10076172 -102.41545278 1 WS
19   36.08229428 -102.41621313 1 WS
1     4373 0 1 TA13 Nebtex Land Co.
100   15.24   3   0 0.25 0 0 0 18   36.25993114 -102.86971212    0.00    0.00 1  0 0 0 36   36.25290774 -102.87124790    0.00    0.00 1  0 0 0
19   36.26003048 -102.86943132 1 WS
19   36.25280839 -102.87152866 1 WS
1     3995 0 1 5TE4 PERKINS PROTHRO CIMARRON RANCH
100   10.67   1   0 0.25 0 0 0 01   36.50275000 -102.39441700    0.00    0.00 2  0 0 0 19   36.51396700 -102.38983300    0.00    0.00 2  0 0 0
110   1 0.30  18.18 Default taxiway for RWY 01
111  36.50273572 -102.39436292   3 
111  36.50266013 -102.39407659   3 
111  36.51387722 -102.38949320   3 
111  36.51395281 -102.38977958 
112  36.51386160 -102.38981685  36.51390650 -102.38979556   3 
111  36.51388853 -102.38972746   3 
112  36.51386456 -102.38963668  36.51384659 -102.38956858   3 
111  36.51380099 -102.38958721   3 
111  36.50830646 -102.39183231   3 
111  36.50836707 -102.39206193 
111  36.50832146 -102.39208057   3 
111  36.50826085 -102.39185095   3 
112  36.50276632 -102.39409605  36.50272072 -102.39411469   3 
111  36.50273869 -102.39418278   3 
112  36.50276266 -102.39427355  36.50278063 -102.39434163   3 
113  36.50282693 -102.39432565 
120 Default hold RWY 01 (near)
111  36.50270506 -102.39424679   4 
115  36.50275067 -102.39422816 
120 Default hold RWY 01 (centre)
111  36.50829080 -102.39196443   4 
115  36.50833641 -102.39194579 
120 Default hold RWY 01 (far)
111  36.51387654 -102.38968207   4 
115  36.51392215 -102.38966343 
19   36.50270330 -102.39462285 1 WS
19   36.51401369 -102.38962711 1 WS
1     3668 0 1 H70  STRATFORD FLD
100    9.75   1   0 0.25 0 1 0 04   36.34320300 -102.05340600    0.00    0.00 2  0 0 0 22   36.34809200 -102.04510800    0.00    0.00 2  0 0 0
100   15.24   3   0 0.25 0 0 0 17   36.35097500 -102.04627500    0.00    0.00 1  0 0 0 35   36.34740600 -102.04627500    0.00    0.00 1  0 0 0
110   1 0.30  53.81 Default taxiway for RWY 04
111  36.34316939 -102.05337548   3 102 
111  36.34299047 -102.05321298   3 102 
111  36.34787976 -102.04491549   3 102 
111  36.34805868 -102.04507800 
112  36.34800685 -102.04516595  36.34803095 -102.04512033   3 102 
111  36.34798844 -102.04508172   3 102 
112  36.34793177 -102.04503025  36.34788926 -102.04499164   3 102 
111  36.34786335 -102.04503561   3 102 
111  36.34548349 -102.04907441   3 102 
111  36.34562699 -102.04920475 
111  36.34560108 -102.04924873   3 102 
111  36.34545758 -102.04911839   3 102 
112  36.34307771 -102.05315720  36.34305180 -102.05320117   3 102 
111  36.34309431 -102.05323977   3 102 
112  36.34315098 -102.05329125  36.34319349 -102.05332985   3 102 
113  36.34322121 -102.05328753 
120 Default hold RWY 04 (near)
111  36.34309674 -102.05330949   4 
115  36.34312265 -102.05326551 
120 Default hold RWY 04 (centre)
111  36.34552843 -102.04918274   4 
115  36.34555434 -102.04913876 
120 Default hold RWY 04 (far)
111  36.34796011 -102.04505598   4 
115  36.34798603 -102.04501200 
19   36.34325744 -102.05359046 1 WS
19   36.35111215 -102.04601957 1 WS
19   36.34726885 -102.04653042 1 WS
19   36.34803755 -102.04492353 1 WS
51 12290 CTAF