1     1139 0 1 MO61 Bel-Voir Acres
100   39.62   3   0 0.25 0 0 0 05   36.55691716 -093.64398169    0.00    0.00 1  0 0 0 23   36.55988284 -093.63973443    0.00    0.00 1  0 0 0
19   36.55708688 -093.64475359 1 WS
19   36.55971309 -093.63896251 1 WS
1     1342 0 1 5MO3 Bil-Mitch
100   24.38   3   0 0.25 0 0 0 16   36.94325366 -093.95837624    0.00    0.00 1  0 0 0 34   36.93798022 -093.95648432    0.00    0.00 1  0 0 0
19   36.94355533 -093.95805603 1 WS
19   36.93767856 -093.95680451 1 WS
1     1365 0 1 KHRO BOONE CO
100   45.72   1   0 0.25 0 3 0 18   36.26993900 -093.15372200    0.00    0.00 2  0 0 1 36   36.25309400 -093.15574200    0.00    0.00 3  8 0 0
21   36.26811124 -093.15347182  1 185.52   3.00 18  VASI
21   36.25600377 -093.15586248  1   5.52   3.00 36  VASI
110   1 0.00 185.52 Default taxiway for RWY 18
112  36.26950987 -093.15351992  36.26971443 -093.15349258   3 102 
111  36.26969067 -093.15318781   3 102 
112  36.26965898 -093.15278144  36.26963522 -093.15247666   3 102 
111  36.26943045 -093.15250123   3 102 
111  36.26151988 -093.15345018   3 102 
111  36.26159930 -093.15446876 
111  36.26139453 -093.15449333   3 102 
111  36.26131511 -093.15347474   3 102 
112  36.25340454 -093.15442368  36.25319978 -093.15444825   3 102 
111  36.25322354 -093.15475296   3 102 
112  36.25325523 -093.15515924  36.25327899 -093.15546395   3 102 
111  36.25348396 -093.15544216 
111  36.25307443 -093.15549129   3 102 
111  36.25297521 -093.15421889   3 102 
111  36.26982019 -093.15219812   3 102 
113  36.26991941 -093.15347080 
130 Airport Boundary 8
111  36.25255301 -093.15830939 
111  36.25239533 -093.15780107 
111  36.24873707 -093.15752736 
111  36.24861093 -093.15647161 
111  36.24552033 -093.15673957 
111  36.24552033 -093.15611970 
111  36.24835863 -093.15584598 
111  36.24839017 -093.15467293 
111  36.25223764 -093.15447742 
111  36.25214303 -093.15279605 
111  36.25573822 -093.15275695 
111  36.25649510 -093.15228773 
111  36.25759888 -093.15138839 
111  36.25923879 -093.15084097 
111  36.26046872 -093.15009803 
111  36.26589371 -093.15037121 
111  36.26816435 -093.15087957 
111  36.27081344 -093.15068405 
111  36.27090805 -093.15228733 
111  36.27339944 -093.15236554 
111  36.27333637 -093.15432077 
111  36.27116034 -093.15490734 
113  36.27119188 -093.15600227 
120 Default hold RWY 18 (near)
111  36.26967483 -093.15298462   4 
115  36.26987960 -093.15296006 
120 Default hold RWY 18 (centre)
111  36.26135472 -093.15398264   4 
115  36.26155949 -093.15395808 
120 Default hold RWY 18 (far)
111  36.25303462 -093.15498067   4 
115  36.25323939 -093.15495610 
18   36.26165754 -093.15650960 1 BCN
19   36.27028914 -093.15291094 1 WS
19   36.25274385 -093.15655287 1 WS
50 12112 ASOS
51 12300 CTAF/UNICOM
1     1303 0 0 KBBG Branson Regional Airport
100   45.11   2   0 0.00 1 3 0 14   36.54011700 -093.20751100    0.00   60.96 2  9 0 2 32   36.52404700 -093.19357800    0.00   60.96 3  9 0 0
21   36.52621440 -093.19605923  2 324.85   3.00 piL PAPI-4L
21   36.53803616 -093.20508939  2 144.85   3.00 piL PAPI-4L
110   2 0.00  54.27 Term Twy/Apron
111  36.53527804 -093.20300595 
112  36.53527804 -093.20300595  36.53540910 -093.20311195 102 
112  36.53565654 -093.20295073  36.53574524 -093.20280406 
111  36.53565654 -093.20295073 102 
111  36.53714991 -093.20036754 
112  36.53714991 -093.20036754  36.53725177 -093.20017621 102 
112  36.53702915 -093.19988193  36.53690051 -093.19981668 
111  36.53702915 -093.19988193 102 
111  36.53569329 -093.19930277 
112  36.53569329 -093.19930277  36.53559039 -093.19926632 102 
112  36.53548900 -093.19936523  36.53542460 -093.19947515 
111  36.53548900 -093.19936523 102 
111  36.53495628 -093.20025406 102 
111  36.53415589 -093.19958327 106 
111  36.53427161 -093.19936930 102 
111  36.53486451 -093.19987482 
112  36.53486451 -093.19987482  36.53491671 -093.19991508 102 
112  36.53501985 -093.19983305  36.53506111 -093.19976701 
111  36.53501985 -093.19983305 102 
111  36.53517434 -093.19957264 
112  36.53517434 -093.19957264  36.53520670 -093.19952039 102 
112  36.53515642 -093.19944284  36.53512777 -093.19941265 
111  36.53515642 -093.19944284 102 
111  36.53446938 -093.19886428 106 
111  36.53457792 -093.19865759 102 
111  36.53517938 -093.19916692 
112  36.53517938 -093.19916692  36.53527730 -093.19923784 102 
112  36.53544180 -093.19910087  36.53550309 -093.19899901 
111  36.53544180 -093.19910087 102 
111  36.53561660 -093.19878326 
112  36.53561660 -093.19878326  36.53565254 -093.19871721 106 
112  36.53565121 -093.19857386  36.53564166 -093.19850351 
111  36.53565121 -093.19857386 106 
111  36.53550795 -093.19757206 106 
111  36.53636084 -093.19739575 106 
111  36.53656583 -093.19883742 
112  36.53656583 -093.19883742  36.53647792 -093.19886161 106 
112  36.53644443 -093.19894859  36.53642552 -093.19899400 
111  36.53644443 -093.19894859 102 
111  36.53638163 -093.19918635 
112  36.53638163 -093.19918635  36.53635194 -093.19931452 102 
112  36.53649610 -093.19949297  36.53659687 -093.19953823 
111  36.53649610 -093.19949297 102 
111  36.53698604 -093.19970525 
112  36.53698604 -093.19970525  36.53704946 -093.19973031 102 
112  36.53713460 -093.19962002  36.53715689 -093.19954857 
111  36.53713460 -093.19962002 106 
111  36.53733107 -093.19885843 106 
111  36.53914988 -093.19968925 106 
111  36.53872871 -093.20120012 102 
111  36.53748443 -093.20078640 
112  36.53748443 -093.20078640  36.53733459 -093.20073515 102 
112  36.53714947 -093.20092430  36.53707399 -093.20104547 
111  36.53714947 -093.20092430 102 
111  36.53646030 -093.20213019 
111  36.53604750 -093.20285463 102 
111  36.53588328 -093.20314218 
112  36.53588328 -093.20314218  36.53580145 -093.20328508 102 
112  36.53594371 -093.20358538  36.53604388 -093.20368321 
113  36.53594371 -093.20358538 
110   2 0.00 144.78 Twy Turnaround 32
111  36.52516799 -093.19424140 
112  36.52516799 -093.19424140  36.52536744 -093.19437506 102 
112  36.52556724 -093.19398970  36.52557058 -093.19381154 
111  36.52556724 -093.19398970 102 
111  36.52557168 -093.19362772 
112  36.52557168 -093.19362772  36.52557002 -093.19349644 102 
112  36.52539641 -093.19330226  36.52531202 -093.19323411 
111  36.52539641 -093.19330226 102 
111  36.52494391 -093.19290975 
112  36.52494391 -093.19290975  36.52487549 -093.19285387 102 
112  36.52474059 -093.19295282  36.52468831 -093.19303990 
111  36.52474059 -093.19295282 102 
111  36.52452169 -093.19332918 
112  36.52452169 -093.19332918  36.52445528 -093.19344478 102 
112  36.52456353 -093.19371694  36.52466282 -093.19381260 
111  36.52456353 -093.19371694 
111  36.52416394 -093.19336966 102 
111  36.52475711 -093.19233383 102 
111  36.52565834 -093.19311128 
112  36.52565834 -093.19311128  36.52581678 -093.19324710 102 
112  36.52584525 -093.19369123  36.52584760 -093.19388802 
111  36.52584525 -093.19369123 102 
111  36.52583502 -093.19461724 
112  36.52583502 -093.19461724  36.52583651 -093.19478155 102 
112  36.52598674 -093.19495016  36.52609865 -093.19506334 
113  36.52598674 -093.19495016 
110   2 0.00 144.36 Twy Turnaround 14
111  36.53980463 -093.20693175 
112  36.53980463 -093.20693175  36.53993176 -093.20702713 102 
112  36.54015360 -093.20686928  36.54022201 -093.20675244 
111  36.54015360 -093.20686928 102 
111  36.54033143 -093.20655683 
112  36.54033143 -093.20655683  36.54039108 -093.20644912 102 
112  36.54028442 -093.20622057  36.54020109 -093.20614033 
111  36.54028442 -093.20622057 102 
111  36.53987746 -093.20586303 
112  36.53987746 -093.20586303  36.53977968 -093.20577137 102 
112  36.53955765 -093.20576489  36.53943588 -093.20580888 
111  36.53955765 -093.20576489 102 
111  36.53931730 -093.20585111 
112  36.53931730 -093.20585111  36.53912035 -093.20593546 102 
112  36.53923674 -093.20643972  36.53942054 -093.20663345 
111  36.53923674 -093.20643972 
111  36.53827305 -093.20560521 
112  36.53827305 -093.20560521  36.53844859 -093.20573499 102 
112  36.53879298 -093.20569872  36.53892703 -093.20565168 
111  36.53879298 -093.20569872 102 
111  36.53919788 -093.20555387 
112  36.53919788 -093.20555387  36.53927263 -093.20553360 102 
112  36.53922620 -093.20529158  36.53912519 -093.20522062 
111  36.53922620 -093.20529158 
111  36.53994975 -093.20551587 102 
111  36.54054019 -093.20601742 
112  36.54054019 -093.20601742  36.54068090 -093.20615738 102 
112  36.54061769 -093.20664083  36.54052484 -093.20681929 
111  36.54061769 -093.20664083 102 
113  36.54023353 -093.20730289 
110   2 0.00 144.41 Twy Tie
111  36.53646030 -093.20213019 
112  36.53646030 -093.20213019  36.53637066 -093.20230939 102 
112  36.53652380 -093.20253752  36.53661909 -093.20261695 
111  36.53652380 -093.20253752 102 
111  36.53994975 -093.20551587 
111  36.53922620 -093.20529158 102 
111  36.53894650 -093.20498658 102 
111  36.53694041 -093.20326938 102 
111  36.53638790 -093.20283285 
112  36.53638790 -093.20283285  36.53627354 -093.20273619 102 
112  36.53604750 -093.20285463  36.53597371 -093.20296811 
113  36.53604750 -093.20285463 
130 Airport Boundary 1
111  36.54792923 -093.21298433 
111  36.54609013 -093.21441243 
111  36.54503231 -093.21425184 
111  36.54358681 -093.21367937 
111  36.54190645 -093.21388040 
111  36.53973632 -093.21423498 
111  36.53835697 -093.21400065 
111  36.53618706 -093.21307648 
111  36.53485956 -093.21152010 
111  36.53319375 -093.21107512 
111  36.52918316 -093.20994499 
111  36.52784632 -093.21002542 
111  36.52699225 -093.21072669 
111  36.52518252 -093.21058313 
111  36.52344822 -093.20975118 
111  36.52246137 -093.20967618 
111  36.52187690 -093.21013311 
111  36.52083974 -093.20962004 
111  36.51937505 -093.20973278 
111  36.51678365 -093.20731645 
111  36.51558549 -093.20798042 
111  36.51354835 -093.20780475 
111  36.51155018 -093.20821982 
111  36.51019783 -093.20872941 
111  36.50879371 -093.20914345 
111  36.50681662 -093.20832918 
111  36.50566436 -093.20818102 
111  36.50161370 -093.20976337 
111  36.50161685 -093.19395325 
111  36.50348281 -093.19361573 
111  36.50505639 -093.19400941 
111  36.50697196 -093.19235936 
111  36.50888888 -093.19281029 
111  36.51162127 -093.19165057 
111  36.51428372 -093.18853533 
111  36.51497892 -093.18697592 
111  36.51462497 -093.18582811 
111  36.51332452 -093.18379860 
111  36.51320694 -093.18290852 
111  36.51388078 -093.18045072 
111  36.51433170 -093.17991561 
111  36.51496101 -093.17982433 
111  36.51732778 -093.18013080 
111  36.51936582 -093.17948066 
111  36.52083797 -093.17790995 
111  36.53525032 -093.17777262 
111  36.53599117 -093.18189085 
111  36.54502382 -093.18189085 
111  36.54502382 -093.17397564 
111  36.54163657 -093.17359265 
111  36.54153393 -093.16848606 
111  36.54851371 -093.16835839 
111  36.54902693 -093.17308199 
111  36.55190095 -093.17308199 
111  36.55251682 -093.17372031 
111  36.55261946 -093.18163552 
111  36.55528820 -093.18176319 
111  36.55549349 -093.18278451 
111  36.54974543 -093.19235936 
113  36.55369482 -093.20757302 
120 Hold Line
111  36.52443066 -093.19287549   4 
115  36.52466329 -093.19307451 
120 Hold Line
111  36.52556475 -093.19386155   4 
115  36.52584861 -093.19411403 
120 Hold Line
111  36.53578787 -093.20271489   4 
115  36.53601318 -093.20290931 
120 Hold Line
111  36.53909112 -093.20558170   4 
115  36.53938930 -093.20584043 
120 Hold Line
111  36.54028769 -093.20662207   4 
115  36.54051239 -093.20681537 
120 Linear Feature 1
112  36.53643612 -093.20266551  36.53628922 -093.20254362   1 
116  36.53591157 -093.20279529  36.53577666 -093.20302920 
120 Linear Feature 1
112  36.53928024 -093.20568320  36.53941464 -093.20563010   1 
116  36.53932109 -093.20516918  36.53913976 -093.20501519 
120 Linear Feature 3
112  36.53712837 -093.20067843  36.53724593 -093.20048182   1 
112  36.53738596 -093.20006900  36.53745576 -093.19981294 
111  36.53738596 -093.20006900   1 
115  36.53756965 -093.19932368 
120 Linear Feature 2
111  36.53472518 -093.20280163   1 
111  36.53517481 -093.20319258 
112  36.53517481 -093.20319258  36.53537173 -093.20334617   1 
112  36.53576584 -093.20305110  36.53591639 -093.20280156 
111  36.53576584 -093.20305110   1 
111  36.53591157 -093.20279529   1 
111  36.53636778 -093.20200159   1 
111  36.53712837 -093.20067843 
112  36.53712837 -093.20067843  36.53722132 -093.20052754   1 
112  36.53756079 -093.20054262  36.53772649 -093.20058286 
111  36.53756079 -093.20054262   1 
115  36.53852263 -093.20087459 
120 Linear Feature 1
112  36.52432778 -093.19382234  36.52424920 -093.19374800   1 
112  36.52427747 -093.19347153  36.52432697 -093.19338029 
111  36.52427747 -093.19347153   1 
111  36.52463940 -093.19283133 
112  36.52463940 -093.19283133  36.52471528 -093.19270132   1 
112  36.52500284 -093.19275224  36.52511570 -093.19284184 
111  36.52500284 -093.19275224   1 
111  36.52548108 -093.19317075 
112  36.52548108 -093.19317075  36.52561415 -093.19329406   1 
112  36.52571666 -093.19369030  36.52572233 -093.19394412 
111  36.52571666 -093.19369030   1 
111  36.52570625 -093.19453632 
112  36.52570625 -093.19453632  36.52570408 -093.19475634   1 
112  36.52585759 -093.19511668  36.52599690 -093.19523757 
111  36.52585759 -093.19511668   1 
115  36.52630883 -093.19550917 
120 Linear Feature 1
112  36.53973770 -093.20718243  36.53989559 -093.20731848   1 
112  36.54015423 -093.20715117  36.54024836 -093.20698867 
111  36.54015423 -093.20715117   1 
111  36.54047169 -093.20658629 
112  36.54047169 -093.20658629  36.54055204 -093.20644579   1 
112  36.54042754 -093.20613028  36.54031660 -093.20601615 
111  36.54042754 -093.20613028   1 
111  36.53996239 -093.20572647 
112  36.53996239 -093.20572647  36.53980884 -093.20559530   1 
112  36.53937794 -093.20564480  36.53917340 -093.20572122 
111  36.53937794 -093.20564480   1 
111  36.53928024 -093.20568320   1 
111  36.53888146 -093.20583985 
112  36.53888146 -093.20583985  36.53857783 -093.20596456   1 
112  36.53812780 -093.20575419  36.53793115 -093.20559568 
111  36.53812780 -093.20575419   1 
115  36.53768017 -093.20536490 
120 Linear Feature 2
111  36.53996239 -093.20572647   1 
111  36.53932109 -093.20516918   1 
111  36.53643794 -093.20266414 
112  36.53643794 -093.20266414  36.53628472 -093.20250495   1 
116  36.53636778 -093.20200159  36.53649906 -093.20177354 
15   36.53835042 -093.20081266 165.07 Ramp Start
18   36.53681245 -093.19934132 1 Beacon 1
19   36.53975306 -093.20633068 0 Windsock 14
19   36.52508259 -093.19359039 0 Windsock 32
1     1207 0 1 4M1  CARROLL CO
100   22.86   1   0 0.25 0 2 0 07   36.37995300 -093.63033100    0.00    0.00 2  0 0 0 25   36.38274200 -093.61875600    0.00    0.00 2  0 0 0
21   36.38075737 -093.62829650  2  73.34   3.00 07  PAPI-4L
21   36.38193783 -093.62079069  2 253.34   3.00 25  PAPI-4L
110   1 0.30  73.34 Default taxiway for RWY 07
111  36.37985661 -093.63029516   3 102 
111  36.37936175 -093.63011116   3 102 
111  36.38215131 -093.61853658   3 102 
111  36.38264617 -093.61872058 
112  36.38258717 -093.61896537  36.38261452 -093.61884217   3 102 
111  36.38249627 -093.61879820   3 102 
112  36.38233860 -093.61873958  36.38222035 -093.61869561   3 102 
111  36.38219085 -093.61881801   3 102 
111  36.38086982 -093.62429931   3 102 
111  36.38126614 -093.62444667 
111  36.38123664 -093.62456907   3 102 
111  36.38084032 -093.62442171   3 102 
112  36.37951929 -093.62990301  36.37948979 -093.63002540   3 102 
111  36.37960804 -093.63006937   3 102 
112  36.37976571 -093.63012799  36.37988396 -093.63017196   3 102 
113  36.37991561 -093.63005037 
120 Default hold RWY 07 (near)
111  36.37965738 -093.63022108   4 
115  36.37968688 -093.63009868 
120 Default hold RWY 07 (centre)
111  36.38103741 -093.62449499   4 
115  36.38106691 -093.62437259 
120 Default hold RWY 07 (far)
111  36.38241744 -093.61876889   4 
115  36.38244694 -093.61864650 
18   36.38203616 -093.62480010 1 BCN
19   36.38018831 -093.63068522 1 WS
19   36.38250665 -093.61840180 1 WS
51 12290 CTAF
1     1482 0 1 94K  CASSVILLE MUNI
100   18.29   1   0 0.25 0 2 0 09   36.69738900 -093.90666700    0.00    0.00 2  0 0 0 27   36.69743600 -093.89438600    0.00    0.00 2  0 0 0
110   1 0.30  89.72 Default taxiway for RWY 09
111  36.69730896 -093.90666652   3 102 
111  36.69689527 -093.90666402   3 102 
111  36.69694290 -093.89438303   3 102 
111  36.69735659 -093.89438553 
112  36.69735579 -093.89459079  36.69735394 -093.89448814   3 102 
111  36.69725520 -093.89448755   3 102 
112  36.69712353 -093.89448675  36.69702479 -093.89448616   3 102 
111  36.69702439 -093.89458879   3 102 
111  36.69700157 -093.90047271   3 102 
111  36.69733297 -093.90047471 
111  36.69733258 -093.90057734   3 102 
111  36.69700118 -093.90057534   3 102 
112  36.69697836 -093.90645926  36.69697796 -093.90656189   3 102 
111  36.69707670 -093.90656248   3 102 
112  36.69720837 -093.90656328  36.69730711 -093.90656387   3 102 
113  36.69730976 -093.90646126 
120 Default hold RWY 09 (near)
111  36.69714213 -093.90666551   4 
115  36.69714253 -093.90656288 
120 Default hold RWY 09 (centre)
111  36.69716575 -093.90057633   4 
115  36.69716614 -093.90047370 
120 Default hold RWY 09 (far)
111  36.69718936 -093.89448715   4 
115  36.69718976 -093.89438452 
18   36.69798882 -093.90053325 1 BCN
19   36.69763507 -093.90687375 1 WS
19   36.69718990 -093.89417929 1 WS
51 12300 CTAF
55 12495 SPRINGFIELD APP/DEP
1     1000 0 1 MU98 Eagles Nest
100   12.19   3   0 0.25 0 0 0 01   36.51495490 -093.68457306    0.00    0.00 1  0 0 0 19   36.52115620 -093.68264918    0.00    0.00 1  0 0 0
19   36.51488825 -093.68480478 1 WS
19   36.52122284 -093.68241744 1 WS
1     1385 0 1 8MO1 Emerson
100   27.43   3   0 0.25 0 0 0 36   36.73482840 -093.38211570    0.00    0.00 1  0 0 0 18   36.74084826 -093.38159042    0.00    0.00 1  0 0 0
19   36.73460796 -093.38259813 1 WS
19   36.74106870 -093.38110796 1 WS
1     1400 0 1 8MO8 Frazier
100    9.14   3   0 0.25 0 0 0 18   36.91294809 -093.86667677    0.00    0.00 1  0 0 0 36   36.90939579 -093.86706547    0.00    0.00 1  0 0 0
19   36.91301931 -093.86651401 1 WS
19   36.90932457 -093.86722822 1 WS
1     1380 0 1 18MO Gimlin
100   18.29   3   0 0.25 0 0 0 18   36.96611163 -093.17042564    0.00    0.00 1  0 0 0 36   36.95899725 -093.17104826    0.00    0.00 1  0 0 0
19   36.96625859 -093.17010305 1 WS
19   36.95885029 -093.17137082 1 WS
1     1749 0 1 H34  HUNTSVILLE MUNI
100   18.29   1   0 0.25 0 2 0 12   36.08063100 -093.75880300    0.00    0.00 2  0 0 0 30   36.07479700 -093.74877500    0.00    0.00 2  0 0 0
100   18.29   4   0 0.25 0 0 0 03   36.07750000 -093.75499700    0.00    0.00 1  0 0 0 21   36.08027500 -093.75250300    0.00    0.00 1  0 0 0
110   1 0.30 125.74 Default taxiway for RWY 12
111  36.08056604 -093.75886085   3 102 
111  36.08023027 -093.75915988   3 102 
111  36.07439669 -093.74913111   3 102 
111  36.07473246 -093.74883211 
112  36.07482860 -093.74899739  36.07477870 -093.74891638   3 102 
111  36.07469855 -093.74898775   3 102 
112  36.07459169 -093.74908291  36.07451155 -093.74915428   3 102 
111  36.07455962 -093.74923692   3 102 
111  36.07735623 -093.75404470   3 102 
111  36.07762521 -093.75380516 
111  36.07767328 -093.75388780   3 102 
111  36.07740430 -093.75412734   3 102 
112  36.08020092 -093.75893512  36.08024899 -093.75901776   3 102 
111  36.08032913 -093.75894638   3 102 
112  36.08043599 -093.75885121  36.08051614 -093.75877984   3 102 
113  36.08046990 -093.75869557 
120 Default hold RWY 12 (near)
111  36.08043063 -093.75898144   4 
115  36.08038256 -093.75889880 
120 Default hold RWY 12 (centre)
111  36.07753787 -093.75400838   4 
115  36.07748980 -093.75392574 
120 Default hold RWY 12 (far)
111  36.07464512 -093.74903533   4 
115  36.07459705 -093.74895269 
18   36.07818223 -093.75337315 1 BCN
19   36.07751192 -093.75536380 1 WS
19   36.08092751 -093.75878984 1 WS
19   36.07450049 -093.74878819 1 WS
19   36.08026307 -093.75213618 1 WS
51 12280 CTAF/UNICOM
55 12660 RAZORBACK APP/DEP
1     1485 0 1 MU41 Ingram - Private
100   15.24   3   0 0.25 0 0 0 08   36.78651366 -093.88996144    0.00    0.00 1  0 0 0 26   36.78681966 -093.88559412    0.00    0.00 1  0 0 0
100   15.24   3   0 0.25 0 0 0 06   36.78620297 -093.88901942    0.00    0.00 1  0 0 0 24   36.78713035 -093.88653614    0.00    0.00 1  0 0 0
19   36.78633146 -093.88928318 1 WS
19   36.78670664 -093.89015443 1 WS
19   36.78662667 -093.88540114 1 WS
19   36.78700186 -093.88627237 1 WS
1     1434 0 1 2H2  JERRY SUMNERS SR AURORA  MUNI
100   18.29   1   0 0.25 0 2 0 18   36.96642200 -093.69520600    0.00    0.00 2  0 0 0 36   36.95817800 -093.69543600    0.00    0.00 2  0 0 0
110   1 0.30 181.28 Default taxiway for RWY 18
111  36.96642378 -093.69530615   3 102 
111  36.96643300 -093.69582380   3 102 
111  36.95818900 -093.69605375   3 102 
111  36.95817978 -093.69553616 
112  36.95834432 -093.69553157  36.95826210 -093.69553669   3 102 
111  36.95826430 -093.69566023   3 102 
112  36.95826724 -093.69582496  36.95826944 -093.69594851   3 102 
111  36.95835171 -093.69594621   3 102 
111  36.96226804 -093.69583696   3 102 
111  36.96226065 -093.69542231 
111  36.96234291 -093.69542001   3 102 
111  36.96235030 -093.69583466   3 102 
112  36.96626663 -093.69572542  36.96634890 -093.69572313   3 102 
111  36.96634670 -093.69559957   3 102 
112  36.96634376 -093.69543483  36.96634156 -093.69531127   3 102 
113  36.96625924 -093.69531074 
120 Default hold RWY 18 (near)
111  36.96642750 -093.69551490   4 
115  36.96634523 -093.69551720 
120 Default hold RWY 18 (centre)
111  36.96234663 -093.69562874   4 
115  36.96226437 -093.69563104 
120 Default hold RWY 18 (far)
111  36.95826577 -093.69574260   4 
115  36.95818350 -093.69574489 
18   36.96228748 -093.69460027 1 BCN
19   36.96658104 -093.69489251 1 WS
19   36.95801896 -093.69574946 1 WS
51 12280 CTAF/UNICOM
55 12495 SPRINGFIELD APP/DEP
1     1000 0 1 MO64 Kimberling Airways
100   12.19   1   0 0.25 0 0 0 12   36.61177956 -093.44831392    0.00    0.00 2  0 0 0 30   36.60779154 -093.44094832    0.00    0.00 2  0 0 0
110   1 0.30 124.00 Default taxiway for RWY 12
111  36.61173594 -093.44835057   3 
111  36.61150667 -093.44854321   3 
111  36.60751888 -093.44117722   3 
111  36.60774815 -093.44098459 
112  36.60780950 -093.44109791  36.60777696 -093.44104281   3 
111  36.60772238 -093.44108867   3 
112  36.60764961 -093.44114981  36.60759503 -093.44119567   3 
111  36.60762571 -093.44125233   3 
111  36.60954292 -093.44479367   3 
111  36.60972671 -093.44463925 
111  36.60975738 -093.44469591   3 
111  36.60957359 -093.44485033   3 
112  36.61149080 -093.44839168  36.61152147 -093.44844834   3 
111  36.61157605 -093.44840248   3 
112  36.61164882 -093.44834133  36.61170340 -093.44829548   3 
113  36.61167459 -093.44823725 
120 Default hold RWY 12 (near)
111  36.61164311 -093.44842857   4 
115  36.61161243 -093.44837191 
120 Default hold RWY 12 (centre)
111  36.60966455 -093.44477390   4 
115  36.60963388 -093.44471724 
120 Default hold RWY 12 (far)
111  36.60768599 -093.44111924   4 
115  36.60765532 -093.44106258 
19   36.61197736 -093.44831259 1 WS
19   36.60759374 -093.44094966 1 WS
1      938 0 1 KPLK M GRAHAM CLARK TANEY CO
100   30.48   1   0 0.25 0 2 0 11   36.62835600 -093.23443300   34.75    0.00 2  0 0 1 29   36.62343300 -093.22325000   26.21    0.00 2  0 0 1
21   36.62414200 -093.22565852  1 298.75   3.00 29  VASI
110   1 0.30 118.74 Default taxiway for RWY 11
111  36.62823772 -093.23451383   3 102 
111  36.62763450 -093.23492608   3 102 
111  36.62271202 -093.22374234   3 102 
111  36.62331524 -093.22333012 
112  36.62344715 -093.22362980  36.62337922 -093.22348131   3 102 
111  36.62323492 -093.22357992   3 102 
112  36.62304252 -093.22371140  36.62289822 -093.22381001   3 102 
111  36.62296418 -093.22395985   3 102 
111  36.62526054 -093.22917711   3 102 
111  36.62574351 -093.22884705 
111  36.62580946 -093.22899689   3 102 
111  36.62532649 -093.22932695   3 102 
112  36.62762285 -093.23454422  36.62768880 -093.23469406   3 102 
111  36.62783310 -093.23459545   3 102 
112  36.62802550 -093.23446396  36.62816980 -093.23436534   3 102 
113  36.62810582 -093.23421415 
120 Default hold RWY 11 (near)
111  36.62799525 -093.23467954   4 
115  36.62792930 -093.23452970 
120 Default hold RWY 11 (centre)
111  36.62556699 -093.22916259   4 
115  36.62550104 -093.22901275 
120 Default hold RWY 11 (far)
111  36.62313872 -093.22364566   4 
115  36.62307277 -093.22349582 
18   36.62673774 -093.22826869 1 BCN
19   36.62884865 -093.23448614 1 WS
19   36.62294034 -093.22319694 1 WS
51 12270 CTAF/UNICOM
55 12635 SPRINGFIELD APP/DEP
1     1376 0 1 56MO Mc Clurg
100   22.86   3   0 0.25 0 0 0 16   36.97354285 -093.92498527    0.00    0.00 1  0 0 0 34   36.96824381 -093.92320807    0.00    0.00 1  0 0 0
100   22.86   3   0 0.25 0 0 0 08   36.97077380 -093.92580677    0.00    0.00 1  0 0 0 26   36.97101286 -093.92238657    0.00    0.00 1  0 0 0
19   36.97106191 -093.92609680 1 WS
19   36.97382108 -093.92468048 1 WS
19   36.96796559 -093.92351284 1 WS
19   36.97072474 -093.92209654 1 WS
1      940 0 1 MO65 Misty Meadows
100   19.81   3   0 0.25 0 1 0 05   36.58234868 -093.10475216    0.00    0.00 1  0 0 0 23   36.58444464 -093.10115952    0.00    0.00 1  0 0 0
18   36.58390040 -093.10341165 1 BCN
19   36.58245913 -093.10512655 1 WS
19   36.58433418 -093.10078512 1 WS
1     1360 0 1 MU70 Skyview
100   18.29   3   0 0.25 0 0 0 18   36.99792672 -093.13854012    0.00    0.00 1  0 0 0 36   36.99218050 -093.13904322    0.00    0.00 1  0 0 0
19   36.99807368 -093.13821739 1 WS
19   36.99203354 -093.13936592 1 WS
1      812 0 1 MU24 Someday Ranch
100   15.24   3   0 0.25 0 0 0 10   36.57272593 -093.04181404    0.00    0.00 1  0 0 0 28   36.57073517 -093.03187208    0.00    0.00 1  0 0 0
19   36.57295872 -093.04191778 1 WS
19   36.57050237 -093.03176836 1 WS
1     1053 0 1 36M  Table Rock
100   30.48   2   0 0.25 0 0 0 09   36.52890150 -093.68081576    0.00    0.00 2  0 0 0 27   36.52845682 -093.67290202    0.00    0.00 2  0 0 0
19   36.52933107 -093.68112058 1 WS
19   36.52802723 -093.67259724 1 WS
1     1000 0 1 40M  Turkey Mountain Estates
100   24.38   3   0 0.25 0 0 0 18   36.59684993 -093.66641353    0.00    0.00 1  0 0 0 36   36.58661617 -093.66730481    0.00    0.00 1  0 0 0
19   36.59704587 -093.66598547 1 WS
19   36.58642023 -093.66773280 1 WS
16     716 0 1 1MU1 [S] Lake Taney Como
101   60.96 0 06   36.66580654 -093.15660085 24   36.66764956 -093.15209139
17     900 0 1 MU92 [H] Big Cedar Lodge
102 H1   36.53561944 -093.27601528   0.00   30.48   15.24   3 1   0 0.25 0
19   36.53589374 -093.27575924 1 WS
17    1280 0 1 AR41 [H] Carroll General Hospital
102 H1   36.35895861 -093.55213278   0.00    9.14    9.14   2 2   0 0.25 0
19   36.35908204 -093.55197951 1 WS
17    1240 0 1 MU01 [H] Dogwood Canyon
102 H1   36.49923222 -093.45851917   0.00   18.29   18.29   3 1   0 0.25 0
19   36.49947909 -093.45821207 1 WS
17    1540 0 1 0AR9 [H] Eureka Springs Hospital
102 H1   36.40007138 -093.74352667   0.00    3.05    3.05   1 2   0 0.25 0
19   36.40011252 -093.74347555 1 WS
17    1495 0 1 0G1  [H] Huntsville Memorial Hospital
102 H1   36.09396472 -093.74241417   0.00   29.87   24.38   2 2   0 0.25 0
19   36.09431857 -093.74200682 1 WS
17    1150 0 1 AR80 [H] North Arkansas Medical Center
102 H1   36.23646000 -093.10934306   0.00   12.80   12.80   2 2   0 0.25 0
19   36.23663281 -093.10912881 1 WS
17     783 0 1 5MO0 [H] Skaggs Community Hospital
102 H1   36.63395083 -093.21795889   0.00   21.34   15.24   2 2   0 0.25 0
19   36.63418398 -093.21770252 1 WS
17    1200 0 1 AR51 [H] Smith
102 H1   36.22396138 -093.57824445   0.00    9.14    9.14   2 2   0 0.25 0
19   36.22408481 -093.57809144 1 WS
17    1000 0 1 MO38 [H] Table Rock
102 H1   36.63839527 -093.27879362   0.00    6.10    6.10   1 2   0 0.25 0
102 H2   36.63839527 -093.27879362   0.00    6.10    6.10   1 2   0 0.25 0
102 H3   36.63839527 -093.27879362   0.00   12.19    3.05   2 2   0 0.25 0
19   36.63847756 -093.27874234 1 WS
19   36.63847756 -093.27869107 1 WS
19   36.63847756 -093.27869107 1 WS