1     1960 0 1 96A  Carey
100   22.86   3   0 0.25 0 0 0 06   36.07119844 -085.11600903    0.00    0.00 1  0 0 0 24   36.07337878 -085.11169209    0.00    0.00 1  0 0 0
19   36.07134995 -085.11642629 1 WS
19   36.07322725 -085.11127483 1 WS
1      980 0 1 44I  DALE HOLLOW RGNL
100   18.29   1   0 0.25 0 1 0 17   36.64235600 -085.16519700   82.30    0.00 2  0 0 0 35   36.63333300 -085.16249200    0.00    0.00 2  0 0 0
110   1 0.30 166.47 Default taxiway for RWY 17
111  36.64233728 -085.16529399   3 102 
111  36.64224052 -085.16579527   3 102 
111  36.63321755 -085.16308988   3 102 
111  36.63331431 -085.16258865 
112  36.63347432 -085.16263663  36.63339379 -085.16261537   3 102 
111  36.63337070 -085.16273501   3 102 
112  36.63333990 -085.16289453  36.63331680 -085.16301417   3 102 
111  36.63339680 -085.16303816   3 102 
111  36.63770827 -085.16433088   3 102 
111  36.63778579 -085.16392933 
111  36.63786580 -085.16395332   3 102 
111  36.63778828 -085.16435487   3 102 
112  36.64209975 -085.16564758  36.64217975 -085.16567157   3 102 
111  36.64220285 -085.16555192   3 102 
112  36.64223365 -085.16539238  36.64225674 -085.16527272   3 102 
113  36.64217727 -085.16524601 
120 Default hold RWY 17 (near)
111  36.64229826 -085.16549614   4 
115  36.64221825 -085.16547215 
120 Default hold RWY 17 (centre)
111  36.63782678 -085.16415546   4 
115  36.63774677 -085.16413147 
120 Default hold RWY 17 (far)
111  36.63335530 -085.16281477   4 
115  36.63327529 -085.16279078 
18   36.63798102 -085.16314693 1 BCN
19   36.64257375 -085.16494584 1 WS
19   36.63311525 -085.16274314 1 WS
51 12280 CTAF/UNICOM
1      515 0 1 1A7  JACKSON COUNTY
100   22.86   1   0 0.25 0 0 0 18   36.40202800 -085.64166900    0.00    0.00 2  0 0 0 36   36.39241700 -085.64166900    0.00    0.00 2  0 0 0
110   1 0.30 180.00 Default taxiway for RWY 18
111  36.40202800 -085.64179400   3 
111  36.40202800 -085.64243579   3 
111  36.39241700 -085.64243570   3 
111  36.39241700 -085.64179399 
112  36.39262272 -085.64179399  36.39251986 -085.64179678   3 
111  36.39251986 -085.64195012   3 
112  36.39251986 -085.64215458  36.39251986 -085.64230792   3 
111  36.39262272 -085.64230792   3 
111  36.39717107 -085.64230795   3 
111  36.39717107 -085.64179400 
111  36.39727393 -085.64179400   3 
111  36.39727393 -085.64230795   3 
112  36.40182228 -085.64230799  36.40192514 -085.64230799   3 
111  36.40192514 -085.64215463   3 
112  36.40192514 -085.64195016  36.40192514 -085.64179680   3 
113  36.40182228 -085.64179400 
120 Default hold RWY 18 (near)
111  36.40202800 -085.64205240   4 
115  36.40192514 -085.64205240 
120 Default hold RWY 18 (centre)
111  36.39727393 -085.64205237   4 
115  36.39717107 -085.64205237 
120 Default hold RWY 18 (far)
111  36.39251986 -085.64205235   4 
115  36.39241700 -085.64205235 
19   36.40223372 -085.64128731 1 WS
19   36.39221128 -085.64205064 1 WS
51 12290 CTAF
1     1372 0 1 8A3  LIVINGSTON MUNI
100   22.86   1   0 0.25 0 1 0 03   36.40760000 -085.31528100    0.00    0.00 2  0 0 1 21   36.41676700 -085.30779700    0.00    0.00 2  0 0 1
21   36.40925463 -085.31433747  1  33.30   3.00 03  VASI
21   36.41511243 -085.30874081  1 213.31   3.00 21  VASI
110   1 0.30  33.30 Default taxiway for RWY 03
111  36.40754476 -085.31517652   3 102 
111  36.40726113 -085.31464009   3 102 
111  36.41642836 -085.30715689   3 102 
111  36.41671199 -085.30769339 
112  36.41654005 -085.30783374  36.41662478 -085.30776123   3 102 
111  36.41655701 -085.30763303   3 102 
112  36.41646664 -085.30746210  36.41639887 -085.30733390   3 102 
111  36.41631290 -085.30740407   3 102 
111  36.41194421 -085.31097022   3 102 
111  36.41217136 -085.31139986 
111  36.41208539 -085.31147004   3 102 
111  36.41185824 -085.31104041   3 102 
112  36.40748955 -085.31460656  36.40740358 -085.31467673   3 102 
111  36.40747135 -085.31480491   3 102 
112  36.40756172 -085.31497582  36.40762949 -085.31510400   3 102 
113  36.40771670 -085.31503617 
120 Default hold RWY 03 (near)
111  36.40743056 -085.31496054   4 
115  36.40751653 -085.31489036 
120 Default hold RWY 03 (centre)
111  36.41197119 -085.31125406   4 
115  36.41205716 -085.31118387 
120 Default hold RWY 03 (far)
111  36.41651182 -085.30754757   4 
115  36.41659779 -085.30747739 
18   36.41257734 -085.31228651 1 BCN
19   36.40759674 -085.31574038 1 WS
19   36.41677023 -085.30733757 1 WS
50 12617 AWOS 3
51 12280 CTAF/UNICOM
1     1000 0 1 5TN9 One Grand Field
100   30.48   3   0 0.25 0 0 0 09   36.11383061 -085.59922031    0.00    0.00 1  0 0 0 27   36.11406993 -085.59073693    0.00    0.00 1  0 0 0
19   36.11423223 -085.59957744 1 WS
19   36.11366829 -085.59037984 1 WS
1     1260 0 1 TN80 Schiff
100    9.75   2   0 0.25 0 1 0 10   36.23376637 -085.42964499    0.00    0.00 2  0 0 0 28   36.23302195 -085.42307835    0.00    0.00 2  0 0 0
18   36.23369838 -085.42630864 1 BCN
19   36.23390896 -085.42973004 1 WS
19   36.23287935 -085.42299331 1 WS
1     1036 0 1 KTZV TOMPKINSVILLE MONROE CO
100   22.86   1   0 0.25 0 2 0 04   36.72450800 -085.65624200    0.00    0.00 2  0 0 1 22   36.73356900 -085.64851900    0.00    0.00 2  0 0 1
21   36.72614869 -085.65525755  1  34.34   3.00 04  VASI
21   36.73192838 -085.64950374  1 214.34   3.00 22  VASI
110   1 0.30  34.34 Default taxiway for RWY 04
111  36.72445125 -085.65613835   3 102 
111  36.72415989 -085.65560617   3 102 
111  36.73322114 -085.64788401   3 102 
111  36.73351250 -085.64841624 
112  36.73334262 -085.64856101  36.73342629 -085.64848632   3 102 
111  36.73335667 -085.64835914   3 102 
112  36.73326384 -085.64818956  36.73319422 -085.64806238   3 102 
111  36.73310928 -085.64813476   3 102 
111  36.72879100 -085.65181487   3 102 
111  36.72902434 -085.65224110 
111  36.72893941 -085.65231349   3 102 
111  36.72870607 -085.65188726   3 102 
112  36.72438779 -085.65556737  36.72430285 -085.65563976   3 102 
111  36.72437247 -085.65576693   3 102 
112  36.72446530 -085.65593648  36.72453492 -085.65606365   3 102 
113  36.72462113 -085.65599358 
120 Default hold RWY 04 (near)
111  36.72433395 -085.65592409   4 
115  36.72441889 -085.65585171 
120 Default hold RWY 04 (centre)
111  36.72882211 -085.65209922   4 
115  36.72890704 -085.65202683 
120 Default hold RWY 04 (far)
111  36.73331026 -085.64827435   4 
115  36.73339520 -085.64820196 
18   36.72944337 -085.65312190 1 BCN
19   36.72451140 -085.65670327 1 WS
19   36.73356557 -085.64805768 1 WS
51 12280 CTAF/UNICOM
1     1025 0 1 KSRB UPPER CUMBERLAND RGNL
100   30.48   1   0 0.25 0 2 0 04   36.04914400 -085.53650000    0.00    0.00 2 11 0 1 22   36.06269400 -085.52494700    0.00    0.00 2  0 0 1
21   36.05081615 -085.53557801  2  34.58   3.00 04  PAPI-4L
21   36.06102194 -085.52586940  2 214.58   3.00 22  PAPI-4L
110   1 0.30  34.58 Default taxiway for RWY 04
111  36.04906745 -085.53636262   3 102 
111  36.04867702 -085.53566197   3 102 
111  36.06222757 -085.52411081   3 102 
111  36.06261800 -085.52481159 
112  36.06239215 -085.52500411  36.06250380 -085.52490555   3 102 
111  36.06241040 -085.52473792   3 102 
112  36.06228588 -085.52451441  36.06219248 -085.52434677   3 102 
111  36.06207955 -085.52444303   3 102 
111  36.05558659 -085.52997794   3 102 
111  36.05589919 -085.53053897 
111  36.05578626 -085.53063524   3 102 
111  36.05547366 -085.53007421   3 102 
112  36.04898070 -085.53560911  36.04886778 -085.53570538   3 102 
111  36.04896118 -085.53587299   3 102 
112  36.04908570 -085.53609646  36.04917910 -085.53626407   3 102 
113  36.04929330 -085.53617009 
120 Default hold RWY 04 (near)
111  36.04891051 -085.53608098   4 
115  36.04902344 -085.53598472 
120 Default hold RWY 04 (centre)
111  36.05562932 -085.53035358   4 
115  36.05574225 -085.53025731 
120 Default hold RWY 04 (far)
111  36.06234814 -085.52462616   4 
115  36.06246106 -085.52452990 
18   36.05646214 -085.53170394 1 BCN
19   36.04915164 -085.53711154 1 WS
19   36.06268630 -085.52433536 1 WS
50 12825 AWOS 3
51 12280 CTAF/UNICOM
17     600 0 1 TN45 [H] Clay County Hospital
102 H1   36.54450555 -085.50052473   0.00   13.41   13.41   2 2   0 0.25 0
19   36.54468659 -085.50029939 1 WS
17     950 0 1 45KY [H] Clinton County Hospital
102 H1   36.69812111 -085.14690028   0.00   12.19   12.19   1 2   0 0.25 0
19   36.69828569 -085.14669502 1 WS
17    1140 0 1 TN31 [H] Cookeville General
102 H1   36.17006083 -085.50830889   0.00   12.19   12.19   2 2   0 0.25 0
19   36.17022541 -085.50810502 1 WS
17     970 0 1 1KY3 [H] Monroe County Medical Center
102 H1   36.69811333 -085.67636139   0.00   15.24   12.19   1 2   0 0.25 0
19   36.69829162 -085.67615613 1 WS