1     2428 0 1 SDXJ COSTA RICA
100   22.86   1   0 0.25 0 0 0 09  -18.49257200 -053.17388900    0.00    0.00 2  0 0 0 27  -18.48993600 -053.16194700    0.00    0.00 2  0 0 0
110   1 0.30  76.90 Default taxiway for RWY 09
111 -18.49266999 -053.17386495   3 
111 -18.49317311 -053.17374150   3 
111 -18.49053748 -053.16179932   3 
111 -18.49003436 -053.16192277 
112 -18.49008099 -053.16213405 -18.49005987 -053.16202788   3 
111 -18.49018010 -053.16199838   3 
112 -18.49034039 -053.16195904 -18.49046061 -053.16192954   3 
111 -18.49048392 -053.16203518   3 
111 -18.49174345 -053.16774217   3 
111 -18.49134052 -053.16784104 
111 -18.49136383 -053.16794668   3 
111 -18.49176676 -053.16784781   3 
112 -18.49302629 -053.17355480 -18.49304961 -053.17366044   3 
111 -18.49292939 -053.17368994   3 
112 -18.49276910 -053.17372928 -18.49264887 -053.17375878   3 
113 -18.49262336 -053.17365367 
120 Default hold RWY 09 (near)
111 -18.49287255 -053.17381525   4 
115 -18.49284924 -053.17370961 
120 Default hold RWY 09 (centre)
111 -18.49156639 -053.16789698   4 
115 -18.49154308 -053.16779134 
120 Default hold RWY 09 (far)
111 -18.49026024 -053.16197871   4 
115 -18.49023692 -053.16187307 
19  -18.49231941 -053.17417370 1 WS
19  -18.49018857 -053.16166229 1 WS
1     2100 0 0 SIKY Fazenda Beira Rio
100   29.87   4   0 0.00 0 0 0 10  -18.72019620 -053.34314918    0.00    0.00 0  0 0 0 28  -18.71869268 -053.33185083    0.00    0.00 0  0 0 0
130 Airport Boundary
111 -18.71768171 -053.33042033 
111 -18.71959451 -053.34479429 
111 -18.72120717 -053.34457968 
113 -18.71929438 -053.33020572 
19  -18.71985241 -053.33744571 0 Windsock
1     2608 0 0 SSWC Fazenda Campo Verde
100   17.98   3   0 0.00 0 0 0 18  -18.92956666 -053.07055923    0.00    0.00 0  0 0 0 36  -18.93654446 -053.06832965    0.00    0.00 0  0 0 0
130 Airport Boundary
111 -18.93774858 -053.06718036 
111 -18.92791923 -053.07032109 
111 -18.92836255 -053.07170851 
113 -18.93819190 -053.06856778 
19  -18.93314325 -053.06971888 1 Windsock
1     1785 0 0 SJVF Fazenda Colorado
100   20.12   3   0 0.00 0 0 0 17  -18.81367310 -053.86711224    0.00    0.00 0  0 0 0 35  -18.82188246 -053.86288776    0.00    0.00 0  0 0 0
130 Airport Boundary
111 -18.82288069 -053.86153728 
111 -18.81199396 -053.86713951 
111 -18.81267487 -053.86846272 
113 -18.82356160 -053.86286049 
19  -18.81791747 -053.86527147 0 Windsock
1     1250 0 0 SNMV Fazenda Flavia
100   24.99   3   0 0.00 0 0 0 02  -18.35450630 -053.75020621    0.00    0.00 0  0 0 0 20  -18.34549370 -053.74979379    0.00    0.00 0  0 0 0
130 Airport Boundary
111 -18.34398915 -053.75047749 
111 -18.35594212 -053.75102446 
111 -18.35601085 -053.74952251 
113 -18.34405788 -053.74897554 
19  -18.35001572 -053.74965639 0 Windsock
1     1923 0 0 SSYY Fazenda Fundaozinho
100   20.12   4   0 0.00 0 0 0 09  -18.95255160 -053.15396627    0.00    0.00 0  0 0 0 27  -18.94967062 -053.14492261    0.00    0.00 0  0 0 0
130 Airport Boundary
111 -18.94847156 -053.14367664 
111 -18.95229418 -053.15567622 
111 -18.95375065 -053.15521224 
113 -18.94992803 -053.14321266 
19  -18.95141339 -053.14934814 0 Windsock
1     1345 0 0 SWHM Fazenda Gloria
100   17.98   4   0 0.00 0 0 0 16  -18.30947858 -053.66424570    0.00    0.00 0  0 0 0 34  -18.31829921 -053.65742096    0.00    0.00 0  0 0 0
130 Airport Boundary
111 -18.31904450 -053.65590608 
111 -18.30782510 -053.66458680 
111 -18.30873328 -053.66576058 
113 -18.31995268 -053.65707986 
19  -18.31406616 -053.66106244 0 Windsock
1     2789 0 0 SIXV Fazenda Rancho do Planalto
100   39.93   4   0 0.00 0 0 0 18  -18.13378195 -053.36652608    0.00    0.00 0  0 0 0 36  -18.14510692 -053.36291836    0.00    0.00 0  0 0 0
130 Airport Boundary
111 -18.14627731 -053.36167298 
111 -18.13210686 -053.36618717 
111 -18.13261156 -053.36777146 
113 -18.14678201 -053.36325726 
19  -18.13959240 -053.36518669 0 Windsock