1     3107 1 1 SNAG Araguari
100   29.87   1   0 0.25 0 0 0 05  -18.67392800 -048.19443100    0.00    0.00 2  0 0 0 23  -18.66257500 -048.18660300    0.00    0.00 2  0 0 0
110   1 0.30  33.16 Default taxiway for RWY 05
111 -18.67400028 -048.19431421   3 
111 -18.67436905 -048.19371834   3 
111 -18.66301621 -048.18588987   3 
111 -18.66264744 -048.18648570 
112 -18.66287249 -048.18664088 -18.66276120 -048.18656130   3 
111 -18.66284941 -048.18641878   3 
112 -18.66296702 -048.18622875 -18.66305523 -048.18608623   3 
111 -18.66316775 -048.18616382   3 
111 -18.66856286 -048.18988408   3 
111 -18.66826760 -048.19036116 
111 -18.66838012 -048.19043875   3 
111 -18.66867538 -048.18996167   3 
112 -18.67407049 -048.19368193 -18.67418302 -048.19375953   3 
111 -18.67409481 -048.19390206   3 
112 -18.67397720 -048.19409210 -18.67388899 -048.19423463   3 
113 -18.67377523 -048.19415902 
120 Default hold RWY 05 (near)
111 -18.67414852 -048.19407467   4 
115 -18.67403600 -048.19399708 
120 Default hold RWY 05 (centre)
111 -18.66852836 -048.19019921   4 
115 -18.66841584 -048.19012162 
120 Default hold RWY 05 (far)
111 -18.66290821 -048.18632376   4 
115 -18.66279568 -048.18624617 
19  -18.67393253 -048.19494251 1 WS
19  -18.66257046 -048.18609152 1 WS
1     1476 0 1 SWYV EDMAR FERREIRA
100   10.67   1   0 0.25 0 0 0 05  -18.26182500 -048.91111400    0.00    0.00 2  0 0 0 23  -18.25311900 -048.90498300    0.00    0.00 2  0 0 0
110   1 0.30  33.78 Default taxiway for RWY 05
111 -18.26185043 -048.91107395   3 
111 -18.26198511 -048.91086190   3 
111 -18.25327921 -048.90473060   3 
111 -18.25314453 -048.90494264 
112 -18.25322433 -048.90499884 -18.25318569 -048.90496877   3 
111 -18.25321771 -048.90491836   3 
112 -18.25326041 -048.90485113 -18.25329243 -048.90480071   3 
111 -18.25333233 -048.90482881   3 
111 -18.25758553 -048.90782422   3 
111 -18.25747753 -048.90799425 
111 -18.25751743 -048.90802235   3 
111 -18.25762543 -048.90785232   3 
112 -18.26187863 -048.91084771 -18.26191853 -048.91087581   3 
111 -18.26188651 -048.91092624   3 
112 -18.26184381 -048.91099346 -18.26181179 -048.91104388   3 
113 -18.26177063 -048.91101775 
120 Default hold RWY 05 (near)
111 -18.26190506 -048.91098795   4 
115 -18.26186516 -048.91095985 
120 Default hold RWY 05 (centre)
111 -18.25757206 -048.90793635   4 
115 -18.25753216 -048.90790825 
120 Default hold RWY 05 (far)
111 -18.25323906 -048.90488474   4 
115 -18.25319916 -048.90485664 
19  -18.26182551 -048.91129505 1 WS
19  -18.25311849 -048.90480195 1 WS
1     2762 0 0 SSYF Fazenda do Cafe
100   24.08   4   0 0.00 0 0 0 04  -18.87684436 -048.72242271    0.00    0.00 0  0 0 0 22  -18.86648897 -048.71868841    0.00    0.00 0  0 0 0
130 Airport Boundary
111 -18.86480266 -048.71888544 
111 -18.87801682 -048.72365064 
111 -18.87853068 -048.72222568 
113 -18.86531653 -048.71746047 
19  -18.87179003 -048.72021348 0 Windsock
1     1624 0 1 SJAK FAZENDA F5
100   17.98   1   0 0.25 0 0 0 07  -18.36761500 -048.87632500    0.00    0.00 2  0 0 0 25  -18.36071800 -048.86756400    0.00    0.00 2  0 0 0
110   1 0.30  50.33 Default taxiway for RWY 07
111 -18.36767555 -048.87627208   3 
111 -18.36798869 -048.87599841   3 
111 -18.36109189 -048.86723707   3 
111 -18.36077875 -048.86751073 
112 -18.36088207 -048.86764198 -18.36083214 -048.86757485   3 
111 -18.36090688 -048.86750953   3 
112 -18.36100653 -048.86742245 -18.36108127 -048.86735713   3 
111 -18.36113293 -048.86742275   3 
111 -18.36445218 -048.87163935   3 
111 -18.36420132 -048.87185859 
111 -18.36425298 -048.87192422   3 
111 -18.36450384 -048.87170498   3 
112 -18.36782309 -048.87592159 -18.36787475 -048.87598721   3 
111 -18.36780001 -048.87605253   3 
112 -18.36770036 -048.87613962 -18.36762562 -048.87620494   3 
113 -18.36757223 -048.87614083 
120 Default hold RWY 07 (near)
111 -18.36780185 -048.87616170   4 
115 -18.36775019 -048.87609607 
120 Default hold RWY 07 (centre)
111 -18.36437928 -048.87181385   4 
115 -18.36432762 -048.87174822 
120 Default hold RWY 07 (far)
111 -18.36095671 -048.86746599   4 
115 -18.36090505 -048.86740036 
19  -18.36753253 -048.87661862 1 WS
19  -18.36080046 -048.86727038 1 WS
1     2762 0 0 SJFV Fazenda Gaia
100   20.12   5   0 0.00 0 0 0 18  -18.75454031 -048.75728331    0.00    0.00 1  0 0 0 36  -18.76545969 -048.75327225    0.00    0.00 1  0 0 0
130 Airport Boundary
111 -18.76663093 -048.75205409 
111 -18.75285903 -048.75711297 
111 -18.75336907 -048.75850148 
113 -18.76714098 -048.75344260 
19  -18.76011269 -048.75558455 0 Windsock
1     2073 0 0 SWFM Fazenda Maiador
100   20.12   5   0 0.00 0 0 0 04  -18.17773050 -048.21197573    0.00    0.00 1  0 0 0 22  -18.17115839 -048.20969094    0.00    0.00 1  0 0 0
130 Airport Boundary
111 -18.16948057 -048.20989190 
111 -18.17892183 -048.21317415 
111 -18.17940832 -048.21177477 
113 -18.16996706 -048.20849251 
19  -18.17455235 -048.21052293 0 Windsock
1     1706 0 0 SIOL Fazenda Pontal
100   20.12   5   0 0.00 0 0 0 08  -18.32439334 -048.84742236    0.00    0.00 1  0 0 0 26  -18.32060666 -048.84091098    0.00    0.00 1  0 0 0
130 Airport Boundary
111 -18.31916497 -048.83994593 
111 -18.32451912 -048.84915267 
111 -18.32583504 -048.84838740 
113 -18.32048089 -048.83918066 
19  -18.32278958 -048.84399826 0 Windsock
1     2624 0 0 SNGP Fazenda Santa Maria
100   14.94   4   0 0.00 0 0 0 15  -18.58393789 -048.87276630    0.00    0.00 0  0 0 0 33  -18.58995099 -048.86556705    0.00    0.00 0  0 0 0
130 Airport Boundary
111 -18.59038353 -048.86390484 
111 -18.58237930 -048.87348798 
111 -18.58350536 -048.87442851 
113 -18.59150958 -048.86484537 
19  -18.58716449 -048.86935046 0 Windsock
1     1676 0 1 SNFI FAZENDA SAO JOSE DO PARNAIBA
100   25.91   1   0 0.25 0 1 0 02  -18.39456100 -048.86243100    0.00    0.00 2  0 0 0 20  -18.38099400 -048.86089400    0.00    0.00 2  0 0 0
110   1 0.30   6.14 Default taxiway for RWY 02
111 -18.39457322 -048.86231121   3 102 
111 -18.39463577 -048.86169810   3 102 
111 -18.38106878 -048.86016104   3 102 
111 -18.38100623 -048.86077410 
112 -18.38123804 -048.86080036 -18.38112238 -048.86078487   3 102 
111 -18.38113733 -048.86063830   3 102 
112 -18.38115727 -048.86044288 -18.38117223 -048.86029631   3 102 
111 -18.38128813 -048.86030944   3 102 
111 -18.38778186 -048.86104514   3 102 
111 -18.38773177 -048.86153608 
111 -18.38784768 -048.86154922   3 102 
111 -18.38789777 -048.86105828   3 102 
112 -18.39439149 -048.86179399 -18.39450740 -048.86180712   3 102 
111 -18.39449244 -048.86195370   3 102 
112 -18.39447250 -048.86214914 -18.39445755 -048.86229572   3 102 
113 -18.39434140 -048.86228495 
120 Default hold RWY 02 (near)
111 -18.39459838 -048.86206455   4 
115 -18.39448247 -048.86205142 
120 Default hold RWY 02 (centre)
111 -18.38787284 -048.86130257   4 
115 -18.38775693 -048.86128943 
120 Default hold RWY 02 (far)
111 -18.38114730 -048.86054059   4 
115 -18.38103139 -048.86052746 
18  -18.38769121 -048.86251611 1 BCN
19  -18.39475558 -048.86282227 1 WS
19  -18.38079941 -048.86050276 1 WS
1     3094 1 1 SBUL TEN CEL AV CESAR BOMBONATO
100   45.11   1   0 0.25 0 1 0 04  -18.89096400 -048.22915800    0.00    0.00 2  0 0 0 22  -18.87472200 -048.22202800    0.00    0.00 2  0 0 0
21  -18.88914803 -048.22881963  2  22.56   3.00 04  PAPI-4L
110   1 0.30  22.56 Default taxiway for RWY 04
111 -18.89104100 -048.22896207   3 102 
111 -18.89143119 -048.22796926   3 102 
111 -18.87518933 -048.22083868   3 102 
111 -18.87479914 -048.22183140 
112 -18.87517404 -048.22199599 -18.87498745 -048.22191151   3 102 
111 -18.87508089 -048.22167378   3 102 
112 -18.87520548 -048.22135681 -18.87529891 -048.22111909   3 102 
111 -18.87548636 -048.22120138   3 102 
111 -18.88313866 -048.22456094   3 102 
111 -18.88282634 -048.22535559 
111 -18.88301379 -048.22543788   3 102 
111 -18.88332611 -048.22464323   3 102 
112 -18.89097842 -048.22800279 -18.89116587 -048.22808508   3 102 
111 -18.89107244 -048.22832283   3 102 
112 -18.89094785 -048.22863983 -18.89085441 -048.22887758   3 102 
113 -18.89066610 -048.22879748 
120 Default hold RWY 04 (near)
111 -18.89119759 -048.22856363   4 
115 -18.89101014 -048.22848133 
120 Default hold RWY 04 (centre)
111 -18.88317038 -048.22503946   4 
115 -18.88298293 -048.22495717 
120 Default hold RWY 04 (far)
111 -18.87514318 -048.22151530   4 
115 -18.87495573 -048.22143300 
18  -18.88230025 -048.22698044 1 BCN
19  -18.89110531 -048.22991696 1 WS
19  -18.87458066 -048.22126912 1 WS
54 11880 TWR
55 12080 APP
17     878 0 0 SDNF [H] Center Shopping
102 H1  -18.90388889 -048.25833333 169.78   19.51   19.51   2 0   0 0.00 1
130 Heliport Boundary
111 -18.90368242 -048.25818994 
111 -18.90374550 -048.25853980 
111 -18.90409536 -048.25847673 
113 -18.90403228 -048.25812687 
18  -18.90377987 -048.25769418 3 BCN
19  -18.90399598 -048.25817914 1 Windsock
17     940 0 0 SJKK [H] Coca-cola
102 H1  -18.89666667 -048.24222222 119.78   19.51   19.51   1 0   0 0.00 0
130 Heliport Boundary
111 -18.89642411 -048.24228822 
111 -18.89673266 -048.24246478 
111 -18.89690923 -048.24215623 
113 -18.89660067 -048.24197966 
19  -18.89661738 -048.24204107 0 Windsock
17     805 0 0 SJGQ [H] Fazenda Alebisa
102 H1  -18.86083333 -048.50333333  19.92   19.51   19.51   3 0   0 0.00 0
130 Heliport Boundary
111 -18.86093989 -048.50356101 
111 -18.86106101 -048.50322678 
111 -18.86072678 -048.50310566 
113 -18.86060566 -048.50343989 
19  -18.86066330 -048.50341291 0 Windsock