1     3199 0 0 SNYS Destilaria WD
100   22.86   4   0 0.00 0 0 0 02  -18.22684487 -045.99094861    0.00    0.00 0  0 0 0 20  -18.21426624 -045.99127361    0.00    0.00 0  0 0 0
130 Airport Boundary
111 -18.21278488 -045.99205263 
111 -18.22836449 -045.99165010 
111 -18.22832623 -045.99016959 
113 -18.21274662 -045.99057212 
19  -18.22054627 -045.99075168 0 Windsock
1     1969 0 0 SIPJ Fazenda Marreco
100   35.05   4   0 0.00 0 0 0 15  -18.10571431 -045.21923674    0.00    0.00 0  0 0 0 33  -18.11150791 -045.21187438    0.00    0.00 0  0 0 0
130 Airport Boundary
111 -18.11182655 -045.21012956 
111 -18.10409334 -045.21995672 
111 -18.10539567 -045.22098156 
113 -18.11312888 -045.21115440 
19  -18.10899684 -045.21585910 0 Windsock
1     1985 1 1 SNMM Morada Nova De Minas
100   14.33   2   0 0.25 0 2 0 03  -18.59833230 -045.35380037    0.00    0.00 2 10 0 0 21  -18.58944610 -045.35231543    0.00    0.00 2 10 0 0
21  -18.59651778 -045.35374865  1   9.00   3.00 03  VASI
21  -18.59126062 -045.35236713  1 189.00   3.00 21  VASI
110   2 0.30   9.00 Default taxiway for RWY 03
111 -18.59834203 -045.35373554  53 102 
111 -18.59839280 -045.35339732  53 102 
111 -18.58950661 -045.35191232  53 102 
111 -18.58945584 -045.35225052 
112 -18.58958317 -045.35227180 -18.58951985 -045.35225882  53 102 
111 -18.58953195 -045.35217821  53 102 
112 -18.58954809 -045.35207074 -18.58956019 -045.35199014  53 102 
111 -18.58962386 -045.35200078  53 102 
111 -18.59390779 -045.35271668  53 102 
111 -18.59386710 -045.35298771 
111 -18.59393077 -045.35299835  53 102 
111 -18.59397146 -045.35272732  53 102 
112 -18.59825539 -045.35344322 -18.59831905 -045.35345386  53 102 
111 -18.59830695 -045.35353447  53 102 
112 -18.59829081 -045.35364195 -18.59827871 -045.35372256  53 102 
113 -18.59821470 -045.35371426 
120 Default hold RWY 03 (near)
111 -18.59836255 -045.35359885  54 
115 -18.59829888 -045.35358821 
120 Default hold RWY 03 (centre)
111 -18.59395129 -045.35286166  54 
115 -18.59388762 -045.35285102 
120 Default hold RWY 03 (far)
111 -18.58954002 -045.35212448  54 
115 -18.58947636 -045.35211384 
18  -18.59381883 -045.35352666 1 BCN
19  -18.59842959 -045.35402174 1 WS
19  -18.58934881 -045.35209407 1 WS
1     1936 0 0 SWWT Silvio Goncalves de Mello
100   24.99   4   0 0.00 0 0 0 16  -18.70276795 -045.33803923    0.00    0.00 0  0 0 0 34  -18.70834318 -045.33307188    0.00    0.00 0  0 0 0
130 Airport Boundary
111 -18.70899304 -045.33145344 
111 -18.70108553 -045.33849878 
111 -18.70211808 -045.33965769 
113 -18.71002559 -045.33261235 
19  -18.70581841 -045.33585058 0 Windsock
1     2009 0 1 SNTT TRANQUILO TESTOLIN
100   29.87   1   0 0.25 0 0 0 09  -18.76070600 -045.11415800    0.00   57.91 2  0 0 0 27  -18.75568900 -045.10096100    0.00   79.25 2  0 0 0
110   1 0.30  68.13 Default taxiway for RWY 09
111 -18.76082864 -045.11410600   3 
111 -18.76145438 -045.11384071   3 
111 -18.75643784 -045.10064333   3 
111 -18.75581210 -045.10090861 
112 -18.75591225 -045.10117207 -18.75586427 -045.10103946   3 
111 -18.75601395 -045.10097600   3 
112 -18.75621352 -045.10089139 -18.75636319 -045.10082794   3 
111 -18.75641326 -045.10095967   3 
111 -18.75879635 -045.10722903   3 
111 -18.75829534 -045.10744144 
111 -18.75834541 -045.10757317   3 
111 -18.75884642 -045.10736076   3 
112 -18.76122951 -045.11363013 -18.76127958 -045.11376186   3 
111 -18.76112991 -045.11382532   3 
112 -18.76093034 -045.11390993 -18.76078066 -045.11397339   3 
113 -18.76072850 -045.11384254 
120 Default hold RWY 09 (near)
111 -18.76108019 -045.11399935   4 
115 -18.76103012 -045.11386762 
120 Default hold RWY 09 (centre)
111 -18.75859696 -045.10746653   4 
115 -18.75854689 -045.10733480 
120 Default hold RWY 09 (far)
111 -18.75611373 -045.10093370   4 
115 -18.75606365 -045.10080197 
19  -18.76043195 -045.11458011 1 WS
19  -18.75596302 -045.10053889 1 WS
1     2579 1 1 SNAS Tres Marias
100   45.11   1   0 0.25 0 0 0 06  -18.22730300 -045.19388100    0.00    0.00 2  0 0 0 24  -18.21752800 -045.18405300    0.00    0.00 2  0 0 0
110   1 0.30  43.68 Default taxiway for RWY 06
111 -18.22744164 -045.19372817   3 
111 -18.22814415 -045.19295373   3 
111 -18.21836940 -045.18312523   3 
111 -18.21766689 -045.18389963 
112 -18.21796047 -045.18419482 -18.21781523 -045.18404551   3 
111 -18.21798346 -045.18386007   3 
112 -18.21820777 -045.18361281 -18.21837600 -045.18342737   3 
111 -18.21852279 -045.18357496   3 
111 -18.22304319 -045.18812022   3 
111 -18.22248087 -045.18874009 
111 -18.22262766 -045.18888769   3 
111 -18.22318998 -045.18826782   3 
112 -18.22771038 -045.19281308 -18.22785717 -045.19296068   3 
111 -18.22768894 -045.19314613   3 
112 -18.22746463 -045.19339340 -18.22729640 -045.19357886   3 
113 -18.22714806 -045.19343297 
120 Default hold RWY 06 (near)
111 -18.22772358 -045.19341737   4 
115 -18.22757679 -045.19326977 
120 Default hold RWY 06 (centre)
111 -18.22290960 -045.18857690   4 
115 -18.22276281 -045.18842930 
120 Default hold RWY 06 (far)
111 -18.21809562 -045.18373644   4 
115 -18.21794883 -045.18358884 
19  -18.22717600 -045.19463983 1 WS
19  -18.21765495 -045.18329421 1 WS