1      276 0 1 SNMU MUCURI
100   17.98   1   0 0.25 0 0 0 05  -18.05458100 -039.86697800    0.00    0.00 2  0 0 0 23  -18.04317200 -039.86136100    0.00    0.00 2  0 0 0
110   1 0.30  25.09 Default taxiway for RWY 05
111 -18.05461435 -039.86690306   3 
111 -18.05478684 -039.86651551   3 
111 -18.04337792 -039.86089818   3 
111 -18.04320543 -039.86128571 
112 -18.04335200 -039.86135787 -18.04327968 -039.86131964   3 
111 -18.04332084 -039.86122715   3 
112 -18.04337574 -039.86110383 -18.04341690 -039.86101134   3 
111 -18.04349018 -039.86104742   3 
111 -18.04901143 -039.86376589   3 
111 -18.04887325 -039.86407634 
111 -18.04894653 -039.86411242   3 
111 -18.04908471 -039.86380197   3 
112 -18.05460596 -039.86652043 -18.05467924 -039.86655652   3 
111 -18.05463808 -039.86664901   3 
112 -18.05458318 -039.86677234 -18.05454202 -039.86686484   3 
113 -18.05446778 -039.86683089 
120 Default hold RWY 05 (near)
111 -18.05468392 -039.86674676   4 
115 -18.05461063 -039.86671068 
120 Default hold RWY 05 (centre)
111 -18.04901610 -039.86395612   4 
115 -18.04894282 -039.86392005 
120 Default hold RWY 05 (far)
111 -18.04334829 -039.86116549   4 
115 -18.04327500 -039.86112941 
19  -18.05462523 -039.86728011 1 WS
19  -18.04312776 -039.86105892 1 WS
1       98 1 1 SNMX Sao Mateus
100   29.87   1   0 0.25 0 1 0 08  -18.72464700 -039.83911100    0.00   54.86 2  0 0 0 26  -18.71803600 -039.82838300    0.00   54.86 2  0 0 0
110   1 0.30  56.95 Default taxiway for RWY 08
111 -18.72475777 -039.83903490   3 102 
111 -18.72532296 -039.83864663   3 102 
111 -18.71871227 -039.82791823   3 102 
111 -18.71814708 -039.82830648 
112 -18.71829367 -039.82854439 -18.71822226 -039.82842415   3 102 
111 -18.71835745 -039.82833128   3 102 
112 -18.71853771 -039.82820745 -18.71867290 -039.82811458   3 102 
111 -18.71874620 -039.82823353   3 102 
111 -18.72186830 -039.83330034   3 102 
111 -18.72141577 -039.83361121 
111 -18.72148907 -039.83373017   3 102 
111 -18.72194160 -039.83341930   3 102 
112 -18.72506370 -039.83848611 -18.72513700 -039.83860506   3 102 
111 -18.72500181 -039.83869794   3 102 
112 -18.72482155 -039.83882177 -18.72468636 -039.83891464   3 102 
113 -18.72461117 -039.83879699 
120 Default hold RWY 08 (near)
111 -18.72498498 -039.83887881   4 
115 -18.72491168 -039.83875985 
120 Default hold RWY 08 (centre)
111 -18.72171628 -039.83357409   4 
115 -18.72164298 -039.83345513 
120 Default hold RWY 08 (far)
111 -18.71844758 -039.82826936   4 
115 -18.71837429 -039.82815040 
18  -18.72055394 -039.83429003 1 BCN
19  -18.72445562 -039.83958110 1 WS
19  -18.71822736 -039.82791291 1 WS