1      771 1 1 SWGN Araguaina
100   45.11   1   0 0.25 0 1 0 09  -07.23017200 -048.24829200    0.00    0.00 2  0 0 0 27  -07.22555800 -048.23263900    0.00    0.00 2  0 0 0
110   1 0.30  73.45 Default taxiway for RWY 09
111 -07.23036442 -048.24823437   3 102 
111 -07.23133945 -048.24794236   3 102 
111 -07.22672572 -048.23228920   3 102 
111 -07.22575069 -048.23258121 
112 -07.22586631 -048.23297348 -07.22581065 -048.23277670   3 102 
111 -07.22604414 -048.23270677   3 102 
112 -07.22635546 -048.23261353 -07.22658895 -048.23254361   3 102 
111 -07.22664676 -048.23273975   3 102 
111 -07.22880910 -048.24007598   3 102 
111 -07.22802865 -048.24030972 
111 -07.22808646 -048.24050586   3 102 
111 -07.22886691 -048.24027212   3 102 
112 -07.23102925 -048.24760836 -07.23108706 -048.24780450   3 102 
111 -07.23085357 -048.24787443   3 102 
112 -07.23054225 -048.24796767 -07.23030876 -048.24803760   3 102 
113 -07.23024880 -048.24784210 
120 Default hold RWY 09 (near)
111 -07.23075572 -048.24811718   4 
115 -07.23069791 -048.24792105 
120 Default hold RWY 09 (centre)
111 -07.22847776 -048.24038867   4 
115 -07.22841995 -048.24019253 
120 Default hold RWY 09 (far)
111 -07.22619980 -048.23266015   4 
115 -07.22614199 -048.23246402 
18  -07.22650383 -048.24087576 1 BCN
19  -07.22970390 -048.24885909 1 WS
19  -07.22602609 -048.23207190 1 WS
1      682 0 0 SNHC Fazenda Alvorada
100   22.86   4   0 0.00 0 0 0 05  -07.32103850 -048.76478140    0.00    0.00 0  0 0 0 23  -07.31396150 -048.76077416    0.00    0.00 0  0 0 0
130 Airport Boundary
111 -07.31226807 -048.76072747 
111 -07.32194971 -048.76620954 
111 -07.32273193 -048.76482809 
113 -07.31305029 -048.75934602 
19  -07.31767195 -048.76247410 0 Windsock
1      984 0 0 SSUI Fazenda Novo Horizonte
100   20.12   1   0 0.00 0 0 0 02  -07.10190322 -048.75818124    0.00    0.00 1  0 0 0 20  -07.09198567 -048.76237432    0.00    0.00 1  0 0 0
130 Airport Boundary
111 -07.09091896 -048.76366752 
111 -07.10357409 -048.75831702 
111 -07.10296992 -048.75688804 
113 -07.09031480 -048.76223854 
19  -07.09681998 -048.75998339 0 Windsock