1      750 0 1 PB9  Baldwin
100   30.48   3   0 0.25 0 0 0 01   44.26421769 -079.33790348    0.00    0.00 1  0 0 0 19   44.26977831 -079.33749652    0.00    0.00 1  0 0 0
19   44.26396530 -079.33849728 1 WS
19   44.27003070 -079.33690266 1 WS
1      770 0 1 CYEE HURONIA
100   22.86   1   0 0.25 0 2 0 16   44.68777800 -079.93250300    0.00    0.00 2  0 0 1 34   44.67861100 -079.92388900    0.00    0.00 2  0 0 1
21   44.68644863 -079.93074466  2 146.25   3.00 16  PAPI-4L
21   44.67994050 -079.92564688  2 326.26   3.00 34  PAPI-4L
110   1 0.30 146.25 Default taxiway for RWY 16
111  44.68772210 -079.93262067   3 102 
111  44.68743511 -079.93322479   3 102 
111  44.67826843 -079.92460932   3 102 
111  44.67855542 -079.92400529 
112  44.67872648 -079.92416605  44.67863970 -079.92408830   3 102 
111  44.67857113 -079.92423263   3 102 
112  44.67847969 -079.92442508  44.67841111 -079.92456942   3 102 
111  44.67849664 -079.92464980   3 102 
111  44.68286616 -079.92875657   3 102 
111  44.68309600 -079.92827279 
111  44.68318152 -079.92835317   3 102 
111  44.68295168 -079.92883695   3 102 
112  44.68732121 -079.93294373  44.68740673 -079.93302411   3 102 
111  44.68747531 -079.93287975   3 102 
112  44.68756675 -079.93268728  44.68763532 -079.93254292   3 102 
113  44.68755105 -079.93245991 
120 Default hold RWY 16 (near)
111  44.68760656 -079.93286389   4 
115  44.68752103 -079.93278351 
120 Default hold RWY 16 (centre)
111  44.68306598 -079.92859638   4 
115  44.68298046 -079.92851600 
120 Default hold RWY 16 (far)
111  44.67852541 -079.92432886   4 
115  44.67843988 -079.92424848 
18   44.68359536 -079.92735624 1 BCN
19   44.68811973 -079.93230447 1 WS
19   44.67826929 -079.92408755 1 WS
51 12285 CTAF/UNICOM
1      968 0 1 CNB9 LAKE SIMCOE RGNL
100   30.48   1   0 0.25 0 2 0 10   44.48527800 -079.56527800    0.00    0.00 2  0 0 1 28   44.48555300 -079.54638600    0.00    0.00 2  0 0 1
21   44.48564998 -079.56276536  2  88.83   3.00 10  PAPI-4L
21   44.48518143 -079.54889878  2 268.84   3.00 28  PAPI-4L
110   1 0.30  88.83 Default taxiway for RWY 10
111  44.48514313 -079.56527412   3 102 
111  44.48445528 -079.56525434   3 102 
111  44.48473184 -079.54636243   3 102 
111  44.48541969 -079.54638221 
112  44.48541406 -079.54676661  44.48541462 -079.54657435   3 102 
111  44.48525008 -079.54656961   3 102 
112  44.48503068 -079.54656330  44.48486614 -079.54655857   3 102 
111  44.48486333 -079.54675077   3 102 
111  44.48473209 -079.55571623   3 102 
111  44.48528282 -079.55573207 
111  44.48528000 -079.55592426   3 102 
111  44.48472927 -079.55590842   3 102 
112  44.48459803 -079.56487388  44.48459521 -079.56506608   3 102 
111  44.48475975 -079.56507081   3 102 
112  44.48497915 -079.56507712  44.48514369 -079.56508186   3 102 
113  44.48514876 -079.56488972 
120 Default hold RWY 10 (near)
111  44.48486664 -079.56526617   4 
115  44.48486945 -079.56507397 
120 Default hold RWY 10 (centre)
111  44.48500351 -079.55591631   4 
115  44.48500633 -079.55572412 
120 Default hold RWY 10 (far)
111  44.48514038 -079.54656646   4 
115  44.48514320 -079.54637426 
18   44.48637610 -079.55586098 1 BCN
19   44.48568373 -079.56567423 1 WS
19   44.48514720 -079.54598990 1 WS
50 12255 AWOS
51 12270 CTAF/UNICOM
1      925 0 0 CYQA MUSKOKA
100   46.02   1   0 0.00 0 2 0 18   44.98452355 -079.30882312  244.15    0.00 2  0 0 0 36   44.96833081 -079.30466379    0.00    0.00 2  0 0 0
100   29.87   3   0 0.00 0 0 0 09   44.96568467 -079.30713024    0.00    0.00 1  0 0 0 27   44.96671036 -079.29880391    0.00    0.00 1  0 0 0
110   1 0.00   0.00 North Taxiway1
111  44.98438641 -079.30987938 
111  44.98372375 -079.30970905 
111  44.98352696 -079.31087017 
111  44.98363832 -079.31089879 
111  44.98351347 -079.31172762 
111  44.98300210 -079.31155122 
111  44.98311933 -079.31084462 
112  44.98335611 -079.31088824  44.98336615 -079.31088076 
112  44.98342985 -079.31080702  44.98343884 -079.31075917 
112  44.98348399 -079.31047114  44.98349251 -079.31041532 
112  44.98341114 -079.31039663  44.98339410 -079.31038788 
112  44.98272813 -079.31025077  44.98269484 -079.31024420 
112  44.98265985 -079.31029567  44.98265289 -079.31031975 
111  44.98262738 -079.31051466 
111  44.98265208 -079.31052229 
111  44.98260452 -079.31091515 
111  44.98242455 -079.31087017 
111  44.98252294 -079.31006108 
112  44.98343754 -079.31025040  44.98346651 -079.31025455 
112  44.98352228 -079.31021412  44.98352925 -079.31017252 
112  44.98364551 -079.30933394  44.98363661 -079.30912947 
112  44.98361765 -079.30904543  44.98359745 -079.30891044 
111  44.98349082 -079.30885345 
113  44.98448673 -079.30910926 
110   1 0.00   0.00 North Taxiway2
112  44.98148280 -079.30841216  44.98148313 -079.30843741 
111  44.98155041 -079.31046850 
111  44.98206642 -079.31065994 
111  44.98187933 -079.31099622 
111  44.98186418 -079.31112848 
111  44.98204450 -079.31119926 
111  44.98201189 -079.31137608 
111  44.98212659 -079.31141593 
111  44.98209582 -079.31158011 
111  44.98194490 -079.31152213 
111  44.98195684 -079.31145342 
111  44.98179380 -079.31139296 
111  44.98175656 -079.31155996 
111  44.98116571 -079.31132117 
111  44.98129400 -079.31040678 
111  44.98144635 -079.31044078 
112  44.98139289 -079.30843819  44.98138999 -079.30839049 
112  44.98138510 -079.30836120  44.98138135 -079.30834326 
111  44.98137125 -079.30830889 
111  44.98153683 -079.30835156 
114  44.98150344 -079.30837198  44.98149552 -079.30837913 
110   1 0.00   0.00 North Taxiway3
111  44.98113696 -079.30824905 
112  44.98103007 -079.30833591  44.98101699 -079.30835515 
112  44.98098102 -079.30849028  44.98096375 -079.30857834 
111  44.98083594 -079.30953221 
111  44.98092998 -079.30970424 
111  44.98133378 -079.30982935 
111  44.98109918 -079.31121085 
111  44.98081932 -079.31110029 
111  44.98084502 -079.31097293 
111  44.98061146 -079.31089039 
111  44.98075228 -079.30990472 
111  44.98067328 -079.30989501 
111  44.98059429 -079.31043883 
111  44.98046720 -079.31039998 
111  44.98054964 -079.30982704 
111  44.98046377 -079.30980761 
112  44.98031350 -079.30997061  44.98027857 -079.31004521 
111  44.98026799 -079.31007467 
111  44.98039766 -079.31011106 
111  44.98029204 -079.31078357 
111  44.98003136 -079.31069131 
112  44.98010348 -079.31025017  44.98012275 -079.31015486 
112  44.98020117 -079.30995123  44.98024053 -079.30987461 
111  44.98032295 -079.30975906 
112  44.97966349 -079.30960854  44.97963285 -079.30960235 
112  44.97959510 -079.30974961  44.97955571 -079.30989504 
111  44.97950018 -079.31028084 
111  44.97931659 -079.31022519 
112  44.97943681 -079.30954056  44.97943477 -079.30949637 
112  44.97938185 -079.30945802  44.97933225 -079.30943400 
111  44.97648643 -079.30809856 
112  44.97660321 -079.30731201  44.97660683 -079.30726726 
112  44.97659145 -079.30718806  44.97658512 -079.30715737 
111  44.97652094 -079.30706301 
111  44.97694311 -079.30717156 
112  44.97685227 -079.30725864  44.97683578 -079.30728912 
112  44.97680242 -079.30737513  44.97679323 -079.30741367 
111  44.97671999 -079.30790435 
111  44.97678868 -079.30809856 
111  44.97956642 -079.30937167 
111  44.98054620 -079.30958429 
111  44.98067880 -079.30949865 
112  44.98082784 -079.30843838  44.98083244 -079.30837719 
112  44.98080874 -079.30827044  44.98078575 -079.30822494 
113  44.98072280 -079.30814239 
110   1 0.00   0.00 South Taxiway
111  44.96934061 -079.30521865 
111  44.96907310 -079.30543695 
111  44.96895957 -079.30634562 
111  44.96902248 -079.30643028 
111  44.96899051 -079.30670616 
111  44.96890198 -079.30675162 
111  44.96886982 -079.30700998 
111  44.97000708 -079.30730859 
111  44.96994596 -079.30783625 
111  44.97017225 -079.30789711 
111  44.97013705 -079.30816319 
111  44.96960925 -079.30803775 
111  44.96968447 -079.30736716 
111  44.96885254 -079.30714823 
111  44.96883812 -079.30726511 
111  44.96802275 -079.30703148 
111  44.96805185 -079.30681988 
112  44.96762041 -079.30670780  44.96757710 -079.30669806 
112  44.96749128 -079.30675221  44.96747861 -079.30684468 
111  44.96758696 -079.30685666 
111  44.96746179 -079.30782914 
111  44.96660188 -079.30759459 
111  44.96678494 -079.30627309 
111  44.96808032 -079.30659245 
113  44.96829403 -079.30494988 
130 Airport Boundary
111  44.98990527 -079.30835215 
111  44.98449999 -079.31151268 
112  44.98346579 -079.31200035  44.98313847 -079.31203317 
112  44.98233260 -079.31193391  44.98200690 -079.31185077 
112  44.97326043 -079.30750621  44.97288110 -079.30734451 
112  44.97204380 -079.30742534  44.97164642 -079.30753598 
112  44.96966364 -079.30894546  44.96939269 -079.30926884 
112  44.96899157 -079.30989606  44.96879287 -079.31040666 
111  44.96799207 -079.31395695 
112  44.96340066 -079.31190444  44.96308155 -079.31159810 
112  44.96276036 -079.31049195  44.96277240 -079.31006648 
112  44.96590184 -079.29709366  44.96608247 -079.29695751 
112  44.96666463 -079.29713940  44.96685128 -079.29702877 
112  44.96722684 -079.29541789  44.96754595 -079.29544342 
112  44.96728931 -079.29736010  44.96736156 -079.29770901 
112  44.96827318 -079.29844156  44.96864047 -079.29853517 
112  44.96952255 -079.29892712  44.96957674 -079.29920795 
112  44.96969433 -079.29978787  44.96986292 -079.30002616 
112  44.97049080 -079.30053827  44.97053897 -079.30096378 
112  44.97084556 -079.30155773  44.97105027 -079.30189814 
112  44.97376869 -079.30404958  44.97443100 -079.30422831 
112  44.97536923 -079.30442554  44.97571845 -079.30457022 
112  44.97658107 -079.30549199  44.97719522 -079.30567073 
112  44.97771830 -079.30526059  44.97836857 -079.30522654 
111  44.97875324 -079.30558894 
111  44.98062817 -079.30626760 
113  44.98437802 -079.30675235 
120 Runway hold 1
111  44.98439169 -079.30978449   4 
115  44.98363260 -079.30958757 
120 Runway hold 2
111  44.98149707 -079.30902548   4 
115  44.98141437 -079.30902827 
120 Runway hold 3
111  44.98092078 -079.30888311   4 
115  44.98077682 -079.30884390 
120 Runway hold 4
111  44.97673727 -079.30777530   4 
115  44.97654598 -079.30772133 
120 Runway hold 5
111  44.96900860 -079.30580423   4 
115  44.96821763 -079.30559898 
120 Taxi line 1
112  44.97707150 -079.30690909  44.97683859 -079.30684915  20 
111  44.97673810 -079.30711950  20 
116  44.97646068 -079.30675199  44.97622968 -079.30669436 
120 Taxi line 2
111  44.97673814 -079.30711943  20 
112  44.97661868 -079.30790093  44.97660054 -079.30802305  20 
112  44.97670801 -079.30813198  44.97676416 -079.30815518  20 
111  44.97956512 -079.30946851  20 
111  44.98073377 -079.30972366  20 
115  44.98093167 -079.30819614 
120 Taxi line 3
112  44.98125874 -079.30798393  44.98101694 -079.30792335  20 
111  44.98093169 -079.30819615  20 
112  44.98070169 -079.30784330  44.98051498 -079.30779786  20 
115  44.98070016 -079.30784330 
120 Taxi line 4
111  44.96861178 -079.30569017  20 
112  44.96871080 -079.30504303  44.96874095 -079.30492809  20 
112  44.96893004 -079.30485568  44.96900962 -079.30484919  20 
116  44.96915621 -079.30487591  44.96915353 -079.30487172 
120 Taxi line 5
111  44.98255292 -079.31048636  20 
112  44.98258864 -079.31022823  44.98260256 -079.31012273  20 
111  44.98268391 -079.31015527  20 
112  44.98350715 -079.31034394  44.98356085 -079.31035703  20 
111  44.98356562 -079.31029175  20 
115  44.98367896 -079.30961605 
18   44.97668618 -079.30472851 1 BCN
19   44.96603579 -079.30760232 1 WS
19   44.98504191 -079.30806549 1 WS
19   44.96635921 -079.29833187 1 WS
19   44.96781248 -079.30542123 1 WS
54 12230 MF
1      735 0 1 NE2  Orillia Mara
100   16.76   1   0 0.25 0 2 0 10   44.60962784 -079.33880410    0.00    0.00 2 12 0 0 28   44.60937416 -079.32859990    0.00    0.00 2 12 0 0
110   1 0.30  92.00 Default taxiway for RWY 10
111  44.60955470 -079.33880768   3 102 
111  44.60917552 -079.33882625   3 102 
111  44.60892229 -079.32862201   3 102 
111  44.60930147 -079.32860344 
112  44.60930673 -079.32881522  44.60930185 -079.32870944   3 102 
111  44.60921139 -079.32871387   3 102 
112  44.60909077 -079.32871978  44.60900031 -079.32872421   3 102 
111  44.60900294 -079.32883010   3 102 
111  44.60912298 -079.33366749   3 102 
111  44.60942677 -079.33365261 
111  44.60942940 -079.33375850   3 102 
111  44.60912561 -079.33377338   3 102 
112  44.60924565 -079.33861077  44.60924828 -079.33871667   3 102 
111  44.60933874 -079.33871224   3 102 
112  44.60945936 -079.33870633  44.60954982 -079.33870190   3 102 
113  44.60954944 -079.33859589 
120 Default hold RWY 10 (near)
111  44.60940168 -079.33881517   4 
115  44.60939905 -079.33870928 
120 Default hold RWY 10 (centre)
111  44.60927638 -079.33376599   4 
115  44.60927375 -079.33366010 
120 Default hold RWY 10 (far)
111  44.60915108 -079.32871682   4 
115  44.60914845 -079.32861093 
18   44.61002733 -079.33367617 1 BCN
19   44.60985789 -079.33900488 1 WS
19   44.60914410 -079.32839917 1 WS
1      963 0 0 CNA3 SPRINGWATER BARRIE AIRPARK
100   30.48   1   0 0.25 0 1 0 07   44.40833300 -079.73055300   30.48    0.00 1  0 0 0 25   44.41138900 -079.72361100   60.96    0.00 1  0 0 0
18   44.41067723 -079.72778995 1 BCN
19   44.40853935 -079.73118207 1 WS
19   44.41118261 -079.72298193 1 WS
51 12300 CTAF/UNICOM
55 12402 TORONTO CNTR