1      650 1 0 CPS2 Elmhirst Resort
100   14.94   3   0 0.00 0 0 0 06   44.24836140 -078.12091767    0.00    0.00 0  0 0 0 24   44.25350041 -078.11294874    0.00    0.00 0  0 0 0
130 Airport Boundary 7
111  44.24629201 -078.12233273 
111  44.25513564 -078.10920527 
111  44.25608841 -078.11036458 
113  44.24746464 -078.12376481 
19   44.24842028 -078.12124415 1 WS
19   44.25344151 -078.11262224 1 WS
51 12280 Elmhirst Unicom
1      882 0 1 NF4  Lindsay
100   22.86   1   0 0.25 0 1 0 13   44.36638900 -078.78916900    0.00    0.00 2  0 0 0 31   44.36166700 -078.77749700    0.00    0.00 2  0 0 0
100   22.86   3   0 0.25 0 0 0 02   44.35972200 -078.78055600  109.73    0.00 1  0 0 0 20   44.36694200 -078.77889200    0.00    0.00 1  0 0 0
110   1 0.30 119.50 Default taxiway for RWY 13
111  44.36630143 -078.78923830   3 102 
111  44.36585185 -078.78959413   3 102 
111  44.36113044 -078.77792115   3 102 
111  44.36158002 -078.77756536 
112  44.36168133 -078.77781582  44.36162872 -078.77769214   3 102 
111  44.36152129 -078.77777716   3 102 
112  44.36137805 -078.77789052  44.36127062 -078.77797554   3 102 
111  44.36132127 -078.77810077   3 102 
111  44.36355534 -078.78362417   3 102 
111  44.36391540 -078.78333921 
111  44.36396605 -078.78346445   3 102 
111  44.36360599 -078.78374941   3 102 
112  44.36584006 -078.78927281  44.36589072 -078.78939804   3 102 
111  44.36599815 -078.78931302   3 102 
112  44.36614139 -078.78919965  44.36624882 -078.78911462   3 102 
113  44.36620012 -078.78898784 
120 Default hold RWY 13 (near)
111  44.36612042 -078.78938156   4 
115  44.36606977 -078.78925633 
120 Default hold RWY 13 (centre)
111  44.36378504 -078.78360771   4 
115  44.36373439 -078.78348247 
120 Default hold RWY 13 (far)
111  44.36144967 -078.77783384   4 
115  44.36139901 -078.77770861 
18   44.36465474 -078.78283988 1 BCN
19   44.35956895 -078.78102675 1 WS
19   44.36675769 -078.78920784 1 WS
19   44.36709504 -078.77842118 1 WS
19   44.36129831 -078.77745824 1 WS
51 12280 CTAF/UNICOM
1      628 0 1 CYPQ PETERBOROUGH
100   30.48   1   0 0.25 0 3 0 09   44.22844700 -078.37487800    0.00    0.00 2  0 0 1 27   44.23175300 -078.35635000    0.00    0.00 2  0 0 1
100   30.48   3   0 0.25 0 0 0 13   44.22277800 -078.35777800    0.00    0.00 1  0 0 0 31   44.22027800 -078.35111100  167.64    0.00 1  0 0 0
21   44.22920730 -078.37255379  2  76.01   3.00 09  PAPI-4L
21   44.23099307 -078.35867458  2 256.02   3.00 27  PAPI-4L
110   1 0.30  76.01 Default taxiway for RWY 09
111  44.22831610 -078.37483249   3 102 
111  44.22764851 -078.37460038   3 102 
111  44.23095601 -078.35607340   3 102 
111  44.23162360 -078.35630553 
112  44.23155729 -078.35667697  44.23158826 -078.35649049   3 102 
111  44.23142856 -078.35643496   3 102 
112  44.23121563 -078.35636092  44.23105593 -078.35630540   3 102 
111  44.23102278 -078.35649112   3 102 
111  44.22945192 -078.36529030   3 102 
111  44.22998643 -078.36547615 
111  44.22995327 -078.36566187   3 102 
111  44.22941876 -078.36547602   3 102 
112  44.22784790 -078.37427521  44.22781475 -078.37446093   3 102 
111  44.22797445 -078.37451645   3 102 
112  44.22818738 -078.37459049  44.22834708 -078.37464601   3 102 
113  44.22838241 -078.37446105 
120 Default hold RWY 09 (near)
111  44.22804776 -078.37473919   4 
115  44.22808092 -078.37455347 
120 Default hold RWY 09 (centre)
111  44.22968493 -078.36556857   4 
115  44.22971809 -078.36538285 
120 Default hold RWY 09 (far)
111  44.23132210 -078.35639794   4 
115  44.23135526 -078.35621222 
19   44.22877993 -078.37538825 1 WS
19   44.22326973 -078.35785099 1 WS
19   44.23141998 -078.35583983 1 WS
19   44.21978627 -078.35103807 1 WS
50 12692 AWOS
51 12300 CTAF/UNICOM