1      352 0 1 KAUG AUGUSTA STATE
100   45.72   1   0 0.25 0 3 0 17   44.32766100 -069.80368100    0.00    0.00 3  8 0 0 35   44.31542500 -069.79503600    0.00    0.00 2  0 0 1
100   22.86   1   0 0.25 0 2 0 08   44.31726100 -069.79811100    0.00    0.00 2  0 0 0 26   44.32073600 -069.78898600    0.00    0.00 2  0 0 0
21   44.32543919 -069.80152081  1 153.18   3.00 17  VASI
21   44.31686143 -069.79664056  1 333.19   3.00 35  VASI
110   1 0.00  61.98 xxx
111  44.31681745 -069.79776506 
111  44.31862148 -069.79302689 
111  44.31874255 -069.79311694 
113  44.31693852 -069.79785511 
110   1 0.00 153.18 xxx
111  44.32587189 -069.80135825 
111  44.31608023 -069.79443882 
111  44.31614211 -069.79426775 
113  44.32593377 -069.80118718 
110   1 0.00 101.97 xxx
111  44.31824081 -069.79327867 
111  44.31778569 -069.79027831 
111  44.31834919 -069.79011133 
113  44.31880431 -069.79311169 
110   1 0.00 151.97 xxx
111  44.31799123 -069.79470189 
111  44.31702274 -069.79398124 
111  44.31725477 -069.79337211 
113  44.31822326 -069.79409276 
110   1 0.00  50.00 xxx
111  44.31985100 -069.78958594 
111  44.32037994 -069.78870484 
111  44.32048500 -069.78882806 
113  44.31995606 -069.78970916 
110   1 0.00  63.18 xxx
111  44.32327942 -069.80029871 
111  44.32350219 -069.79968280 
111  44.32362458 -069.79976929 
113  44.32340181 -069.80038520 
110   1 0.00  63.18 xxx
111  44.32552242 -069.80186972 
111  44.32574519 -069.80125378 
111  44.32586758 -069.80134028 
113  44.32564481 -069.80195622 
110   1 0.00 101.97 xxx
111  44.31784528 -069.79252428 
111  44.31778839 -069.79214923 
111  44.31805672 -069.79206972 
113  44.31811361 -069.79244477 
110   1 0.00 151.97 xxx
111  44.31898705 -069.79329870 
111  44.31869650 -069.79308250 
111  44.31876095 -069.79291330 
113  44.31905150 -069.79312950 
110   1 0.00 198.18 xxx
111  44.31731370 -069.79496125 
111  44.31705309 -069.79508087 
111  44.31701030 -069.79489875 
113  44.31727091 -069.79477913 
110   1 0.00 108.18 xxx
111  44.31739864 -069.79532502 
111  44.31731306 -069.79496078 
111  44.31744336 -069.79490098 
113  44.31752894 -069.79526522 
110   1 0.00 151.97 xxx
111  44.32058084 -069.78909969 
111  44.32033871 -069.78891952 
111  44.32040316 -069.78875031 
113  44.32064529 -069.78893048 
110   1 0.00 151.97 xxx
111  44.31717784 -069.79803368 
111  44.31693571 -069.79785352 
111  44.31700016 -069.79768432 
113  44.31724229 -069.79786448 
110   1 0.00 243.18 xxx
111  44.31577808 -069.79454218 
111  44.31565432 -069.79488431 
111  44.31553192 -069.79479782 
113  44.31565568 -069.79445569 
110   1 0.00 153.18 xxx
111  44.31735480 -069.79514630 
111  44.31717610 -069.79502003 
111  44.31726520 -069.79477370 
113  44.31744390 -069.79489997 
110   1 0.00  15.00 xxx
111  44.31833240 -069.79012210 
111  44.31992211 -069.78952674 
111  44.31995760 -069.78971190 
113  44.31836789 -069.79030726 
110   1 0.00  17.00 xxx
111  44.31565759 -069.79445958 
111  44.31710031 -069.79384311 
111  44.31714041 -069.79402642 
113  44.31569769 -069.79464289 
110   1 0.00 101.97 xxx
111  44.31955081 -069.79780567 
111  44.31892503 -069.79368009 
111  44.31905919 -069.79364033 
113  44.31968497 -069.79776591 
130 Airport Boundary 1
111  44.33142294 -069.80752188 
111  44.32841680 -069.80539028 
111  44.32724528 -069.80532849 
111  44.31840368 -069.79896460 
111  44.31655265 -069.79928292 
111  44.31635639 -069.79831238 
111  44.31511841 -069.79710976 
111  44.31452961 -069.79512649 
111  44.31360867 -069.79529528 
111  44.31369926 -069.79411376 
111  44.31318595 -069.79168742 
111  44.31972310 -069.78894460 
111  44.32117848 -069.78608390 
111  44.32200280 -069.78664090 
111  44.32144419 -069.78953141 
111  44.32040248 -069.79362454 
111  44.32640701 -069.80097355 
113  44.33226478 -069.80504615 
14   44.31816500 -069.79374700    0 0 ATC Tower
15   44.31790500 -069.79242700  55.00 Ramp
18   44.32219326 -069.79756151 1 BCN
19   44.31743551 -069.79856658 1 WS
19   44.32830663 -069.80317053 1 WS
19   44.31477941 -069.79554645 1 WS
19   44.32056145 -069.78853042 1 WS
50 11832 ASOS
51 12300 CTAF/UNICOM
52 11995 CLNC DEL
55 12835 PORTLAND APP/DEP
1      570 0 1 ME14 Bald Mountain
100   45.72   3   0 0.25 0 0 0 04   44.22834469 -069.12438508    0.00    0.00 1  0 0 0 22   44.23292253 -069.12180382    0.00    0.00 1  0 0 0
100   45.72   3   0 0.25 0 0 0 13   44.23099325 -069.12433672    0.00    0.00 1  0 0 0 31   44.23027397 -069.12185218    0.00    0.00 1  0 0 0
19   44.22819439 -069.12539874 1 WS
19   44.23171961 -069.12454648 1 WS
19   44.22954760 -069.12164245 1 WS
19   44.23307280 -069.12079006 1 WS
1      625 0 1 68B  Beech Hill
100   36.58   3   0 0.25 0 0 0 15   44.66851814 -069.89673867    0.00    0.00 1  0 0 0 33   44.66493908 -069.89114967    0.00    0.00 1  0 0 0
19   44.66910531 -069.89661811 1 WS
19   44.66435191 -069.89127028 1 WS
1      198 0 1 KBST BELFAST MUNI
100   30.48   1   0 0.25 0 2 0 15   44.41316400 -069.01738900    0.00    0.00 2  0 0 0 33   44.40562200 -069.00627200    0.00    0.00 2  0 0 0
100   45.72   1   0 0.25 0 0 0 10   44.40694400 -069.01944700    0.00    0.00 2  0 0 0 28   44.40805300 -069.00805800    0.00    0.00 2  0 0 0
21   44.41214810 -069.01526479  1 133.52   3.00 15  VASI
110   1 0.30 133.52 Default taxiway for RWY 15
111  44.41306618 -069.01751904   3 102 
111  44.41256727 -069.01818225   3 102 
111  44.40502581 -069.00706372   3 102 
111  44.40552472 -069.00640059 
112  44.40571360 -069.00667905  44.40561753 -069.00654199   3 102 
111  44.40549818 -069.00670062   3 102 
112  44.40533905 -069.00691213  44.40521971 -069.00707076   3 102 
111  44.40531415 -069.00720999   3 102 
111  44.40884878 -069.01242117   3 102 
111  44.40924823 -069.01189020 
111  44.40934267 -069.01202943   3 102 
111  44.40894322 -069.01256040   3 102 
112  44.41247785 -069.01777158  44.41257229 -069.01791081   3 102 
111  44.41269163 -069.01775216   3 102 
112  44.41285076 -069.01754063  44.41297011 -069.01738198   3 102 
113  44.41287730 -069.01724058 
120 Default hold RWY 15 (near)
111  44.41286564 -069.01778563   4 
115  44.41277120 -069.01764640 
120 Default hold RWY 15 (centre)
111  44.40914213 -069.01229600   4 
115  44.40904769 -069.01215677 
120 Default hold RWY 15 (far)
111  44.40541862 -069.00680638   4 
115  44.40532418 -069.00666715 
18   44.41009020 -069.01090548 1 BCN
19   44.40749991 -069.02013440 1 WS
19   44.41365124 -069.01727083 1 WS
19   44.40749702 -069.00737070 1 WS
19   44.40513477 -069.00639024 1 WS
51 12280 CTAF/UNICOM
52 12197 CLNC DEL
55 11892 BANGOR APP/DEP
1      310 0 1 ME20 Bob-Mar
100   22.86   3   0 0.25 0 0 0 18   44.60105805 -069.62476831    0.00    0.00 1  0 0 0 36   44.59740583 -069.62310171    0.00    0.00 1  0 0 0
19   44.60134864 -069.62444725 1 WS
19   44.59711524 -069.62342276 1 WS
1      270 0 1 KOWK CENTRAL MAINE OF NORRIDGEWOCK
100   30.48   1   0 0.25 0 0 0 03   44.70890300 -069.86875300    0.00    0.00 2  0 0 0 21   44.71971700 -069.86619200    0.00    0.00 2  0 0 0
100   30.48   1   0 0.25 0 2 0 15   44.72016700 -069.87137500    0.00    0.00 2  0 0 0 33   44.71317500 -069.85953600    0.00    0.00 2  0 0 1
110   1 0.30   9.55 Default taxiway for RWY 03
111  44.70888061 -069.86856582   3 
111  44.70876645 -069.86761117   3 
111  44.71958048 -069.86505044   3 
111  44.71969464 -069.86600526 
112  44.71942414 -069.86606931  44.71955902 -069.86603416   3 
111  44.71953171 -069.86580575   3 
112  44.71949530 -069.86550121  44.71946799 -069.86527280   3 
111  44.71933274 -069.86530483   3 
111  44.71426385 -069.86650512   3 
111  44.71435525 -069.86726953 
111  44.71422000 -069.86730155   3 
111  44.71412860 -069.86653714   3 
112  44.70905971 -069.86773742  44.70892446 -069.86776946   3 
111  44.70895177 -069.86799782   3 
112  44.70898818 -069.86830231  44.70901549 -069.86853068   3 
113  44.70915111 -069.86850177 
110   1 0.30 129.73 Default taxiway for RWY 15
111  44.72006325 -069.87149634   3 102 
111  44.71953411 -069.87211517   3 102 
111  44.71254272 -069.86027465   3 102 
111  44.71307186 -069.85965589 
112  44.71324717 -069.85995279  44.71315779 -069.85980637   3 102 
111  44.71303121 -069.85995438   3 102 
112  44.71286244 -069.86015174  44.71273586 -069.86029976   3 102 
111  44.71282351 -069.86044821   3 102 
111  44.71610007 -069.86599733   3 102 
111  44.71652373 -069.86550189 
111  44.71661138 -069.86565034   3 102 
111  44.71618772 -069.86614578   3 102 
112  44.71946428 -069.87169491  44.71955193 -069.87184336   3 102 
111  44.71967851 -069.87169533   3 102 
112  44.71984728 -069.87149795  44.71997386 -069.87134991   3 102 
113  44.71988794 -069.87119944 
120 Default hold RWY 03 (near)
111  44.70883472 -069.86818209   4 
115  44.70896997 -069.86815007 
120 Default hold RWY 15 (near)
111  44.71985055 -069.87174509   4 
115  44.71976289 -069.87159664 
120 Default hold RWY 03 (centre)
111  44.71417411 -069.86691778   4 
115  44.71430936 -069.86688576 
120 Default hold RWY 15 (centre)
111  44.71639868 -069.86589907   4 
115  44.71631103 -069.86575062 
120 Default hold RWY 03 (far)
111  44.71951350 -069.86565348   4 
115  44.71964875 -069.86562146 
120 Default hold RWY 15 (far)
111  44.71294682 -069.86005306   4 
115  44.71285916 -069.85990461 
18   44.71740968 -069.86459131 1 BCN
19   44.70870078 -069.86938796 1 WS
19   44.72065876 -069.87130181 1 WS
19   44.71991920 -069.86555691 1 WS
19   44.71268325 -069.85960928 1 WS
51 12280 CTAF/UNICOM
55 12835 PORTLAND APP/DEP
1       54 0 1 ME94 Clark Field
100   24.38   3   0 0.25 0 0 0 09   44.21598102 -069.29443118    0.00    0.00 1  0 0 0 27   44.21750674 -069.28787938    0.00    0.00 1  0 0 0
19   44.21622624 -069.29486429 1 WS
19   44.21726149 -069.28744628 1 WS
1      390 0 1 ME62 Grigons Private Lndg Area
100   30.48   3   0 0.25 0 0 0 36   44.80652325 -069.47160988    0.00    0.00 1  0 0 0 18   44.81304507 -069.47459680    0.00    0.00 1  0 0 0
19   44.80613524 -069.47204196 1 WS
19   44.81343309 -069.47416469 1 WS
1      250 0 1 79B  Hapworths Private Lndg Area
100   15.24   3   0 0.25 0 0 0 09   44.63907050 -069.67582538    0.00    0.00 1  0 0 0 27   44.64161338 -069.66482630    0.00    0.00 1  0 0 0
19   44.63922376 -069.67609805 1 WS
19   44.64146009 -069.66455364 1 WS
1      255 0 1 ME56 Kimberly
100   22.86   5   0 0.25 0 0 0 13   44.07006897 -069.30815562    0.00    0.00 1  0 0 0 31   44.06842491 -069.30249216    0.00    0.00 1  0 0 0
19   44.07043088 -069.30826094 1 WS
19   44.06806300 -069.30238687 1 WS
1       56 0 1 KRKD KNOX CO RGNL
100   30.48   1   0 0.25 0 3 0 13   44.06151900 -069.10837200    0.00    0.00 3  8 0 0 31   44.05661400 -069.09058100    0.00    0.00 2  0 0 1
100   30.48   1   0 0.25 0 2 0 03   44.05626400 -069.10066100    0.00    0.00 2  0 0 1 21   44.06666900 -069.09721400    0.00    0.00 2  0 0 0
21   44.05809254 -069.10053472  2  13.39   3.00 03  PAPI-4L
21   44.06090701 -069.10484905  2 110.98   3.00 13  PAPI-4L
21   44.05694600 -069.09308629  2 291.00   3.00 31  PAPI-4L
110   1 0.30 110.98 Default taxiway for RWY 13
111  44.06139305 -069.10843922   3 102 
111  44.06075068 -069.10878207   3 102 
111  44.05584706 -069.09098957   3 102 
111  44.05648943 -069.09064675 
112  44.05658766 -069.09100315  44.05653644 -069.09082607   3 102 
111  44.05638277 -069.09090808   3 102 
112  44.05617788 -069.09101742  44.05602422 -069.09109943   3 102 
111  44.05607334 -069.09127763   3 102 
111  44.05840236 -069.09972837   3 102 
111  44.05891668 -069.09945388 
111  44.05896580 -069.09963208   3 102 
111  44.05845148 -069.09990657   3 102 
112  44.06078051 -069.10835732  44.06082962 -069.10853553   3 102 
111  44.06098328 -069.10845351   3 102 
112  44.06118817 -069.10834416  44.06134184 -069.10826215   3 102 
113  44.06129483 -069.10808282 
110   1 0.30  13.39 Default taxiway for RWY 03
111  44.05623276 -069.10047839   3 102 
111  44.05607345 -069.09954708   3 102 
111  44.06647850 -069.09610049   3 102 
111  44.06663781 -069.09703197 
112  44.06637097 -069.09712035  44.06650387 -069.09707311   3 102 
111  44.06646576 -069.09685029   3 102 
112  44.06641495 -069.09655319  44.06637683 -069.09633037   3 102 
111  44.06624341 -069.09637456   3 102 
111  44.06137444 -069.09798736   3 102 
111  44.06150200 -069.09873309 
111  44.06136858 -069.09877728   3 102 
111  44.06124102 -069.09803155   3 102 
112  44.05637204 -069.09964435  44.05623862 -069.09968854   3 102 
111  44.05627674 -069.09991133   3 102 
112  44.05632755 -069.10020837  44.05636566 -069.10043116   3 102 
113  44.05649960 -069.10039001 
120 Default hold RWY 13 (near)
111  44.06113484 -069.10857704   4 
115  44.06108573 -069.10839884 
120 Default hold RWY 03 (near)
111  44.05616872 -069.10010404   4 
115  44.05630214 -069.10005985 
120 Default hold RWY 13 (centre)
111  44.05870759 -069.09976989   4 
115  44.05865847 -069.09959169 
120 Default hold RWY 03 (centre)
111  44.06130454 -069.09840289   4 
115  44.06143796 -069.09835870 
120 Default hold RWY 13 (far)
111  44.05628033 -069.09096275   4 
115  44.05623122 -069.09078455 
120 Default hold RWY 03 (far)
111  44.06644035 -069.09670174   4 
115  44.06657377 -069.09665755 
18   44.05996369 -069.09899781 1 BCN
19   44.05609244 -069.10130634 1 WS
19   44.06200138 -069.10852336 1 WS
19   44.06684055 -069.09656852 1 WS
19   44.05613159 -069.09042979 1 WS
50 11902 AWOS 3
51 12305 CTAF/UNICOM
55 12380 BRUNSWICK APP/DEP
1       64 0 0 08B  Merrymeeting Field
100   29.87   3   0 0.00 0 1 0 14   44.00165948 -069.89000977   60.96    0.00 1  0 0 0 32   43.99834052 -069.88426839   43.89    0.00 1  0 0 0
110   3 0.00  90.00 westParking
111  44.00143384 -069.88991247 
112  44.00126758 -069.88995136  44.00123103 -069.88980550 
112  44.00111212 -069.88966587  44.00105042 -069.88968183 
112  44.00089727 -069.88980473  44.00081395 -069.88987328 
112  44.00060768 -069.88973778  44.00054962 -069.88961069 
112  44.00041733 -069.88901469  44.00032565 -069.88888185 
112  43.99986981 -069.88864705  43.99977064 -069.88856555 
112  43.99973268 -069.88836380  43.99967568 -069.88812638 
112  44.00057927 -069.88877019  44.00073268 -069.88886893 
113  44.00076860 -069.88877089 
110   3 0.00  90.00 mid field
111  44.00011352 -069.88703324 
112  44.00023662 -069.88694031  44.00031732 -069.88683670 
112  44.00028943 -069.88665859  44.00025641 -069.88650184 
111  44.00040641 -069.88641234 
111  44.00048876 -069.88676816 
112  44.00044870 -069.88692743  44.00036813 -069.88699960 
112  44.00027623 -069.88707096  44.00021476 -069.88715775 
113  44.00021684 -069.88721707 
110   5 0.00   0.00 Drivway
111  44.00123483 -069.89030292 
112  44.00125880 -069.89018199  44.00126041 -069.89009728 
112  44.00118700 -069.88996575  44.00114931 -069.88990412 
112  44.00106107 -069.88991752  44.00100408 -069.88995455 
111  44.00096714 -069.88995314 
111  44.00089737 -069.88980508 
112  44.00111190 -069.88966586  44.00117823 -069.88965640 
112  44.00126736 -069.88995136  44.00129695 -069.89007963 
112  44.00132170 -069.89018498  44.00135858 -069.89029422 
113  44.00137958 -069.89030635 
120 TaxyLights
111  44.00076860 -069.88877089 102 
112  44.00057927 -069.88877019  44.00044316 -069.88867871 102 
116  43.99973085 -069.88836862  43.99979725 -069.88863868 
14   44.00089502 -069.88987026   82 0 Tower Viewpoint
15   44.00037042 -069.88652782 249.38 Mid Field Start
15   44.00066296 -069.88970782  26.86 West Start
18   44.00073485 -069.88632203 1 BCN
19   44.00188419 -069.88910791 1 New Windsock 1
1      478 0 1 74B  Mount Vernon
100   30.48   3   0 0.25 0 0 0 01   44.50760189 -069.95223270    0.00    0.00 1  0 0 0 19   44.51086143 -069.95287508    0.00    0.00 1  0 0 0
19   44.50727300 -069.95275049 1 WS
19   44.51119032 -069.95235725 1 WS
1      300 0 1 ME68 Newport Sky Park
100   45.72   3   0 0.25 0 0 0 01   44.81573053 -069.23741294    0.00    0.00 1  0 0 0 19   44.82440001 -069.23934874    0.00    0.00 1  0 0 0
19   44.81522761 -069.23818151 1 WS
19   44.82490294 -069.23858005 1 WS
1      350 0 1 ME47 Payne Field
100   30.48   3   0 0.25 0 0 0 01   44.85138182 -069.45581710    0.00    0.00 1  0 0 0 19   44.85762928 -069.45705568    0.00    0.00 1  0 0 0
19   44.85105293 -069.45633797 1 WS
19   44.85795818 -069.45653475 1 WS
1      198 0 1 2B7  PITTSFIELD MUNI
100   30.48   1   0 0.25 0 2 0 01   44.76317200 -069.37275300    0.00    0.00 2  0 0 1 19   44.77387500 -069.37609400    0.00    0.00 2  0 0 1
21   44.76485672 -069.37376226  2 347.51   3.00 01  PAPI-4L
110   1 0.30 347.51 Default taxiway for RWY 01
111  44.76320119 -069.37256751   3 102 
111  44.76335003 -069.37162148   3 102 
111  44.77405308 -069.37496165   3 102 
111  44.77390424 -069.37590785 
112  44.77363644 -069.37582427  44.77377082 -069.37586297   3 102 
111  44.77380643 -069.37563662   3 102 
112  44.77385390 -069.37533483  44.77388951 -069.37510848   3 102 
111  44.77375561 -069.37506670   3 102 
111  44.76873883 -069.37350107   3 102 
111  44.76861966 -069.37425858 
111  44.76848576 -069.37421679   3 102 
111  44.76860493 -069.37345928   3 102 
112  44.76358816 -069.37189364  44.76345426 -069.37185186   3 102 
111  44.76341865 -069.37207816   3 102 
112  44.76337118 -069.37237990  44.76333557 -069.37260620   3 102 
113  44.76346899 -069.37265109 
120 Default hold RWY 01 (near)
111  44.76326102 -069.37218724   4 
115  44.76339492 -069.37222903 
120 Default hold RWY 01 (centre)
111  44.76854559 -069.37383649   4 
115  44.76867949 -069.37387828 
120 Default hold RWY 01 (far)
111  44.77383017 -069.37548573   4 
115  44.77396407 -069.37552752 
18   44.76831498 -069.37574316 1 BCN
19   44.76281518 -069.37323518 1 WS
19   44.77423183 -069.37561175 1 WS
51 12280 CTAF/UNICOM
55 11892 BANGOR APP/DEP
1      340 0 1 38B  Ring Hill
100   30.48   3   0 0.25 0 0 0 16   44.79374076 -069.07165868    0.00    0.00 1  0 0 0 34   44.79139590 -069.06898300    0.00    0.00 1  0 0 0
19   44.79421287 -069.07145135 1 WS
19   44.79092380 -069.06919034 1 WS
1      250 0 1 ME34 Robinson Ridge Fld
100   30.48   3   0 0.25 0 0 0 36   44.17107877 -069.42747403    0.00    0.00 1  0 0 0 18   44.17629623 -069.42983765    0.00    0.00 1  0 0 0
19   44.17069076 -069.42790142 1 WS
19   44.17668425 -069.42941023 1 WS
1      390 0 1 ME60 Sunny Hill
100   76.20   3   0 0.25 0 0 0 13   44.46932450 -069.82103379    0.00    0.00 1  0 0 0 31   44.46747494 -069.81461899    0.00    0.00 1  0 0 0
19   44.47053509 -069.82138485 1 WS
19   44.46626433 -069.81426806 1 WS
1      382 0 1 ME35 Terra B & B
100   30.48   3   0 0.25 0 0 0 01   44.92793469 -069.00647345    0.00    0.00 1  0 0 0 19   44.93497863 -069.00804933    0.00    0.00 1  0 0 0
19   44.92759941 -069.00698684 1 WS
19   44.93531392 -069.00753589 1 WS
1      333 0 0 KWVL Waterville Robert Lafleur
100   30.48   1   0 0.25 0 2 0 05   44.52651700 -069.68063300    0.00    0.00 3  6 0 0 23   44.53976700 -069.67054400    0.00    0.00 3  0 0 1
100   45.72   1   0 0.25 0 2 0 14   44.53533900 -069.67893900    0.00    0.00 2  0 0 0 32   44.53170000 -069.67173900    0.00    0.00 2  0 0 0
21   44.52868242 -069.67947638  1  28.49   3.00 05  VASI
21   44.53803819 -069.67136882  1 208.50   3.00 23  VASI
10   44.52684000 -069.68120000 xxx 118.49   300 0.0 0.0    50 161161  1 0 0 0.35 0
10   44.53994400 -069.67127600 xxx 118.49   300 0.0 0.0    50 161161  1 0 0 0.35 0
10   44.52974900 -069.67903900 xxx 118.49   300 0.0 0.0    50 161161  1 0 0 0.35 0
10   44.53353500 -069.67669400 xxx  28.49  5496 0.0 0.0    50 161161  1 0 0 0.35 0
10   44.53268400 -069.67440500 xxx  28.49   550 0.0 0.0   100 161161  1 0 0 0.35 0
10   44.53467500 -069.67924700 xxx 215.34   450 0.0 0.0    75 161161  1 0 0 0.35 0
10   44.53127300 -069.67251600 xxx 215.34   450 0.0 0.0    75 161161  1 0 0 0.35 0
10   44.53655000 -069.67468500 xxx 208.49   450 0.0 0.0    75 161161  1 0 0 0.35 0
10   44.53371300 -069.67754100 xxx  72.67  1047 0.0 0.0    75 161161  1 0 0 0.35 0
10   44.53234500 -069.67650700 xxx 125.34   229 0.0 0.0   150 161161  1 0 0 0.35 0
18   44.53680000 -069.67470500 1 BCN
19   44.52677900 -069.68130900 1 WS
19   44.53950500 -069.66986700 1 WS
19   44.53601100 -069.67827200 1 WS
19   44.53102800 -069.67240600 1 WS
50 11837 AWOS 3
51 12270 CTAF/UNICOM
52 12460 CLNC DEL
55 12425 PORTLAND APP/DEP
55 12820 PORTLAND APP/DEP
55 12835 PORTLAND APP/DEP
1      245 0 1 ME52 Yeager
100   54.86   3   0 0.25 0 0 0 01   44.80382071 -069.33271457    0.00    0.00 1  0 0 0 19   44.81006817 -069.33395211    0.00    0.00 1  0 0 0
19   44.80322871 -069.33365137 1 WS
19   44.81066018 -069.33301520 1 WS
1      280 0 1 ME29 Youngtown Field
100   21.34   3   0 0.25 0 0 0 17   44.27888829 -069.09933610    0.00    0.00 1  0 0 0 35   44.27404447 -069.09573892    0.00    0.00 1  0 0 0
19   44.27919304 -069.09910682 1 WS
19   44.27373972 -069.09596820 1 WS
16      23 0 1 M00  [S] Augusta
101   91.44 0 15   44.27197387 -069.78854301 33   44.26316389 -069.77487923
16     170 0 1 ME63 [S] Fowler
101  304.80 0 06   44.29964699 -069.95244567 24   44.31493523 -069.93320935
16     165 0 1 03M  [S] Lakeside Marina
101  762.00 0 05   44.31508649 -069.89457232 23   44.32671739 -069.88441380
101  762.00 0 14   44.32453584 -069.89762158 32   44.31726804 -069.88136454
16     329 0 1 75B  [S] Seven G S
101  152.40 0 04   44.48791679 -069.99332650 22   44.49554653 -069.98900518
16     335 0 1 ME67 [S] Wesserunsett Spb & Ice
101 1524.00 0 02   44.82857539 -069.77017283 20   44.85598849 -069.76882273
101 1371.60 0 11   44.84276058 -069.78882863 29   44.84180330 -069.75016693
17     240 0 1 ME24 [H] Ben Hur
102 H1   44.28327083 -069.23920973   0.00   12.19   12.19   1 2   0 0.25 0
19   44.28343541 -069.23897984 1 WS
17     230 0 1 ME78 [H] Cianbro
102 H1   44.78339750 -069.37282556   0.00   12.19   12.19   1 2   0 0.25 0
19   44.78356208 -069.37259368 1 WS
17      60 0 1 ME76 [H] Penobscot Bay Medical Center
102 H1   44.14230194 -069.08226112   0.00   21.34   21.34   1 2   0 0.25 0
19   44.14258995 -069.08185977 1 WS