1      204 1 1 LFBA Agen la Garenne
100   29.87   1   0 0.25 0 3 0 11   44.17770300  000.58042800  164.90    0.00 2  0 0 1 29   44.17034700  000.60549400  399.90    0.00 3  5 0 1
21   44.17676756  000.58484143  2 112.24   3.00 11  PAPI-4L
21   44.17241514  000.59722681  2 292.26   3.00 29  PAPI-4L
110   1 0.30 112.24 Default taxiway for RWY 11
111  44.17758068  000.58035824   3 102 
111  44.17695658  000.58000234   3 102 
111  44.16960332  000.60507152   3 102 
111  44.17022742  000.60542738 
112  44.17032918  000.60508045  44.17027622  000.60525272   3 102 
111  44.17012693  000.60516760   3 102 
112  44.16992789  000.60505411  44.16977860  000.60496898   3 102 
111  44.16982948  000.60479552   3 102 
111  44.17337891  000.59269459   3 102 
111  44.17387861  000.59297954 
111  44.17392949  000.59280608   3 102 
111  44.17342979  000.59252113   3 102 
112  44.17697922  000.58042020  44.17703010  000.58024674   3 102 
111  44.17717939  000.58033187   3 102 
112  44.17737843  000.58044538  44.17752772  000.58053052   3 102 
113  44.17747892  000.58070516 
120 Default hold RWY 11 (near)
111  44.17732979  000.58021517   4 
115  44.17727891  000.58038863 
120 Default hold RWY 11 (centre)
111  44.17367860  000.59266301   4 
115  44.17362772  000.59283647 
120 Default hold RWY 11 (far)
111  44.17002741  000.60511085   4 
115  44.16997653  000.60528432 
18   44.17489802  000.59345630 1 BCN
19   44.17817797  000.58029391 1 WS
19   44.16987200  000.60562788 1 WS
50 12960 ATIS
54 12130 AGEN TWR
55 12110 BLAGNAC APP
55 12117 TOULOUSE APP
55 12930 TOULOUSE APP
55 12385 TOULOUSE APP
55 12497 TOULOUSE APP
1      791 0 1 LFIB Belves Saint Pardoux
100   60.05   3   0 0.25 0 0 0 29   44.78216782  000.95866576    0.00    0.00 1  0 0 0 11   44.78427218  000.94896824    0.00    0.00 1  0 0 0
19   44.78123599  000.95906042 1 WS
19   44.78520398  000.94857342 1 WS
1      171 1 1 LFBE Bergerac Roumaniere
100   45.11   1   0 0.25 0 3 0 10   44.82526900  000.50495000  209.40    0.00 2  0 0 0 28   44.82378100  000.53260300  245.06    0.00 3 10 0 1
21   44.82539073  000.51017238  2  94.33   3.00 10  PAPI-4L
21   44.82373899  000.52592594  2 274.35   3.00 28  PAPI-4L
110   1 0.30  94.33 Default taxiway for RWY 10
111  44.82506884  000.50492864   3 102 
111  44.82405459  000.50482039   3 102 
111  44.82256993  000.53247411   3 102 
111  44.82358418  000.53258235 
112  44.82361482  000.53201161  44.82359726  000.53229674   3 102 
111  44.82335438  000.53227082   3 102 
112  44.82303053  000.53223626  44.82278765  000.53221034   3 102 
111  44.82280297  000.53192497   3 102 
111  44.82350700  000.51881154   3 102 
111  44.82431885  000.51889818 
111  44.82433417  000.51861281   3 102 
111  44.82352232  000.51852617   3 102 
112  44.82422635  000.50541273  44.82424167  000.50512736   3 102 
111  44.82448455  000.50515329   3 102 
112  44.82480840  000.50518785  44.82505128  000.50521377   3 102 
113  44.82503820  000.50549938 
120 Default hold RWY 10 (near)
111  44.82466180  000.50488520   4 
115  44.82464648  000.50517057 
120 Default hold RWY 10 (centre)
111  44.82392713  000.51856937   4 
115  44.82391181  000.51885474 
120 Default hold RWY 10 (far)
111  44.82319246  000.53225354   4 
115  44.82317714  000.53253891 
18   44.82594358  000.51892623 1 BCN
19   44.82590684  000.50444406 1 WS
19   44.82314303  000.53310862 1 WS
54 11980 BERGERAC TWR
55 11927 AQUITAINE APP
1      393 0 1 LF02 Castillonnes Cavarc
100   29.87   3   0 0.25 0 0 0 33   44.69623206  000.63618440    0.00    0.00 1  0 0 0 15   44.70103794  000.63195960    0.00    0.00 1  0 0 0
19   44.69579043  000.63590374 1 WS
19   44.70147958  000.63224026 1 WS
1      105 0 1 LFDM Marmande Virazeil
100   29.87   1   0 0.25 0 1 0 11   44.50055300  000.19332800  199.95    0.00 2  0 0 0 29   44.49728600  000.20769700  199.95    0.00 2  0 0 0
110   1 0.30 107.68 Default taxiway for RWY 11
111  44.50042708  000.19327174   3 102 
111  44.49978463  000.19298470   3 102 
111  44.49651853  000.20735453   3 102 
111  44.49716098  000.20764155 
112  44.49724260  000.20728245  44.49719965  000.20746105   3 102 
111  44.49704598  000.20739239   3 102 
112  44.49684108  000.20730085  44.49668741  000.20723219   3 102 
111  44.49672822  000.20705264   3 102 
111  44.49825925  000.20031661   3 102 
111  44.49877363  000.20054642 
111  44.49881443  000.20036687   3 102 
111  44.49830005  000.20013706   3 102 
112  44.49983108  000.19340101  44.49987189  000.19322147   3 102 
111  44.50002556  000.19329013   3 102 
112  44.50023046  000.19338167  44.50038413  000.19345033   3 102 
113  44.50034546  000.19363083 
120 Default hold RWY 11 (near)
111  44.50016882  000.19315635   4 
115  44.50012801  000.19333590 
120 Default hold RWY 11 (centre)
111  44.49855617  000.20025149   4 
115  44.49851537  000.20043104 
120 Default hold RWY 11 (far)
111  44.49694353  000.20734662   4 
115  44.49690272  000.20752617 
18   44.49981707  000.20091039 1 BCN
19   44.50101880  000.19314056 1 WS
19   44.49682018  000.20788432 1 WS
1      282 0 1 LFDF Sainte Foy la Grande
100   79.86   3   0 0.25 0 0 0 10   44.85417526  000.16909396    0.00    0.00 1  0 0 0 28   44.85304674  000.18424004    0.00    0.00 1  0 0 0
19   44.85532241  000.16824455 1 WS
19   44.85189947  000.18508913 1 WS
1      190 0 1 LFCW Villeneuve sur Lot
100   29.87   1   0 0.25 0 0 0 10   44.39902900  000.75389400    0.00    0.00 2  0 0 0 28   44.39708300  000.76666100  149.96    0.00 2  0 0 0
110   1 0.30 102.04 Default taxiway for RWY 10
111  44.39889975  000.75385542   3 
111  44.39824030  000.75365860   3 
111  44.39629501  000.76642603   3 
111  44.39695446  000.76662284 
112  44.39701052  000.76625489  44.39698029  000.76643822   3 
111  44.39682255  000.76639114   3 
112  44.39661223  000.76632837  44.39645449  000.76628129   3 
111  44.39648252  000.76609731   3 
111  44.39738509  000.76017354   3 
111  44.39791309  000.76033112 
111  44.39794112  000.76014714   3 
111  44.39741312  000.75998956   3 
112  44.39831569  000.75406579  44.39834372  000.75388181   3 
111  44.39850146  000.75392889   3 
112  44.39871178  000.75399167  44.39886952  000.75403875   3 
113  44.39884369  000.75422338 
120 Default hold RWY 10 (near)
111  44.39863465  000.75377630   4 
115  44.39860662  000.75396028 
120 Default hold RWY 10 (centre)
111  44.39767602  000.76006802   4 
115  44.39764799  000.76025200 
120 Default hold RWY 10 (far)
111  44.39671739  000.76635975   4 
115  44.39668936  000.76654372 
19   44.39947941  000.75364374 1 WS
19   44.39663256  000.76691115 1 WS