1     2096 0 1 LFLW Aurillac 
100   29.87   1   0 0.25 0 3 0 15   44.89786100  002.41694500    0.00    0.00 3 10 0 1 33   44.88497200  002.42744500    0.00    0.00 2  0 0 0
21   44.88636479  002.42576902  2 330.01   3.00 33  PAPI-4L
110   1 0.30 150.01 Default taxiway for RWY 15
111  44.89779493  002.41678342   3 102 
111  44.89745785  002.41595902   3 102 
111  44.88456933  002.42646159   3 102 
111  44.88490641  002.42728581 
112  44.88513922  002.42709610  44.88502170  002.42718821   3 102 
111  44.88494107  002.42699105   3 102 
112  44.88483356  002.42672819  44.88475293  002.42653103   3 102 
111  44.88486933  002.42643617   3 102 
111  44.89102258  002.42142204   3 102 
111  44.89129247  002.42208204 
111  44.89140887  002.42198719   3 102 
111  44.89113898  002.42132719   3 102 
112  44.89729223  002.41631306  44.89740863  002.41621820   3 102 
111  44.89748926  002.41641540   3 102 
112  44.89759677  002.41667833  44.89767740  002.41687552   3 102 
113  44.89756212  002.41697313 
120 Default hold RWY 15 (near)
111  44.89765943  002.41645201   4 
115  44.89754302  002.41654686 
120 Default hold RWY 15 (centre)
111  44.89127337  002.42165582   4 
115  44.89115697  002.42175067 
120 Default hold RWY 15 (far)
111  44.88488732  002.42685962   4 
115  44.88477091  002.42695447 
18   44.89188865  002.42334508 1 BCN
19   44.89829538  002.41724828 1 WS
19   44.88453764  002.42714171 1 WS
54 11832 INFO
1     2024 0 1 LFIG Cassagnes Begonhes
100   20.12   2   0 0.25 0 0 0 10   44.17977400  002.51206200    0.00    0.00 2  0 0 0 28   44.17911500  002.52516100  249.94    0.00 2  0 0 0
110   2 0.30  94.01 Default taxiway for RWY 10
111  44.17968595  002.51205340  53 
111  44.17923222  002.51200906  53 
111  44.17857397  002.52510822  53 
111  44.17902770  002.52515255 
112  44.17904035  002.52490073  44.17903178  002.52502642  53 
111  44.17892343  002.52501583  53 
112  44.17877895  002.52500171  44.17867060  002.52499113  53 
111  44.17867692  002.52486522  53 
111  44.17899023  002.51863042  53 
111  44.17935366  002.51866593 
111  44.17935999  002.51854002  53 
111  44.17899656  002.51850451  53 
112  44.17930987  002.51226971  44.17931619  002.51214380  53 
111  44.17942454  002.51215438  53 
112  44.17956902  002.51216850  44.17967737  002.51217909  53 
113  44.17967330  002.51230522 
120 Default hold RWY 10 (near)
111  44.17950311  002.51203553  54 
115  44.17949678  002.51216144 
120 Default hold RWY 10 (centre)
111  44.17917715  002.51852215  54 
115  44.17917082  002.51864806 
120 Default hold RWY 10 (far)
111  44.17885119  002.52500877  54 
115  44.17884486  002.52513468 
19   44.18005754  002.51183665 1 WS
19   44.17883143  002.52538628 1 WS
55 12537 RODEZ APP
1     1910 1 1 LFCR Rodez Marcillac
100   45.11   1   0 0.25 0 3 0 13   44.41368300  002.47265600    0.00  199.95 3  0 0 1 31   44.40209400  002.49263600   49.99    0.00 3 10 0 1
21   44.41381335  002.47332186  2 129.07   3.00 13  PAPI-4L
110   1 0.30 129.07 Default taxiway for RWY 13
111  44.41352715  002.47247889   3 102 
111  44.41273743  002.47158146   3 102 
111  44.40115017  002.49156563   3 102 
111  44.40193989  002.49246289 
112  44.40219574  002.49202164  44.40206608  002.49224027   3 102 
111  44.40187696  002.49202541   3 102 
112  44.40162481  002.49173892  44.40143570  002.49152405   3 102 
111  44.40156362  002.49130343   3 102 
111  44.40703744  002.48186293   3 102 
111  44.40766956  002.48258120 
111  44.40779748  002.48236058   3 102 
111  44.40716536  002.48164230   3 102 
112  44.41263918  002.47220180  44.41276710  002.47198118   3 102 
111  44.41295621  002.47219609   3 102 
112  44.41320836  002.47248263  44.41339748  002.47269754   3 102 
113  44.41327130  002.47292014 
120 Default hold RWY 13 (near)
111  44.41321022  002.47211873   4 
115  44.41308229  002.47233936 
120 Default hold RWY 13 (centre)
111  44.40748055  002.48200045   4 
115  44.40735263  002.48222107 
120 Default hold RWY 13 (far)
111  44.40175089  002.49188216   4 
115  44.40162296  002.49210279 
18   44.40899321  002.48390032 1 BCN
19   44.41441163  002.47275202 1 WS
19   44.40136538  002.49253975 1 WS
54 11812 RODEZ TWR
55 12537 RODEZ APP
1     1096 0 1 LFCV Villefranche de Rouergue
100   79.86   3   0 0.25 0 0 0 13   44.37290177  002.02304315    0.00    0.00 1  0 0 0 31   44.36709823  002.03306885    0.00    0.00 1  0 0 0
19   44.37419180  002.02321078 1 WS
19   44.36580822  002.03290102 1 WS