1       69 0 0 LIDU Carpi Budrione
100   28.04   1   0 0.25 0 0 0 02   44.83140598  010.86982271    0.00    0.00 2  0 0 0 20   44.83859222  010.87351109    0.00    0.00 2  0 0 0
10   44.83836750  010.87150570 xxx  20.00   230 0.0 0.0   150 101101  1 0 0 0.25 0
10   44.83842090  010.87226490 xxx 108.00   500 0.0 0.0    70 101101  1 0 0 0.25 0
10   44.83833310  010.87247560 xxx 110.00   400 0.0 0.0    69 101101  1 0 0 0.25 0
14   44.83599090  010.87113380    0 0 ATC Tower
15   44.83846280  010.87135410 110.00 Ramp
19   44.83129830  010.86919944 1 WS
19   44.83869988  010.87413445 1 WS
1      184 0 0 LIPM Modena Marzaglia
100   19.81   1   0 0.25 0 0 0 11   44.63456216  010.81191439    0.00    0.00 2  0 0 0 29   44.63210044  010.82141881    0.00    0.00 2  0 0 0
10   44.63188550  010.81728170 xxx  22.00   260 0.0 0.0   110 101101  1 0 0 0.25 0
10   44.63276290  010.81726840 xxx  80.00    30 0.0 0.0    30 101101  1 0 0 0.25 0
10   44.63222890  010.81738000 xxx  60.00    30 0.0 0.0    30 101101  1 0 0 0.25 0
10   44.63214870  010.81760880 xxx  68.00    30 0.0 0.0    30 101101  1 0 0 0.25 0
10   44.63269040  010.81727310 xxx   5.00    30 0.0 0.0    30 101101  1 0 0 0.25 0
10   44.63201520  010.81697650 xxx  70.00    30 0.0 0.0    30 101101  1 0 0 0.25 0
10   44.63208010  010.81696030 xxx 180.00    30 0.0 0.0    30 101101  1 0 0 0.25 0
10   44.63195040  010.81705190 xxx  40.00    30 0.0 0.0    50 101101  1 0 0 0.25 0
10   44.63219830  010.81749150 xxx  22.00    30 0.0 0.0    70 101101  1 0 0 0.25 0
10   44.63157270  010.81708240 xxx 112.00    99 0.0 0.0    30 101101  1 0 0 0.25 0
10   44.63302610  010.81707290 xxx 150.00   200 0.0 0.0    30 101101  1 0 0 0.25 0
10   44.63238140  010.81711290 xxx  22.00   220 0.0 0.0    30 101101  1 0 0 0.25 0
10   44.63183590  010.81745910 xxx  22.00   240 0.0 0.0    30 101101  1 0 0 0.25 0
10   44.63262940  010.81753830 xxx  22.00   300 0.0 0.0    30 101101  1 0 0 0.25 0
10   44.63153840  010.81726550 xxx  67.00    30 0.0 0.0    30 101101  1 0 0 0.25 0
14   44.63146970  010.81892680    0 0 ATC Tower
15   44.63218690  010.81751630 300.00 Ramp
19   44.63487316  010.81180680 1 WS
19   44.63178943  010.82152634 1 WS
1      161 1 0 LIMP PARMA
100   45.11   1   0 0.25 1 2 0 02   44.81765600  010.29312900  213.97    0.00 2  0 0 0 20   44.83589100  010.30108700  181.97    0.00 3  1 1 0
21   44.82133344  010.29414164  2  17.20   3.00 02  PAPI-4L
21   44.83150541  010.29976434  2 197.20   3.00 20  PAPI-4L
10   44.82500080  010.29947570 xxx  17.24   460 0.0 0.0   190 101101  1 0 0 0.25 0
10   44.81848530  010.29130360 xxx  81.00   100 0.0 0.0   100 101101  1 0 0 0.25 0
10   44.82456970  010.29846290 xxx  60.00    60 0.0 0.0    60 101101  1 0 0 0.25 0
10   44.81909180  010.29207130 xxx   0.00    60 0.0 0.0    60 101101  1 0 0 0.25 0
10   44.82463460  010.29829030 xxx 175.00    70 0.0 0.0    60 101101  1 0 0 0.25 0
10   44.82624440  010.29736710 xxx 170.00   100 0.0 0.0    50 101101  1 0 0 0.25 0
10   44.81769940  010.29369350 xxx  60.00    80 0.0 0.0    80 101101  1 0 0 0.25 0
10   44.81701660  010.29339790 xxx  70.00    80 0.0 0.0    80 101101  1 0 0 0.25 0
10   44.81897740  010.29196360 xxx 170.00    61 0.0 0.0   100 101101  1 0 0 0.25 0
10   44.81895070  010.29159930 xxx  70.00    90 0.0 0.0    90 101101  1 0 0 0.25 0
10   44.81866840  010.29347520 xxx 134.00   100 0.0 0.0    80 101101  1 0 0 0.25 0
10   44.83241270  010.30016710 xxx  71.70   100 0.0 0.0    80 101101  1 0 0 0.25 0
10   44.82262040  010.29830460 xxx 154.00   140 0.0 0.0    50 101101  1 0 0 0.25 0
10   44.82592770  010.29731940 xxx  90.00    60 0.0 0.0    60 101101  1 0 0 0.25 0
10   44.82005690  010.29771420 xxx  17.24   140 0.0 0.0   120 101101  1 0 0 0.25 0
10   44.81921010  010.29265020 xxx   0.00   200 0.0 0.0    60 101101  1 0 0 0.25 0
10   44.83261490  010.30031110 xxx  17.24   170 0.0 0.0   100 101101  1 0 0 0.25 0
10   44.81929020  010.29248330 xxx  17.00   180 0.0 0.0   100 101101  1 0 0 0.25 0
10   44.82291030  010.29877850 xxx 107.24   200 0.0 0.0   170 101101  1 0 0 0.25 0
10   44.81734470  010.29356580 xxx  17.24   270 0.0 0.0   100 101101  1 0 0 0.25 0
10   44.82456210  010.29893400 xxx 107.24   300 0.0 0.0    70 101101  1 0 0 0.25 0
10   44.82336040  010.29903980 xxx 108.24   400 0.0 0.0    50 101101  1 0 0 0.25 0
10   44.82320400  010.29679200 xxx 107.24   450 0.0 0.0    50 101101  1 0 0 0.25 0
10   44.81880950  010.29356670 xxx  70.00   100 0.0 0.0    80 101101  1 0 0 0.25 0
10   44.82255170  010.29824160 xxx   0.00    40 0.0 0.0    40 101101  1 0 0 0.25 0
10   44.81917190  010.29180620 xxx 140.00    60 0.0 0.0    60 101101  1 0 0 0.25 0
10   44.81916430  010.29229640 xxx  47.00    60 0.0 0.0    60 101101  1 0 0 0.25 0
10   44.82025530  010.29751400 xxx  65.00    50 0.0 0.0    50 101101  1 0 0 0.25 0
10   44.82239530  010.29844280 xxx 163.00    50 0.0 0.0    50 101101  1 0 0 0.25 0
10   44.82276540  010.29835510 xxx  50.00    50 0.0 0.0    50 101101  1 0 0 0.25 0
10   44.82228850  010.29846190 xxx   0.00    50 0.0 0.0    50 101101  1 0 0 0.25 0
10   44.82012560  010.29754920 xxx  70.00    50 0.0 0.0    50 101101  1 0 0 0.25 0
10   44.82309720  010.29755210 xxx  65.00    50 0.0 0.0    50 101101  1 0 0 0.25 0
10   44.82297520  010.29751590 xxx  65.00    50 0.0 0.0    50 101101  1 0 0 0.25 0
10   44.82329940  010.29611970 xxx  65.00    50 0.0 0.0    50 101101  1 0 0 0.25 0
10   44.82341380  010.29616070 xxx  65.00    50 0.0 0.0    50 101101  1 0 0 0.25 0
10   44.81932070  010.29172230 xxx  80.00    60 0.0 0.0    60 101101  1 0 0 0.25 0
10   44.81893540  010.29255200 xxx 107.24   600 0.0 0.0    75 101101  1 0 0 0.25 0
10   44.81937030  010.29078870 xxx  18.24   500 0.0 0.0   120 101101  1 0 0 0.25 0
10   44.81836320  010.29111290 xxx 144.00   500 0.0 0.0   180 101101  1 0 0 0.25 0
10   44.82294850  010.29801650 xxx  17.24   500 0.0 0.0   190 101101  1 0 0 0.25 0
10   44.82047270  010.29623990 xxx 107.24   700 0.0 0.0    50 101101  1 0 0 0.25 0
10   44.82550810  010.29777240 xxx 154.00   700 0.0 0.0    70 101101  1 0 0 0.25 0
10   44.82120900  010.29801560 xxx  17.24   790 0.0 0.0    50 101101  1 0 0 0.25 0
10   44.82355120  010.29789260 xxx  17.24   860 0.0 0.0    70 101101  1 0 0 0.25 0
10   44.81960300  010.29152580 xxx  18.24   950 0.0 0.0   190 101101  1 0 0 0.25 0
14   44.81813430  010.29144000   64 0 ATC Tower
15   44.82257460  010.29804040  20.00 Ramp
18   44.82719233  010.29519234 1 BCN
19   44.81744821  010.29213974 1 WS
19   44.83609872  010.30207661 1 WS
54 11845 TWR
55 12655 APP
1     2214 0 0 LIDP Pavullo
100   29.87   4   0 0.25 0 0 0 03   44.31823027  010.82960106    0.00    0.00 1  0 0 0 21   44.32510373  010.83428694    0.00    0.00 1  0 0 0
10   44.31867220  010.82905670 xxx  26.00   140 0.0 0.0   140 101101  1 0 0 0.25 0
14   44.32343290  010.83183190    0 0 ATC Tower
15   44.31860730  010.82909490 120.00 Ramp
19   44.31816541  010.82892983 1 WS
19   44.32516856  010.83495826 1 WS
1      152 0 0 LIDE REGGIO EMILIA
100   29.87   1   0 0.25 0 0 0 11   44.69988300  010.65750600  298.09    0.00 2  0 0 0 29   44.69622300  010.67192000   85.95    0.00 2  0 0 0
10   44.70111080  010.65903090 xxx  60.00    60 0.0 0.0    60 101101  1 0 0 0.25 0
10   44.69667430  010.66941830 xxx   9.00    60 0.0 0.0    60 101101  1 0 0 0.25 0
10   44.69677350  010.66985610 xxx  54.00    60 0.0 0.0    60 101101  1 0 0 0.25 0
10   44.70077900  010.65929130 xxx  50.00    60 0.0 0.0    60 101101  1 0 0 0.25 0
10   44.70104980  010.65914250 xxx   0.00    60 0.0 0.0    60 101101  1 0 0 0.25 0
10   44.70091630  010.65918730 xxx  70.00    60 0.0 0.0    60 101101  1 0 0 0.25 0
10   44.69673920  010.66994090 xxx   0.00    60 0.0 0.0    60 101101  1 0 0 0.25 0
10   44.70105360  010.65861420 xxx  10.00    60 0.0 0.0    60 101101  1 0 0 0.25 0
10   44.69641880  010.67008780 xxx  56.00    60 0.0 0.0    64 101101  1 0 0 0.25 0
10   44.70083620  010.66609480 xxx 118.00   320 0.0 0.0    90 101101  1 0 0 0.25 0
10   44.70198060  010.66312310 xxx 118.00   320 0.0 0.0   130 101101  1 0 0 0.25 0
10   44.70002370  010.66936780 xxx 118.00  1000 0.0 0.0   260 101101  1 0 0 0.25 0
10   44.70036320  010.66606520 xxx 116.00  2580 0.0 0.0    60 101101  1 0 0 0.25 0
10   44.70105360  010.65882870 xxx 168.00    60 0.0 0.0    60 101101  1 0 0 0.25 0
10   44.70061490  010.66587830 xxx 208.00   170 0.0 0.0    60 101101  1 0 0 0.25 0
10   44.69876860  010.66988750 xxx 155.00   100 0.0 0.0    60 101101  1 0 0 0.25 0
10   44.69668960  010.66963960 xxx  70.00    71 0.0 0.0    60 101101  1 0 0 0.25 0
10   44.69915010  010.66947360 xxx 132.00    75 0.0 0.0    60 101101  1 0 0 0.25 0
10   44.69657900  010.66997150 xxx  70.00    60 0.0 0.0    80 101101  1 0 0 0.25 0
10   44.70197680  010.66071890 xxx  84.00   100 0.0 0.0    60 101101  1 0 0 0.25 0
10   44.70198060  010.66108040 xxx  94.00   100 0.0 0.0    60 101101  1 0 0 0.25 0
10   44.69698330  010.67003820 xxx 200.00   100 0.0 0.0    60 101101  1 0 0 0.25 0
10   44.69723510  010.67014410 xxx 193.00   100 0.0 0.0    60 101101  1 0 0 0.25 0
10   44.69802090  010.67019180 xxx 173.00   100 0.0 0.0    60 101101  1 0 0 0.25 0
10   44.69749070  010.67019940 xxx 185.00   100 0.0 0.0    60 101101  1 0 0 0.25 0
10   44.69775770  010.67021560 xxx 180.00   100 0.0 0.0    60 101101  1 0 0 0.25 0
10   44.70174790  010.66287990 xxx 208.00   200 0.0 0.0    60 101101  1 0 0 0.25 0
10   44.69852830  010.67002960 xxx 160.00   100 0.0 0.0    60 101101  1 0 0 0.25 0
10   44.69978330  010.66839410 xxx 208.00   200 0.0 0.0    60 101101  1 0 0 0.25 0
10   44.70193860  010.66143610 xxx 104.00   100 0.0 0.0    60 101101  1 0 0 0.25 0
10   44.70127490  010.65926460 xxx  35.00   100 0.0 0.0    60 101101  1 0 0 0.25 0
10   44.70192340  010.66036890 xxx  72.00   100 0.0 0.0    60 101101  1 0 0 0.25 0
10   44.70148470  010.65948960 xxx  40.00   100 0.0 0.0    60 101101  1 0 0 0.25 0
10   44.70166780  010.65974710 xxx  50.00   100 0.0 0.0    60 101101  1 0 0 0.25 0
10   44.70104980  010.65906330 xxx  30.00   100 0.0 0.0    60 101101  1 0 0 0.25 0
10   44.70181660  010.66004280 xxx  60.00   100 0.0 0.0    60 101101  1 0 0 0.25 0
10   44.69898220  010.66969870 xxx 140.00   100 0.0 0.0    60 101101  1 0 0 0.25 0
10   44.69671630  010.66988370 xxx 205.00   120 0.0 0.0    60 101101  1 0 0 0.25 0
10   44.69897460  010.67049220 xxx 208.00   150 0.0 0.0    70 101101  1 0 0 0.25 0
10   44.69828030  010.67012980 xxx 168.00   100 0.0 0.0    60 101101  1 0 0 0.25 0
14   44.69937130  010.66496090    0 0 ATC Tower
15   44.70050430  010.66881660 210.00 Ramp
19   44.70035314  010.65734063 1 WS
19   44.69575284  010.67208524 1 WS