1     1266 0 1 LY89 BOR
100   29.87   1   0 0.25 0 0 0 15   44.02258100  022.13438300    0.00    0.00 2  0 0 0 33   44.01389200  022.13988900    0.00    0.00 2  0 0 0
110   1 0.30 155.50 Default taxiway for RWY 15
111  44.02252620  022.13421576   3 
111  44.02224658  022.13336247   3 
111  44.01355771  022.13886943   3 
111  44.01383733  022.13972259 
112  44.01408194  022.13956756  44.01395870  022.13964223   3 
111  44.01389182  022.13943815   3 
112  44.01380264  022.13916605  44.01373575  022.13896197   3 
111  44.01385805  022.13888446   3 
111  44.01789672  022.13632479   3 
111  44.01812061  022.13700793 
111  44.01824292  022.13693042   3 
111  44.01801903  022.13624727   3 
112  44.02205770  022.13368760  44.02218001  022.13361007   3 
111  44.02224690  022.13381418   3 
112  44.02233608  022.13408632  44.02240296  022.13429042   3 
113  44.02228159  022.13437079 
120 Default hold RWY 15 (near)
111  44.02241379  022.13387274   4 
115  44.02229149  022.13395025 
120 Default hold RWY 15 (centre)
111  44.01813051  022.13658742   4 
115  44.01800820  022.13666494 
120 Default hold RWY 15 (far)
111  44.01384723  022.13930210   4 
115  44.01372492  022.13937962 
19   44.02299282  022.13473824 1 WS
19   44.01348019  022.13953378 1 WS
54 12350 INFO
1      200 0 1 LB40 VIDIN SMURDAN
100   30.48   2   0 0.25 0 0 0 09   44.02235800  022.80301500  293.83    0.00 2  0 0 0 27   44.02235800  022.82920800  119.79    0.00 2  0 0 0
110   2 0.30  89.99 Default taxiway for RWY 09
111  44.02222310  022.80301503  53 
111  44.02153511  022.80301518  53 
111  44.02153810  022.82920818  53 
111  44.02222609  022.82920803 
112  44.02222605  022.82882657  44.02222382  022.82901730  53 
111  44.02205924  022.82901734  53 
112  44.02183980  022.82901739  44.02167522  022.82901742  53 
111  44.02167520  022.82882669  53 
111  44.02167376  022.81620702  53 
111  44.02222461  022.81620690 
111  44.02222459  022.81601616  53 
111  44.02167374  022.81601628  53 
112  44.02167229  022.80339661  44.02167227  022.80320588  53 
111  44.02183685  022.80320585  53 
112  44.02205629  022.80320580  44.02222087  022.80320576  53 
113  44.02222314  022.80339649 
120 Default hold RWY 09 (near)
111  44.02194655  022.80301509  54 
115  44.02194657  022.80320582 
120 Default hold RWY 09 (centre)
111  44.02194804  022.81601622  54 
115  44.02194806  022.81620696 
120 Default hold RWY 09 (far)
111  44.02194952  022.82901736  54 
115  44.02194954  022.82920809 
19   44.02276941  022.80263345 1 WS
19   44.02194651  022.82958937 1 WS