1     3626 0 1 U54  Bernard USFS
100   45.72   3   0 0.25 0 0 0 17   44.98222307 -114.73436467    0.00    0.00 1  0 0 0 35   44.97705025 -114.73526257    0.00    0.00 1  0 0 0
19   44.98255623 -114.73342774 1 WS
19   44.97671708 -114.73619940 1 WS
1     5072 0 1 KLLJ CHALLIS
100   18.29   1   0 0.25 0 2 0 16   44.52916700 -114.21722200    0.00    0.00 2  0 0 0 34   44.51666700 -114.21777800    0.00    0.00 2  0 0 0
21   44.51847483 -114.21809088  2   1.82   3.00 34  PAPI-4L
110   1 0.30 181.82 Default taxiway for RWY 16
111  44.52916954 -114.21733422   3 102 
111  44.52918265 -114.21791423   3 102 
111  44.51668265 -114.21847020   3 102 
111  44.51666954 -114.21789031 
112  44.51683404 -114.21788299  44.51675186 -114.21788981   3 102 
111  44.51675499 -114.21802822   3 102 
112  44.51675916 -114.21821278  44.51676229 -114.21835120   3 102 
111  44.51684454 -114.21834754   3 102 
111  44.52288892 -114.21807869   3 102 
111  44.52287842 -114.21761410 
111  44.52296066 -114.21761044   3 102 
111  44.52297116 -114.21807503   3 102 
112  44.52901554 -114.21780618  44.52909779 -114.21780252   3 102 
111  44.52909466 -114.21766407   3 102 
112  44.52909049 -114.21747948  44.52908736 -114.21734103   3 102 
113  44.52900504 -114.21734154 
120 Default hold RWY 16 (near)
111  44.52917483 -114.21756812   4 
115  44.52909258 -114.21757178 
120 Default hold RWY 16 (centre)
111  44.52296595 -114.21784431   4 
115  44.52288371 -114.21784797 
120 Default hold RWY 16 (far)
111  44.51675708 -114.21812050   4 
115  44.51667483 -114.21812416 
18   44.52290063 -114.21669246 1 BCN
19   44.52932367 -114.21686856 1 WS
19   44.51651032 -114.21813136 1 WS
50 11927 ASOS
51 12280 CTAF/UNICOM
1     3647 0 1 79U  Flying B Ranch Landing Strip
100   30.48   3   0 0.25 0 0 0 36   44.96534687 -114.73400214    0.00    0.00 1  0 0 0 18   44.97059313 -114.73173510    0.00    0.00 1  0 0 0
19   44.96520485 -114.73467159 1 WS
19   44.97073514 -114.73106558 1 WS
1     4200 0 1 ID67 Lower Loon Creek
100   22.86   3   0 0.25 0 0 0 13   44.80951108 -114.81041592    0.00    0.00 1  0 0 0 31   44.80698058 -114.80809964    0.00    0.00 1  0 0 0
19   44.80985093 -114.81021069 1 WS
19   44.80664072 -114.80830487 1 WS
1     4618 0 1 0U3  Mahoney Creek USFS
100    4.57   4   0 0.25 0 0 0 03   44.74262176 -114.92451993    0.00    0.00 1  0 0 0 21   44.74664378 -114.91844731    0.00    0.00 1  0 0 0
19   44.74263783 -114.92462024 1 WS
19   44.74662770 -114.91834700 1 WS
1     6403 0 1 2U7  Stanley
100   45.72   3   0 0.25 0 0 0 17   44.21437261 -114.93352540    0.00    0.00 1  0 0 0 35   44.20266571 -114.93553072    0.00    0.00 1  0 0 0
19   44.21470577 -114.93260076 1 WS
19   44.20233254 -114.93645515 1 WS
1     5500 0 1 U72  Upper Loon Creek USFS
100   22.86   3   0 0.25 0 0 0 04   44.58971063 -114.82718133    0.00    0.00 1  0 0 0 22   44.59344547 -114.81910535    0.00    0.00 1  0 0 0
19   44.58985622 -114.82765856 1 WS
19   44.59329985 -114.81862811 1 WS