1     1874 0 1 98D  ONIDA MUNI
100   18.29   1   0 0.25 0 1 0 13   44.70458100 -100.10493900    0.00    0.00 2  0 0 0 31   44.69816100 -100.09711900    0.00    0.00 2  0 0 0
100   36.58   3   0 0.25 0 0 0 08   44.69992500 -100.10526900    0.00    0.00 1  0 0 0 26   44.69989200 -100.09709700    0.00    0.00 1  0 0 0
110   1 0.30 139.11 Default taxiway for RWY 13
111  44.70452861 -100.10502413   3 102 
111  44.70425781 -100.10546417   3 102 
111  44.69783808 -100.09764324   3 102 
111  44.69810888 -100.09720326 
112  44.69823330 -100.09735484  44.69816961 -100.09728144   3 102 
111  44.69810498 -100.09738646   3 102 
112  44.69801879 -100.09752649  44.69795415 -100.09763151   3 102 
111  44.69801636 -100.09770730   3 102 
111  44.70107070 -100.10142828   3 102 
111  44.70128764 -100.10107580 
111  44.70134985 -100.10115159   3 102 
111  44.70113291 -100.10150408   3 102 
112  44.70418725 -100.10522507  44.70424946 -100.10530085   3 102 
111  44.70431410 -100.10519582   3 102 
112  44.70440029 -100.10505577  44.70446492 -100.10495074   3 102 
113  44.70440419 -100.10487256 
120 Default hold RWY 13 (near)
111  44.70441940 -100.10520158   4 
115  44.70435719 -100.10512579 
120 Default hold RWY 13 (centre)
111  44.70124064 -100.10132903   4 
115  44.70117843 -100.10125324 
120 Default hold RWY 13 (far)
111  44.69806188 -100.09745647   4 
115  44.69799967 -100.09738068 
18   44.70175010 -100.10041824 1 BCN
19   44.70042058 -100.10572816 1 WS
19   44.70486702 -100.10482799 1 WS
19   44.69939638 -100.09663791 1 WS
19   44.69787499 -100.09723004 1 WS
51 12290 CTAF
1     1742 0 1 KPIR PIERRE RGNL
100   30.48   1   0 0.25 0 3 0 13   44.38488600 -100.29381700    0.00    0.00 2  0 0 1 31   44.37025000 -100.27708600    0.00    0.00 3  8 0 0
100   45.72   1   0 0.25 0 3 0 07   44.38572200 -100.29933300    0.00    0.00 2  0 0 1 25   44.38992200 -100.27365000    0.00    0.00 2  0 0 1
21   44.38651729 -100.29700413  2  77.10   3.00 07  PAPI-4L
21   44.38370441 -100.29186022  2 140.74   3.00 13  PAPI-4L
21   44.38912723 -100.27597938  2 257.12   3.00 25  PAPI-4L
21   44.37228911 -100.28002159  2 320.76   3.00 31  PAPI-4L
110   1 0.00 140.74 Default taxiway for RWY 13
111  44.38480064 -100.29396316   3 102 
111  44.38436528 -100.29470859   3 102 
111  44.36973050 -100.27797319   3 102 
111  44.37016586 -100.27722794 
112  44.37037826 -100.27747083  44.37027063 -100.27735182   3 102 
111  44.37016649 -100.27753010   3 102 
112  44.37002763 -100.27776780  44.36992348 -100.27794607   3 102 
111  44.37002968 -100.27806751   3 102 
111  44.37708157 -100.28613159   3 102 
111  44.37743015 -100.28553483 
111  44.37753635 -100.28565627   3 102 
111  44.37718777 -100.28625303   3 102 
112  44.38423967 -100.29431711  44.38434586 -100.29443855   3 102 
111  44.38445001 -100.29426023   3 102 
112  44.38458887 -100.29402248  44.38469301 -100.29384416   3 102 
113  44.38458825 -100.29372028 
110   1 0.00  77.10 Default taxiway for RWY 07
111  44.38552366 -100.29926944   3 102 
111  44.38451880 -100.29894745   3 102 
111  44.38872168 -100.27326626   3 102 
111  44.38972654 -100.27358828 
112  44.38963469 -100.27414949  44.38967842 -100.27386819   3 102 
111  44.38943778 -100.27379107   3 102 
112  44.38911693 -100.27368825  44.38887629 -100.27361113   3 102 
111  44.38883037 -100.27389173   3 102 
111  44.38684374 -100.28603081   3 102 
111  44.38764806 -100.28628856 
111  44.38760214 -100.28656916   3 102 
111  44.38679782 -100.28631141   3 102 
112  44.38481118 -100.29845049  44.38476526 -100.29873110   3 102 
111  44.38500590 -100.29880822   3 102 
112  44.38532675 -100.29891103  44.38556739 -100.29898814   3 102 
113  44.38561550 -100.29870823 
130 Airport Boundary 8
111  44.38135816 -100.31163070 
111  44.38139847 -100.29702484 
111  44.37349597 -100.28755077 
111  44.37027046 -100.28636651 
111  44.36611761 -100.27937375 
111  44.36652080 -100.27469311 
111  44.36148093 -100.26900770 
111  44.36325497 -100.26579328 
111  44.37164130 -100.27605686 
111  44.38772854 -100.27639522 
111  44.39022832 -100.26415788 
111  44.39424573 -100.26731884 
111  44.39413925 -100.29094468 
111  44.39163948 -100.29083189 
111  44.39167980 -100.30211055 
111  44.38970417 -100.30214632 
113  44.38974449 -100.31139481 
120 Default hold RWY 13 (near)
111  44.38462564 -100.29426280   4 
115  44.38451944 -100.29414136 
120 Default hold RWY 07 (near)
111  44.38512040 -100.29914022   4 
115  44.38516632 -100.29885962 
120 Default hold RWY 07 (centre)
111  44.38719888 -100.28643994   4 
115  44.38724480 -100.28615934 
120 Default hold RWY 13 (centre)
111  44.37736135 -100.28595587   4 
115  44.37725515 -100.28583443 
120 Default hold RWY 07 (far)
111  44.38927735 -100.27373966   4 
115  44.38932328 -100.27345905 
120 Default hold RWY 13 (far)
111  44.37009706 -100.27764895   4 
115  44.36999086 -100.27752751 
18   44.37817652 -100.28440981 1 BCN
19   44.38623176 -100.30008699 1 WS
19   44.38535875 -100.29361408 1 WS
19   44.36977727 -100.27728900 1 WS
19   44.38941208 -100.27289618 1 WS
50 11902 ASOS
51 12270 CTAF
51 12295 UNICOM
1     2113 0 1 SD57 W L Thompson
100   24.38   3   0 0.25 0 0 0 36   44.56312497 -100.75120577    0.00    0.00 1  0 0 0 18   44.57016891 -100.74963979    0.00    0.00 1  0 0 0
100   24.38   3   0 0.25 0 0 0 09   44.56716186 -100.75498608    0.00    0.00 1  0 0 0 27   44.56613202 -100.74585948    0.00    0.00 1  0 0 0
100   24.38   3   0 0.25 0 0 0 32   44.56398400 -100.74770711    0.00    0.00 1  0 0 0 14   44.56930988 -100.75313845    0.00    0.00 1  0 0 0
19   44.56295972 -100.75171025 1 WS
19   44.56361300 -100.74789985 1 WS
19   44.56752129 -100.75521806 1 WS
19   44.56577258 -100.74562757 1 WS
19   44.57033415 -100.74913524 1 WS
19   44.56968089 -100.75294572 1 WS