1     1001 0 1 9Y8  Bergemann
100   22.86   3   0 0.25 0 0 0 36   44.00070907 -094.17834558    0.00    0.00 1  0 0 0 18   44.00754981 -094.17768054    0.00    0.00 1  0 0 0
19   44.00052528 -094.17879157 1 WS
19   44.00773360 -094.17723450 1 WS
1     1009 0 1 MY03 Brauns
100   24.38   3   0 0.25 0 0 0 18   44.28436407 -094.64026746    0.00    0.00 1  0 0 0 36   44.27889147 -094.64080200    0.00    0.00 1  0 0 0
19   44.28456001 -094.63978741 1 WS
19   44.27869553 -094.64128201 1 WS
1     1020 0 1 0MN1 Brinkman
100   18.29   3   0 0.25 0 0 0 09   44.26265800 -094.07350169    0.00    0.00 1  0 0 0 27   44.26227532 -094.06585999    0.00    0.00 1  0 0 0
19   44.26291574 -094.07370691 1 WS
19   44.26201756 -094.06565480 1 WS
1      975 0 1 5MN1 Budde
100   15.24   3   0 0.25 0 0 0 36   44.19747342 -094.11358955    0.00    0.00 1  0 0 0 18   44.20356990 -094.11299491    0.00    0.00 1  0 0 0
19   44.19735096 -094.11388914 1 WS
19   44.20369236 -094.11269528 1 WS
1      992 0 1 KGYL GLENCOE MUNI
100   22.86   1   0 0.25 0 2 0 13   44.75900300 -094.08601400    0.00    0.00 2  0 0 0 31   44.75308300 -094.07640600    0.00    0.00 2  0 0 0
110   1 0.30 130.94 Default taxiway for RWY 13
111  44.75892700 -094.08610685   3 102 
111  44.75853682 -094.08658358   3 102 
111  44.75261722 -094.07697455   3 102 
111  44.75300740 -094.07649786 
112  44.75314222 -094.07671671  44.75307311 -094.07660936   3 102 
111  44.75297988 -094.07672327   3 102 
112  44.75285556 -094.07687514  44.75276233 -094.07698905   3 102 
111  44.75282974 -094.07709847   3 102 
111  44.75562102 -094.08162943   3 102 
111  44.75593350 -094.08124765 
111  44.75600091 -094.08135707   3 102 
111  44.75568843 -094.08173885   3 102 
112  44.75847970 -094.08626981  44.75854711 -094.08637923   3 102 
111  44.75864034 -094.08626532   3 102 
112  44.75876466 -094.08611343  44.75885789 -094.08599951   3 102 
113  44.75879218 -094.08588801 
120 Default hold RWY 13 (near)
111  44.75876991 -094.08629879   4 
115  44.75870250 -094.08618937 
120 Default hold RWY 13 (centre)
111  44.75584382 -094.08154900   4 
115  44.75577641 -094.08143958 
120 Default hold RWY 13 (far)
111  44.75291772 -094.07679920   4 
115  44.75285031 -094.07668978 
18   44.75658708 -094.08054798 1 BCN
19   44.75936987 -094.08594931 1 WS
19   44.75271614 -094.07647075 1 WS
51 12280 CTAF/UNICOM
55 12500 MINNEAPOLIS APP/DEP
1     1077 0 1 1D6  Hector Municipal
100   15.24   1   0 0.25 0 1 0 12   44.73320176 -094.71915630    0.00    0.00 2  0 0 0 30   44.72894378 -094.71027038    0.00    0.00 2  0 0 0
100   60.96   3   0 0.25 0 0 0 05   44.72898164 -094.71876475    0.00    0.00 1  0 0 0 23   44.73316390 -094.71066193    0.00    0.00 1  0 0 0
110   1 0.30 124.00 Default taxiway for RWY 12
111  44.73314677 -094.71920850   3 102 
111  44.73286064 -094.71948015   3 102 
111  44.72860300 -094.71059356   3 102 
111  44.72888913 -094.71032193 
112  44.72896582 -094.71048199  44.72892562 -094.71040373   3 102 
111  44.72885739 -094.71046850   3 102 
112  44.72876643 -094.71055485  44.72869821 -094.71061961   3 102 
111  44.72873655 -094.71069964   3 102 
111  44.73076951 -094.71494286   3 102 
111  44.73099878 -094.71472520 
111  44.73103712 -094.71480523   3 102 
111  44.73080785 -094.71502289   3 102 
112  44.73284081 -094.71926611  44.73287916 -094.71934614   3 102 
111  44.73294738 -094.71928137   3 102 
112  44.73303834 -094.71919501  44.73310657 -094.71913024   3 102 
113  44.73307008 -094.71904844 
120 Default hold RWY 12 (near)
111  44.73303120 -094.71931822   4 
115  44.73299286 -094.71923819 
120 Default hold RWY 12 (centre)
111  44.73092155 -094.71491495   4 
115  44.73088321 -094.71483492 
120 Default hold RWY 12 (far)
111  44.72881191 -094.71051167   4 
115  44.72877356 -094.71043164 
18   44.73147073 -094.71433534 1 BCN
19   44.72932487 -094.72007030 1 WS
19   44.73344901 -094.71915444 1 WS
19   44.72869653 -094.71027228 1 WS
19   44.73282057 -094.70935632 1 WS
1     1060 0 1 KHCD HUTCHINSON MUNI BUTLER FLD
100   22.86   1   0 0.25 0 2 0 15   44.86474200 -094.38607200    0.00    0.00 2  0 0 1 33   44.85501400 -094.37894200    0.00    0.00 2  0 0 1
21   44.86328358 -094.38452454  2 152.54   3.00 15  PAPI-4L
21   44.85647251 -094.38048904  2 332.55   3.00 33  PAPI-4L
110   1 0.30 152.54 Default taxiway for RWY 15
111  44.86469561 -094.38619796   3 102 
111  44.86445745 -094.38684468   3 102 
111  44.85472967 -094.37971335   3 102 
111  44.85496783 -094.37906674 
112  44.85515038 -094.37920056  44.85505807 -094.37913647   3 102 
111  44.85500116 -094.37929098   3 102 
112  44.85492528 -094.37949699  44.85486837 -094.37965150   3 102 
111  44.85495964 -094.37971841   3 102 
111  44.85959534 -094.38311679   3 102 
111  44.85978608 -094.38259889 
111  44.85987736 -094.38266580   3 102 
111  44.85968662 -094.38318370   3 102 
112  44.86432232 -094.38658208  44.86441359 -094.38664899   3 102 
111  44.86447050 -094.38649445   3 102 
112  44.86454638 -094.38628841  44.86460329 -094.38613387   3 102 
113  44.86451306 -094.38606414 
120 Default hold RWY 15 (near)
111  44.86459972 -094.38645834   4 
115  44.86450844 -094.38639143 
120 Default hold RWY 15 (centre)
111  44.85978147 -094.38292616   4 
115  44.85969019 -094.38285925 
120 Default hold RWY 15 (far)
111  44.85496322 -094.37939399   4 
115  44.85487194 -094.37932708 
18   44.86021016 -094.38160724 1 BCN
19   44.86506619 -094.38582119 1 WS
19   44.85468982 -094.37919280 1 WS
50 11852 AWOS 3
51 12280 CTAF/UNICOM
1     1015 0 1 56MN Lotherts Farm Strip
100   30.48   3   0 0.25 0 0 0 09   44.64575545 -094.96522544    0.00    0.00 1  0 0 0 27   44.64527731 -094.95754402    0.00    0.00 1  0 0 0
19   44.64618922 -094.96555913 1 WS
19   44.64484351 -094.95721038 1 WS
1     1120 0 1 MN28 Lux Strip
100   27.43   3   0 0.25 0 0 0 18   44.98650628 -094.74770704    0.00    0.00 1  0 0 0 36   44.97952872 -094.74839686    0.00    0.00 1  0 0 0
19   44.98672672 -094.74716040 1 WS
19   44.97930828 -094.74894342 1 WS
1     1005 0 1 MY46 Mertesdorf
100   18.29   3   0 0.25 0 0 0 18   44.28130522 -094.21186569    0.00    0.00 1  0 0 0 36   44.27473810 -094.21250709    0.00    0.00 1  0 0 0
19   44.28145218 -094.21150566 1 WS
19   44.27459114 -094.21286707 1 WS
1     1011 0 1 KULM NEW ULM MUNI
100   22.86   1   0 0.25 0 2 0 15   44.32459600 -094.50683600    0.00    0.00 2  0 0 1 33   44.31406400 -094.49862500    0.00    0.00 2 11 0 1
100   48.77   3   0 0.25 0 0 0 04   44.31746100 -094.50580800    0.00    0.00 1  0 0 0 22   44.32246100 -094.49747500    0.00    0.00 1  0 0 0
21   44.32317074 -094.50524308  2 150.85   3.00 15  PAPI-4L
21   44.31548937 -094.50021746  2 330.85   3.00 33  PAPI-4L
110   1 0.30 150.85 Default taxiway for RWY 15
111  44.32454698 -094.50695882   3 102 
111  44.32429533 -094.50758940   3 102 
111  44.31376362 -094.49937680   3 102 
111  44.31401527 -094.49874633 
112  44.31419493 -094.49888642  44.31410401 -094.49881911   3 102 
111  44.31404387 -094.49896977   3 102 
112  44.31396370 -094.49917064  44.31390356 -094.49932129   3 102 
111  44.31399339 -094.49939134   3 102 
111  44.31903467 -094.50332252   3 102 
111  44.31923621 -094.50281755 
111  44.31932604 -094.50288760   3 102 
111  44.31912450 -094.50339257   3 102 
112  44.32416578 -094.50732373  44.32425561 -094.50739378   3 102 
111  44.32431575 -094.50724310   3 102 
112  44.32439592 -094.50704220  44.32445606 -094.50689152   3 102 
113  44.32436732 -094.50681872 
120 Default hold RWY 15 (near)
111  44.32444566 -094.50721270   4 
115  44.32435583 -094.50714265 
120 Default hold RWY 15 (centre)
111  44.31922472 -094.50314146   4 
115  44.31913489 -094.50307141 
120 Default hold RWY 15 (far)
111  44.31400378 -094.49907020   4 
115  44.31391395 -094.49900016 
18   44.31968090 -094.50185305 1 BCN
19   44.31768334 -094.50686926 1 WS
19   44.32492533 -094.50660107 1 WS
19   44.32223857 -094.49641368 1 WS
19   44.31373469 -094.49885993 1 WS
50 11832 AWOS 3
51 12280 CTAF/UNICOM
1     1033 0 1 0MN5 Pankratz
100   18.29   3   0 0.25 0 0 0 36   44.30335638 -094.91740105    0.00    0.00 1  0 0 0 18   44.31100750 -094.91646563    0.00    0.00 1  0 0 0
19   44.30321394 -094.91776473 1 WS
19   44.31114993 -094.91610189 1 WS
1     1050 0 1 MN62 Quast
100   30.48   3   0 0.25 0 0 0 09   44.85018226 -094.35469884    0.00    0.00 1  0 0 0 27   44.84974218 -094.34582172    0.00    0.00 1  0 0 0
19   44.85061183 -094.35504435 1 WS
19   44.84931259 -094.34547627 1 WS
1     1100 0 1 MN20 Runkes Field
100   45.72   3   0 0.25 0 0 0 36   44.90696031 -094.57173012    0.00    0.00 1  0 0 0 18   44.91407469 -094.57102766    0.00    0.00 1  0 0 0
19   44.90659292 -094.57263991 1 WS
19   44.91444208 -094.57011774 1 WS
1     1050 0 1 MN99 SERENITY
100   22.86   4   0 0.25 0 0 0 09   44.91583100 -094.09281900    0.00    0.00 1  0 0 0 27   44.91528100 -094.08496100    0.00    0.00 1  0 0 0
19   44.91615695 -094.09306545 1 WS
19   44.91495504 -094.08471459 1 WS
1     1004 0 1 Y58  Sleepy Eye Municipal
100   91.44   3   0 0.25 0 2 0 14   44.25273445 -094.71973967    0.00    0.00 1  0 0 0 32   44.24718665 -094.71411257    0.00    0.00 1  0 0 0
100   91.44   3   0 0.25 0 0 0 04   44.24755333 -094.72017144    0.00    0.00 1  0 0 0 22   44.25236777 -094.71368080    0.00    0.00 1  0 0 0
18   44.25165345 -094.71367306 1 BCN
19   44.24781878 -094.72220896 1 WS
19   44.25412573 -094.71902083 1 WS
19   44.25210221 -094.71164311 1 WS
19   44.24579541 -094.71483144 1 WS
1     1072 0 1 D42  SPRINGFIELD MUNI
100   22.86   1   0 0.25 0 2 0 13   44.23417500 -095.00375300    0.00    0.00 2  0 0 0 31   44.22794400 -094.99410300    0.00    0.00 2  0 0 0
21   44.23317364 -095.00163095  1 132.02   3.00 13  VASI
21   44.22894554 -094.99622467  1 312.03   3.00 31  VASI
110   1 0.30 132.02 Default taxiway for RWY 13
111  44.23410025 -095.00384700   3 102 
111  44.23371650 -095.00432960   3 102 
111  44.22748591 -094.99467852   3 102 
111  44.22786966 -094.99419597 
112  44.22800737 -094.99440928  44.22793684 -094.99430472   3 102 
111  44.22784514 -094.99442003   3 102 
112  44.22772288 -094.99457377  44.22763117 -094.99468908   3 102 
111  44.22770003 -094.99479574   3 102 
111  44.23064319 -094.99935463   3 102 
111  44.23095053 -094.99896815 
111  44.23101938 -094.99907481   3 102 
111  44.23071204 -094.99946129   3 102 
112  44.23365520 -095.00402019  44.23372406 -095.00412685   3 102 
111  44.23381577 -095.00401153   3 102 
112  44.23393803 -095.00385777  44.23402973 -095.00374245   3 102 
113  44.23396254 -095.00363369 
120 Default hold RWY 13 (near)
111  44.23394575 -095.00404130   4 
115  44.23387690 -095.00393465 
120 Default hold RWY 13 (centre)
111  44.23086488 -094.99926910   4 
115  44.23079603 -094.99916244 
120 Default hold RWY 13 (far)
111  44.22778401 -094.99449690   4 
115  44.22771516 -094.99439025 
18   44.23159483 -094.99825801 1 BCN
19   44.23454094 -095.00367929 1 WS
19   44.22757806 -094.99417676 1 WS
51 12280 CTAF/UNICOM
55 12710 MINNEAPOLIS CNTR
1     1030 0 1 10D  Winsted Municipal
100   60.96   3   0 0.25 0 1 0 09   44.95027351 -094.07319644    0.00    0.00 1  0 0 0 27   44.94965203 -094.06063858    0.00    0.00 1  0 0 0
18   44.95187818 -094.06672823 1 BCN
19   44.95113263 -094.07388870 1 WS
19   44.94879283 -094.05994652 1 WS
17     879 0 1 MY84 [H] Sioux Valley Hospital
102 H1   44.31274000 -094.47552889   0.00   15.24   15.24   2 2   0 0.25 0
19   44.31294572 -094.47524138 1 WS
17    1075 0 1 MN70 [H] Springfield Hospital
102 H1   44.24662583 -094.97165612   0.00   15.24   15.24   2 2   0 0.25 0
19   44.24683155 -094.97136893 1 WS