1      944 0 1 Y87  Empire
100   15.24   1   0 0.25 0 0 0 17   44.79095772 -086.00547355    0.00    0.00 2  0 0 0 35   44.78403782 -086.00304257    0.00    0.00 2  0 0 0
100   45.72   3   0 0.25 0 0 0 09   44.78728022 -086.00864169    0.00    0.00 1  0 0 0 27   44.78771532 -085.99987443    0.00    0.00 1  0 0 0
110   1 0.30 166.00 Default taxiway for RWY 17
111  44.79094167 -086.00556423   3 
111  44.79085818 -086.00603609   3 
111  44.78393831 -086.00360475   3 
111  44.78402180 -086.00313295 
112  44.78415487 -086.00317970  44.78408779 -086.00315941   3 
111  44.78406788 -086.00327190   3 
112  44.78404134 -086.00342189  44.78402143 -086.00353439   3 
111  44.78408797 -086.00355776   3 
111  44.78738156 -086.00471498   3 
111  44.78744846 -086.00433691 
111  44.78751500 -086.00436028   3 
111  44.78744810 -086.00473835   3 
112  44.79074170 -086.00589557  44.79080823 -086.00591895   3 
111  44.79082814 -086.00580644   3 
112  44.79085468 -086.00565643  44.79087459 -086.00554393   3 
113  44.79080860 -086.00551747 
120 Default hold RWY 17 (near)
111  44.79090795 -086.00575482   4 
115  44.79084141 -086.00573144 
120 Default hold RWY 17 (centre)
111  44.78748128 -086.00455085   4 
115  44.78741474 -086.00452748 
120 Default hold RWY 17 (far)
111  44.78405461 -086.00334690   4 
115  44.78398808 -086.00332352 
19   44.78786716 -086.00928071 1 WS
19   44.79114056 -086.00523904 1 WS
19   44.78385497 -086.00327707 1 WS
19   44.78712833 -085.99923550 1 WS
1      633 0 1 KFKS FRANKFORT DOW MEM FLD
100   22.86   1   0 0.25 0 2 0 15   44.62941700 -086.20592200  333.45   60.96 2  0 0 1 33   44.62098900 -086.19578900   33.83   30.48 2  0 0 1
21   44.62596526 -086.20121482  2 139.44   3.00 15  PAPI-4L
110   1 0.30 139.44 Default taxiway for RWY 15
111  44.62935158 -086.20602941   3 102 
111  44.62901571 -086.20658088   3 102 
111  44.62058816 -086.19644631   3 102 
111  44.62092403 -086.19589493 
112  44.62108033 -086.19608289  44.62100072 -086.19599131   3 102 
111  44.62092046 -086.19612306   3 102 
112  44.62081345 -086.19629874  44.62073319 -086.19643050   3 102 
111  44.62081134 -086.19652448   3 102 
111  44.62482974 -086.20135680   3 102 
111  44.62509873 -086.20091518 
111  44.62517688 -086.20100915   3 102 
111  44.62490789 -086.20145078   3 102 
112  44.62892629 -086.20628310  44.62900444 -086.20637708   3 102 
111  44.62908470 -086.20624531   3 102 
112  44.62919171 -086.20606961  44.62927197 -086.20593783   3 102 
113  44.62919528 -086.20584145 
120 Default hold RWY 15 (near)
111  44.62921636 -086.20625144   4 
115  44.62913821 -086.20615746 
120 Default hold RWY 15 (centre)
111  44.62504166 -086.20123117   4 
115  44.62496351 -086.20113719 
120 Default hold RWY 15 (far)
111  44.62086696 -086.19621090   4 
115  44.62078881 -086.19611692 
18   44.62567251 -086.20009001 1 BCN
19   44.62977305 -086.20578198 1 WS
19   44.62063296 -086.19592906 1 WS
50 11832 AWOS 3
51 12305 CTAF/UNICOM
1      621 0 0 KMBL MANISTEE CO BLACKER
100   29.87   1   0 0.00 0 2 0 09   44.27283300 -086.25483300    0.00  246.89 2  0 0 1 27   44.27244700 -086.23384200    0.00    0.00 2 12 0 1
100   22.86   1   0 0.00 0 2 0 18   44.27585600 -086.25194700    0.00    0.00 2  0 0 0 36   44.26839700 -086.25220800    0.00    0.00 2  0 0 0
21   44.27311237 -086.25230849  2  91.42   3.00 09  PAPI-4L
21   44.27404917 -086.25158993  2 181.44   3.00 18  PAPI-4L
21   44.27215709 -086.23636660  2 271.44   3.00 27  PAPI-4L
21   44.27020382 -086.25256506  2   1.44   3.00 36  PAPI-4L
110   1 0.00   0.00 New Taxiway 1
111  44.27575024 -086.25238146   3 102 
112  44.27570670 -086.25206424  44.27565874 -086.25196005 
111  44.27585600 -086.25194700   3 102 
111  44.27586657 -086.25238427   3 102 
111  44.27589321 -086.25375370 
111  44.27589321 -086.25385045 
111  44.27560545 -086.25385045   3 102 
114  44.27574933 -086.25375370  44.27579729 -086.25368671   3 102 
110   1 0.00   0.00 New Taxiway 2
111  44.27535879 -086.25440241 
111  44.27455411 -086.25441730   3 102 
111  44.27473530 -086.25426845   3 102 
111  44.27474063 -086.25384422   3 102 
111  44.27560545 -086.25385045 
111  44.27589321 -086.25385045 
111  44.27589321 -086.25375370   3 102 
111  44.27691179 -086.25376077   3 102 
111  44.27693005 -086.25413606 
111  44.27682959 -086.25412704   3 102 
112  44.27677630 -086.25403773  44.27670170 -086.25404517   3 102 
112  44.27655249 -086.25405261  44.27650985 -086.25410471   3 102 
111  44.27649920 -086.25413448   3 102 
111  44.27650985 -086.25440986 
111  44.27650985 -086.25452894   3 102 
111  44.27613682 -086.25453638   3 102 
111  44.27613150 -086.25439497   3 102 
111  44.27607288 -086.25438753 
111  44.27570518 -086.25439497 
113  44.27558794 -086.25439497   3 102 
110   1 0.00   0.00 New Taxiway 3
112  44.27682959 -086.25437264  44.27682959 -086.25430566   3 102 
111  44.27682959 -086.25412704 
111  44.27693005 -086.25413606   3 102 
111  44.27692778 -086.25453638 
111  44.27682426 -086.25452894   3 102 
111  44.27650985 -086.25452894 
113  44.27650985 -086.25440986   3 102 
110   1 0.00   0.00 New Taxiway 4
111  44.27570518 -086.25439497 
111  44.27570439 -086.25475468 
111  44.27588533 -086.25474565   3 102 
111  44.27588533 -086.25483590   3 102 
112  44.27682231 -086.25478175  44.27681584 -086.25470955   3 102 
111  44.27682426 -086.25452894 
111  44.27692778 -086.25453638   3 102 
111  44.27693216 -086.25540447   3 102 
111  44.27594348 -086.25542252   3 102 
111  44.27580778 -086.25508860  21 106 
111  44.27560746 -086.25509763   3 102 
113  44.27558794 -086.25439497 
110   1 0.00   0.00 New Taxiway 5
111  44.27535879 -086.25440241   3 102 
111  44.27537256 -086.25553081   3 102 
111  44.27478452 -086.25555788   3 102 
111  44.27478452 -086.25486298   3 102 
112  44.27465528 -086.25471858  44.27459713 -086.25471858   3 102 
111  44.27283300 -086.25483300 
111  44.27283302 -086.25445687   3 102 
111  44.27455411 -086.25441730 
113  44.27473530 -086.25426845 
120 Default hold RWY 18 (near)
111  44.27586373 -086.25237786   4 103 
115  44.27575024 -086.25238146 
15   44.27519809 -086.25528714  89.87 Terminal
18   44.27210872 -086.25107415 1 BCN
19   44.27324013 -086.25520171 1 WS
19   44.27605396 -086.25151086 1 WS
19   44.27202880 -086.23347345 1 WS
19   44.26819903 -086.25264409 1 WS
50 11832 AWOS 3
51 12280 CTAF/UNICOM