1      623 0 1 KACB ANTRIM CO
100   30.48   1   0 0.25 0 2 0 02   44.98203300 -085.20125000    0.00    0.00 2  0 0 1 20   44.99511900 -085.19546100    0.00    0.00 2  0 0 1
21   44.98385082 -085.20094248  2  17.37   3.00 02  PAPI-4L
21   44.99330120 -085.19576880  2 197.38   3.00 20  PAPI-4L
110   1 0.30  17.37 Default taxiway for RWY 02
111  44.98199272 -085.20106798   3 102 
111  44.98178731 -085.20013968   3 102 
111  44.99487346 -085.19435175   3 102 
111  44.99507887 -085.19528026 
112  44.99481708 -085.19539604  44.99494730 -085.19533511   3 102 
111  44.99489816 -085.19511300   3 102 
112  44.99483265 -085.19481685  44.99478351 -085.19459473   3 102 
111  44.99465262 -085.19465263   3 102 
111  44.98843678 -085.19740185   3 102 
111  44.98860124 -085.19814518 
111  44.98847035 -085.19820307   3 102 
111  44.98830589 -085.19745974   3 102 
112  44.98209005 -085.20020895  44.98195915 -085.20026684   3 102 
111  44.98200829 -085.20048891   3 102 
112  44.98207380 -085.20078499  44.98212294 -085.20100706   3 102 
113  44.98225451 -085.20095220 
120 Default hold RWY 02 (near)
111  44.98191016 -085.20069484   4 
115  44.98204105 -085.20063695 
120 Default hold RWY 02 (centre)
111  44.98838779 -085.19782989   4 
115  44.98851868 -085.19777200 
120 Default hold RWY 02 (far)
111  44.99486541 -085.19496492   4 
115  44.99499631 -085.19490703 
18   44.98886170 -085.19965213 1 BCN
19   44.98189405 -085.20192094 1 WS
19   44.99525791 -085.19478989 1 WS
50 11927 AWOS 3
51 12270 CTAF/UNICOM
1      825 0 1 23MI Betsie River Airstrip
100   22.86   3   0 0.25 0 0 0 07   44.57277547 -085.89160856    0.00    0.00 1  0 0 0 25   44.57444897 -085.88633200    0.00    0.00 1  0 0 0
19   44.57297244 -085.89204780 1 WS
19   44.57425198 -085.88589276 1 WS
1     1010 0 1 4Y9  Bunchs Half Acre
100   30.48   3   0 0.25 0 0 0 08   44.30754175 -085.77675234    0.00    0.00 1  0 0 0 26   44.30913435 -085.76782600    0.00    0.00 1  0 0 0
19   44.30787460 -085.77726339 1 WS
19   44.30880146 -085.76731499 1 WS
1      624 1 0 KTVC CHERRY CAPITAL
100   46.02   1   0 0.00 0 3 0 10   44.74116400 -085.59041100    0.00    0.00 2  0 0 0 28   44.74001100 -085.56544700    0.00    0.00 3  8 0 0
100   46.02   1   0 0.00 0 2 0 18   44.75028300 -085.58768300   81.99    0.00 2  0 0 0 36   44.73553100 -085.58773900    0.00    0.00 2  0 0 1
21   44.74142341 -085.58784803  1  93.71   3.00 10  VASI
21   44.74774153 -085.58716222  1 180.16   3.00 18  VASI
21   44.73733187 -085.58826249  1   0.15   3.00 36  VASI
110   2 0.00  90.00 xxx
111  44.73553085 -085.58762259 
111  44.73553085 -085.58654141 
111  44.73580515 -085.58654141 
113  44.73580515 -085.58762259 
110   2 0.00   6.00 xxx
111  44.74044827 -085.57297561 
111  44.74140306 -085.57283433 
111  44.74143173 -085.57321839 
113  44.74047694 -085.57335967 
110   2 0.00   6.00 xxx
111  44.74004807 -085.56540270 
111  44.74113925 -085.56524124 
111  44.74116793 -085.56562530 
113  44.74007675 -085.56578676 
110   2 0.00  13.00 xxx
111  44.74610461 -085.58452660 
111  44.74717368 -085.58417909 
111  44.74723539 -085.58455540 
113  44.74616632 -085.58490291 
110   2 0.00  90.00 xxx
111  44.74708185 -085.58648565 
111  44.74708185 -085.58416835 
111  44.74735615 -085.58416835 
113  44.74735615 -085.58648565 
110   2 0.00 175.00 xxx
111  44.74432432 -085.57850065 
111  44.74159178 -085.57816407 
111  44.74161568 -085.57777935 
113  44.74434822 -085.57811593 
110   2 0.00 140.00 xxx
111  44.74435890 -085.58787492 
111  44.74078678 -085.58365492 
111  44.74096310 -085.58335908 
113  44.74453522 -085.58757908 
110   2 0.00   0.00 xxx
111  44.73554355 -085.58629391 
111  44.74925845 -085.58629391 
111  44.74925845 -085.58668009 
113  44.73554355 -085.58668009 
110   2 0.00  90.00 xxx
111  44.74227185 -085.59408159 
111  44.74227185 -085.57477241 
111  44.74254615 -085.57477241 
113  44.74254615 -085.59408159 
110   2 0.00  93.69 xxx
111  44.74172547 -085.58450684 
111  44.74084280 -085.56523801 
111  44.74111653 -085.56521316 
113  44.74199920 -085.58448199 
110   2 0.00   0.00 xxx
111  44.74361951 -085.58446050 
111  44.74636249 -085.58446050 
111  44.74636249 -085.58639150 
113  44.74361951 -085.58639150 
110   2 0.00  99.00 xxx
111  44.74928909 -085.58787558 
111  44.74885999 -085.58406084 
111  44.74913091 -085.58400042 
113  44.74956001 -085.58781516 
110   2 0.00   0.00 xxx
111  44.74124271 -085.57858853 
111  44.74159929 -085.57858853 
111  44.74159929 -085.57889747 
113  44.74124271 -085.57889747 
110   2 0.00   0.00 xxx
111  44.74731596 -085.58406167 
111  44.74904404 -085.58406167 
111  44.74904404 -085.58522033 
113  44.74731596 -085.58522033 
110   2 0.00  10.00 xxx
111  44.74116960 -085.59003961 
111  44.74360077 -085.58943607 
111  44.74364840 -085.58981639 
113  44.74121723 -085.59041993 
110   2 0.00 140.00 xxx
111  44.74354445 -085.58658497 
111  44.74159029 -085.58427637 
111  44.74229555 -085.58309303 
113  44.74424971 -085.58540163 
130 Airport Boundary 7
111  44.74341212 -085.60024419 
111  44.73946927 -085.60024419 
111  44.73955762 -085.59225691 
111  44.73894624 -085.59214658 
111  44.73890600 -085.59163694 
111  44.73769901 -085.59152369 
111  44.73773924 -085.59044778 
111  44.73343429 -085.59016465 
111  44.73335825 -085.56658420 
111  44.73717598 -085.56626822 
111  44.73741738 -085.55805736 
111  44.74306323 -085.56081599 
111  44.74350580 -085.57304732 
111  44.74892239 -085.57285366 
111  44.75360432 -085.59020517 
113  44.74334487 -085.59031842 
18   44.74290327 -085.58568354 4 BCN
19   44.74180651 -085.59093280 1 WS
19   44.75069279 -085.58681241 1 WS
19   44.73936838 -085.56492548 1 WS
19   44.73512121 -085.58860936 1 WS
50 11917 ATIS
51 12420 CTAF
51 12295 UNICOM
53 12180 GND
54 12420 TWR
1      866 0 1 Y88  Green Lake
100   51.82   3   0 0.25 0 0 0 05   44.60344489 -085.76228948    0.00    0.00 1  0 0 0 23   44.60878011 -085.75452942    0.00    0.00 1  0 0 0
100   51.82   3   0 0.25 0 0 0 16   44.60874363 -085.76005486    0.00    0.00 1  0 0 0 34   44.60348137 -085.75676404    0.00    0.00 1  0 0 0
19   44.60362408 -085.76344305 1 WS
19   44.60945413 -085.75942372 1 WS
19   44.60277089 -085.75739514 1 WS
19   44.60860085 -085.75337576 1 WS
1     1247 0 1 Y91  Home Acres Sky Ranch
100   48.77   3   0 0.25 0 1 0 09   44.31982996 -085.17846852    0.00    0.00 1  0 0 0 27   44.32074558 -085.16384038    0.00    0.00 1  0 0 0
100   45.72   3   0 0.25 0 1 0 18   44.32377176 -085.17158049    0.00    0.00 1  0 0 0 36   44.31680378 -085.17072841    0.00    0.00 1  0 0 0
18   44.32041328 -085.16914926 1 BCN
19   44.32044748 -085.17915989 1 WS
19   44.32423543 -085.17077121 1 WS
19   44.31634011 -085.17153759 1 WS
19   44.32012797 -085.16314916 1 WS
1      784 0 1 D69  Horaks
100   27.43   3   0 0.25 0 0 0 09   44.38732156 -085.95371700    0.00    0.00 1  0 0 0 27   44.38768510 -085.94644190    0.00    0.00 1  0 0 0
19   44.38767373 -085.95409778 1 WS
19   44.38733291 -085.94606117 1 WS
1     1030 0 1 Y89  KALKASKA CITY
100   22.86   1   0 0.25 0 2 0 10   44.72618100 -085.20971100    0.00    0.00 2  0 0 0 28   44.72418900 -085.19653900  121.92    0.00 2  0 0 0
21   44.72610069 -085.20714505  2 102.01   3.00 10  PAPI-4L
21   44.72449811 -085.20061525  2 282.02   3.00 28  PAPI-4L
110   1 0.30 102.01 Default taxiway for RWY 10
111  44.72608259 -085.20974047   3 102 
111  44.72557734 -085.20989178   3 102 
111  44.72358610 -085.19671932   3 102 
111  44.72409135 -085.19656802 
112  44.72413416 -085.19685123  44.72411055 -085.19671028   3 102 
111  44.72398982 -085.19674643   3 102 
112  44.72382884 -085.19679464  44.72370811 -085.19683079   3 102 
111  44.72372952 -085.19697240   3 102 
111  44.72467163 -085.20320462   3 102 
111  44.72507627 -085.20308344 
111  44.72509767 -085.20322505   3 102 
111  44.72469303 -085.20334623   3 102 
112  44.72563514 -085.20957843  44.72565654 -085.20972004   3 102 
111  44.72577727 -085.20968388   3 102 
112  44.72593825 -085.20963568  44.72605898 -085.20959952   3 102 
113  44.72603978 -085.20945725 
120 Default hold RWY 10 (near)
111  44.72587917 -085.20980139   4 
115  44.72585776 -085.20965978 
120 Default hold RWY 10 (centre)
111  44.72489425 -085.20328597   4 
115  44.72487285 -085.20314436 
120 Default hold RWY 10 (far)
111  44.72390933 -085.19677054   4 
115  44.72388793 -085.19662894 
18   44.72588838 -085.20291476 1 BCN
19   44.72652430 -085.20990423 1 WS
19   44.72384567 -085.19634585 1 WS
51 12290 CTAF
1     1133 0 1 D90  Mancelona Municipal
100   42.67   3   0 0.25 0 0 0 18   44.92965170 -085.06729289    0.00    0.00 1  0 0 0 36   44.92036106 -085.06614489    0.00    0.00 1  0 0 0
100   36.58   3   0 0.25 0 0 0 10   44.92525142 -085.07067472    0.00    0.00 1  0 0 0 28   44.92476134 -085.06276306    0.00    0.00 1  0 0 0
19   44.92577195 -085.07107711 1 WS
19   44.93008447 -085.06652964 1 WS
19   44.91992830 -085.06690802 1 WS
19   44.92424078 -085.06236075 1 WS
1     1317 0 1 5MI2 Mc Questions
100   15.24   3   0 0.25 0 0 0 17   44.07962979 -085.43838217    0.00    0.00 1  0 0 0 35   44.07483909 -085.43671951    0.00    0.00 1  0 0 0
19   44.07981263 -085.43815049 1 WS
19   44.07465624 -085.43695117 1 WS
1      624 0 1 28MI Miller-Herrold
100   18.29   3   0 0.25 0 0 0 02   44.87101559 -085.79397171    0.00    0.00 1  0 0 0 20   44.87787107 -085.79119775    0.00    0.00 1  0 0 0
19   44.87092543 -085.79437057 1 WS
19   44.87796122 -085.79079884 1 WS
1      825 0 1 Y04  Sugar Loaf Resort
100   15.24   1   0 0.25 0 2 0 02   44.90786006 -085.81585293    0.00    0.00 2  0 0 0 20   44.91713604 -085.81209707    0.00    0.00 2  0 0 0
110   1 0.30  16.00 Default taxiway for RWY 02
111  44.90784178 -085.81576291   3 102 
111  44.90774666 -085.81529449   3 102 
111  44.91702270 -085.81153915   3 102 
111  44.91711782 -085.81200765 
112  44.91698598 -085.81206102  44.91705128 -085.81203127   3 102 
111  44.91702860 -085.81191957   3 102 
112  44.91699836 -085.81177062  44.91697568 -085.81165892   3 102 
111  44.91690976 -085.81168561   3 102 
111  44.91243654 -085.81349656   3 102 
111  44.91251276 -085.81387193 
111  44.91244684 -085.81389862   3 102 
111  44.91237062 -085.81352325   3 102 
112  44.90789740 -085.81533419  44.90783148 -085.81536087   3 102 
111  44.90785416 -085.81547256   3 102 
112  44.90788440 -085.81562148  44.90790708 -085.81573317   3 102 
113  44.90797362 -085.81570954 
120 Default hold RWY 02 (near)
111  44.90780336 -085.81557371   4 
115  44.90786928 -085.81554702 
120 Default hold RWY 02 (centre)
111  44.91240842 -085.81370941   4 
115  44.91247434 -085.81368272 
120 Default hold RWY 02 (far)
111  44.91701348 -085.81184510   4 
115  44.91707940 -085.81181842 
18   44.91263036 -085.81462671 1 BCN
19   44.90778492 -085.81618552 1 WS
19   44.91721117 -085.81176442 1 WS
1      793 0 1 7Y2  Thompsonville
100   45.72   3   0 0.25 0 0 0 09   44.51638104 -085.98084038    0.00    0.00 1  0 0 0 27   44.51695506 -085.96932796    0.00    0.00 1  0 0 0
100   45.72   3   0 0.25 0 0 0 17   44.51996033 -085.97623537    0.00    0.00 1  0 0 0 35   44.51337577 -085.97393297    0.00    0.00 1  0 0 0
19   44.51696797 -085.98147644 1 WS
19   44.52050887 -085.97553510 1 WS
19   44.51636806 -085.96869201 1 WS
19   44.51282724 -085.97463317 1 WS
1     1307 0 1 KCAD WEXFORD CO
100   30.48   1   0 0.25 0 2 0 07   44.27288100 -085.43084700    0.00    0.00 2  8 0 1 25   44.27838100 -085.41335800    0.00    0.00 2  0 0 1
100   45.72   3   0 0.25 0 0 0 18   44.27738300 -085.41103300    0.00    0.00 1  0 0 0 36   44.27188300 -085.41095600    0.00    0.00 1  0 0 0
21   44.27388709 -085.42871875  1  66.28   3.00 07  VASI
21   44.27735052 -085.41547159  2 246.29   3.00 25  PAPI-4L
110   1 0.00  66.28 Default taxiway for RWY 07
111  44.27275750 -085.43077122   3 102 
111  44.27212761 -085.43038472   3 102 
111  44.27762894 -085.41289731   3 102 
111  44.27825883 -085.41328385 
112  44.27814850 -085.41363457  44.27820161 -085.41345795   3 102 
111  44.27805093 -085.41336548   3 102 
112  44.27785003 -085.41324219  44.27769935 -085.41314973   3 102 
111  44.27764418 -085.41332509   3 102 
111  44.27503143 -085.42163039   3 102 
111  44.27553575 -085.42193985 
111  44.27548058 -085.42211521   3 102 
111  44.27497626 -085.42180575   3 102 
112  44.27236351 -085.43011103  44.27230835 -085.43028640   3 102 
111  44.27245903 -085.43037886   3 102 
112  44.27265993 -085.43050214  44.27281061 -085.43059459   3 102 
113  44.27286783 -085.43042049 
130 Airport Boundary 7
111  44.27160389 -085.43581028 
111  44.27082172 -085.43550818 
111  44.27087164 -085.43123234 
111  44.27504879 -085.41789152 
111  44.27502641 -085.41408044 
111  44.27173703 -085.41380158 
111  44.27170374 -085.41322062 
111  44.26957357 -085.41305796 
111  44.26960685 -085.41191928 
111  44.27728578 -085.41210434 
111  44.27838415 -085.41119795 
111  44.28043112 -085.41140712 
111  44.28009828 -085.42258587 
111  44.27736899 -085.42242318 
111  44.27696958 -085.42495641 
111  44.27621483 -085.42549061 
111  44.27310539 -085.43594864 
113  44.27235227 -085.43597957 
120 Default hold RWY 07 (near)
111  44.27250431 -085.43061586   4 
115  44.27255948 -085.43044050 
120 Default hold RWY 07 (centre)
111  44.27522739 -085.42195985   4 
115  44.27528256 -085.42178449 
120 Default hold RWY 07 (far)
111  44.27795048 -085.41330384   4 
115  44.27800564 -085.41312848 
19   44.27314736 -085.43142887 1 WS
19   44.27780062 -085.41017679 1 WS
19   44.27811455 -085.41277616 1 WS
19   44.27146538 -085.41181212 1 WS
50 12832 AWOS 3
51 12280 CTAF/UNICOM
1      645 0 1 34U  Yuba
100   30.48   3   0 0.25 0 1 0 18   44.84295999 -085.43158264    0.00    0.00 1  0 0 0 36   44.83482223 -085.43078014    0.00    0.00 1  0 0 0
18   44.83895808 -085.42983075 1 BCN
19   44.84326232 -085.43103076 1 WS
19   44.83451990 -085.43133195 1 WS
16     325 0 1 M47  [S] Fife Lake
101  152.40 0 09   44.56683061 -085.35490623 27   44.56816939 -085.33342711
101  152.40 0 32   44.56221054 -085.33531838 14   44.57278946 -085.35301496
101  152.40 0 36   44.55984888 -085.34322708 18   44.57515112 -085.34510626
17     629 0 1 22MI [H] Munson Medical Center
102 H1   44.76055638 -085.64396556   0.00   30.48   30.48   1 2   0 0.25 0
19   44.76096783 -085.64338610 1 WS