1     1173 0 1 0D9  Air Park North
100   30.48   3   0 0.25 0 0 0 09   44.95799784 -084.96392884    0.00    0.00 1  0 0 0 27   44.95868492 -084.95283062    0.00    0.00 1  0 0 0
19   44.95838379 -084.96436571 1 WS
19   44.95829893 -084.95239382 1 WS
1      875 0 1 Y93  ATLANTA MUNI
100   30.48   3   0 0.25 0 1 0 14   45.00296900 -084.13831100  231.04    0.00 1  0 0 0 32   44.99729200 -084.12877500  173.43    0.00 1  0 0 0
100   18.29   1   0 0.25 0 1 0 05   44.99686400 -084.13753900  374.90    0.00 2  0 0 0 23   45.00247500 -084.12905600  112.78    0.00 2  0 0 0
21   45.00034758 -084.13169255  2 226.91   3.00 23  PAPI-4L
110   1 0.30  46.91 Default taxiway for RWY 05
111  44.99680555 -084.13746167   3 102 
111  44.99650344 -084.13706201   3 102 
111  45.00211475 -084.12857979   3 102 
111  45.00241686 -084.12897950 
112  45.00230443 -084.12914946  45.00235901 -084.12906230   3 102 
111  45.00228690 -084.12896689   3 102 
112  45.00219075 -084.12883968  45.00211864 -084.12874428   3 102 
111  45.00206242 -084.12882926   3 102 
111  44.99939731 -084.13285791   3 102 
111  44.99963932 -084.13317810 
111  44.99958310 -084.13326308   3 102 
111  44.99934109 -084.13294289   3 102 
112  44.99667597 -084.13697154  44.99661976 -084.13705652   3 102 
111  44.99669187 -084.13715192   3 102 
112  44.99678802 -084.13727912  44.99686013 -084.13737452   3 102 
113  44.99691798 -084.13729171 
120 Default hold RWY 05 (near)
111  44.99668372 -084.13730050   4 
115  44.99673994 -084.13721552 
120 Default hold RWY 05 (centre)
111  44.99946127 -084.13310190   4 
115  44.99951749 -084.13301692 
120 Default hold RWY 05 (far)
111  45.00223882 -084.12890329   4 
115  45.00229503 -084.12881831 
18   45.00086646 -084.13267036 1 BCN
19   44.99693185 -084.13794746 1 WS
19   45.00346042 -084.13823303 1 WS
19   44.99680060 -084.12885304 1 WS
19   45.00240712 -084.12864752 1 WS
51 12290 CTAF
1     1142 0 1 80D  CLARE CO
100   15.24   1   0 0.25 0 1 0 18   44.05481900 -084.81237200  144.17    0.00 2  0 0 0 36   44.04719400 -084.81255800  351.13    0.00 2  0 0 0
100   30.48   3   0 0.25 0 0 0 09   44.05490000 -084.81697500  371.25    0.00 1  0 0 0 27   44.05442800 -084.80819200  268.83    0.00 1  0 0 0
110   1 0.30 181.00 Default taxiway for RWY 18
111  44.05482016 -084.81246427   3 102 
111  44.05482621 -084.81294442   3 102 
111  44.04720121 -084.81313037   3 102 
111  44.04719516 -084.81265028 
112  44.04733229 -084.81264694  44.04726376 -084.81265174   3 102 
111  44.04726520 -084.81276621   3 102 
112  44.04726713 -084.81291884  44.04726857 -084.81303331   3 102 
111  44.04733714 -084.81303164   3 102 
111  44.05097823 -084.81294284   3 102 
111  44.05097338 -084.81255812 
111  44.05104194 -084.81255645   3 102 
111  44.05104679 -084.81294117   3 102 
112  44.05468788 -084.81285237  44.05475645 -084.81285069   3 102 
111  44.05475501 -084.81273620   3 102 
112  44.05475308 -084.81258356  44.05475164 -084.81246907   3 102 
113  44.05468303 -084.81246762 
120 Default hold RWY 18 (near)
111  44.05482261 -084.81265821   4 
115  44.05475405 -084.81265988 
120 Default hold RWY 18 (centre)
111  44.05104439 -084.81275037   4 
115  44.05097583 -084.81275204 
120 Default hold RWY 18 (far)
111  44.04726617 -084.81284252   4 
115  44.04719761 -084.81284419 
18   44.05099842 -084.81179722 1 BCN
19   44.05533074 -084.81731295 1 WS
19   44.05495252 -084.81208244 1 WS
19   44.04706048 -084.81284751 1 WS
19   44.05399723 -084.80785411 1 WS
51 12280 CTAF/UNICOM
1     1218 0 1 8M8  GARLAND
100   22.86   1   0 0.25 0 2 0 18   44.81105600 -084.27473900    0.00    0.00 2  0 0 0 36   44.79730600 -084.27251100  121.92    0.00 2  0 0 0
21   44.80014973 -084.27339846  2 353.44   3.00 36  PAPI-4L
110   1 0.30 173.44 Default taxiway for RWY 18
111  44.81104451 -084.27487989   3 102 
111  44.81098550 -084.27560325   3 102 
111  44.79723552 -084.27337452   3 102 
111  44.79729453 -084.27265133 
112  44.79749891 -084.27268445  44.79739646 -084.27267104   3 102 
111  44.79738236 -084.27284385   3 102 
112  44.79736356 -084.27307426  44.79734946 -084.27324707   3 102 
111  44.79745165 -084.27326363   3 102 
111  44.80407117 -084.27433657   3 102 
111  44.80411843 -084.27375732 
111  44.80422062 -084.27377389   3 102 
111  44.80417336 -084.27435315   3 102 
112  44.81079287 -084.27542609  44.81089506 -084.27544265   3 102 
111  44.81090916 -084.27526980   3 102 
112  44.81092796 -084.27503933  44.81094206 -084.27486648   3 102 
113  44.81084013 -084.27484677 
120 Default hold RWY 18 (near)
111  44.81102075 -084.27517113   4 
115  44.81091856 -084.27515457 
120 Default hold RWY 18 (centre)
111  44.80419686 -084.27406510   4 
115  44.80409467 -084.27404852 
120 Default hold RWY 18 (far)
111  44.79737296 -084.27295905   4 
115  44.79727077 -084.27294249 
18   44.80426557 -084.27261889 1 BCN
19   44.81129547 -084.27434191 1 WS
19   44.79706654 -084.27290799 1 WS
51 12280 CTAF/UNICOM
1     1158 1 1 KGOV GRAYLING AAF
100   45.72   2   0 0.25 0 0 0 05   44.67918300 -084.73483300    0.00  326.14 2  0 0 0 23   44.68868900 -084.72097800    0.00    0.00 2  0 0 0
100   45.72   1   0 0.25 0 2 0 14   44.68167800 -084.73639400    0.00  411.48 2  0 0 1 32   44.67178100 -084.72304200   91.44    0.00 2  0 0 1
21   44.68065877 -084.73423176  2 136.19   3.00 14  PAPI-4L
21   44.67339435 -084.72600467  2 316.19   3.00 32  PAPI-4L
110   2 0.30  46.02 Default taxiway for RWY 05
111  44.67903659 -084.73463428  53 
111  44.67829485 -084.73362747  53 
111  44.68780169 -084.71977454  53 
111  44.68854343 -084.72078151 
112  44.68825769 -084.72119787  44.68839895 -084.72098750  53 
111  44.68822132 -084.72074635  53 
112  44.68798448 -084.72042482  44.68780685 -084.72018368  53 
111  44.68766398 -084.72039186  53 
111  44.68326773 -084.72679785  53 
111  44.68386144 -084.72760381 
111  44.68371858 -084.72781198  53 
111  44.68312487 -084.72700603  53 
112  44.67872861 -084.73341203  44.67858575 -084.73362021  53 
111  44.67876338 -084.73386131  53 
112  44.67900022 -084.73418279  44.67917785 -084.73442390  53 
113  44.67932232 -084.73421792 
110   1 0.30 136.19 Default taxiway for RWY 14
111  44.68153713 -084.73660049   3 102 
111  44.68082342 -084.73764666   3 102 
111  44.67092720 -084.72429216   3 102 
111  44.67164091 -084.72324618 
112  44.67193780 -084.72364681  44.67178779 -084.72344878   3 102 
111  44.67161687 -084.72369927   3 102 
112  44.67138899 -084.72403326  44.67121807 -084.72428375   3 102 
111  44.67136652 -084.72448406   3 102 
111  44.67594352 -084.73066049   3 102 
111  44.67651480 -084.72982318 
111  44.67666324 -084.73002350   3 102 
111  44.67609196 -084.73086081   3 102 
112  44.68066896 -084.73703725  44.68081741 -084.73723756   3 102 
111  44.68098833 -084.73698703   3 102 
112  44.68121621 -084.73665299  44.68138713 -084.73640246   3 102 
113  44.68124024 -084.73619986 
120 Default hold RWY 05 (near)
111  44.67873893 -084.73423023  54 
115  44.67888180 -084.73402205 
120 Default hold RWY 14 (near)
111  44.68125071 -084.73702033   4 
115  44.68110227 -084.73682001 
120 Default hold RWY 05 (centre)
111  44.68342092 -084.72740790  54 
115  44.68356378 -084.72719973 
120 Default hold RWY 14 (centre)
111  44.67637682 -084.73044330   4 
115  44.67622838 -084.73024297 
120 Default hold RWY 05 (far)
111  44.68810290 -084.72058559  54 
115  44.68824577 -084.72037740 
120 Default hold RWY 14 (far)
111  44.67150293 -084.72386626   4 
115  44.67135449 -084.72366594 
18   44.67772882 -084.72825815 4 BCN
19   44.67934134 -084.73585211 1 WS
19   44.68240218 -084.73616830 1 WS
19   44.67105684 -084.72326782 1 WS
19   44.68853053 -084.71995875 1 WS
50 11907 AWOS 3
51 12280 CTAF/UNICOM
53 12190 GND
54 12620 TWR
55 13290 MINNEAPOLIS APP/DEP
1     1205 0 1 6Y5  Higgins Lake
100   45.72   3   0 0.25 0 0 0 18   44.54037595 -084.69322452    0.00    0.00 1  0 0 0 36   44.53354459 -084.69238604    0.00    0.00 1  0 0 0
19   44.54083962 -084.69241223 1 WS
19   44.53308092 -084.69319823 1 WS
1     1165 0 1 5Y2  Houghton Lake State
100   31.70   3   0 0.25 0 0 0 16   44.33260100 -084.79392353    0.00    0.00 1  0 0 0 34   44.32576454 -084.78946703    0.00    0.00 1  0 0 0
19   44.33304039 -084.79354992 1 WS
19   44.32532516 -084.78984062 1 WS
1     1000 0 1 0MI3 Kelleys
100   45.72   3   0 0.25 0 0 0 18   44.63839616 -084.48409901    0.00    0.00 1  0 0 0 36   44.62830272 -084.48260823    0.00    0.00 1  0 0 0
100   30.48   3   0 0.25 0 0 0 13   44.63519007 -084.48718832    0.00    0.00 1  0 0 0 31   44.63150881 -084.47951892    0.00    0.00 1  0 0 0
100   30.48   3   0 0.25 0 0 0 04   44.63130281 -084.48529352    0.00    0.00 1  0 0 0 22   44.63539607 -084.48141372    0.00    0.00 1  0 0 0
19   44.63130547 -084.48598838 1 WS
19   44.63568457 -084.48718459 1 WS
19   44.63886987 -084.48329685 1 WS
19   44.62782902 -084.48341025 1 WS
19   44.63101432 -084.47952271 1 WS
19   44.63539338 -084.48071881 1 WS
1     1100 0 1 6MI0 King Trout
100   18.29   3   0 0.25 0 0 0 06   44.61308136 -084.95529763    0.00    0.00 1  0 0 0 24   44.61638530 -084.94866905    0.00    0.00 1  0 0 0
19   44.61318918 -084.95568593 1 WS
19   44.61627746 -084.94828074 1 WS
1     1286 0 1 4Y4  LAKES OF THE NORTH
100   12.19   1   0 0.25 0 1 0 05   44.90896900 -084.88303100  121.92    0.00 2  0 0 0 23   44.91604200 -084.86981900  137.16    0.00 2  0 0 0
110   1 0.30  52.91 Default taxiway for RWY 05
111  44.90892703 -084.88298620   3 102 
111  44.90870644 -084.88275071   3 102 
111  44.91578020 -084.86954030   3 102 
111  44.91600079 -084.86977582 
112  44.91593462 -084.86989939  44.91596592 -084.86983569   3 102 
111  44.91591341 -084.86977962   3 102 
112  44.91584339 -084.86970487  44.91579088 -084.86964880   3 102 
111  44.91575779 -084.86971059   3 102 
111  44.91230362 -084.87616133   3 102 
111  44.91248045 -084.87635012 
111  44.91244737 -084.87641191   3 102 
111  44.91227054 -084.87622312   3 102 
112  44.90881637 -084.88267384  44.90878329 -084.88273563   3 102 
111  44.90883580 -084.88279169   3 102 
112  44.90890582 -084.88286644  44.90895833 -084.88292249   3 102 
113  44.90899320 -084.88286262 
120 Default hold RWY 05 (near)
111  44.90883772 -084.88289085   4 
115  44.90887081 -084.88282906 
120 Default hold RWY 05 (centre)
111  44.91235806 -084.87631655   4 
115  44.91239114 -084.87625476 
120 Default hold RWY 05 (far)
111  44.91587840 -084.86974225   4 
115  44.91591148 -084.86968047 
18   44.91281216 -084.87675292 1 BCN
19   44.90903411 -084.88329473 1 WS
19   44.91597686 -084.86955526 1 WS
51 12290 CTAF
1     1051 0 1 5Y4  Lost Creek
100   30.48   3   0 0.25 0 0 0 18   44.66356106 -084.23803598    0.00    0.00 1  0 0 0 36   44.65646838 -084.23698792    0.00    0.00 1  0 0 0
100   30.48   3   0 0.25 0 0 0 05   44.65784427 -084.24045868    0.00    0.00 1  0 0 0 23   44.66218517 -084.23456522    0.00    0.00 1  0 0 0
19   44.65793275 -084.24114264 1 WS
19   44.66387687 -084.23750097 1 WS
19   44.66209665 -084.23388121 1 WS
19   44.65615257 -084.23752286 1 WS
1     1213 0 1 6Y0  Moorestown Airpark
100   30.48   3   0 0.25 0 0 0 03   44.45903653 -084.99814514    0.00    0.00 1  0 0 0 21   44.46598735 -084.99360376    0.00    0.00 1  0 0 0
100   30.48   3   0 0.25 0 0 0 09   44.46220139 -085.00084787    0.00    0.00 1  0 0 0 27   44.46282249 -084.99090103    0.00    0.00 1  0 0 0
19   44.45896180 -084.99882999 1 WS
19   44.46258735 -085.00128101 1 WS
19   44.46606205 -084.99291881 1 WS
19   44.46243650 -084.99046795 1 WS
1     1050 0 1 51M  Oscoda County
100   30.48   3   0 0.25 0 0 0 09   44.68023419 -084.13038581    0.00    0.00 1  0 0 0 27   44.68090357 -084.11962531    0.00    0.00 1  0 0 0
19   44.68062015 -084.13082058 1 WS
19   44.68051758 -084.11919060 1 WS
1     1150 0 1 KHTL ROSCOMMON CO
100   22.86   1   0 0.25 0 3 0 09   44.36120300 -084.67625000    0.00    0.00 2  0 0 1 27   44.36142200 -084.66096900    0.00    0.00 2  0 0 1
100   30.48   3   0 0.25 0 0 0 18   44.36025300 -084.67776900   60.96    0.00 1  0 0 0 36   44.35421700 -084.67776900   60.96    0.00 1  0 0 0
21   44.36154002 -084.67374152  2  88.85   3.00 09  PAPI-4L
21   44.36108531 -084.66347758  2 268.86   3.00 27  PAPI-4L
110   1 0.30  88.85 Default taxiway for RWY 09
111  44.36110241 -084.67624717   3 102 
111  44.36058595 -084.67623262   3 102 
111  44.36080597 -084.66095168   3 102 
111  44.36132243 -084.66096623 
112  44.36131829 -084.66125392  44.36131811 -084.66111000   3 102 
111  44.36119470 -084.66110653   3 102 
112  44.36103015 -084.66110189  44.36090675 -084.66109842   3 102 
111  44.36090468 -084.66124227   3 102 
111  44.36079984 -084.66852313   3 102 
111  44.36121345 -084.66853478 
111  44.36121138 -084.66867862   3 102 
111  44.36079777 -084.66866697   3 102 
112  44.36069294 -084.67594783  44.36069087 -084.67609168   3 102 
111  44.36081427 -084.67609515   3 102 
112  44.36097882 -084.67609979  44.36110223 -084.67610326   3 102 
113  44.36110655 -084.67595948 
120 Default hold RWY 09 (near)
111  44.36089448 -084.67624131   4 
115  44.36089655 -084.67609747 
120 Default hold RWY 09 (centre)
111  44.36100345 -084.66867276   4 
115  44.36100552 -084.66852892 
120 Default hold RWY 09 (far)
111  44.36111243 -084.66110421   4 
115  44.36111450 -084.66096037 
19   44.36150601 -084.67654634 1 WS
19   44.36052730 -084.67719351 1 WS
19   44.35394270 -084.67834442 1 WS
19   44.36111895 -084.66067274 1 WS
51 12280 CTAF/UNICOM
1     1156 0 1 3RC  ROSCOMMON CONSERVATION
100   22.86   1   0 0.25 0 1 0 09   44.47272800 -084.57440300   50.29    0.00 2  0 0 1 27   44.47272500 -084.56041900    0.00    0.00 2  0 0 1
100   30.48   3   0 0.25 0 0 0 18   44.47973600 -084.56740000    0.00    0.00 1  0 0 0 36   44.47291900 -084.56637200  175.87    0.00 1  0 0 0
110   1 0.30  90.01 Default taxiway for RWY 09
111  44.47262739 -084.57440303   3 102 
111  44.47211083 -084.57440319   3 102 
111  44.47210868 -084.56041919   3 102 
111  44.47262524 -084.56041903 
112  44.47262529 -084.56070733  44.47262302 -084.56056318   3 102 
111  44.47249958 -084.56056322   3 102 
112  44.47233501 -084.56056327  44.47221157 -084.56056331   3 102 
111  44.47221159 -084.56070746   3 102 
111  44.47221261 -084.56733909   3 102 
111  44.47262631 -084.56733896 
111  44.47262633 -084.56748310   3 102 
111  44.47221263 -084.56748323   3 102 
112  44.47221365 -084.57411486  44.47221367 -084.57425901   3 102 
111  44.47233711 -084.57425897   3 102 
112  44.47250168 -084.57425892  44.47262512 -084.57425888   3 102 
113  44.47262735 -084.57411473 
120 Default hold RWY 09 (near)
111  44.47241941 -084.57440309   4 
115  44.47241939 -084.57425894 
120 Default hold RWY 09 (centre)
111  44.47241835 -084.56748316   4 
115  44.47241833 -084.56733902 
120 Default hold RWY 09 (far)
111  44.47241729 -084.56056324   4 
115  44.47241726 -084.56041909 
19   44.47303525 -084.57469121 1 WS
19   44.48005274 -084.56686778 1 WS
19   44.47260226 -084.56690416 1 WS
19   44.47241771 -084.56013087 1 WS
51 12290 CTAF/UNICOM
1     1198 0 1 6Y6  St Helen
100   36.58   3   0 0.25 0 0 0 12   44.36819227 -084.40453351    0.00    0.00 1  0 0 0 30   44.36517827 -084.39549205    0.00    0.00 1  0 0 0
100   33.53   3   0 0.25 0 0 0 18   44.37023758 -084.40044752    0.00    0.00 1  0 0 0 36   44.36313296 -084.39957804    0.00    0.00 1  0 0 0
19   44.36877885 -084.40465897 1 WS
19   44.37057761 -084.39985358 1 WS
19   44.36279294 -084.40017191 1 WS
19   44.36459168 -084.39536668 1 WS
1      940 0 1 0MI1 Sugar Springs
100   15.24   3   0 0.25 0 0 0 09   44.13987968 -084.44417459    0.00    0.00 1  0 0 0 27   44.14071642 -084.43084765    0.00    0.00 1  0 0 0
19   44.14007266 -084.44438998 1 WS
19   44.14052342 -084.43063230 1 WS
1      857 0 1 1MI7 Thompson
100   30.48   3   0 0.25 0 0 0 15   44.31868221 -084.06869140    0.00    0.00 1  0 0 0 33   44.31468779 -084.06463528    0.00    0.00 1  0 0 0
19   44.31914597 -084.06845152 1 WS
19   44.31422404 -084.06487518 1 WS
1     1275 0 1 0MI8 Twin Lakes
100   30.48   3   0 0.25 0 0 0 05   44.89713276 -084.30330216    0.00    0.00 1  0 0 0 23   44.90288834 -084.29672230    0.00    0.00 1  0 0 0
19   44.89717850 -084.30399723 1 WS
19   44.90284256 -084.29602716 1 WS
1      882 0 1 Y31  WEST BRANCH COMMUNITY
100   30.48   1   0 0.25 0 2 0 09   44.24467800 -084.18934700    0.00    0.00 2  0 0 1 27   44.24494700 -084.17027200    0.00    0.00 2  0 0 1
21   44.24504870 -084.18684428  2  88.87   3.00 09  PAPI-4L
21   44.24457671 -084.17277485  2 268.88   3.00 27  PAPI-4L
110   1 0.30  88.87 Default taxiway for RWY 09
111  44.24454313 -084.18934327   3 102 
111  44.24385527 -084.18932426   3 102 
111  44.24412586 -084.17024935   3 102 
111  44.24481372 -084.17026836 
112  44.24480829 -084.17065118  44.24480875 -084.17045971   3 102 
111  44.24464420 -084.17045516   3 102 
112  44.24442481 -084.17044910  44.24426026 -084.17044455   3 102 
111  44.24425755 -084.17063596   3 102 
111  44.24412904 -084.17969489   3 102 
111  44.24467978 -084.17971011 
111  44.24467707 -084.17990152   3 102 
111  44.24412633 -084.17988630   3 102 
112  44.24399782 -084.18894522  44.24399511 -084.18913664   3 102 
111  44.24415966 -084.18914119   3 102 
112  44.24437905 -084.18914725  44.24454360 -084.18915180   3 102 
113  44.24454856 -084.18896044 
120 Default hold RWY 09 (near)
111  44.24426663 -084.18933563   4 
115  44.24426935 -084.18914422 
120 Default hold RWY 09 (centre)
111  44.24440057 -084.17989388   4 
115  44.24440328 -084.17970247 
120 Default hold RWY 09 (far)
111  44.24453450 -084.17045213   4 
115  44.24453722 -084.17026072 
18   44.24577314 -084.17983732 1 BCN
19   44.24508394 -084.18974120 1 WS
19   44.24454100 -084.16987793 1 WS
51 12280 CTAF/UNICOM