1     5007 1 1 SVMD ALBERTO CARNEVALLI
100   45.11   1   0 0.25 0 0 0 06   08.57828600 -071.16752300    0.00    0.00 2  0 0 0 24   08.58565200 -071.15525700    0.00    0.00 2  0 0 0
110   1 0.30  58.73 Default taxiway for RWY 06
111  08.57811443 -071.16741762   3 
111  08.57724506 -071.16688364   3 
111  08.58461125 -071.15461787   3 
111  08.58548062 -071.15515186 
112  08.58526989 -071.15550276  08.58537334 -071.15532613   3 
111  08.58516515 -071.15519825   3 
112  08.58488757 -071.15502775  08.58467938 -071.15489988   3 
111  08.58457401 -071.15507533   3 
111  08.58115433 -071.16076958   3 
111  08.58185021 -071.16119701 
111  08.58174484 -071.16137247   3 
111  08.58104896 -071.16094504   3 
112  08.57762929 -071.16663929  08.57752392 -071.16681475   3 
111  08.57773211 -071.16694262   3 
112  08.57800969 -071.16711312  08.57821788 -071.16724099   3 
113  08.57832517 -071.16706671 
120 Default hold RWY 06 (near)
111  08.57776553 -071.16720332   4 
115  08.57787090 -071.16702787 
120 Default hold RWY 06 (centre)
111  08.58139594 -071.16115817   4 
115  08.58150131 -071.16098271 
120 Default hold RWY 06 (far)
111  08.58502636 -071.15511300   4 
115  08.58513172 -071.15493755 
19   08.57859573 -071.16819359 1 WS
19   08.58534224 -071.15458641 1 WS
53 12190 GND
54 11805 MERIDA TWR
1      249 1 1 SVVG JUAN PABLO PEREZ ALFONSO
100   44.20   1   0 0.25 0 0 0 09   08.62203900 -071.68741100    0.00    0.00 2  0 0 0 27   08.62616100 -071.65822800  496.22    0.00 2  0 0 0
21   08.62268647 -071.68566566  2  81.87   3.00 09  PAPI-4L
110   1 0.30  81.87 Default taxiway for RWY 09
111  08.62184436 -071.68738287   3 
111  08.62085780 -071.68724028   3 
111  08.62498090 -071.65805759   3 
111  08.62596746 -071.65820019 
112  08.62591120 -071.65859842  08.62593710 -071.65839898   3 
111  08.62570086 -071.65836483   3 
112  08.62538588 -071.65831930  08.62514964 -071.65828516   3 
111  08.62512151 -071.65848428   3 
111  08.62313029 -071.67257783   3 
111  08.62391998 -071.67269197 
111  08.62389184 -071.67289109   3 
111  08.62310215 -071.67277695   3 
112  08.62111093 -071.68687050  08.62108280 -071.68706961   3 
111  08.62131904 -071.68710376   3 
112  08.62163402 -071.68714928  08.62187026 -071.68718343   3 
113  08.62190062 -071.68698464 
120 Default hold RWY 09 (near)
111  08.62144840 -071.68732564   4 
115  08.62147653 -071.68712652 
120 Default hold RWY 09 (centre)
111  08.62349588 -071.67283386   4 
115  08.62352402 -071.67263474 
120 Default hold RWY 09 (far)
111  08.62554337 -071.65834207   4 
115  08.62557150 -071.65814296 
19   08.62257198 -071.68789440 1 WS
19   08.62562798 -071.65774464 1 WS
54 11875 VIGIA TWR
1       32 1 1 SVSZ SANTA BARBARA DEL ZULIA
100   39.62   1   0 0.25 0 3 0 18   08.98659700 -071.94315300   79.55    0.00 2  0 0 0 36   08.96225600 -071.94287800    0.00   49.07 2  0 0 0
21   08.96405154 -071.94327924  2 359.36   3.00 36  PAPI-4L
110   1 0.30 179.36 Default taxiway for RWY 18
111  08.98659504 -071.94333122   3 102 
111  08.98658506 -071.94423599   3 102 
111  08.96224406 -071.94396090   3 102 
111  08.96225404 -071.94305619 
112  08.96261061 -071.94306022  08.96243229 -071.94306049   3 102 
111  08.96242990 -071.94327707   3 102 
112  08.96242672 -071.94356585  08.96242433 -071.94378243   3 102 
111  08.96260262 -071.94378444   3 102 
111  08.97432741 -071.94391694   3 102 
111  08.97433540 -071.94319269 
111  08.97451368 -071.94319471   3 102 
111  08.97450569 -071.94391896   3 102 
112  08.98623048 -071.94405146  08.98640877 -071.94405348   3 102 
111  08.98641116 -071.94383688   3 102 
112  08.98641434 -071.94354809  08.98641673 -071.94333149   3 102 
113  08.98623847 -071.94332719 
120 Default hold RWY 18 (near)
111  08.98659103 -071.94369449   4 
115  08.98641275 -071.94369248 
120 Default hold RWY 18 (centre)
111  08.97450967 -071.94355798   4 
115  08.97433139 -071.94355596 
120 Default hold RWY 18 (far)
111  08.96242831 -071.94342146   4 
115  08.96225003 -071.94341944 
18   08.97444108 -071.94175205 1 BCN
19   08.98695954 -071.94261553 1 WS
19   08.96189346 -071.94341543 1 WS
50 12240 ATIS
53 12190 GND
54 11820 TWR