1      155 0 0 SITD Cara Preta
100   17.98   5   0 0.00 0 0 0 06  -05.10774172 -057.48405934    0.00    0.00 1  0 0 0 24  -05.10448050 -057.48094066    0.00    0.00 1  0 0 0
130 Airport Boundary
111 -05.10288950 -057.48049868 
111 -05.10825433 -057.48562900 
111 -05.10933272 -057.48450132 
113 -05.10396789 -057.47937100 
19  -05.10629361 -057.48230916 0 Windsock
1      397 0 0 SSLH Doze de Outubro
100   17.98   5   0 0.00 0 0 0 18  -05.33817618 -057.76458107    0.00    0.00 1  0 0 0 36  -05.34293494 -057.76319671    0.00    0.00 1  0 0 0
130 Airport Boundary
111 -05.34411169 -057.76204423 
111 -05.33656485 -057.76423965 
111 -05.33699943 -057.76573355 
113 -05.34454627 -057.76353813 
19  -05.34062885 -057.76414083 0 Windsock
1      250 0 0 SJFG Fazenda Penedo
100   60.05   5   0 0.00 0 0 0 09  -05.52188047 -057.11010065    0.00    0.00 1  0 0 0 27  -05.52034175 -057.10489935    0.00    0.00 1  0 0 0
130 Airport Boundary
111 -05.51899807 -057.10377482 
111 -05.52136486 -057.11177522 
111 -05.52322415 -057.11122518 
113 -05.52085736 -057.10322478 
19  -05.52173047 -057.10731677 0 Windsock
1      541 0 0 SIKO Fazenda Pison
100   20.12   4   0 0.00 0 0 0 08  -05.02119279 -057.78271042    0.00    0.00 0  0 0 0 26  -05.01880721 -057.77784514    0.00    0.00 0  0 0 0
130 Airport Boundary
111 -05.01745720 -057.77688659 
111 -05.02112392 -057.78436469 
111 -05.02254280 -057.78366897 
113 -05.01887608 -057.77619087 
19  -05.02025227 -057.78015409 0 Windsock
1       10 1 1 SMNI Maj. Fernandes
100   10.06   2   0 0.25 0 2 0 10  -05.95582471 -057.04395043    0.00    0.00 2 10 0 0 28  -05.95473109 -057.03771457    0.00    0.00 2 10 0 0
21  -05.95529922 -057.04220605  1  80.00   3.00 10  VASI
21  -05.95525660 -057.03945893  1 260.00   3.00 28  VASI
18  -05.95496725 -057.04088757 1 BCN
19  -05.95570807 -057.04406353 1 WS
19  -05.95484773 -057.03760147 1 WS
1      298 0 0 SNEH Mineracao Porquinho
100   20.12   5   0 0.00 0 0 0 06  -05.16917648 -057.62770739    0.00    0.00 0  0 0 0 24  -05.16526797 -057.62395927    0.00    0.00 0  0 0 0
130 Airport Boundary
111 -05.16367188 -057.62352180 
111 -05.16968040 -057.62928376 
111 -05.17077256 -057.62814486 
113 -05.16476404 -057.62238290 
19  -05.16741704 -057.62563018 0 Windsock
1      401 0 0 SIUJ Pista Santa Tereza
100   17.98   5   0 0.00 0 0 0 01  -05.18851624 -057.58415204    0.00    0.00 1  0 0 0 19  -05.18315042 -057.58473684    0.00    0.00 1  0 0 0
130 Airport Boundary
111 -05.18179296 -057.58566671 
111 -05.19004215 -057.58476765 
111 -05.18987371 -057.58322218 
113 -05.18162452 -057.58412124 
19  -05.18580487 -057.58418324 0 Windsock
1      541 0 0 SDWX Pista Sol Nascente
100   20.12   4   0 0.00 0 0 0 03  -05.49346069 -057.21646798    0.00    0.00 0  0 0 0 21  -05.48820598 -057.21519868    0.00    0.00 0  0 0 0
130 Airport Boundary
111 -05.48660794 -057.21562141 
111 -05.49468955 -057.21757357 
111 -05.49505873 -057.21604525 
113 -05.48697712 -057.21409309 
19  -05.49089974 -057.21555841 0 Windsock