1      518 0 0 SNYR Fazenda Agua Azul
100   17.98   4   0 0.00 0 0 0 13  -05.94608392 -056.55867048    0.00    0.00 0  0 0 0 31  -05.94947164 -056.55077396    0.00    0.00 0  0 0 0
130 Airport Boundary
111 -05.94933328 -056.54912293 
111 -05.94479215 -056.55970796 
111 -05.94622227 -056.56032150 
113 -05.95076339 -056.54973647 
19  -05.94802483 -056.55482821 0 Windsock
1      601 0 0 SIYW Fazenda Salvacao
100   20.12   4   0 0.00 0 0 0 16  -05.95041426 -056.54468488    0.00    0.00 0  0 0 0 34  -05.95403019 -056.54198178    0.00    0.00 0  0 0 0
130 Airport Boundary
111 -05.95472932 -056.54047810 
111 -05.94877419 -056.54492986 
111 -05.94971512 -056.54618855 
113 -05.95567025 -056.54173679 
19  -05.95239375 -056.54356278 0 Windsock
1      472 0 0 SNLD Fazenda Serra Azul
100   17.98   4   0 0.00 0 0 0 04  -05.69873907 -056.49560960    0.00    0.00 0  0 0 0 22  -05.69459426 -056.49383484    0.00    0.00 0  0 0 0
130 Airport Boundary
111 -05.69294760 -056.49397487 
111 -05.69977414 -056.49689790 
111 -05.70038574 -056.49546957 
113 -05.69355919 -056.49254654 
19  -05.69677227 -056.49447559 0 Windsock
1      443 0 0 SNIF Fazenda Serra Dourada
100   17.98   4   0 0.00 0 0 0 01  -05.71967809 -056.43581609    0.00    0.00 0  0 0 0 19  -05.71476635 -056.43640613    0.00    0.00 0  0 0 0
130 Airport Boundary
111 -05.71341398 -056.43734897 
111 -05.72121528 -056.43641181 
111 -05.72103046 -056.43487325 
113 -05.71322916 -056.43581041 
19  -05.71719027 -056.43584514 0 Windsock
1      459 0 0 SNYQ Pista Sao Pedro
100   20.12   5   0 0.00 0 0 0 12  -05.31999542 -056.66709730    0.00    0.00 1  0 0 0 30  -05.32111569 -056.66234714    0.00    0.00 1  0 0 0
130 Airport Boundary
111 -05.32068279 -056.66074383 
111 -05.31889174 -056.66833823 
111 -05.32042833 -056.66870061 
113 -05.32221937 -056.66110621 
19  -05.32083412 -056.66478792 0 Windsock
1      821 0 0 SISZ Santa Felicidade
100   29.87   4   0 0.00 0 0 0 06  -05.57780570 -056.64157893    0.00    0.00 0  0 0 0 24  -05.57386097 -056.63786551    0.00    0.00 0  0 0 0
130 Airport Boundary
111 -05.57222729 -056.63747112 
111 -05.57829796 -056.64318583 
111 -05.57943937 -056.64197333 
113 -05.57336870 -056.63625861 
19  -05.57609129 -056.63944819 0 Windsock