1      551 0 1 SIBD BENEDITO MUTRAN
100   21.03   1   0 0.25 0 0 0 12  -05.75769700 -049.18103300    0.00    0.00 2  0 0 0 30  -05.75956400 -049.17126900    0.00    0.00 2  0 0 0
110   1 0.30 100.88 Default taxiway for RWY 12
111 -05.75778772 -049.18105052   3 
111 -05.75825459 -049.18114071   3 
111 -05.76012167 -049.17137674   3 
111 -05.75965480 -049.17128655 
112 -05.75961908 -049.17147336 -05.75963915 -049.17138039   3 
111 -05.75975067 -049.17140193   3 
112 -05.75989936 -049.17143066 -05.76001088 -049.17145220   3 
111 -05.75999302 -049.17154560   3 
111 -05.75910413 -049.17619407   3 
111 -05.75873019 -049.17612183 
111 -05.75871233 -049.17621524   3 
111 -05.75908627 -049.17628748   3 
112 -05.75819738 -049.18093595 -05.75817952 -049.18102936   3 
111 -05.75806800 -049.18100781   3 
112 -05.75791931 -049.18097909 -05.75780779 -049.18095755   3 
113 -05.75782344 -049.18086371 
120 Default hold RWY 12 (near)
111 -05.75797580 -049.18108685   4 
115 -05.75799366 -049.18099345 
120 Default hold RWY 12 (centre)
111 -05.75890041 -049.17625157   4 
115 -05.75891827 -049.17615816 
120 Default hold RWY 12 (far)
111 -05.75982502 -049.17141629   4 
115 -05.75984288 -049.17132288 
19  -05.75738383 -049.18116622 1 WS
19  -05.75987717 -049.17113578 1 WS
1      357 0 1 SBMA Maraba
100   45.11   1   0 0.25 0 1 1 07  -05.37434200 -049.14500000    0.00   59.44 2  0 0 0 25  -05.36283300 -049.13105000    0.00   59.44 2  0 0 0
21  -05.37288487 -049.14386496  2  50.35   3.00 07  PAPI-4L
10  -05.36998000 -049.13703500 xxx  50.35  1000 0.0 0.0   300 161161  1 0 0 0.35 0
10  -05.36846200 -049.13674900 xxx 140.35   444 0.0 0.0   120 161161  1 0 0 0.25 0
10  -05.36993500 -049.13862200 xxx 140.35   444 0.0 0.0   120 161161  1 0 0 0.35 0
10  -05.36234100 -049.13115700 xxx 140.35   180 0.0 0.0   200 161161  1 0 0 0.35 0
10  -05.37483800 -049.14490100 xxx 140.35   180 0.0 0.0   200 161161  1 0 0 0.35 0
14  -05.36952700 -049.13585300    0 0 ATC Tower
15  -05.37007400 -049.13702000 139.00 Ramp
18  -05.36796200 -049.13854200 1 BCN
19  -05.37371700 -049.14551900 1 WS
19  -05.36345800 -049.13052700 1 WS
54 12590 RDO