1      443 0 0 SIME Comandante Carlos Inacio Agnes
100   20.12   5   0 0.00 0 0 0 09  -05.57834194 -047.42721830    0.00    0.00 0  0 0 0 27  -05.57499139 -047.41833726    0.00    0.00 0  0 0 0
130 Airport Boundary
111 -05.57372312 -047.41720907 
111 -05.57813492 -047.42890308 
111 -05.57961022 -047.42834649 
113 -05.57519842 -047.41665248 
19  -05.57697360 -047.42266198 0 Windsock
1      495 0 0 SNJC Fazenda Agua Boa
100   27.13   5   0 0.00 0 0 0 09  -05.96275932 -047.39657948    0.00    0.00 0  0 0 0 27  -05.95946290 -047.38786496    0.00    0.00 0  0 0 0
130 Airport Boundary
111 -05.95816480 -047.38674762 
111 -05.96252570 -047.39827622 
111 -05.96405742 -047.39769682 
113 -05.95969652 -047.38616822 
19  -05.96147749 -047.39208363 0 Windsock
1      335 0 0 SJVY Haras Bela Vista
100   17.98   5   0 0.00 0 0 0 07  -05.54313762 -047.50421316    0.00    0.00 0  0 0 0 25  -05.54019571 -047.50078684    0.00    0.00 0  0 0 0
130 Airport Boundary
111 -05.53862663 -047.50015495 
111 -05.54352490 -047.50585977 
111 -05.54470670 -047.50484505 
113 -05.53980844 -047.49914023 
19  -05.54190136 -047.50229848 0 Windsock
1      431 0 0 SBIZ Prefeito Renato Moreira
100   45.11   1   0 0.25 0 1 1 07  -05.53609700 -047.46663300    0.00   60.96 2  0 0 0 25  -05.52648300 -047.45346400    0.00   60.96 2  0 0 0
21  -05.53470921 -047.46541312  2  53.74   3.00 07  PAPI-4L
10  -05.53226800 -047.45906800 xxx  53.74   450 0.0 0.0   300 161161  1 0 0 0.35 0
10  -05.53132700 -047.45912200 xxx 143.74   300 0.0 0.0    74 161161  1 0 0 0.35 0
14  -05.53353400 -047.45937300    0 0 ATC Tower
15  -05.53234800 -047.45890400 140.00 Ramp
18  -05.53063500 -047.46053300 1 BCN
19  -05.53544200 -047.46711700 1 WS
19  -05.52713800 -047.45298400 1 WS
54 12585 RDO