1      509 1 1 SNBC Barra Do Corda
100   22.25   2   0 0.25 0 2 0 09  -05.50357336 -045.24816973    0.00    0.00 2  7 0 0 27  -05.49698264 -045.23571707    0.00    0.00 2  7 0 0
21  -05.50246519 -045.24671379  2  62.00   3.00 09  PAPI-4L
21  -05.49809085 -045.23717298  2 242.00   3.00 27  PAPI-4L
110   2 0.30  62.00 Default taxiway for RWY 09
111 -05.50365977 -045.24812357  53 102 
111 -05.50410376 -045.24788641  53 102 
111 -05.49751317 -045.23543361  53 102 
111 -05.49706918 -045.23567077 
112 -05.49716318 -045.23584839 -05.49711817 -045.23575852  53 102 
111 -05.49722425 -045.23570186  53 102 
112 -05.49736569 -045.23562631 -05.49747177 -045.23556964  53 102 
111 -05.49751877 -045.23565845  53 102 
111 -05.50069656 -045.24166283  53 102 
111 -05.50034097 -045.24185277 
111 -05.50038798 -045.24194158  53 102 
111 -05.50074357 -045.24175164  53 102 
112 -05.50392136 -045.24775601 -05.50396836 -045.24784482  53 102 
111 -05.50386228 -045.24790149  53 102 
112 -05.50372084 -045.24797704 -05.50361476 -045.24803370  53 102 
113 -05.50356577 -045.24794595 
120 Default hold RWY 09 (near)
111 -05.50383856 -045.24802807  54 
115 -05.50379156 -045.24793926 
120 Default hold RWY 09 (centre)
111 -05.50056677 -045.24184608  54 
115 -05.50051976 -045.24175727 
120 Default hold RWY 09 (far)
111 -05.49729497 -045.23566408  54 
115 -05.49724797 -045.23557527 
18  -05.49966041 -045.24227327 1 BCN
19  -05.50340337 -045.24848836 1 WS
19  -05.49715262 -045.23539843 1 WS
1      928 0 0 SIKN Fazenda Bonanza
100   17.98   5   0 0.00 0 0 0 10  -05.15793039 -045.91919197    0.00    0.00 1  0 0 0 28  -05.15651406 -045.91191915    0.00    0.00 1  0 0 0
130 Airport Boundary
111 -05.15545905 -045.91058687 
111 -05.15745242 -045.92082278 
111 -05.15898541 -045.92052424 
113 -05.15699204 -045.91028833 
19  -05.15753302 -045.91549503 0 Windsock
1      741 0 0 SDOE Fazenda Siberia
100   17.98   4   0 0.00 0 0 0 09  -05.72352381 -045.79475854    0.00    0.00 0  0 0 0 27  -05.72092063 -045.78801924    0.00    0.00 0  0 0 0
130 Airport Boundary
111 -05.71964965 -045.78689041 
111 -05.72334170 -045.79644865 
111 -05.72479480 -045.79588737 
113 -05.72110275 -045.78632913 
19  -05.72251832 -045.79127452 0 Windsock
1      820 0 0 SDOD Fazenda Vida
100   17.98   4   0 0.00 0 0 0 11  -05.84007443 -045.54555793    0.00    0.00 0  0 0 0 29  -05.83992557 -045.53833095    0.00    0.00 0  0 0 0
130 Airport Boundary
111 -05.83911581 -045.53683440 
111 -05.83932698 -045.54708656 
111 -05.84088418 -045.54705448 
113 -05.84067301 -045.53680232 
19  -05.84031864 -045.54193788 0 Windsock
1      591 0 0 SDOA Lagoa da Floresta
100   17.98   4   0 0.00 0 0 0 12  -05.48805543 -045.49217997    0.00    0.00 0  0 0 0 30  -05.48916679 -045.48504225    0.00    0.00 0  0 0 0
130 Airport Boundary
111 -05.48862888 -045.48342812 
111 -05.48705223 -045.49355414 
111 -05.48859334 -045.49379410 
113 -05.49016998 -045.48366807 
19  -05.48892606 -045.48866015 0 Windsock