1      373 0 1 SNDR DOMINGOS REGO
100   29.87   1   0 0.25 0 1 0 02  -05.08751700 -042.87300300    0.00    0.00 2  0 0 0 20  -05.07206400 -042.87431900  195.07    0.00 2  0 0 0
110   1 0.30 355.15 Default taxiway for RWY 02
111 -05.08750583 -042.87287080   3 102 
111 -05.08744884 -042.87219627   3 102 
111 -05.07199584 -042.87351232   3 102 
111 -05.07205283 -042.87418683 
112 -05.07232068 -042.87416402 -05.07218657 -042.87417318   3 102 
111 -05.07217294 -042.87401184   3 102 
112 -05.07215476 -042.87379671 -05.07214113 -042.87363537   3 102 
111 -05.07227505 -042.87362396   3 102 
111 -05.07966674 -042.87299445   3 102 
111 -05.07971237 -042.87353452 
111 -05.07984629 -042.87352311   3 102 
111 -05.07980066 -042.87298304   3 102 
112 -05.08719235 -042.87235354 -05.08732627 -042.87234214   3 102 
111 -05.08733990 -042.87250348   3 102 
112 -05.08735808 -042.87271861 -05.08737171 -042.87287996   3 102 
113 -05.08723798 -042.87289361 
120 Default hold RWY 02 (near)
111 -05.08748292 -042.87259964   4 
115 -05.08734899 -042.87261105 
120 Default hold RWY 02 (centre)
111 -05.07982338 -042.87325195   4 
115 -05.07968946 -042.87326336 
120 Default hold RWY 02 (far)
111 -05.07216385 -042.87390428   4 
115 -05.07202992 -042.87391568 
18  -05.07987260 -042.87460197 1 BCN
19  -05.08781893 -042.87338355 1 WS
19  -05.07176207 -042.87393846 1 WS
1      607 0 0 SNNF Nossa Senhora de Fatima
100   17.98   5   0 0.00 0 0 0 02  -05.03765921 -042.70544602    0.00    0.00 0  0 0 0 20  -05.02956302 -042.70566510    0.00    0.00 0  0 0 0
130 Airport Boundary
111 -05.02806696 -042.70648413 
111 -05.03919737 -042.70618294 
111 -05.03915526 -042.70462698 
113 -05.02802485 -042.70492817 
19  -05.03360219 -042.70522589 0 Windsock
1      607 0 0 SIPW Nossa Senhora de Fatima
100   17.98   4   0 0.00 0 0 0 02  -05.03765921 -042.70544602    0.00    0.00 0  0 0 0 20  -05.02956302 -042.70566510    0.00    0.00 0  0 0 0
130 Airport Boundary
111 -05.02806696 -042.70648413 
111 -05.03919737 -042.70618294 
111 -05.03915526 -042.70462698 
113 -05.02802485 -042.70492817 
19  -05.03360219 -042.70522589 0 Windsock
1      219 1 0 SBTE Senador Petronio Portella
100   45.11   1   0 0.25 0 1 1 02  -05.06981700 -042.82245600    0.00   57.91 2  0 0 0 20  -05.05006400 -042.82450000    0.00   57.91 2  0 0 0
21  -05.06806774 -042.82304169  2 354.12   3.00 02  PAPI-4L
21  -05.05181326 -042.82391433  2 174.12   3.00 20  PAPI-4L
10  -05.06065200 -042.82172800 xxx 354.12  1000 0.0 0.0   300 161161  1 0 0 0.35 0
10  -05.06202500 -042.82254000 xxx  54.12   510 0.0 0.0    74 161161  1 0 0 0.35 0
10  -05.05987300 -042.82281900 xxx  84.12   444 0.0 0.0   120 161161  1 0 0 0.35 0
10  -05.07006900 -042.82288700 xxx 354.00   200 0.0 0.0   180 161161  1 0 0 0.35 0
10  -05.04979600 -042.82408100 xxx  84.12   180 0.0 0.0   200 161161  1 0 0 0.35 0
14  -05.05894100 -042.82190700    0 0 ATC Tower
15  -05.06055000 -042.82152900  80.00 Ramp
18  -05.06002400 -042.82428700 1 BCN
19  -05.04998100 -042.82368900 1 WS
19  -05.06990000 -042.82326900 1 WS
50 12780 TERESINA ATIS
54 11880 TWR
55 11960 TERESINA APP
1       66 0 0 SNWQ Tambori
100   17.98   5   0 0.00 0 0 0 16  -05.15819253 -042.70431800    0.00    0.00 0  0 0 0 34  -05.16291858 -042.70012644    0.00    0.00 0  0 0 0
130 Airport Boundary
111 -05.16353973 -042.69853312 
111 -05.15653642 -042.70474439 
111 -05.15757138 -042.70591132 
113 -05.16457469 -042.69970005 
19  -05.16077501 -042.70246965 0 Windsock
1       66 0 0 SNTC Tambori
100   17.98   1   0 0.00 0 0 0 16  -05.15723189 -042.72217727    0.00    0.00 1  0 0 0 34  -05.16276811 -042.71726717    0.00    0.00 1  0 0 0
130 Airport Boundary
111 -05.16338920 -042.71567390 
111 -05.15557584 -042.72260362 
111 -05.15661080 -042.72377054 
113 -05.16442416 -042.71684082 
19  -05.16021940 -042.71996959 0 Windsock
17     249 0 0 SDYQ [H] Condominio Aldebaran Ville
102 H1  -05.00916667 -042.76722222 228.45   17.98   17.98   3 0   0 0.00 0
130 Heliport Boundary
111 -05.00918122 -042.76698083 
111 -05.00892527 -042.76720767 
111 -05.00915211 -042.76746361 
113 -05.00940806 -042.76723677 
19  -05.00934453 -042.76723295 0 Windsock
17     249 0 0 SJXL [H] Hospital de Clinicas de Teresina HCT
102 H1  -05.05777778 -042.81555556 158.45   29.87   18.90   2 0   0 0.00 1
130 Heliport Boundary
111 -05.05750404 -042.81547497 
111 -05.05763297 -042.81580143 
111 -05.05805151 -042.81563614 
113 -05.05792259 -042.81530968 
18  -05.05755915 -042.81499978 3 BCN
19  -05.05789726 -042.81536806 0 Windsock