1       77 1 1 SBMS DIX SEPT ROSADO
100   29.87   1   0 0.25 0 1 0 05  -05.21013100 -037.36817200    0.00   38.10 2  0 0 0 23  -05.19370600 -037.36052200    0.00   98.15 2  0 0 0
110   1 0.30  24.88 Default taxiway for RWY 05
111 -05.21018661 -037.36805162   3 102 
111 -05.21047033 -037.36743740   3 102 
111 -05.19404538 -037.35978722   3 102 
111 -05.19376166 -037.36040142 
112 -05.19400551 -037.36051500 -05.19388453 -037.36045616   3 102 
111 -05.19395239 -037.36030924   3 102 
112 -05.19404288 -037.36011335 -05.19411075 -037.35996644   3 102 
111 -05.19423268 -037.36002323   3 102 
111 -05.20214034 -037.36370635   3 102 
111 -05.20191317 -037.36419813 
111 -05.20203510 -037.36425492   3 102 
111 -05.20226227 -037.36376314   3 102 
112 -05.21016992 -037.36744625 -05.21029185 -037.36750304   3 102 
111 -05.21022398 -037.36764996   3 102 
112 -05.21013349 -037.36784586 -05.21006563 -037.36799278   3 102 
113 -05.20994275 -037.36793804 
120 Default hold RWY 05 (near)
111 -05.21030067 -037.36780470   4 
115 -05.21017874 -037.36774791 
120 Default hold RWY 05 (centre)
111 -05.20214916 -037.36400800   4 
115 -05.20202723 -037.36395121 
120 Default hold RWY 05 (far)
111 -05.19399764 -037.36021130   4 
115 -05.19387572 -037.36015451 
18  -05.20152362 -037.36520439 1 BCN
19  -05.21020519 -037.36865288 1 WS
19  -05.19363180 -037.36004114 1 WS
54 12590 MOSSORO RDO
1      262 0 1 SNOO MAISA
100   20.12   1   0 0.25 0 0 0 07  -05.02691900 -037.52104400    0.00    0.00 2  0 0 0 25  -05.01815800 -037.51066700    0.00    0.00 2  0 0 0
110   1 0.30  49.72 Default taxiway for RWY 07
111 -05.02698634 -037.52098671   3 
111 -05.02733333 -037.52069150   3 
111 -05.01857241 -037.51031436   3 
111 -05.01822542 -037.51060957 
112 -05.01834247 -037.51074821 -05.01828566 -037.51067743   3 
111 -05.01836853 -037.51060693   3 
112 -05.01847902 -037.51051293 -05.01856188 -037.51044243   3 
111 -05.01862040 -037.51051175   3 
111 -05.02285455 -037.51552702   3 
111 -05.02257662 -037.51576348 
111 -05.02263514 -037.51583280   3 
111 -05.02291307 -037.51559634   3 
112 -05.02714722 -037.52061161 -05.02720575 -037.52068093   3 
111 -05.02712289 -037.52075143   3 
112 -05.02701240 -037.52084543 -05.02692953 -037.52091593   3 
113 -05.02686929 -037.52084807 
120 Default hold RWY 07 (near)
111 -05.02712616 -037.52086775   4 
115 -05.02706764 -037.52079843 
120 Default hold RWY 07 (centre)
111 -05.02277496 -037.51571384   4 
115 -05.02271644 -037.51564452 
120 Default hold RWY 07 (far)
111 -05.01842377 -037.51055993   4 
115 -05.01836524 -037.51049061 
19  -05.02682889 -037.52135889 1 WS
19  -05.01824811 -037.51035211 1 WS
17      10 0 0 SSZD [H] Aficel
102 H1  -05.11666667 -037.34333333  28.35   20.12   20.12   2 0   0 0.00 0
130 Heliport Boundary
111 -05.11673960 -037.34357722 
111 -05.11691055 -037.34326040 
111 -05.11659373 -037.34308945 
113 -05.11642278 -037.34340627 
19  -05.11648375 -037.34338804 0 Windsock