1      169 1 0 SBNT Augusto Severo
100   45.11   1   0 0.25 0 1 1 16L -05.90183600 -035.25160600    0.00   85.04 2  0 0 1 34R -05.92008900 -035.23678900    0.00    0.00 2  0 0 0
100   45.11   1   0 0.25 0 1 1 12  -05.90913900 -035.25586100    0.00    0.00 2  0 0 0 30  -05.91169400 -035.23961100    0.00    0.00 2  0 0 0
100   45.11   1   0 0.25 0 1 1 16R -05.90755600 -035.25630600    0.00  411.48 2  0 0 0 34L -05.92016700 -035.24608300    0.00    0.00 2  0 0 0
21  -05.90902399 -035.25401079  2  98.98   3.00 12  PAPI-4L
21  -05.90371828 -035.24956002  2 141.08   3.00 16L PAPI-4L
21  -05.90870544 -035.25485642  2 141.12   3.00 16R PAPI-4L
10  -05.91514300 -035.25167800 xxx 141.12  4900 0.0 0.0    74 161161  1 0 0 0.35 0
10  -05.91576700 -035.24286300 xxx  37.00  3850 0.0 0.0    74 161161  1 0 0 0.35 0
10  -05.90947100 -035.24354600 xxx 100.00  3070 0.0 0.0   200 161161  1 0 0 0.35 0
10  -05.90646600 -035.25269300 xxx  40.00  2500 0.0 0.0    74 161161  1 0 0 0.35 0
10  -05.90552100 -035.24842800 xxx 160.00  2000 0.0 0.0   400 161161  1 0 0 0.25 0
10  -05.90092600 -035.24981700 xxx 160.00  1530 0.0 0.0   200 161161  1 0 0 0.25 0
10  -05.90783400 -035.24849700 xxx  10.00   700 0.0 0.0    70 161161  1 0 0 0.25 0
10  -05.90716600 -035.24846300 xxx 180.00   601 0.0 0.0    74 161161  1 0 0 0.25 0
10  -05.89938000 -035.25127000 xxx 250.12   540 0.0 0.0   100 161161  1 0 0 0.35 0
10  -05.90362400 -035.24979000 xxx  70.00   500 0.0 0.0    74 161161  1 0 0 0.25 0
10  -05.92023800 -035.24689100 xxx  83.00   480 0.0 0.0    74 161161  1 0 0 0.35 0
10  -05.91310500 -035.25255600 xxx 231.12   444 0.0 0.0    74 161161  1 0 0 0.35 0
10  -05.90960700 -035.25532900 xxx 231.12   444 0.0 0.0    74 161161  1 0 0 0.35 0
10  -05.91651800 -035.24983600 xxx 231.98   444 0.0 0.0    74 161161  1 0 0 0.35 0
10  -05.90855700 -035.24761600 xxx 160.00   300 0.0 0.0   200 161161  1 0 0 0.25 0
10  -05.91094400 -035.23960500 xxx  10.00   400 0.0 0.0    74 161161  1 0 0 0.25 0
10  -05.90770900 -035.24822200 xxx   0.00   200 0.0 0.0   120 161161  1 0 0 0.25 0
14  -05.91135700 -035.25529500    0 0 ATC Tower
15  -05.90481000 -035.24849700  70.00 Ramp
18  -05.91097400 -035.24714700 1 BCN
19  -05.89992400 -035.25116300 1 WS
19  -05.92257600 -035.24466700 1 WS
19  -05.90833700 -035.25573700 1 WS
19  -05.91249600 -035.23973500 1 WS
19  -05.90704600 -035.25567200 1 WS
19  -05.92067700 -035.24671900 1 WS
50 13265 NATAL ATIS
53 12190 GND
54 11870 NATAL TWR
54 12280 NATAL TWR
55 11930 NATAL APP
55 11965 NATAL APP
1      171 0 0 SNOG Ceara - Mirim
100   20.12   1   0 0.00 0 0 0 14  -05.65798277 -035.42032975    0.00    0.00 1  0 0 0 32  -05.66312834 -035.41078137    0.00    0.00 1  0 0 0
130 Airport Boundary
111 -05.66317352 -035.40903666 
111 -05.65655038 -035.42132689 
111 -05.65793760 -035.42207446 
113 -05.66456075 -035.40978423 
19  -05.66089208 -035.41573691 0 Windsock
1      171 0 1 SB38 CEARA MIRIM
100   20.12   1   0 0.25 0 0 0 14  -05.65691700 -035.41716100    0.00    0.00 2  0 0 0 32  -05.66549400 -035.41055600    0.00    0.00 2  0 0 0
110   1 0.30 142.54 Default taxiway for RWY 14
111 -05.65697069 -035.41723141   3 
111 -05.65724735 -035.41759420   3 
111 -05.66582439 -035.41098930   3 
111 -05.66554773 -035.41062651 
112 -05.66540403 -035.41073716 -05.66547725 -035.41068363   3 
111 -05.66554332 -035.41077027   3 
112 -05.66563141 -035.41088579 -05.66569748 -035.41097243   3 
111 -05.66562563 -035.41102775   3 
111 -05.66151673 -035.41419189   3 
111 -05.66129513 -035.41390130 
111 -05.66122328 -035.41395662   3 
111 -05.66144488 -035.41424721   3 
112 -05.65733599 -035.41741134 -05.65726414 -035.41746667   3 
111 -05.65719807 -035.41738003   3 
112 -05.65710998 -035.41726451 -05.65704391 -035.41717787   3 
113 -05.65711439 -035.41712075 
120 Default hold RWY 14 (near)
111 -05.65708218 -035.41737760   4 
115 -05.65715403 -035.41732227 
120 Default hold RWY 14 (centre)
111 -05.66133477 -035.41410281   4 
115 -05.66140662 -035.41404749 
120 Default hold RWY 14 (far)
111 -05.66558737 -035.41082803   4 
115 -05.66565922 -035.41077270 
19  -05.65660812 -035.41705506 1 WS
19  -05.66580287 -035.41066194 1 WS
1      131 0 0 SNZO Fazenda Bebida Velha
100   20.12   5   0 0.00 0 0 0 14  -05.29522574 -035.53984535    0.00    0.00 0  0 0 0 32  -05.29866315 -035.53348799    0.00    0.00 0  0 0 0
130 Airport Boundary
111 -05.29870903 -035.53174399 
111 -05.29379154 -035.54083870 
111 -05.29517985 -035.54158935 
113 -05.30009735 -035.53249465 
19  -05.29728005 -035.53684813 0 Windsock
1      489 1 1 SNJA Jardim De Angicos
100   15.85   2   0 0.25 0 2 0 12  -05.63764412 -035.96159290    0.00    0.00 2 10 0 0 30  -05.63902148 -035.95174490    0.00    0.00 2 10 0 0
21  -05.63765468 -035.95976801  1  98.00   3.00 12  VASI
21  -05.63901095 -035.95356979  1 278.00   3.00 30  VASI
110   2 0.30  98.00 Default taxiway for RWY 12
111 -05.63771252 -035.96160256  53 102 
111 -05.63806786 -035.96165275  53 102 
111 -05.63944530 -035.95180477  53 102 
111 -05.63908996 -035.95175458 
112 -05.63907011 -035.95189652 -05.63908226 -035.95182586  53 102 
111 -05.63916701 -035.95183783  53 102 
112 -05.63928001 -035.95185379 -05.63936476 -035.95186576  53 102 
111 -05.63935483 -035.95193673  53 102 
111 -05.63869092 -035.95668330  53 102 
111 -05.63840620 -035.95664309 
111 -05.63839628 -035.95671405  53 102 
111 -05.63868100 -035.95675426  53 102 
112 -05.63801709 -035.96150084 -05.63800717 -035.96157180  53 102 
111 -05.63792242 -035.96155983  53 102 
112 -05.63780942 -035.96154387 -05.63772467 -035.96153190  53 102 
113 -05.63773237 -035.96146063 
120 Default hold RWY 12 (near)
111 -05.63785599 -035.96162282  54 
115 -05.63786592 -035.96155185 
120 Default hold RWY 12 (centre)
111 -05.63853975 -035.95673431  54 
115 -05.63854967 -035.95666335 
120 Default hold RWY 12 (far)
111 -05.63922351 -035.95184581  54 
115 -05.63923343 -035.95177484 
18  -05.63783844 -035.95659908 1 BCN
19  -05.63741240 -035.96170491 1 WS
19  -05.63925320 -035.95163289 1 WS
1      302 0 1 SNXX MAXARANGUAPE
100   29.87   1   0 0.25 0 0 0 16  -05.37675000 -035.53497200    0.00   60.96 2  0 0 0 34  -05.39152500 -035.52179700    0.00   60.96 2  0 0 0
110   1 0.30 138.40 Default taxiway for RWY 16
111 -05.37683774 -035.53507127   3 
111 -05.37728539 -035.53557774   3 
111 -05.39206053 -035.52240308   3 
111 -05.39161288 -035.52189659 
112 -05.39141186 -035.52207584 -05.39151386 -035.52198791   3 
111 -05.39162094 -035.52210906   3 
112 -05.39176371 -035.52227060 -05.39187078 -035.52239175   3 
111 -05.39177027 -035.52248137   3 
111 -05.38463398 -035.52884464   3 
111 -05.38427557 -035.52843912 
111 -05.38417505 -035.52852874   3 
111 -05.38453346 -035.52893426   3 
112 -05.37739718 -035.53529754 -05.37729666 -035.53538716   3 
111 -05.37718959 -035.53526601   3 
112 -05.37704682 -035.53510448 -05.37693974 -035.53498333   3 
113 -05.37703877 -035.53489202 
120 Default hold RWY 16 (near)
111 -05.37701769 -035.53527487   4 
115 -05.37711820 -035.53518524 
120 Default hold RWY 16 (centre)
111 -05.38435500 -035.52873234   4 
115 -05.38445552 -035.52864272 
120 Default hold RWY 16 (far)
111 -05.39169232 -035.52218983   4 
115 -05.39179283 -035.52210020 
19  -05.37628128 -035.53484838 1 WS
19  -05.39199372 -035.52192061 1 WS
17      30 0 0 SJJC [H] Ceara - Mirim
102 H1  -05.50750000 -035.50333333 118.40   20.12   20.12   3 0   0 0.00 0
130 Heliport Boundary
111 -05.50725605 -035.50340606 
111 -05.50757272 -035.50357728 
111 -05.50774395 -035.50326061 
113 -05.50742728 -035.50308938 
19  -05.50744546 -035.50315037 0 Windsock
17       2 0 0 SSOH [H] Cejen
102 H1  -05.75888889 -035.19722222 118.37   20.12   20.12   3 0   0 0.00 0
130 Heliport Boundary
111 -05.75864498 -035.19729507 
111 -05.75896174 -035.19746613 
111 -05.75913280 -035.19714937 
113 -05.75881604 -035.19697831 
19  -05.75883425 -035.19703929 0 Windsock
17      17 0 0 SSOM [H] Hospital Estadual Walfredo Gurgel
102 H1  -05.81111111 -035.20444444  68.35   17.98   17.98   1 0   0 0.00 0
130 Heliport Boundary
111 -05.81101526 -035.20466647 
111 -05.81133314 -035.20454029 
111 -05.81120696 -035.20422242 
113 -05.81088909 -035.20434860 
19  -05.81094751 -035.20437382 0 Windsock
17      25 0 0 SJSW [H] Natal Mar
102 H1  -05.86527778 -035.18027778   8.33   20.12   20.12   2 0   0 0.00 0
130 Heliport Boundary
111 -05.86542980 -035.18048196 
111 -05.86548196 -035.18012575 
111 -05.86512575 -035.18007360 
113 -05.86507360 -035.18042980 
19  -05.86512464 -035.18039180 0 Windsock
17      66 0 0 SJJQ [H] Policia Federal
102 H1  -05.82611111 -035.22361111 118.35   25.60   25.60   2 0   0 0.00 1
130 Heliport Boundary
111 -05.82583308 -035.22369426 
111 -05.82619426 -035.22388914 
111 -05.82638914 -035.22352796 
113 -05.82602796 -035.22333308 
18  -05.82540140 -035.22322618 3 BCN
19  -05.82604620 -035.22339405 1 Windsock