1       80 1 1 HTPE PEMBA
100   29.87   1   0 0.25 0 2 0 02  -05.26365000  039.80881400    0.00    0.00 2  7 0 0 20  -05.25088100  039.81401900    0.00    0.00 2  7 0 0
21  -05.26186744  039.80920964  1  22.09   3.00 02  VASI
21  -05.25266356  039.81362337  1 202.09   3.00 20  VASI
110   1 0.30  22.09 Default taxiway for RWY 02
111 -05.26369971  039.80893697   3 102 
111 -05.26395331  039.80956439   3 102 
111 -05.25118433  039.81476948   3 102 
111 -05.25093073  039.81414208 
112 -05.25117981  039.81404054 -05.25105611  039.81409340   3 102 
111 -05.25111677  039.81424348   3 102 
112 -05.25119766  039.81444358 -05.25125832  039.81459365   3 102 
111 -05.25138286  039.81454288   3 102 
111 -05.25745600  039.81206726   3 102 
111 -05.25725295  039.81156491 
111 -05.25737749  039.81151414   3 102 
111 -05.25758054  039.81201649   3 102 
112 -05.26365369  039.80954085 -05.26377822  039.80949009   3 102 
111 -05.26371756  039.80934002   3 102 
112 -05.26363667  039.80913991 -05.26357601  039.80898983   3 102 
113 -05.26345064  039.80903850 
120 Default hold RWY 02 (near)
111 -05.26380166  039.80918919   4 
115 -05.26367712  039.80923996 
120 Default hold RWY 02 (centre)
111 -05.25747944  039.81176636   4 
115 -05.25735490  039.81181713 
120 Default hold RWY 02 (far)
111 -05.25115722  039.81434353   4 
115 -05.25103268  039.81439430 
18  -05.25691171  039.81054109 1 BCN
19  -05.26374741  039.80833728 1 WS
19  -05.25078357  039.81449572 1 WS
54 12250 TWR
1      129 1 1 HTTG TANGA
100   31.09   1   0 0.25 0 2 0 06  -05.09507200  039.06614200    0.00    0.00 2 10 0 0 24  -05.08964400  039.07617500    0.00    0.00 2 10 0 0
110   1 0.30  61.49 Default taxiway for RWY 06
111 -05.09519295  039.06620796   3 102 
111 -05.09580958  039.06654420   3 102 
111 -05.09038166  039.07657728   3 102 
111 -05.08976503  039.07624104 
112 -05.08989857  039.07599421 -05.08983378  039.07611870   3 102 
111 -05.08998130  039.07619914   3 102 
112 -05.09017798  039.07630640 -05.09032550  039.07638684   3 102 
111 -05.09039227  039.07626342   3 102 
111 -05.09293930  039.07155542   3 102 
111 -05.09244560  039.07128621 
111 -05.09251237  039.07116279   3 102 
111 -05.09300607  039.07143200   3 102 
112 -05.09555311  039.06672400 -05.09561988  039.06660059   3 102 
111 -05.09547236  039.06652015   3 102 
112 -05.09527568  039.06641289 -05.09512816  039.06633245   3 102 
113 -05.09505941  039.06645479 
120 Default hold RWY 06 (near)
111 -05.09544079  039.06634310   4 
115 -05.09537402  039.06646652 
120 Default hold RWY 06 (centre)
111 -05.09276021  039.07129793   4 
115 -05.09269344  039.07142135 
120 Default hold RWY 06 (far)
111 -05.09007964  039.07625277   4 
115 -05.09001287  039.07637618 
18  -05.09149884  039.07068689 1 BCN
19  -05.09483675  039.06569407 1 WS
19  -05.08987925  039.07662294 1 WS
54 12210 INFO