1     3250 0 1 LTBM ISPARTA
100   28.96   1   0 0.25 0 0 0 14   37.78918900  030.57880300    0.00   30.48 2  0 0 0 32   37.78155000  030.58483300    0.00   30.48 2  0 0 0
110   1 0.30 148.04 Default taxiway for RWY 14
111  37.78912122  030.57866554   3 
111  37.78877520  030.57796373   3 
111  37.78113635  030.58399443   3 
111  37.78148237  030.58469617 
112  37.78170346  030.58452163  37.78159173  030.58460649   3 
111  37.78150897  030.58443865   3 
112  37.78139863  030.58421487  37.78131587  030.58404703   3 
111  37.78142641  030.58395976   3 
111  37.78496948  030.58116259   3 
111  37.78524653  030.58172449 
111  37.78535707  030.58163722   3 
111  37.78508002  030.58107532   3 
112  37.78862309  030.57827815  37.78873363  030.57819088   3 
111  37.78881639  030.57835873   3 
112  37.78892673  030.57858254  37.78900949  030.57875039   3 
113  37.78890014  030.57884008 
120 Default hold RWY 14 (near)
111  37.78898210  030.57838336   4 
115  37.78887156  030.57847063 
120 Default hold RWY 14 (centre)
111  37.78521795  030.58135507   4 
115  37.78510741  030.58144234 
120 Default hold RWY 14 (far)
111  37.78145380  030.58432676   4 
115  37.78134325  030.58441403 
19   37.78961625  030.57904662 1 WS
19   37.78112276  030.58458936 1 WS
1     2835 1 1 LTFC SULEYMAN DEMIREL
100   45.11   2   0 0.25 0 3 0 05   37.84664700  030.35538900    0.00   57.91 2  1 0 0 23   37.86418300  030.38140800    0.00   57.91 2  0 0 0
21   37.84812065  030.35679267  2  49.51   3.00 05  PAPI-4L
21   37.86270966  030.38000347  2 229.52   3.00 23  PAPI-4L
110   2 0.30  49.51 Default taxiway for RWY 05
111  37.84649434  030.35555406  53 102 
111  37.84572080  030.35639048  53 102 
111  37.86325966  030.38240353  53 102 
111  37.86403320  030.38156691 
112  37.86376959  030.38117594  37.86389969  030.38137328  53 102 
111  37.86371445  030.38157363  53 102 
112  37.86346747  030.38184075  37.86328223  030.38204109  53 102 
111  37.86315042  030.38184560  53 102 
111  37.85471050  030.36932782  53 102 
111  37.85532967  030.36865823 
111  37.85519787  030.36846274  53 102 
111  37.85457870  030.36913232  53 102 
112  37.84613878  030.35661454  37.84600697  030.35641906  53 102 
111  37.84619221  030.35621876  53 102 
112  37.84643919  030.35595170  37.84662443  030.35575140  53 102 
113  37.84675795  030.35594503 
120 Default hold RWY 05 (near)
111  37.84618390  030.35588974  54 
115  37.84631570  030.35608523 
120 Default hold RWY 05 (centre)
111  37.85488743  030.36879846  54 
115  37.85501923  030.36899395 
120 Default hold RWY 05 (far)
111  37.86359096  030.38170719  54 
115  37.86372276  030.38190267 
18   37.85649608  030.36722552 1 BCN
19   37.84684649  030.35449729 1 WS
19   37.86398331  030.38229986 1 WS
53 12170 ISPARTA GND
54 11920 ISPARTA TWR