1       80 0 1 RK29 G 203
100   15.24   4   0 0.25 0 0 0 17   37.64583300  127.14790000    0.00    0.00 1  0 0 0 35   37.64151700  127.14963100    0.00    0.00 1  0 0 0
19   37.64602599  127.14809520 1 WS
19   37.64132401  127.14943580 1 WS
1      400 0 1 RKRK G 213
100   23.16   2   0 0.25 0 1 0 16   37.81362200  127.35632500    0.00    0.00 2  0 0 0 34   37.80971100  127.35811900    0.00    0.00 2  0 0 0
18   37.81191583  127.35809001 1 BCN
19   37.81392453  127.35660723 1 WS
19   37.80940847  127.35783678 1 WS
1      328 1 1 RKRO G 217
100   24.38   1   0 0.25 0 1 0 04   37.86247200  127.17105600    0.00    0.00 2  0 0 0 22   37.87048900  127.17834700    0.00    0.00 2  0 0 0
110   1 0.30  35.67 Default taxiway for RWY 04
111  37.86240933  127.17116658   3 102 
111  37.86208809  127.17173338   3 102 
111  37.87010531  127.17902366   3 102 
111  37.87042655  127.17845680 
112  37.87024830  127.17829470  37.87033610  127.17837807   3 102 
111  37.87025932  127.17851356   3 102 
112  37.87015694  127.17869421  37.87008016  127.17882970   3 102 
111  37.86999104  127.17874865   3 102 
111  37.86620525  127.17530614   3 102 
111  37.86646251  127.17485222 
111  37.86637338  127.17477117   3 102 
111  37.86611612  127.17522509   3 102 
112  37.86233033  127.17178257  37.86224120  127.17170153   3 102 
111  37.86231798  127.17156606   3 102 
112  37.86242036  127.17138542  37.86249714  127.17124995   3 102 
113  37.86258759  127.17132867 
120 Default hold RWY 04 (near)
111  37.86228004  127.17139469   4 
115  37.86236917  127.17147574 
120 Default hold RWY 04 (centre)
111  37.86624409  127.17499929   4 
115  37.86633322  127.17508034 
120 Default hold RWY 04 (far)
111  37.87020813  127.17860388   4 
115  37.87029726  127.17868493 
18   37.86692629  127.17390877 1 BCN
19   37.86248570  127.17055522 1 WS
19   37.87047527  127.17884784 1 WS
54 12050 PO CHEON
1      317 0 1 RK28 G 219
100   18.29   4   0 0.25 0 2 0 09   37.90906900  127.00510600    0.00    0.00 1  0 0 0 27   37.90969400  127.01094400    0.00    0.00 1  0 0 0
18   37.90995225  127.00792573 4 BCN
19   37.90929150  127.00485722 1 WS
19   37.90947149  127.01119276 1 WS
1      230 1 1 RKRG G 301
100   30.48   1   0 0.25 0 0 0 15   37.50333300  127.62833100    0.00    0.00 2  0 0 0 33   37.49972200  127.63138900    0.00    0.00 2  0 0 0
19   37.50379014  127.62856867 1 WS
19   37.49926486  127.63115132 1 WS
54 12760 YANG PYEONG TWR
1      270 0 1 RK31 G 307
100   15.24   1   0 0.25 0 0 0 08   37.92881700  127.75345300    0.00    0.00 2  0 0 0 26   37.93017500  127.75970600    0.00    0.00 2  0 0 0
19   37.92897893  127.75321612 1 WS
19   37.93001306  127.75994287 1 WS
1      450 0 1 RK48 G 419
100   22.86   1   0 0.25 0 2 0 07   37.70172800  127.90096900    0.00    0.00 1  0 0 0 25   37.70458300  127.90806700    0.00    0.00 1  0 0 0
18   37.70379577  127.90410505 4 BCN
19   37.70190861  127.90056124 1 WS
19   37.70440236  127.90847475 1 WS
1      243 1 1 RK52 G 501
100   22.86   1   0 0.25 0 2 0 02R  37.28241700  127.22571900    0.00    0.00 2  0 0 0 20L  37.28744400  127.22745000    0.00    0.00 2  0 0 0
100   22.86   1   0 0.25 0 0 0 02L  37.28786100  127.22641900    0.00    0.00 2  0 0 0 20R  37.28958600  127.22703100    0.00    0.00 2  0 0 0
18   37.28512011  127.22571319 1 BCN
19   37.28229976  127.22527829 1 WS
19   37.28774646  127.22597714 1 WS
19   37.28970053  127.22747287 1 WS
19   37.28756123  127.22789074 1 WS
54 11960 YONGIN TWR
1      255 1 1 RKRN G 510
100   29.87   2   0 0.25 0 3 0 10L  37.19738900  127.46595800    0.00    0.00 2 10 0 0 28R  37.19747800  127.48418600    0.00    0.00 2  0 0 0
100   29.87   2   0 0.25 0 3 0 10R  37.19641700  127.47075800    0.00    0.00 2  0 0 0 28L  37.19641900  127.47569200    0.00    0.00 2  0 0 0
21   37.19773259  127.46821489  2  89.64   3.00 10L PAPI-4L
110   2 0.30  89.64 Default taxiway for RWY 10L
111  37.19725685  127.46595903  53 102 
111  37.19658258  127.46596430  53 102 
111  37.19667298  127.48419228  53 102 
111  37.19734725  127.48418701 
112  37.19734557  127.48384955  37.19734416  127.48401830  53 102 
111  37.19718287  127.48401956  53 102 
112  37.19696783  127.48402124  37.19680654  127.48402250  53 102 
111  37.19680570  127.48385377  53 102 
111  37.19676260  127.47516160  53 102 
111  37.19730247  127.47515738 
111  37.19730163  127.47498865  53 102 
111  37.19676176  127.47499287  53 102 
112  37.19671865  127.46630071  37.19671782  127.46613198  53 102 
111  37.19687911  127.46613072  53 102 
112  37.19709415  127.46612904  37.19725544  127.46612778  53 102 
113  37.19725852  127.46629649 
120 Default hold RWY 10L (near)
111  37.19698579  127.46596115  54 
115  37.19698663  127.46612988 
120 Default hold RWY 10L (centre)
111  37.19703057  127.47499077  54 
115  37.19703141  127.47515950 
120 Default hold RWY 10L (far)
111  37.19707535  127.48402040  54 
115  37.19707619  127.48418913 
18   37.19735889  127.47322292 4 BCN
19   37.19682008  127.47042027 1 WS
19   37.19779054  127.46561739 1 WS
19   37.19601591  127.47602970 1 WS
19   37.19707641  127.48452651 1 WS
54 12350 TWR
55 12790 OSAN APP
56 12790 OSAN DEP
1      281 1 1 RKTI JUNGWON AB
100   36.58   2   0 0.25 0 3 0 18R  37.04269400  127.88272800   44.20  304.80 2  0 0 1 36L  37.01716400  127.88521100   44.20  304.80 2  7 0 1
100   60.96   2   0 0.25 0 3 0 18L  37.04239200  127.88535800    0.00  304.80 2  0 0 1 36R  37.01773900  127.88776400    0.00  304.80 3  7 0 1
21   37.04063428  127.88612307  2 175.54   3.00 18L PAPI-4L
21   37.04053108  127.88339402  2 175.56   3.00 18R PAPI-4L
21   37.01932693  127.88454525  2 355.56   3.00 36L PAPI-4L
21   37.02149010  127.88680471  2 355.55   3.00 36R PAPI-4L
110   2 0.30 175.54 Default taxiway for RWY 18L
111  37.04237086  127.88501820  53 102 
111  37.04226414  127.88330233  53 102 
111  37.01761116  127.88570978  53 102 
111  37.01771788  127.88742509 
112  37.01826482  127.88737170  37.01799118  127.88739558  53 102 
111  37.01796561  127.88698458  53 102 
112  37.01793151  127.88643657  37.01790594  127.88602557  53 102 
111  37.01817941  127.88599888  53 102 
111  37.02982223  127.88486196  53 102 
111  37.02990764  127.88623499 
111  37.03018111  127.88620829  53 102 
111  37.03009570  127.88483526  53 102 
112  37.04173851  127.88369836  37.04201198  127.88367165  53 102 
111  37.04203755  127.88408278  53 102 
112  37.04207165  127.88463096  37.04209722  127.88504209  53 102 
113  37.04182392  127.88507160 
110   2 0.30 175.56 Default taxiway for RWY 18R
111  37.04268143  127.88252524  53 102 
111  37.04261755  127.88149457  53 102 
111  37.01708758  127.88397881  53 102 
111  37.01715146  127.88500914 
112  37.01747963  127.88497722  37.01731537  127.88499037  53 102 
111  37.01730008  127.88474376  53 102 
112  37.01727969  127.88441496  37.01726440  127.88416835  53 102 
111  37.01742849  127.88415239  53 102 
111  37.02978326  127.88295021  53 102 
111  37.02983440  127.88377517 
111  37.02999849  127.88375921  53 102 
111  37.02994735  127.88293425  53 102 
112  37.04230212  127.88173207  37.04246621  127.88171610  53 102 
111  37.04248150  127.88196279  53 102 
112  37.04250189  127.88229170  37.04251718  127.88253839  53 102 
113  37.04235326  127.88255717 
120 Default hold RWY 18L (near)
111  37.04232807  127.88433017  54 
115  37.04205460  127.88435687 
120 Default hold RWY 18R (near)
111  37.04265577  127.88211128  54 
115  37.04249169  127.88212725 
120 Default hold RWY 18L (centre)
111  37.03013832  127.88552037  54 
115  37.02986485  127.88554707 
120 Default hold RWY 18R (centre)
111  37.02997283  127.88334533  54 
115  37.02980874  127.88336129 
120 Default hold RWY 18L (far)
111  37.01794856  127.88671058  54 
115  37.01767509  127.88673728 
120 Default hold RWY 18R (far)
111  37.01728988  127.88457936  54 
115  37.01712580  127.88459532 
18   37.03002014  127.88540849 4 BCN
19   37.04306040  127.88331279 1 WS
19   37.04300287  127.88633244 1 WS
19   37.01712815  127.88678986 1 WS
19   37.01679762  127.88462640 1 WS
50 13560 ATIS
54 12620 TWR
55 13255 APP
56 13255 DEP
1       40 1 1 RKSO OSAN AB
100   45.72   2   0 0.25 0 3 0 09   37.08933900  127.01424200    0.00  306.93 3  1 0 1 27   37.09189400  127.04494400    0.00  304.19 3  1 0 1
21   37.09001731  127.01751016  2  84.04   3.00 09  PAPI-4L
21   37.09120334  127.04151661  2 264.05   3.00 27  PAPI-4L
110   2 0.30  84.04 Default taxiway for RWY 09
111  37.08913663  127.01426851  53 102 
111  37.08811134  127.01440281  53 102 
111  37.09067030  127.04510378  53 102 
111  37.09169559  127.04496947 
112  37.09165283  127.04445647  37.09167197  127.04471326  53 102 
111  37.09142644  127.04474543  53 102 
112  37.09109906  127.04478831  37.09085353  127.04482047  53 102 
111  37.09083215  127.04456397  53 102 
111  37.08960612  127.02985474  53 102 
111  37.09042680  127.02974724 
111  37.09040542  127.02949074  53 102 
111  37.08958474  127.02959824  53 102 
112  37.08835871  127.01488901  37.08833733  127.01463251  53 102 
111  37.08858286  127.01460035  53 102 
112  37.08891024  127.01455746  37.08915577  127.01452530  53 102 
113  37.08917939  127.01478151 
120 Default hold RWY 09 (near)
111  37.08872517  127.01432241  54 
115  37.08874655  127.01457891 
120 Default hold RWY 09 (centre)
111  37.08999396  127.02954464  54 
115  37.09001534  127.02980114 
120 Default hold RWY 09 (far)
111  37.09126275  127.04476687  54 
115  37.09128413  127.04502337 
18   37.09205063  127.02940339 4 BCN
19   37.08991007  127.01364860 1 WS
19   37.09132278  127.04553720 1 WS
50 13212 ATIS
52 12730 CLNC DEL
53 13245 GND
54 12210 TWR
55 12790 APP
56 12790 DEP
1       92 1 1 RKSM SEOUL AB
100   45.72   2   0 0.25 1 3 0 02   37.43250000  127.11066700    0.00  298.70 2  5 0 1 20   37.45875000  127.11533300    0.00  298.70 3  1 0 1
100   45.72   2   0 0.25 0 3 0 01   37.43391700  127.11633300    0.00  176.78 2  0 0 0 19   37.45875000  127.11583300    0.00  298.70 2  0 0 0
21   37.43433860  127.11048025  2   8.03   3.00 02  PAPI-4L
21   37.45695683  127.11637775  2 179.08   3.00 19  PAPI-4L
21   37.45557399  127.11528186  2 188.03   3.00 20  PAPI-4L
110   2 0.30 359.08 Default taxiway for RWY 01
111  37.43392025  127.11658921  53 102 
111  37.43393673  127.11788728  53 102 
111  37.45876973  127.11738797  53 102 
111  37.45875325  127.11608947 
112  37.45834186  127.11609775  37.45854759  127.11609644  53 102 
111  37.45855153  127.11640740  53 102 
112  37.45855679  127.11682201  37.45856074  127.11713297  53 102 
111  37.45835505  127.11713711  53 102 
111  37.44645279  127.11737646  53 102 
111  37.44643960  127.11633727 
111  37.44623390  127.11634141  53 102 
111  37.44624709  127.11738060  53 102 
112  37.43434483  127.11761996  37.43413914  127.11762410  53 102 
111  37.43413519  127.11731324  53 102 
112  37.43412993  127.11689876  37.43412599  127.11658791  53 102 
113  37.43433164  127.11658094 
110   2 0.30   8.03 Default taxiway for RWY 02
111  37.43247157  127.11092073  53 102 
111  37.43232755  127.11220620  53 102 
111  37.45857764  127.11687110  53 102 
111  37.45872166  127.11558518 
112  37.45831425  127.11551279  37.45851765  127.11555179  53 102 
111  37.45848316  127.11585974  53 102 
112  37.45843717  127.11627034  37.45840268  127.11657829  53 102 
111  37.45819897  127.11654208  53 102 
111  37.44558319  127.11430018  53 102 
111  37.44569847  127.11327105 
111  37.44549476  127.11323485  53 102 
111  37.44537948  127.11426397  53 102 
112  37.43276370  127.11202207  37.43256000  127.11198587  53 102 
111  37.43259449  127.11167803  53 102 
112  37.43264048  127.11126758  37.43267497  127.11095973  53 102 
113  37.43287898  127.11099312 
120 Default hold RWY 01 (near)
111  37.43392686  127.11711014  54 
115  37.43413256  127.11710600 
120 Default hold RWY 02 (near)
111  37.43241377  127.11143660  54 
115  37.43261748  127.11147280 
120 Default hold RWY 01 (centre)
111  37.44624051  127.11686242  54 
115  37.44644621  127.11685828 
120 Default hold RWY 02 (centre)
111  37.44543696  127.11375082  54 
115  37.44564067  127.11378702 
120 Default hold RWY 01 (far)
111  37.45855416  127.11661471  54 
115  37.45875986  127.11661057 
120 Default hold RWY 02 (far)
111  37.45846016  127.11606504  54 
115  37.45866386  127.11610123 
18   37.44582528  127.11120296 4 BCN
19   37.43349575  127.11556414 1 WS
19   37.43217882  127.10982501 1 WS
19   37.45907115  127.11617531 1 WS
19   37.45917126  127.11660211 1 WS
50 13695 ATIS
53 12185 GND
54 12620 TWR
55 12380 APP
55 13680 GCA
56 12115 DEP
56 12135 DEP
1       88 1 1 RKSW SUWON
100   45.72   1   0 0.25 0 3 0 15L  37.24956900  126.99821100    0.00  265.18 2  0 0 1 33R  37.23008300  127.01697500    0.00  304.80 2  7 0 1
100   45.72   1   0 0.25 0 3 0 15R  37.24872500  126.99685000    0.00  304.80 2  0 0 1 33L  37.22923900  127.01588900    0.00  304.80 2  1 0 1
100   43.59   1   0 0.25 0 0 0 16   37.23712800  127.01966700    0.00    0.00 2  0 0 0 34   37.21793300  127.02936400    0.00    0.00 2  0 0 0
21   37.24838635  126.99998930  2 142.52   3.00 15L PAPI-4L
21   37.24755235  126.99863870  2 142.12   3.00 15R PAPI-4L
21   37.23041193  127.01410103  2 322.13   3.00 33L PAPI-4L
21   37.23126593  127.01519744  2 322.53   3.00 33R PAPI-4L
110   1 0.30 142.12 Default taxiway for RWY 15R
111  37.24860006  126.99664825   3 102 
111  37.24796704  126.99562613   3 102 
111  37.22848256  127.01467037   3 102 
111  37.22911558  127.01569223 
112  37.22944032  127.01537483  37.22927656  127.01553129   3 102 
111  37.22912497  127.01528658   3 102 
112  37.22892285  127.01496030  37.22877126  127.01471559   3 102 
111  37.22893363  127.01455690   3 102 
111  37.23826995  127.00543155   3 102 
111  37.23877664  127.00624959 
111  37.23893901  127.00609089   3 102 
111  37.23843232  127.00527285   3 102 
112  37.24776863  126.99614752  37.24793100  126.99598881   3 102 
111  37.24808259  126.99623359   3 102 
112  37.24828471  126.99655995  37.24843630  126.99680472   3 102 
113  37.24827532  126.99696565 
110   1 0.30 142.52 Default taxiway for RWY 15L
111  37.24944519  126.99800815   3 102 
111  37.24881792  126.99698044   3 102 
111  37.22933340  127.01574961   3 102 
111  37.22996067  127.01677705 
112  37.23028718  127.01646253  37.23012256  127.01661755   3 102 
111  37.22997235  127.01637150   3 102 
112  37.22977206  127.01604344  37.22962184  127.01579739   3 102 
111  37.22978509  127.01564013   3 102 
111  37.23911921  127.00664873   3 102 
111  37.23962130  127.00747124 
111  37.23978456  127.00731398   3 102 
111  37.23928247  127.00649147   3 102 
112  37.24861659  126.99750006  37.24877984  126.99734280   3 102 
111  37.24893006  126.99758891   3 102 
112  37.24913035  126.99791706  37.24928056  126.99816317   3 102 
113  37.24911868  126.99832267 
110   1 0.30 158.09 Default taxiway for RWY 16
111  37.23705564  127.01944108   3 
111  37.23668880  127.01829575   3 
111  37.21749420  127.02799557   3 
111  37.21786104  127.02914061 
112  37.21822494  127.02895672  37.21804215  127.02904604   3 
111  37.21795431  127.02877186   3 
112  37.21783719  127.02840628  37.21774935  127.02813210   3 
111  37.21793130  127.02804016   3 
111  37.22707372  127.02342015   3 
111  37.22736736  127.02433682 
111  37.22754931  127.02424487   3 
111  37.22725567  127.02332820   3 
112  37.23639810  127.01870819  37.23658005  127.01861623   3 
111  37.23666789  127.01889048   3 
112  37.23678501  127.01925615  37.23687285  127.01953040   3 
113  37.23669174  127.01962497 
120 Default hold RWY 15R (near)
111  37.24834602  126.99623807   4 
115  37.24818365  126.99639677 
120 Default hold RWY 15L (near)
111  37.24919346  126.99759572   4 
115  37.24903020  126.99775298 
120 Default hold RWY 16 (near)
111  37.23690840  127.01898138   4 
115  37.23672645  127.01907332 
120 Default hold RWY 15R (centre)
111  37.23868497  127.00568076   4 
115  37.23852260  127.00583946 
120 Default hold RWY 15L (centre)
111  37.23953283  127.00690160   4 
115  37.23936957  127.00705886 
120 Default hold RWY 16 (centre)
111  37.22740207  127.02378522   4 
115  37.22722012  127.02387717 
120 Default hold RWY 15R (far)
111  37.22902391  127.01512344   4 
115  37.22886154  127.01528214 
120 Default hold RWY 15L (far)
111  37.22987220  127.01620747   4 
115  37.22970894  127.01636473 
120 Default hold RWY 16 (far)
111  37.21789575  127.02858907   4 
115  37.21771380  127.02868102 
19   37.24942872  126.99714454 1 WS
19   37.25027105  126.99851176 1 WS
19   37.23771099  127.02016714 1 WS
19   37.21735005  127.02886391 1 WS
19   37.22853533  127.01559436 1 WS
19   37.22938100  127.01667415 1 WS
50 12642 ATIS
54 12620 TWR
55 12790 OSAN APP/DEP
1      329 1 1 RKNW WONJU
100   45.72   2   0 0.25 0 3 0 03   37.42703300  127.95358300    0.00  293.83 2  1 0 1 21   37.44912500  127.96717200    0.00  272.80 2  1 0 1
21   37.42882747  127.95412068  2  26.03   3.00 03  PAPI-4L
21   37.44733059  127.96663381  2 206.04   3.00 21  PAPI-4L
110   2 0.30  26.03 Default taxiway for RWY 03
111  37.42694372  127.95381324  53 102 
111  37.42649138  127.95497971  53 102 
111  37.44858416  127.96856511  53 102 
111  37.44903650  127.96739830 
112  37.44866678  127.96717096  37.44885065  127.96728717  53 102 
111  37.44874233  127.96756660  53 102 
112  37.44859789  127.96793916  37.44848957  127.96821858  53 102 
111  37.44830471  127.96810491  53 102 
111  37.43772047  127.96159643  53 102 
111  37.43808254  127.96066260 
111  37.43789768  127.96054893  53 102 
111  37.43753561  127.96148275  53 102 
112  37.42695137  127.95497427  37.42676651  127.95486060  53 102 
111  37.42687483  127.95458125  53 102 
112  37.42701927  127.95420880  37.42712759  127.95392946  53 102 
113  37.42731344  127.95404058 
120 Default hold RWY 03 (near)
111  37.42676219  127.95428135  54 
115  37.42694705  127.95439503 
120 Default hold RWY 03 (centre)
111  37.43771615  127.96101712  54 
115  37.43790101  127.96113079 
120 Default hold RWY 03 (far)
111  37.44867011  127.96775288  54 
115  37.44885497  127.96786655 
18   37.43870970  127.95874479 4 BCN
19   37.42693409  127.95265731 1 WS
19   37.44922381  127.96809799 1 WS
50 13645 ATIS
54 11832 TWR
54 12620 TWR
55 13020 APP
56 13020 DEP