1      425 0 1 77CA Daulton
100   28.96   4   0 0.25 0 0 0 09   37.12142210 -119.99075050    0.00    0.00 1  0 0 0 27   37.12013678 -119.98512896    0.00    0.00 1  0 0 0
19   37.12186834 -119.99093002 1 WS
19   37.11969054 -119.98494948 1 WS
1     1625 0 1 5CL0 Grupe Ranch
100   15.24   1   0 0.25 0 0 0 09   37.34149113 -119.86677111    0.00    0.00 2  0 0 0 27   37.33950331 -119.85744001    0.00    0.00 2  0 0 0
110   1 0.30 105.00 Default taxiway for RWY 09
111  37.34142706 -119.86679270   3 
111  37.34109370 -119.86690503   3 
111  37.33910625 -119.85757368   3 
111  37.33943961 -119.85746135 
112  37.33947510 -119.85762798  37.33945518 -119.85754540   3 
111  37.33937569 -119.85757218   3 
112  37.33926971 -119.85760789  37.33919023 -119.85763468   3 
111  37.33920798 -119.85771799   3 
111  37.34015734 -119.86217538   3 
111  37.34042446 -119.86208537 
111  37.34044221 -119.86216868   3 
111  37.34017509 -119.86225869   3 
112  37.34112445 -119.86671608  37.34114219 -119.86679939   3 
111  37.34122167 -119.86677261   3 
112  37.34132765 -119.86673689  37.34140714 -119.86671011   3 
113  37.34139157 -119.86662607 
120 Default hold RWY 09 (near)
111  37.34129241 -119.86683807   4 
115  37.34127466 -119.86675475 
120 Default hold RWY 09 (centre)
111  37.34030756 -119.86221405   4 
115  37.34028981 -119.86213074 
120 Default hold RWY 09 (far)
111  37.33932270 -119.85759004   4 
115  37.33930496 -119.85750672 
19   37.34172534 -119.86687078 1 WS
19   37.33926910 -119.85734037 1 WS
1     1280 0 1 5CL9 Johnston Field
100   15.24   4   0 0.25 0 0 0 15   37.14398285 -119.50880726    0.00    0.00 1  0 0 0 33   37.13868381 -119.50702608    0.00    0.00 1  0 0 0
19   37.14416858 -119.50860250 1 WS
19   37.13849809 -119.50723082 1 WS
1     6802 0 0 O24  Lee Vining
100   14.94   1   0 0.00 0 1 0 16   37.96308387 -119.10801811   29.87    0.00 1  0 0 0 34   37.95240783 -119.10364603   60.96    0.00 1  0 0 0
21   37.95244130 -119.10428825  6  98.75   0.00 New WIG-WAG
21   37.95258856 -119.10425607  6  98.49   0.00 New WIG-WAG
110   1 0.00   0.00 New Taxiway 1
111  37.95290975 -119.10394173  53 102 
112  37.95263843 -119.10394224  37.95258777 -119.10399026 
111  37.95263843 -119.10394224  53 102 
112  37.95256501 -119.10418772  37.95256220 -119.10436116  53 102 
111  37.95268182 -119.10452208  53 102 
111  37.95337266 -119.10478025  53 106 
111  37.95360961 -119.10439510  53 106 
111  37.95430451 -119.10468291  53 106 
111  37.95417363 -119.10518657  53 
111  37.95362630 -119.10497918  53 
111  37.95336932 -119.10495801  53 
111  37.95261840 -119.10467444  53 102 
112  37.95245487 -119.10428506  37.95243485 -119.10405650  53 102 
113  37.95251444 -119.10377812 
110   4 1.00   0.00 New Taxiway 1
111  37.95336932 -119.10495801 
111  37.95362630 -119.10497918 
111  37.95417363 -119.10518657 
111  37.95401469 -119.10546288 
111  37.95379576 -119.10555212 
111  37.95299626 -119.10526704 
111  37.95296009 -119.10505012 
111  37.95257989 -119.10491254 
113  37.95261840 -119.10467444 
130 O24 Boundary
111  37.96351793 -119.10871688 
112  37.95468171 -119.10520201  37.95445995 -119.10521028 
112  37.95305920 -119.10590938  37.95223741 -119.10572741 
112  37.95179618 -119.10519475  37.95178966 -119.10490525 
111  37.95179618 -119.10519475 
111  37.95182501 -119.10312312 
111  37.95204598 -119.10295298 
112  37.95204598 -119.10295298  37.95213958 -119.10305215 
112  37.95241351 -119.10313487  37.95268744 -119.10321758 
111  37.95309559 -119.10313313 
113  37.96371572 -119.10750886 
120 Linear Feature 4
111  37.95411838 -119.10507149  51 101 
111  37.95364232 -119.10488389  51 101 
111  37.95336586 -119.10486214  51 101 
111  37.95266265 -119.10460656  51 101 
112  37.95251044 -119.10427757  37.95248685 -119.10406550  51 101 
111  37.95256189 -119.10388333  51 101 
116  37.95292636 -119.10385614  37.95320721 -119.10395946 
120 Linear Feature 3
111  37.95256915 -119.10425929  54 
115  37.95245487 -119.10428506 
14   37.95324842 -119.10566615  100 0 Viewpoint
15   37.95390200 -119.10510400  74.00 Ramp 1
15   37.95371900 -119.10503900  74.00 Ramp 2
18   37.95320571 -119.10437732 1 BCN
19   37.95299478 -119.10428338 1 WS
20   37.95242175 -119.10429329 106.39  0 1 {@R}34
20   37.95260728 -119.10425374  99.31  0 1 {@R}34
51 12290 CTAF
1     3020 0 1 6CL4 Manzanita
100   22.86   3   0 0.25 0 0 0 15   37.46083353 -119.74262943    0.00    0.00 1  0 0 0 33   37.45793313 -119.74158169    0.00    0.00 1  0 0 0
19   37.46111596 -119.74232883 1 WS
19   37.45765070 -119.74188228 1 WS
1     2560 0 1 6CL6 Mark Franz Private Strip
100   12.19   4   0 0.25 0 0 0 05   37.17448408 -119.61055661    0.00    0.00 1  0 0 0 23   37.17541146 -119.60806063    0.00    0.00 1  0 0 0
19   37.17458687 -119.61076870 1 WS
19   37.17530867 -119.60784854 1 WS
1      500 0 1 72Q  Yosemite Hidden Lake Ranch
100   22.86   4   0 0.25 0 0 0 17   37.12308503 -119.91265597    0.00    0.00 1  0 0 0 35   37.11291997 -119.91377127    0.00    0.00 1  0 0 0
19   37.12326319 -119.91224965 1 WS
19   37.11274180 -119.91417753 1 WS
17    2000 0 1 CL91 [H] Auberry Hydro Service Center
102 H1   37.06494916 -119.48429973   0.00   18.29   18.29   1 2   0 0.25 0
19   37.06519603 -119.48399035 1 WS
17    4960 0 1 3Q7  [H] Big Creek Helistop
102 H1   37.20105666 -119.25151223   0.00   19.81   19.81   1 2   0 0.25 0
19   37.20132273 -119.25117819 1 WS
17    5755 0 1 CL93 [H] Sce Shaver Summit
102 H1   37.16383527 -119.29151389   0.00   22.86   22.86   4 1   0 0.25 0
19   37.16414248 -119.29112838 1 WS
17    5548 0 1 CL79 [H] Sce Tiffany Pines
102 H1   37.11800250 -119.30512528   0.00    6.10    6.10   2 2   0 0.25 0
19   37.11808479 -119.30502208 1 WS