1     4835 0 1 NV27 CIRCLE L RANCH
100   18.29   1   0 0.25 0 0 0 03   37.70872500 -118.08931700    0.00    0.00 2  0 0 0 21   37.71909400 -118.08150600    0.00    0.00 2  0 0 0
100   18.29   1   0 0.25 0 0 0 13   37.71888900 -118.08551100    0.00    0.00 2  0 0 0 31   37.70900300 -118.07676700    0.00    0.00 2  0 0 0
110   1 0.30 145.02 Default taxiway for RWY 13
111  37.71884311 -118.08559390   3 
111  37.71860593 -118.08602240   3 
111  37.70872025 -118.07727716   3 
111  37.70895743 -118.07684872 
112  37.70909228 -118.07696801  37.70902356 -118.07691070   3 
111  37.70896695 -118.07701297   3 
112  37.70889146 -118.07714932  37.70883484 -118.07725159   3 
111  37.70890227 -118.07731123   3 
111  37.71367655 -118.08153474   3 
111  37.71386656 -118.08119150 
111  37.71393398 -118.08125114   3 
111  37.71374397 -118.08159438   3 
112  37.71851826 -118.08581788  37.71858568 -118.08587753   3 
111  37.71864230 -118.08577525   3 
112  37.71871779 -118.08563887  37.71877440 -118.08553659   3 
113  37.71870827 -118.08547461 
110   1 0.30  30.79 Default taxiway for RWY 03
111  37.70868403 -118.08923009   3 
111  37.70847227 -118.08878087   3 
111  37.71884153 -118.08097089   3 
111  37.71905329 -118.08142017 
112  37.71891191 -118.08152666  37.71898145 -118.08147097   3 
111  37.71893090 -118.08136373   3 
112  37.71886351 -118.08122074  37.71881296 -118.08111350   3 
111  37.71874227 -118.08116674   3 
111  37.71373436 -118.08493861   3 
111  37.71390400 -118.08529850 
111  37.71383331 -118.08535175   3 
111  37.71366367 -118.08499186   3 
112  37.70865577 -118.08876374  37.70858508 -118.08881699   3 
111  37.70863563 -118.08892421   3 
112  37.70870302 -118.08906718  37.70875357 -118.08917441   3 
113  37.70882541 -118.08912360 
120 Default hold RWY 13 (near)
111  37.71874746 -118.08576670   4 
115  37.71868004 -118.08570706 
120 Default hold RWY 03 (near)
111  37.70859863 -118.08904894   4 
115  37.70866932 -118.08899570 
120 Default hold RWY 13 (centre)
111  37.71383833 -118.08142392   4 
115  37.71377091 -118.08136428 
120 Default hold RWY 03 (centre)
111  37.71374791 -118.08517059   4 
115  37.71381860 -118.08511734 
120 Default hold RWY 13 (far)
111  37.70892920 -118.07708115   4 
115  37.70886178 -118.07702150 
120 Default hold RWY 03 (far)
111  37.71889720 -118.08129224   4 
115  37.71896789 -118.08123899 
19   37.70870999 -118.08969155 1 WS
19   37.71916538 -118.08537459 1 WS
19   37.70872663 -118.07690343 1 WS
19   37.71910900 -118.08113139 1 WS
51 12290 CTAF
1     4899 0 1 2Q9  Dyer
100   10.06   4   0 0.25 0 0 0 12   37.61236902 -118.00991663    0.00    0.00 1  0 0 0 30   37.60693820 -118.00306115    0.00    0.00 1  0 0 0
19   37.61252806 -118.00987746 1 WS
19   37.60677915 -118.00310033 1 WS
1     4124 0 1 KBIH EASTERN SIERRA RGNL
100   30.48   1   0 0.25 0 3 0 12   37.38014200 -118.37333600    0.00    0.00 2  0 0 0 30   37.36545800 -118.35525300    0.00    0.00 2  0 0 0
100   30.48   1   0 0.25 0 3 0 16   37.38073300 -118.36163900    0.00    0.00 2  0 0 0 34   37.36535800 -118.36180300    0.00    0.00 2  0 0 0
100   30.48   1   0 0.25 0 2 0 07   37.37365000 -118.37413600    0.00    0.00 2  0 0 0 25   37.37351700 -118.35498600    0.00    0.00 2  0 0 0
21   37.37907132 -118.37147448  1 135.61   3.00 12  VASI
21   37.37893060 -118.36127045  1 180.49   3.00 16  VASI
21   37.36652896 -118.35711391  1 315.62   3.00 30  VASI
21   37.36716040 -118.36217150  1   0.49   3.00 34  VASI
110   1 0.30  90.50 Default taxiway for RWY 07
111  37.37351511 -118.37413747   3 102 
111  37.37282714 -118.37414494   3 102 
111  37.37269568 -118.35499491   3 102 
111  37.37338365 -118.35498744 
112  37.37338602 -118.35533259  37.37338259 -118.35516003   3 102 
111  37.37321801 -118.35516182   3 102 
112  37.37299858 -118.35516420  37.37283401 -118.35516599   3 102 
111  37.37283519 -118.35533857   3 102 
111  37.37289796 -118.36448215   3 102 
111  37.37344879 -118.36447617 
111  37.37344997 -118.36464874   3 102 
111  37.37289914 -118.36465472   3 102 
112  37.37296191 -118.37379830  37.37296310 -118.37397088   3 102 
111  37.37312767 -118.37396909   3 102 
112  37.37334710 -118.37396671  37.37351168 -118.37396492   3 102 
113  37.37351274 -118.37379232 
110   1 0.30 135.61 Default taxiway for RWY 12
111  37.38004764 -118.37345732   3 102 
111  37.37956638 -118.37407605   3 102 
111  37.36488376 -118.35598936   3 102 
111  37.36536502 -118.35537075 
112  37.36556104 -118.35561221  37.36546145 -118.35549351   3 102 
111  37.36534633 -118.35564149   3 102 
112  37.36519283 -118.35583880  37.36507771 -118.35598678   3 102 
111  37.36517572 -118.35610751   3 102 
111  37.37227200 -118.36484901   3 102 
111  37.37265732 -118.36435367 
111  37.37275533 -118.36447441   3 102 
111  37.37237001 -118.36496975   3 102 
112  37.37946630 -118.37371125  37.37956431 -118.37383198   3 102 
111  37.37967943 -118.37368397   3 102 
112  37.37983293 -118.37348662  37.37994805 -118.37333861   3 102 
113  37.37985162 -118.37321586 
110   1 0.30 180.49 Default taxiway for RWY 16
111  37.38073414 -118.36180876   3 102 
111  37.38073998 -118.36267455   3 102 
111  37.36536498 -118.36283836   3 102 
111  37.36535914 -118.36197276 
112  37.36563343 -118.36196984  37.36549630 -118.36197413   3 102 
111  37.36549770 -118.36218119   3 102 
112  37.36549956 -118.36245728  37.36550095 -118.36266435   3 102 
111  37.36563810 -118.36266289   3 102 
111  37.37298274 -118.36258462   3 102 
111  37.37297807 -118.36189149 
111  37.37311521 -118.36189003   3 102 
111  37.37311988 -118.36258316   3 102 
112  37.38046452 -118.36250488  37.38060167 -118.36250341   3 102 
111  37.38060028 -118.36229630   3 102 
112  37.38059842 -118.36202016  37.38059702 -118.36181305   3 102 
113  37.38045985 -118.36181169 
120 Default hold RWY 07 (near)
111  37.37323857 -118.37414047   4 
115  37.37323739 -118.37396790 
120 Default hold RWY 12 (near)
111  37.37985419 -118.37370602   4 
115  37.37975618 -118.37358529 
120 Default hold RWY 16 (near)
111  37.38073649 -118.36215677   4 
115  37.38059935 -118.36215823 
120 Default hold RWY 07 (centre)
111  37.37317343 -118.36465174   4 
115  37.37317225 -118.36447917 
120 Default hold RWY 12 (centre)
111  37.37256188 -118.36472309   4 
115  37.37246387 -118.36460235 
120 Default hold RWY 16 (centre)
111  37.37311756 -118.36223801   4 
115  37.37298042 -118.36223947 
120 Default hold RWY 07 (far)
111  37.37310830 -118.35516301   4 
115  37.37310711 -118.35499044 
120 Default hold RWY 12 (far)
111  37.36526958 -118.35574014   4 
115  37.36517157 -118.35561941 
120 Default hold RWY 16 (far)
111  37.36549863 -118.36231924   4 
115  37.36536149 -118.36232070 
18   37.37303930 -118.36051299 1 BCN
19   37.37406380 -118.37447668 1 WS
19   37.38062583 -118.37320743 1 WS
19   37.38100380 -118.36111829 1 WS
19   37.36497419 -118.35538165 1 WS
19   37.36508720 -118.36232360 1 WS
19   37.37310315 -118.35464543 1 WS
50 11902 ASOS
51 12300 CTAF/UNICOM
55 12575 OAKLAND CNTR
1     7128 0 0 KMMH Mammoth Yosemite
100   29.87   1   0 0.00 0 2 1 09   37.62716900 -118.85016400    0.00  914.10 2  0 0 0 27   37.62092800 -118.82731100    0.00    0.00 2  0 0 1
21   37.62126396 -118.82954663  2 289.03   3.00 27  PAPI-4L
110   4 0.00   0.00 New Taxiway 4
112  37.62987351 -118.85617041  37.62976812 -118.85595329 
111  37.62921775 -118.85373167 
111  37.62951270 -118.85360361 
111  37.62968491 -118.85378208 
114  37.63023407 -118.85598131  37.63026180 -118.85625446 
110   1 0.00   0.00 New Taxiway 3
111  37.62704400 -118.84183085 
111  37.62726944 -118.84263735 
111  37.62719430 -118.84273619 
111  37.62687179 -118.84153039 
111  37.62733520 -118.84133272 
113  37.62742913 -118.84164504 
110   1 0.00   0.00 New Taxiway 4
111  37.62436473 -118.83712389  53 102 
112  37.62420923 -118.83700411  37.62410888 -118.83704441 
111  37.62420923 -118.83700411  53 102 
111  37.62391676 -118.83709075  53 102 
112  37.62381815 -118.83739969  37.62384372 -118.83761641 
111  37.62381815 -118.83739969 
111  37.62364650 -118.83677259  53 102 
112  37.62390215 -118.83690170  37.62405554 -118.83686481 
111  37.62390215 -118.83690170  53 102 
111  37.62415781 -118.83680487  53 102 
112  37.62420894 -118.83654665  37.62416604 -118.83636566 
113  37.62420894 -118.83654665 
110   2 0.00   0.00 New Taxiway 3
111  37.62447499 -118.83552296 
111  37.62495811 -118.83720326 
111  37.62464230 -118.83752818 
113  37.62413841 -118.83568048 
110   1 0.00   0.00 New Taxiway 2
111  37.62350357 -118.83335007 
111  37.62391257 -118.83330974 
111  37.62447499 -118.83552296 
113  37.62413841 -118.83568048 
110   1 0.00   0.00 New Taxiway 1
111  37.62718460 -118.84372453 
111  37.62739975 -118.84454590 
111  37.62855470 -118.84404020 
111  37.62902313 -118.84578457 
111  37.62757824 -118.84642803 
111  37.62752168 -118.84623939 
112  37.62741499 -118.84653286  37.62746453 -118.84674936 
111  37.62741499 -118.84653286 
111  37.62754826 -118.84646461 
111  37.62951270 -118.85360361 
111  37.62921775 -118.85373167 
111  37.62821555 -118.85004377 
111  37.62805134 -118.84945193 
111  37.62719399 -118.84625867   3 102 
112  37.62710635 -118.84629235  37.62704330 -118.84633821   3 102 
111  37.62703361 -118.84642378 
111  37.62694631 -118.84605180   3 102 
112  37.62705681 -118.84605180  37.62711164 -118.84601891   3 102 
111  37.62711778 -118.84592190   3 102 
111  37.62667577 -118.84417069   3 102 
112  37.62656145 -118.84415626  37.62649681 -118.84418686   3 102 
111  37.62647848 -118.84425826 
111  37.62638596 -118.84395276   3 102 
112  37.62650430 -118.84399268  37.62656942 -118.84398432 
111  37.62650430 -118.84399268   3 102 
113  37.62661971 -118.84398228 
110   2 0.00   0.00 New Taxiway 4
111  37.62614917 -118.84225402  53 102 
112  37.62598341 -118.84211900  37.62589588 -118.84216854  53 102 
111  37.62592336 -118.84229941 
111  37.62583084 -118.84239836  53 102 
112  37.62568397 -118.84220676  37.62558135 -118.84218389 
111  37.62568397 -118.84220676  53 102 
111  37.62536849 -118.84235528 
112  37.62536849 -118.84235528  37.62525380 -118.84243912  53 102 
111  37.62526155 -118.84269958 
111  37.62503163 -118.84188271  53 102 
112  37.62538988 -118.84213925  37.62554683 -118.84208209 
111  37.62538988 -118.84213925  53 102 
111  37.62563050 -118.84201773 
112  37.62563050 -118.84201773  37.62568483 -118.84197962  53 102 
111  37.62565291 -118.84178734 
111  37.62578813 -118.84178724  53 102 
112  37.62595132 -118.84188946  37.62601169 -118.84185516  53 102 
113  37.62601549 -118.84176794 
110   2 0.00   0.00 New Taxiway 3
111  37.62614917 -118.84225402 
111  37.62601549 -118.84176794  53 
111  37.62584438 -118.84108609 
111  37.62668387 -118.84072828 
111  37.62745070 -118.84360055 
111  37.62718460 -118.84372453 
113  37.62661971 -118.84398228  53 
110   1 0.00   0.00 New Taxiway 2
111  37.62304097 -118.83214606  53 102 
112  37.62289766 -118.83205572  37.62282220 -118.83209002 
111  37.62289766 -118.83205572  53 102 
111  37.62254561 -118.83220788 
112  37.62254561 -118.83220788  37.62247921 -118.83225361  53 102 
111  37.62246165 -118.83244220 
111  37.62231420 -118.83187871  53 102 
112  37.62249467 -118.83201465  37.62257919 -118.83197654 
111  37.62249467 -118.83201465  53 102 
111  37.62283802 -118.83185490 
112  37.62283802 -118.83185490  37.62291046 -118.83182822  53 102 
113  37.62289151 -118.83163392 
110   1 0.00   0.00 New Taxiway 1
111  37.62714861 -118.84957537  53 102 
112  37.62741793 -118.84986552  37.62749748 -118.84989342 
111  37.62741793 -118.84986552  53 102 
111  37.62772396 -118.84974870  53 102 
112  37.62775243 -118.84944318  37.62770382 -118.84926463 
111  37.62775243 -118.84944318  53 102 
111  37.62583084 -118.84239836 
111  37.62565291 -118.84178734  53 102 
111  37.62436473 -118.83712389 
111  37.62420894 -118.83654665  53 102 
111  37.62304097 -118.83214606 
111  37.62289151 -118.83163392  53 102 
111  37.62171720 -118.82736603  53 102 
112  37.62152504 -118.82726720  37.62138620 -118.82730911 
111  37.62152504 -118.82726720  53 102 
111  37.62128307 -118.82741096 
112  37.62128307 -118.82741096  37.62119252 -118.82754052  53 102 
111  37.62121190 -118.82786919 
111  37.62104861 -118.82726070  53 102 
111  37.62134000 -118.82714141  53 102 
112  37.62164603 -118.82709648  37.62173960 -118.82712696  53 102 
111  37.62188090 -118.82732111  53 102 
112  37.62212869 -118.82748256  37.62220414 -118.82767309 
111  37.62212869 -118.82748256  53 102 
111  37.62223459 -118.82780060 
112  37.62223459 -118.82780060  37.62225508 -118.82795062  53 102 
111  37.62211598 -118.82831929  53 102 
111  37.62350357 -118.83335007  59 
111  37.62464230 -118.83752818  53 102 
111  37.62578813 -118.84178724 
111  37.62592336 -118.84229941  53 102 
111  37.62638596 -118.84395276 
111  37.62647848 -118.84425826  53 102 
111  37.62694631 -118.84605180 
111  37.62703361 -118.84642378  53 102 
111  37.62791073 -118.84951947  53 
111  37.62805134 -118.84945193  59 
111  37.62821555 -118.85004377  53 
112  37.62785775 -118.85016768  37.62773843 -118.85018442  53 102 
111  37.62752199 -118.85006297  53 102 
113  37.62730750 -118.85014696 
130 KMMH Boundary
111  37.61938833 -118.82638879 
111  37.62183094 -118.82527526 
111  37.62400216 -118.83302714 
111  37.62607160 -118.83778105 
111  37.62797141 -118.84172123 
111  37.62837852 -118.84176406 
111  37.63190674 -118.85546904 
111  37.63027833 -118.85812438 
111  37.63105861 -118.86189325 
113  37.62929450 -118.86206456 
120 Linear Feature 19
111  37.62715817 -118.84612682  51 
112  37.62723613 -118.84621847  37.62724581 -118.84633489 
111  37.62723613 -118.84621847  51 
115  37.62733393 -118.84660935 
120 Linear Feature 18
111  37.62807244 -118.84971721  51 
116  37.62811673 -118.84950134  37.62807682 -118.84935961 
120 Linear Feature 17
111  37.62779451 -118.84983832  51 
111  37.62807244 -118.84971721  51 
116  37.62821462 -118.84984634  37.62825453 -118.84998807 
120 Linear Feature 16
112  37.62286527 -118.83195897  37.62300608 -118.83189579  51 101 
115  37.62295255 -118.83158578 
120 Linear Feature 15
111  37.62249754 -118.83212647  51 101 
116  37.62213678 -118.83173712  37.62198899 -118.83133601 
120 Linear Feature 14
111  37.62309352 -118.83212767  51 101 
112  37.62286527 -118.83195897  37.62272446 -118.83202215  51 101 
111  37.62249754 -118.83212647  51 101 
116  37.62237884 -118.83261425  37.62245797 -118.83290810 
120 Linear Feature 13
112  37.62419106 -118.83690217  37.62436965 -118.83683697  51 101 
115  37.62428873 -118.83653813 
120 Linear Feature 12
111  37.62387048 -118.83701898  51 101 
116  37.62350471 -118.83673918  37.62343370 -118.83649197 
120 Linear Feature 11
111  37.62443850 -118.83712764  51 101 
112  37.62419106 -118.83690217  37.62401248 -118.83696736 
111  37.62419106 -118.83690217  51 101 
111  37.62387048 -118.83701898  51 101 
116  37.62371987 -118.83753783  37.62380593 -118.83785566 
120 Linear Feature 10
112  37.62563775 -118.84213394  37.62579735 -118.84207944  51 101 
115  37.62571352 -118.84178836 
120 Linear Feature 9
111  37.62533462 -118.84226700  51 101 
116  37.62488997 -118.84181838  37.62472034 -118.84138877 
120 Linear Feature 8
111  37.62587209 -118.84235014  51 101 
112  37.62563775 -118.84213394  37.62547816 -118.84218843 
111  37.62563775 -118.84213394  51 101 
111  37.62533462 -118.84226700  51 101 
116  37.62520213 -118.84296402  37.62532158 -118.84340884 
120 Linear Feature 7
111  37.62608456 -118.84167313  51 101 
115  37.62623503 -118.84223782 
120 Linear Feature 6
111  37.62571352 -118.84178836  51 101 
112  37.62597683 -118.84199876  37.62613390 -118.84192812  51 101 
111  37.62608456 -118.84167313  51 101 
115  37.62597253 -118.84123268 
120 Linear Feature 5
111  37.62715817 -118.84612682  51 101 
112  37.62718173 -118.84590524  37.62714085 -118.84575039  51 101 
111  37.62675356 -118.84418018  51 101 
111  37.62659004 -118.84355808  51 101 
111  37.62623503 -118.84223782  51 101 
112  37.62597683 -118.84199876  37.62581977 -118.84206939  51 101 
115  37.62587209 -118.84235014 
120 Linear Feature 4
111  37.62688980 -118.84605854  51 101 
116  37.62708387 -118.84616917  37.62722114 -118.84608251 
120 Linear Feature 1
111  37.62211598 -118.82831929  59 
115  37.62188090 -118.82732111 
120 Linear Feature 6
111  37.62283802 -118.83185490  54 104 
115  37.62289766 -118.83205572 
120 Linear Feature 5
111  37.62415781 -118.83680487  54 104 
115  37.62420923 -118.83700411 
120 Linear Feature 3
111  37.62563050 -118.84201773  54 104 
115  37.62568397 -118.84220676 
120 Linear Feature 2
111  37.62774702 -118.84969501  54 104 
115  37.62787739 -118.85016368 
120 Linear Feature 4
111  37.62667577 -118.84417069 
115  37.62661971 -118.84398228 
120 Linear Feature 8
111  37.62160079 -118.82708401  54 104 
115  37.62160079 -118.82726196 
120 Linear Feature 3
111  37.62699867 -118.84647690  51 101 
112  37.62708387 -118.84616917  37.62722114 -118.84608251 
111  37.62708387 -118.84616917  51 101 
115  37.62715817 -118.84612682 
120 Linear Feature 2
111  37.62706257 -118.84976997  51 101 
112  37.62746019 -118.84997318  37.62777496 -118.84995226 
111  37.62746019 -118.84997318  51 101 
111  37.62779451 -118.84983832  51 101 
112  37.62779626 -118.84933966  37.62767826 -118.84891254  51 101 
111  37.62699867 -118.84647690  51 101 
111  37.62688980 -118.84605854  51 101 
111  37.62642118 -118.84433134  51 101 
111  37.62631468 -118.84395183  51 101 
111  37.62587209 -118.84235014  51 101 
111  37.62571352 -118.84178836  51 101 
111  37.62444257 -118.83712979  51 101 
111  37.62428873 -118.83653813  51 101 
111  37.62309352 -118.83212767  51 101 
111  37.62295388 -118.83158981  51 101 
111  37.62179654 -118.82737962  51 101 
112  37.62148650 -118.82718540  37.62125929 -118.82726010  51 101 
111  37.62120959 -118.82730492  51 101 
116  37.62109125 -118.82790851  37.62119302 -118.82828500 
14   37.62762106 -118.84353358  100 0 Viewpoint
15   37.62702574 -118.84343454 200.23 Ramp
18   37.62456900 -118.83848600 1 BCN
19   37.62415774 -118.84236424 0 WS
20   37.62790036 -118.85020055 203.47  0 3 {@R}09
20   37.62772998 -118.84965199 203.47  0 3 {@R}09
20   37.62160177 -118.82706817 179.78  0 3 {@R}27
20   37.62160163 -118.82728680 179.78  0 3 {@R}27
20   37.62282856 -118.83181907 199.15  0 3 {@R}27-09
20   37.62291229 -118.83210344 199.15  0 3 {@R}27-09
20   37.62414830 -118.83676535 199.15  0 3 {@R}27-09
20   37.62422477 -118.83703546 199.15  0 3 {@R}27-09
20   37.62569984 -118.84225543 199.15  0 3 {@R}27-09
20   37.62562221 -118.84197070 199.15  0 3 {@R}27-09
20   37.62590031 -118.84174545 204.44  0 3 {@Y,^l}27-09{^r}
20   37.62702381 -118.84593408 203.03  0 3 {@Y,^l}27-09{^r}
50 11805 AWOS 3
51 12280 CTAF/UNICOM
1     4960 0 1 9CA6 North Valley
100   30.48   4   0 0.25 0 0 0 16   37.87633818 -118.09591170    0.00    0.00 1  0 0 0 34   37.86185570 -118.09430664    0.00    0.00 1  0 0 0
19   37.87664729 -118.09542272 1 WS
19   37.86154659 -118.09479553 1 WS
17    4120 0 1 4CL7 [H] Inyo County Sheriff Search & Rescue
102 H1   37.36576250 -118.36760862   0.00   18.29   18.29   1 2   0 0.25 0
19   37.36600937 -118.36729801 1 WS