1     6684 0 1 00C  Animas Air Park
100   15.24   1   0 0.25 0 2 0 01   37.19675000 -107.87225000    0.00    0.00 2  0 0 0 19   37.20960600 -107.86613900    0.00  457.20 2  0 0 0
110   1 0.30  20.74 Default taxiway for RWY 01
111  37.19672652 -107.87217213   3 102 
111  37.19660433 -107.87176693   3 102 
111  37.20946049 -107.86565689   3 102 
111  37.20958268 -107.86606216 
112  37.20945441 -107.86612312  37.20951774 -107.86608999   3 102 
111  37.20948861 -107.86599336   3 102 
112  37.20944976 -107.86586452  37.20942063 -107.86576789   3 102 
111  37.20935650 -107.86579837   3 102 
111  37.20308875 -107.86877719   3 102 
111  37.20318666 -107.86910190 
111  37.20312253 -107.86913238   3 102 
111  37.20302462 -107.86880767   3 102 
112  37.19675688 -107.87178648  37.19669274 -107.87181696   3 102 
111  37.19672187 -107.87191358   3 102 
112  37.19676072 -107.87204239  37.19678985 -107.87213901   3 102 
113  37.19685479 -107.87211117 
120 Default hold RWY 01 (near)
111  37.19667716 -107.87200847   4 
115  37.19674129 -107.87197798 
120 Default hold RWY 01 (centre)
111  37.20307317 -107.86896870   4 
115  37.20313730 -107.86893822 
120 Default hold RWY 01 (far)
111  37.20946918 -107.86592894   4 
115  37.20953332 -107.86589846 
18   37.20334605 -107.86975959 1 BCN
19   37.19669457 -107.87255249 1 WS
19   37.20966141 -107.86583645 1 WS
51 12280 CTAF/UNICOM
1     6685 0 1 KDRO DURANGO LA PLATA CO
100   45.72   1   0 0.25 0 3 0 02   37.14148100 -107.76334700    0.00    0.00 3  8 0 0 20   37.16155300 -107.74418900    0.00    0.00 2  0 0 1
21   37.14379559 -107.76173231  1  37.26   3.00 02  VASI
21   37.15989254 -107.74518042  1 217.27   3.00 20  VASI
10   37.14272690 -107.76371000 xxx  82.00   100 0.0 0.0    50 161161  2 0 0 0.25 0
10   37.14238740 -107.76406860 xxx   0.00   100 0.0 0.0    50 161161  2 0 0 0.25 0
10   37.15912250 -107.74875640 xxx 127.26   210 0.0 0.0    80 161161  2 0 0 0.25 0
10   37.16178130 -107.74492650 xxx 127.26   300 0.0 0.0   100 161161  2 0 0 0.25 0
10   37.14264300 -107.76319890 xxx 127.26   310 0.0 0.0   100 161161  2 0 0 0.25 0
10   37.14806750 -107.75801090 xxx 127.26   300 0.0 0.0   100 161161  2 0 0 0.25 0
10   37.14199450 -107.76383210 xxx 127.26   310 0.0 0.0   100 161161  2 0 0 0.25 0
10   37.15580750 -107.75064090 xxx 127.26   310 0.0 0.0   100 161161  2 0 0 0.25 0
10   37.15524670 -107.75117490 xxx 127.26   310 0.0 0.0   100 161161  2 0 0 0.25 0
10   37.15950010 -107.75028990 xxx  37.26   400 0.0 0.0    50 161161  2 0 0 0.25 0
10   37.14265440 -107.76406100 xxx  37.26   400 0.0 0.0   100 161161  2 0 0 0.25 0
10   37.15916820 -107.74973300 xxx  37.26   600 0.0 0.0   360 161161  2 0 0 0.25 0
10   37.15525050 -107.75200650 xxx  37.26  6400 0.0 0.0   100 161161  2 0 0 0.25 0
10   37.15459820 -107.75347140 xxx  37.26  1800 0.0 0.0   300 161161  2 0 0 0.25 0
10   37.15210340 -107.75416560 xxx 127.26   310 0.0 0.0   100 161161  2 0 0 0.25 0
14   37.15968700 -107.75027470   20 0 ATC Tower
15   37.15338130 -107.75457000 307.00 Ramp
18   37.15238914 -107.75520901 1 BCN
19   37.14152713 -107.76427570 1 WS
19   37.16150672 -107.74326006 1 WS
50 12062 ASOS
51 12280 CTAF/UNICOM
1     6110 0 1 5V9  Navajo Landing Strip
100   11.58   3   0 0.25 0 0 0 18   37.00561967 -107.42170085    0.00    0.00 1  0 0 0 36   36.99716809 -107.42395027    0.00    0.00 1  0 0 0
19   37.00568912 -107.42148220 1 WS
19   36.99709864 -107.42416889 1 WS
1     7700 0 1 KPSO STEVENS FIELD
100   30.48   1   0 0.25 0 2 0 01   37.27607800 -107.06162500    0.00    0.00 2  0 0 1 19   37.29643100 -107.05039400    0.00    0.00 2  0 0 1
21   37.27786076 -107.06110151  2  23.70   3.00 01  PAPI-4L
21   37.29464828 -107.05091792  2 203.71   3.00 19  PAPI-4L
110   1 0.30  23.70 Default taxiway for RWY 01
111  37.27602378 -107.06146977   3 102 
111  37.27574725 -107.06067807   3 102 
111  37.29610078 -107.04944986   3 102 
111  37.29637731 -107.05024177 
112  37.29612614 -107.05038032  37.29625082 -107.05030845   3 102 
111  37.29618467 -107.05011901   3 102 
112  37.29609647 -107.04986643  37.29603032 -107.04967699   3 102 
111  37.29590473 -107.04974627   3 102 
111  37.28604193 -107.05518717   3 102 
111  37.28626334 -107.05582113 
111  37.28613775 -107.05589041   3 102 
111  37.28591634 -107.05525645   3 102 
112  37.27605354 -107.06069734  37.27592795 -107.06076661   3 102 
111  37.27599410 -107.06095600   3 102 
112  37.27608230 -107.06120851  37.27614845 -107.06139790   3 102 
113  37.27627495 -107.06133122 
120 Default hold RWY 01 (near)
111  37.27591262 -107.06115154   4 
115  37.27603820 -107.06108225 
120 Default hold RWY 01 (centre)
111  37.28602659 -107.05557213   4 
115  37.28615218 -107.05550285 
120 Default hold RWY 01 (far)
111  37.29614057 -107.04999272   4 
115  37.29626615 -107.04992345 
18   37.28663859 -107.05711705 1 BCN
19   37.27599221 -107.06223701 1 WS
19   37.29651673 -107.04978180 1 WS
51 12270 CTAF/UNICOM
1     9078 0 0 KTEX Telluride Rgnl
100   29.87   1   1 0.25 0 2 0 09   37.95632300 -107.92065200   60.96  121.92 2  0 0 1 27   37.95130000 -107.89683100   60.96  121.92 2  0 0 1
21   37.95596700 -107.91715654  2 104.96   3.50 09  PAPI-4L
21   37.95156570 -107.90010164  2 284.97   4.00 27  PAPI-4L
110   1 0.00 114.97 Turn circle 09
111  37.95650274 -107.92084096 
111  37.95666865 -107.92090389 
111  37.95673895 -107.92123081 
113  37.95659409 -107.92128501 
110   1 0.00 114.97 Turn circle 27
111  37.95125974 -107.89596831 
111  37.95117808 -107.89558904 
111  37.95130398 -107.89554897 
113  37.95135046 -107.89577482 
110   1 0.00  14.97 Apron and taxiways
111  37.95146035 -107.89691896 
111  37.95196516 -107.89674116 
111  37.95209203 -107.89649054 
111  37.95237408 -107.89639755 
111  37.95245467 -107.89679270 
111  37.95231230 -107.89712654 
112  37.95229680 -107.89718913  37.95229252 -107.89722929 
111  37.95230194 -107.89727664 
111  37.95292758 -107.90025210   3 
112  37.95300978 -107.90047360  37.95304762 -107.90052012   3 
111  37.95311889 -107.90052761 
111  37.95355425 -107.90039460 
111  37.95382106 -107.90055083 
111  37.95398351 -107.90131242 
111  37.95418103 -107.90124087 
111  37.95437758 -107.90219028 
111  37.95570051 -107.90175679 
111  37.95590002 -107.90268474 
111  37.95529220 -107.90288951 
111  37.95525664 -107.90273522 
111  37.95404443 -107.90313726 
111  37.95406858 -107.90375400 
111  37.95369169 -107.90388609 
111  37.95360136 -107.90344688 
112  37.95354452 -107.90337745  37.95351144 -107.90335997 
111  37.95345735 -107.90337794 
111  37.95295507 -107.90355794 
112  37.95290458 -107.90360109  37.95288293 -107.90364010 
111  37.95288936 -107.90369625 
111  37.95280765 -107.90331392 
112  37.95285985 -107.90337617  37.95289481 -107.90340320 
111  37.95291794 -107.90339588 
111  37.95335528 -107.90322743   3 
111  37.95356171 -107.90314728   3 
112  37.95366200 -107.90303869  37.95367851 -107.90298052   3 
111  37.95366220 -107.90287366   3 
112  37.95354653 -107.90213932  37.95349149 -107.90186476   3 
111  37.95337350 -107.90146742   3 
112  37.95326905 -107.90129018  37.95320084 -107.90123089   3 
111  37.95310631 -107.90124563   3 
111  37.95291722 -107.90130077 
111  37.95253397 -107.90144274 
112  37.95246631 -107.90153634  37.95244843 -107.90160569 
111  37.95245552 -107.90165460 
111  37.95234634 -107.90113693 
112  37.95240586 -107.90123371  37.95243940 -107.90127467 
111  37.95250980 -107.90128710 
111  37.95287329 -107.90114945   3 
112  37.95289256 -107.90089325  37.95288091 -107.90069969 
111  37.95289256 -107.90089325 
112  37.95289256 -107.90089325  37.95288360 -107.90079885   3 
112  37.95281365 -107.90040244  37.95277979 -107.90021842 
111  37.95274818 -107.90005799 
111  37.95226180 -107.89773513 
112  37.95208561 -107.89708206  37.95204136 -107.89698057 
111  37.95194228 -107.89699399 
111  37.95162015 -107.89710756 
112  37.95155392 -107.89721532  37.95154250 -107.89728738 
113  37.95156310 -107.89740684 
130 Boundary
111  37.95616739 -107.90261400 
112  37.95572900 -107.90426880  37.95536733 -107.90493912 
112  37.95454527 -107.90558903  37.95417498 -107.90629336 
111  37.95404662 -107.90700766 
111  37.95501577 -107.91177152 
111  37.95619726 -107.91373074 
111  37.95691414 -107.91702599 
111  37.95803310 -107.91854958 
111  37.95809401 -107.92030230 
111  37.95732538 -107.92182843 
112  37.95678952 -107.92259548  37.95658050 -107.92267580 
111  37.95573427 -107.92183630 
111  37.95491303 -107.92079293 
111  37.95277714 -107.91986672 
111  37.95247844 -107.91859786 
111  37.95195571 -107.91732900 
111  37.95162714 -107.91530261 
111  37.95119403 -107.91446933 
111  37.95143299 -107.91248081 
111  37.95113429 -107.91136346 
111  37.95108948 -107.90988628 
111  37.95077585 -107.90861741 
111  37.95071611 -107.90708342 
111  37.95037260 -107.90600394 
111  37.95011246 -107.90392456 
111  37.95019338 -107.90204585 
111  37.95030746 -107.90047353 
111  37.95098494 -107.89983007 
111  37.95144566 -107.89967857 
111  37.95099987 -107.89778475 
111  37.94971553 -107.89832821 
112  37.94893600 -107.89736012  37.94885745 -107.89679096 
111  37.94937954 -107.89634934 
111  37.95028017 -107.89557983 
111  37.95036288 -107.89423242 
111  37.95053598 -107.89245934 
112  37.95090603 -107.89201560  37.95116777 -107.89185266 
111  37.95139982 -107.89193395 
111  37.95303206 -107.89318784 
111  37.95298474 -107.89462797 
111  37.95299317 -107.89599637 
111  37.95388680 -107.89998396 
111  37.95421437 -107.90046917 
113  37.95564315 -107.90017248 
120 Line to W hangar
111  37.95372560 -107.90373102   1 
111  37.95362858 -107.90329580   1 
112  37.95359615 -107.90325270  37.95357136 -107.90323923   1 
115  37.95354514 -107.90324671 
120 Line to W hangar
111  37.95400510 -107.90359637   1 
111  37.95391181 -107.90319040   1 
112  37.95388277 -107.90315116  37.95386247 -107.90313912   1 
115  37.95383400 -107.90314601 
120 White line on ramp
111  37.95371703 -107.90201212  20 
111  37.95355235 -107.90126988  20 
112  37.95345611 -107.90108909  37.95340164 -107.90103383  20 
111  37.95333073 -107.90100752  20 
112  37.95322138 -107.90095521  37.95318749 -107.90093372  20 
111  37.95318547 -107.90091245  20 
115  37.95309806 -107.90053092 
120 Line
111  37.95245174 -107.90139567   1 
112  37.95232039 -107.90136926  37.95226000 -107.90132113   1 
111  37.95223867 -107.90124212   1 
115  37.95220477 -107.90108276 
120 Line to hangars
111  37.95358607 -107.90323133   1 
115  37.95584662 -107.90245324 
120 Line to hangars
111  37.95378007 -107.90288427   1 
112  37.95378661 -107.90264990  37.95381168 -107.90254024   1 
111  37.95386769 -107.90251924   1 
115  37.95573098 -107.90190797 
120 Line
111  37.95287392 -107.90122904   1 
112  37.95297757 -107.90107994  37.95300348 -107.90096966   1 
115  37.95298386 -107.90082865 
120 Line
111  37.95236606 -107.90184960   1 
111  37.95233200 -107.90168771   1 
112  37.95234609 -107.90150271  37.95237843 -107.90142777   1 
111  37.95245174 -107.90139567   1 
111  37.95296304 -107.90119376   1 
112  37.95305122 -107.90116495  37.95308060 -107.90115582   1 
115  37.95314712 -107.90113814 
120 Line
111  37.95287717 -107.90349608   1 
112  37.95276228 -107.90345407  37.95269759 -107.90340799   1 
111  37.95268267 -107.90335240   1 
115  37.95264373 -107.90316741 
120 Line taxiway
111  37.95281099 -107.90396022   1 
111  37.95277281 -107.90378115   1 
112  37.95279248 -107.90361419  37.95282718 -107.90352896   1 
111  37.95287717 -107.90349608   1 
111  37.95358607 -107.90323133   1 
112  37.95374024 -107.90308299  37.95379233 -107.90298234   1 
111  37.95378007 -107.90288427   1 
111  37.95343333 -107.90131037   1 
112  37.95331082 -107.90116124  37.95321833 -107.90112758   1 
112  37.95314712 -107.90113814  37.95312371 -107.90113487   1 
112  37.95306416 -107.90107452  37.95303196 -107.90103480   1 
111  37.95300926 -107.90094893   1 
111  37.95222017 -107.89721481   1 
112  37.95210154 -107.89693715  37.95202373 -107.89685283   1 
111  37.95190460 -107.89688322   1 
111  37.95154653 -107.89701978   1 
112  37.95143463 -107.89709014  37.95138897 -107.89713826   1 
111  37.95140464 -107.89724301   1 
115  37.95146135 -107.89751458 
120 Linear Feature 7
111  37.95404443 -107.90313726   5 
111  37.95395411 -107.90320401   5 
115  37.95349389 -107.90336513 
120 Hold
111  37.95335528 -107.90322743   4 
115  37.95339287 -107.90340071 
120 Hold
111  37.95196516 -107.89674116   4 
115  37.95202500 -107.89701173 
120 Hold
111  37.95287897 -107.90114080   4 
115  37.95291722 -107.90130077 
14   37.95439600 -107.90214500   10 0 FBO
15   37.95418000 -107.90232400 104.00 Commuter Ramp
15   37.95298363 -107.89980389 195.53 Glider parking
15   37.95217243 -107.89662178 238.96 Run up 27
18   37.95310600 -107.90375100 1 BCN
19   37.95582173 -107.91969441 1 WS
19   37.95156531 -107.90204879 1 WS
51 12300 CTAF/UNICOM
1     6548 0 1 CD82 Val Air
100   45.72   3   0 0.25 0 0 0 17   37.34259564 -107.85179929    0.00    0.00 1  0 0 0 35   37.33296268 -107.85222239    0.00    0.00 1  0 0 0
19   37.34298530 -107.85100541 1 WS
19   37.33257302 -107.85301617 1 WS
17   10634 0 1 CD78 [H] Coal Bank Pass
102 H1   37.68333055 -107.76728639   0.00   30.48   30.48   3 1   0 0.25 0
19   37.68374200 -107.76676649 1 WS
17    9430 0 1 CO72 [H] Doral Telluride
102 H1   37.93999361 -107.84867501   0.00    5.49    5.49   3 1   0 0.25 0
19   37.94006767 -107.84858110 1 WS
17    9500 0 1 7CO9 [H] K2 Heliport Nr 1A
102 H1   37.85277777 -107.57525000   0.00   15.24   15.24   1 2   0 0.25 0
19   37.85298349 -107.57498945 1 WS
17    6585 0 1 CO46 [H] Mercy Medical Center
102 H1   37.28333527 -107.87367806   0.00   13.72   13.72   1 2   0 0.25 0
19   37.28351905 -107.87344708 1 WS
17    9873 0 1 CD72 [H] Missionary Ridge
102 H1   37.35000194 -107.76728612   0.00   30.48   30.48   3 1   0 0.25 0
19   37.35041339 -107.76676854 1 WS
17    6534 0 1 CD11 [H] Mountain Bell Durango
102 H1   37.24166916 -107.87562167   0.00   91.44   30.48   1 2   0 0.25 0
19   37.24235491 -107.87510483 1 WS
17    8700 0 1 58CO [H] Purgatory Nr One
102 H1   37.62722000 -107.80395389   0.00   60.96   30.48   4 1   0 0.25 0
19   37.62776860 -107.80343438 1 WS
17    9272 0 1 CD68 [H] Silverton Junction
102 H1   37.79999666 -107.66728389   0.00   30.48   30.48   3 1   0 0.25 0
19   37.80040811 -107.66676317 1 WS