1     3964 0 1 0K0  Griffin Field
100   30.48   3   0 0.25 0 0 0 17   37.39607127 -102.27962862    0.00    0.00 1  0 0 0 35   37.38729373 -102.27962862    0.00    0.00 1  0 0 0
100   15.24   4   0 0.25 0 0 0 09   37.39220644 -102.28336862    0.00    0.00 1  0 0 0 27   37.39115856 -102.27588862    0.00    0.00 1  0 0 0
19   37.39243285 -102.28349367 1 WS
19   37.39634557 -102.27911072 1 WS
19   37.39093214 -102.27576359 1 WS
19   37.38701943 -102.28014646 1 WS
1     4096 0 1 53CO Rons Field
100   15.24   3   0 0.25 0 0 0 18   37.55685071 -102.39129221    0.00    0.00 1  0 0 0 36   37.54928705 -102.39297447    0.00    0.00 1  0 0 0
19   37.55695005 -102.39100661 1 WS
19   37.54918770 -102.39326005 1 WS
1     4390 0 1 8V7  SPRINGFIELD MUNI
100   18.29   2   0 0.25 0 2 0 17   37.46558100 -102.61807200    0.00    0.00 2  0 0 0 35   37.45185000 -102.61790300    0.00    0.00 2  0 0 0
21   37.46378397 -102.61769675  2 179.44   3.00 17  PAPI-4L
21   37.45364703 -102.61827819  2 359.44   3.00 35  PAPI-4L
110   2 0.30 179.44 Default taxiway for RWY 17
111  37.46558022 -102.61817284  53 102 
111  37.46557618 -102.61869402  53 102 
111  37.45184518 -102.61852488  53 102 
111  37.45184922 -102.61800379 
112  37.45201379 -102.61800581  37.45193149 -102.61800763  53 102 
111  37.45193052 -102.61813201  53 102 
112  37.45192923 -102.61829786  37.45192827 -102.61842224  53 102 
111  37.45201055 -102.61842325  53 102 
111  37.45867034 -102.61850529  53 102 
111  37.45867358 -102.61808781 
111  37.45875586 -102.61808882  53 102 
111  37.45875262 -102.61850630  53 102 
112  37.46541241 -102.61858832  37.46549469 -102.61858934  53 102 
111  37.46549565 -102.61846494  53 102 
112  37.46549694 -102.61829907  37.46549791 -102.61817466  53 102 
113  37.46541565 -102.61817081 
120 Default hold RWY 17 (near)
111  37.46557859 -102.61838301  54 
115  37.46549630 -102.61838200 
120 Default hold RWY 17 (centre)
111  37.45875423 -102.61829897  54 
115  37.45867195 -102.61829796 
120 Default hold RWY 17 (far)
111  37.45192988 -102.61821494  54 
115  37.45184759 -102.61821393 
18   37.45872128 -102.61726186 1 BCN
19   37.46574798 -102.61776302 1 WS
19   37.45168302 -102.61821192 1 WS
51 12290 CTAF