1     3056 0 1 SN97 Brollier
100   22.86   1   0 0.25 0 1 0 18   37.32966355 -101.19701330    0.00    0.00 2  0 0 0 36   37.32316145 -101.19830838    0.00    0.00 2  0 0 0
18   37.32630008 -101.19676823 1 BCN
19   37.32981868 -101.19659123 1 WS
19   37.32300632 -101.19873041 1 WS
1     3622 0 1 KEHA ELKHART MORTON CO
100   18.29   1   0 0.25 0 2 0 04   36.99512500 -101.88417500    0.00    0.00 2  0 0 0 22   37.00405300 -101.87161900    0.00    0.00 2  0 0 0
100   18.29   1   0 0.25 0 2 0 17   37.00861100 -101.88222800    0.00    0.00 2  0 0 0 35   36.99515300 -101.88202200    0.00    0.00 2  0 0 0
21   36.99653125 -101.88272538  2  48.32   3.00 04  PAPI-4L
21   37.00681438 -101.88188331  1 179.30   3.00 17  VASI
21   37.00264691 -101.87306904  2 228.32   3.00 22  PAPI-4L
21   36.99694962 -101.88236664  1 359.30   3.00 35  VASI
110   1 0.30  48.32 Default taxiway for RWY 04
111  36.99506522 -101.88410836   3 102 
111  36.99475626 -101.88376390   3 102 
111  37.00368492 -101.87120932   3 102 
111  37.00399388 -101.87155382 
112  37.00388443 -101.87170772  37.00393748 -101.87162889   3 102 
111  37.00386374 -101.87154666   3 102 
112  37.00376541 -101.87143702  37.00369166 -101.87135479   3 102 
111  37.00363693 -101.87143174   3 102 
111  36.99930941 -101.87751665   3 102 
111  36.99955691 -101.87779261 
111  36.99950219 -101.87786956   3 102 
111  36.99925469 -101.87759360   3 102 
112  36.99492717 -101.88367852  36.99487244 -101.88375546   3 102 
111  36.99494619 -101.88383768   3 102 
112  36.99504452 -101.88394731  36.99511826 -101.88402953   3 102 
113  36.99517467 -101.88395447 
110   1 0.30 179.30 Default taxiway for RWY 17
111  37.00861002 -101.88232822   3 102 
111  37.00860496 -101.88284625   3 102 
111  36.99514696 -101.88264010   3 102 
111  36.99515202 -101.88212217 
112  36.99531659 -101.88212469  36.99523427 -101.88212624   3 102 
111  36.99523307 -101.88224987   3 102 
112  36.99523146 -101.88241471  36.99523025 -101.88253834   3 102 
111  36.99531254 -101.88253960   3 102 
111  37.00183583 -101.88263951   3 102 
111  37.00183988 -101.88222457 
111  37.00192216 -101.88222583   3 102 
111  37.00191811 -101.88264077   3 102 
112  37.00844140 -101.88274069  37.00852369 -101.88274195   3 102 
111  37.00852490 -101.88261830   3 102 
112  37.00852651 -101.88245343  37.00852771 -101.88232978   3 102 
113  37.00844545 -101.88232570 
120 Default hold RWY 04 (near)
111  36.99494063 -101.88396945   4 
115  36.99499535 -101.88389250 
120 Default hold RWY 17 (near)
111  37.00860798 -101.88253712   4 
115  37.00852570 -101.88253586 
120 Default hold RWY 04 (centre)
111  36.99937760 -101.87773065   4 
115  36.99943232 -101.87765370 
120 Default hold RWY 17 (centre)
111  37.00192012 -101.88243471   4 
115  37.00183784 -101.88243345 
120 Default hold RWY 04 (far)
111  37.00381457 -101.87149184   4 
115  37.00386929 -101.87141489 
120 Default hold RWY 17 (far)
111  36.99523226 -101.88233229   4 
115  36.99514998 -101.88233103 
18   37.00189001 -101.88140377 1 BCN
19   36.99519992 -101.88453444 1 WS
19   37.00877859 -101.88192139 1 WS
19   37.00397804 -101.87125952 1 WS
19   36.99498541 -101.88232855 1 WS
50 11802 AWOS 1
51 12280 CTAF/UNICOM
55 13400 KANSAS CITY CNTR
1     3207 0 1 3KS4 Eveleigh Farms
100   30.48   3   0 0.25 0 1 0 36   37.76278157 -101.43562033    0.00    0.00 1  0 0 0 18   37.77280565 -101.43361191    0.00    0.00 1  0 0 0
18   37.76794379 -101.43581571 1 BCN
19   37.76257501 -101.43618865 1 WS
19   37.77301220 -101.43304350 1 WS
1     3028 0 1 1KS7 Hitch Feeders Ii Inc.
100   30.48   4   0 0.25 0 0 0 36   37.66889360 -101.01806234    0.00    0.00 1  0 0 0 18   37.67837584 -101.01616490    0.00    0.00 1  0 0 0
19   37.66868704 -101.01862995 1 WS
19   37.67858239 -101.01559722 1 WS
1     3133 0 1 KHQG HUGOTON MUNI
100   22.86   2   0 0.25 0 3 0 02   37.15554700 -101.37453600    0.00    0.00 2  0 0 1 20   37.16803300 -101.36738900    0.00    0.00 2  0 0 1
100   10.67   1   0 0.25 0 0 0 13   37.16809400 -101.37287800    0.00    0.00 2  0 0 0 31   37.16298100 -101.36652200   60.96    0.00 2  0 0 0
21   37.15730940 -101.37394227  2  24.52   3.00 02  PAPI-4L
21   37.16627063 -101.36798301  2 204.52   3.00 20  PAPI-4L
110   2 0.30  24.52 Default taxiway for RWY 02
111  37.15550525 -101.37442114  53 102 
111  37.15529088 -101.37383146  53 102 
111  37.16777709 -101.36668552  53 102 
111  37.16799146 -101.36727531 
112  37.16780429 -101.36738243  37.16789694 -101.36732630  53 102 
111  37.16784572 -101.36718537  53 102 
112  37.16777742 -101.36699746  37.16772620 -101.36685653  53 102 
111  37.16763261 -101.36691009  53 102 
111  37.16162347 -101.37034914  53 102 
111  37.16179515 -101.37082145 
111  37.16170156 -101.37087501  53 102 
111  37.16152988 -101.37040270  53 102 
112  37.15552074 -101.37384176  37.15542716 -101.37389532  53 102 
111  37.15547838 -101.37403623  53 102 
112  37.15554668 -101.37422411  37.15559790 -101.37436502  53 102 
113  37.15569242 -101.37431402 
110   1 0.30 135.27 Default taxiway for RWY 13
111  37.16806180 -101.37291879   3 
111  37.16789130 -101.37313476   3 
111  37.16277847 -101.36677832   3 
111  37.16294897 -101.36656236 
112  37.16301717 -101.36664715  37.16298149 -101.36660676   3 
111  37.16294095 -101.36665811   3 
112  37.16288689 -101.36672658  37.16284635 -101.36677793   3 
111  37.16288045 -101.36682032   3 
111  37.16535161 -101.36989255   3 
111  37.16548833 -101.36971938 
111  37.16552244 -101.36976177   3 
111  37.16538572 -101.36993494   3 
112  37.16785688 -101.37300718  37.16789098 -101.37304957   3 
111  37.16793152 -101.37299822   3 
112  37.16798558 -101.37292975  37.16802612 -101.37287839   3 
113  37.16799360 -101.37283400 
120 Default hold RWY 02 (near)
111  37.15541894 -101.37418373  54 
115  37.15551253 -101.37413017 
120 Default hold RWY 13 (near)
111  37.16799265 -101.37300638   4 
115  37.16795855 -101.37296398 
120 Default hold RWY 02 (centre)
111  37.16161525 -101.37063757  54 
115  37.16170884 -101.37058401 
120 Default hold RWY 13 (centre)
111  37.16545329 -101.36984936   4 
115  37.16541918 -101.36980697 
120 Default hold RWY 02 (far)
111  37.16781157 -101.36709141  54 
115  37.16790515 -101.36703785 
120 Default hold RWY 13 (far)
111  37.16291392 -101.36669234   4 
115  37.16287982 -101.36664994 
19   37.15548732 -101.37499382 1 WS
19   37.16826259 -101.37283563 1 WS
19   37.16281241 -101.36656438 1 WS
19   37.16809266 -101.36693110 1 WS
50 11860 AWOS 3
51 12280 CTAF/UNICOM
1     3390 0 1 SN77 Johns
100   18.29   3   0 0.25 0 0 0 17   37.40358560 -101.76719196    0.00    0.00 1  0 0 0 35   37.39645494 -101.76703528    0.00    0.00 1  0 0 0
19   37.40375446 -101.76688486 1 WS
19   37.39628608 -101.76734235 1 WS
1     3077 0 1 36K  LAKIN
100   12.19   1   0 0.25 0 2 0 13   37.97305800 -101.25916100    0.00    0.00 2  0 0 0 31   37.96583300 -101.25195000    0.00    0.00 2  0 0 0
100   27.43   3   0 0.25 0 0 0 02   37.96694700 -101.25305000    0.00    0.00 1  0 0 0 20   37.97361100 -101.24916900    0.00    0.00 1  0 0 0
110   1 0.30 141.80 Default taxiway for RWY 13
111  37.97302547 -101.25921345   3 102 
111  37.97285445 -101.25948915   3 102 
111  37.96562967 -101.25227740   3 102 
111  37.96580069 -101.25200173 
112  37.96588692 -101.25208780  37.96584241 -101.25204702   3 102 
111  37.96580170 -101.25211264   3 102 
112  37.96574742 -101.25220013  37.96570671 -101.25226576   3 102 
111  37.96574983 -101.25230879   3 102 
111  37.96925443 -101.25580707   3 102 
111  37.96939152 -101.25558608 
111  37.96943464 -101.25562911   3 102 
111  37.96929755 -101.25585010   3 102 
112  37.97280215 -101.25934838  37.97284527 -101.25939142   3 102 
111  37.97288598 -101.25932580   3 102 
112  37.97294026 -101.25923829  37.97298097 -101.25917266   3 102 
113  37.97293924 -101.25912738 
120 Default hold RWY 13 (near)
111  37.97295623 -101.25932507   4 
115  37.97291312 -101.25928204 
120 Default hold RWY 13 (centre)
111  37.96936540 -101.25574072   4 
115  37.96932228 -101.25569769 
120 Default hold RWY 13 (far)
111  37.96577456 -101.25215639   4 
115  37.96573145 -101.25211335 
18   37.96968477 -101.25517401 1 BCN
19   37.96687714 -101.25360752 1 WS
19   37.97324600 -101.25908300 1 WS
19   37.97368084 -101.24861142 1 WS
19   37.96564501 -101.25202802 1 WS
51 12290 CTAF
1     3172 0 1 SN25 Lucas
100   15.24   5   0 0.25 0 0 0 17   37.42225268 -101.55830068    0.00    0.00 1  0 0 0 35   37.41501232 -101.55814156    0.00    0.00 1  0 0 0
19   37.42239340 -101.55804469 1 WS
19   37.41487160 -101.55839752 1 WS
1     3190 0 1 8KS0 Morgan Farms
100   21.34   3   0 0.25 0 0 0 08   37.81244853 -101.46364178    0.00    0.00 1  0 0 0 26   37.81258257 -101.45392156    0.00    0.00 1  0 0 0
19   37.81273314 -101.46389116 1 WS
19   37.81229794 -101.45367221 1 WS
1     3242 0 1 32K  Shore
100   30.48   3   0 0.25 0 0 0 18   37.42508744 -101.64709963    0.00    0.00 1  0 0 0 36   37.41939810 -101.64823427    0.00    0.00 1  0 0 0
19   37.42529399 -101.64653388 1 WS
19   37.41919154 -101.64879998 1 WS
1     3324 0 1 2K3  STANTON CO MUNI
100   18.29   2   0 0.25 0 2 0 17   37.59007200 -101.73391400    0.00    0.00 2  0 0 0 35   37.57881400 -101.73376100    0.00    0.00 2  0 0 0
100   18.29   1   0 0.25 0 0 0 08   37.57974200 -101.73436400    0.00    0.00 2  0 0 0 26   37.57970800 -101.72698100    0.00    0.00 2  0 0 0
21   37.58827498 -101.73356993  1 179.38   3.00 17  VASI
21   37.58061102 -101.73410503  1 359.38   3.00 35  VASI
110   2 0.30 179.38 Default taxiway for RWY 17
111  37.59007114 -101.73401500  53 102 
111  37.59006668 -101.73453706  53 102 
111  37.57880868 -101.73438394  53 102 
111  37.57881314 -101.73386197 
112  37.57897771 -101.73386420  37.57889539 -101.73386593  53 102 
111  37.57889433 -101.73399052  53 102 
112  37.57889291 -101.73415664  37.57889185 -101.73428124  53 102 
111  37.57897414 -101.73428235  53 102 
111  37.58439743 -101.73435611  53 102 
111  37.58440100 -101.73393793 
111  37.58448328 -101.73393905  53 102 
111  37.58447971 -101.73435723  53 102 
112  37.58990300 -101.73443097  37.58998529 -101.73443209  53 102 
111  37.58998635 -101.73430748  53 102 
112  37.58998777 -101.73414133  37.58998883 -101.73401672  53 102 
113  37.58990657 -101.73401276 
120 Default hold RWY 17 (near)
111  37.59006934 -101.73422553  54 
115  37.58998706 -101.73422441 
120 Default hold RWY 17 (centre)
111  37.58448148 -101.73414956  54 
115  37.58439920 -101.73414844 
120 Default hold RWY 17 (far)
111  37.57889362 -101.73407358  54 
115  37.57881134 -101.73407246 
18   37.58444993 -101.73311065 1 BCN
19   37.57998981 -101.73456987 1 WS
19   37.59023923 -101.73360471 1 WS
19   37.57946018 -101.72677515 1 WS
19   37.57864677 -101.73407024 1 WS
50 12417 AWOS 3
51 12280 CTAF/UNICOM
1     3322 0 1 3K3  SYRACUSE HAMILTON CO MUNI
100   12.19   1   0 0.25 0 1 0 13   37.99475000 -101.74975600    0.00    0.00 2  0 0 0 31   37.98861100 -101.74281100  108.20    0.00 2  0 0 0
100   21.34   3   0 0.25 0 1 0 03   37.98888900 -101.74916900    0.00    0.00 1  0 0 0 21   37.99444700 -101.74333100    0.00    0.00 1  0 0 0
110   1 0.30 138.28 Default taxiway for RWY 13
111  37.99471499 -101.74980583   3 102 
111  37.99453094 -101.75006775   3 102 
111  37.98839214 -101.74312214   3 102 
111  37.98857619 -101.74286024 
112  37.98865809 -101.74295289  37.98861564 -101.74290870   3 102 
111  37.98857183 -101.74297105   3 102 
112  37.98851341 -101.74305418  37.98846960 -101.74311652   3 102 
111  37.98851055 -101.74316284   3 102 
111  37.99147758 -101.74651983   3 102 
111  37.99162512 -101.74630988 
111  37.99166607 -101.74635620   3 102 
111  37.99151853 -101.74656615   3 102 
112  37.99448556 -101.74992313  37.99452650 -101.74996946   3 102 
111  37.99457031 -101.74990711   3 102 
112  37.99462873 -101.74982398  37.99467254 -101.74976163   3 102 
113  37.99463310 -101.74971317 
120 Default hold RWY 13 (near)
111  37.99464047 -101.74991187   4 
115  37.99459952 -101.74986554 
120 Default hold RWY 13 (centre)
111  37.99159155 -101.74646224   4 
115  37.99155060 -101.74641592 
120 Default hold RWY 13 (far)
111  37.98854262 -101.74301261   4 
115  37.98850167 -101.74296628 
18   37.99193662 -101.74592003 1 BCN
19   37.98892474 -101.74960586 1 WS
19   37.99494142 -101.74969278 1 WS
19   37.98841958 -101.74287423 1 WS
19   37.99441124 -101.74289411 1 WS
51 12280 CTAF/UNICOM
1     3067 0 1 KULS ULYSSES
100   30.48   2   0 0.25 0 2 0 17   37.61620300 -101.37384200    0.00    0.00 2  0 0 1 35   37.59972800 -101.37368600    0.00    0.00 2  0 0 1
100   18.29   2   0 0.25 0 2 0 12   37.60287800 -101.37941400    0.00    0.00 2  0 0 0 30   37.59481700 -101.36719200    0.00    0.00 2  0 0 0
21   37.60194200 -101.37744159  2 129.77   3.00 12  PAPI-4L
21   37.61440571 -101.37340189  2 179.57   3.00 17  PAPI-4L
21   37.59575321 -101.36916405  2 309.78   3.00 30  PAPI-4L
21   37.60152529 -101.37412603  2 359.57   3.00 35  PAPI-4L
110   2 0.30 129.77 Default taxiway for RWY 12
111  37.60281648 -101.37947863  53 102 
111  37.60249851 -101.37981268  53 102 
111  37.59443814 -101.36758932  53 102 
111  37.59475611 -101.36725530 
112  37.59486140 -101.36741496  37.59480702 -101.36733695  53 102 
111  37.59473113 -101.36741668  53 102 
112  37.59462993 -101.36752298  37.59455403 -101.36760271  53 102 
111  37.59460668 -101.36768254  53 102 
111  37.59850525 -101.37359464  53 102 
111  37.59875997 -101.37332705 
111  37.59881262 -101.37340688  53 102 
111  37.59855790 -101.37367447  53 102 
112  37.60245647 -101.37958657  37.60250912 -101.37966640  53 102 
111  37.60258502 -101.37958667  53 102 
112  37.60268622 -101.37948035  37.60276211 -101.37940062  53 102 
113  37.60271119 -101.37931897 
110   2 0.30 179.57 Default taxiway for RWY 17
111  37.61620199 -101.37401230  53 102 
111  37.61619683 -101.37488082  53 102 
111  37.59972183 -101.37472456  53 102 
111  37.59972699 -101.37385623 
112  37.60000128 -101.37385882  37.59986412 -101.37386036  53 102 
111  37.59986289 -101.37406808  53 102 
112  37.59986124 -101.37434504  37.59986001 -101.37455276  53 102 
111  37.59999715 -101.37455406  53 102 
111  37.60789179 -101.37462892  53 102 
111  37.60789592 -101.37393361 
111  37.60803306 -101.37393491  53 102 
111  37.60802893 -101.37463022  53 102 
112  37.61592357 -101.37470508  37.61606071 -101.37470639  53 102 
111  37.61606194 -101.37449862  53 102 
112  37.61606359 -101.37422160  37.61606482 -101.37401384  53 102 
113  37.61592770 -101.37400970 
120 Default hold RWY 12 (near)
111  37.60268826 -101.37961334  54 
115  37.60263562 -101.37953351 
120 Default hold RWY 17 (near)
111  37.61619991 -101.37436141  54 
115  37.61606276 -101.37436011 
120 Default hold RWY 12 (centre)
111  37.59868440 -101.37354158  54 
115  37.59863175 -101.37346175 
120 Default hold RWY 17 (centre)
111  37.60803098 -101.37428399  54 
115  37.60789384 -101.37428268 
120 Default hold RWY 12 (far)
111  37.59468053 -101.36746983  54 
115  37.59462789 -101.36739000 
120 Default hold RWY 17 (far)
111  37.59986206 -101.37420656  54 
115  37.59972491 -101.37420527 
18   37.60797326 -101.37255216 1 BCN
19   37.60317303 -101.37937432 1 WS
19   37.61648038 -101.37332519 1 WS
19   37.59945062 -101.37420270 1 WS
19   37.59452198 -101.36723172 1 WS
50 11895 AWOS 3
51 12280 CTAF/UNICOM