1     1285 0 1 MO15 Beckner Fld
100   18.29   3   0 0.25 0 0 0 17   37.39116009 -092.95787870    0.00    0.00 1  0 0 0 35   37.38393101 -092.95692242    0.00    0.00 1  0 0 0
19   37.39134958 -092.95759133 1 WS
19   37.38374153 -092.95720976 1 WS
1     1285 0 1 22MO Belly Acres Ranch
100   15.24   3   0 0.25 0 0 0 09   37.26139072 -092.37095623    0.00    0.00 1  0 0 0 27   37.26093150 -092.36270489    0.00    0.00 1  0 0 0
100   15.24   3   0 0.25 0 0 0 07   37.26044285 -092.36997786    0.00    0.00 1  0 0 0 25   37.26187937 -092.36368326    0.00    0.00 1  0 0 0
19   37.26060279 -092.37021476 1 WS
19   37.26160550 -092.37111011 1 WS
19   37.26071671 -092.36255103 1 WS
19   37.26171941 -092.36344637 1 WS
1     1220 0 1 KTVB CABOOL MEM
100   15.24   1   0 0.25 0 2 0 03   37.12897200 -092.08675800    0.00    0.00 2  0 0 0 21   37.13590300 -092.08118100    0.00    0.00 2  0 0 0
110   1 0.30  32.68 Default taxiway for RWY 03
111  37.12893619 -092.08668798   3 102 
111  37.12874985 -092.08632362   3 102 
111  37.13568098 -092.08074709   3 102 
111  37.13586732 -092.08111148 
112  37.13575188 -092.08120436  37.13580839 -092.08115555   3 102 
111  37.13576396 -092.08106866   3 102 
112  37.13570472 -092.08095282  37.13566029 -092.08086593   3 102 
111  37.13560257 -092.08091238   3 102 
111  37.13228131 -092.08358454   3 102 
111  37.13243062 -092.08387652 
111  37.13237290 -092.08392295   3 102 
111  37.13222359 -092.08363097   3 102 
112  37.12890232 -092.08630314  37.12884460 -092.08634958   3 102 
111  37.12888903 -092.08643645   3 102 
112  37.12894827 -092.08655229  37.12899270 -092.08663916   3 102 
113  37.12905163 -092.08659510 
120 Default hold RWY 03 (near)
111  37.12886093 -092.08654081   4 
115  37.12891865 -092.08649437 
120 Default hold RWY 03 (centre)
111  37.13229764 -092.08377577   4 
115  37.13235536 -092.08372934 
120 Default hold RWY 03 (far)
111  37.13573434 -092.08101074   4 
115  37.13579206 -092.08096430 
18   37.13269669 -092.08447659 1 BCN
19   37.12896763 -092.08706807 1 WS
19   37.13590735 -092.08087090 1 WS
51 12290 CTAF
1     1062 0 1 H21  CAMDENTON MEM
100   22.86   1   0 0.25 0 2 0 15   37.97895000 -092.69413100    0.00    0.00 2  0 0 1 33   37.96898900 -092.68824700    0.00    0.00 2  0 0 1
21   37.97744539 -092.69282108  2 155.03   3.00 15  PAPI-4L
21   37.97049367 -092.68955664  2 335.03   3.00 33  PAPI-4L
110   1 0.30 155.03 Default taxiway for RWY 15
111  37.97890753 -092.69424671   3 102 
111  37.97868946 -092.69484079   3 102 
111  37.96872861 -092.68895589   3 102 
111  37.96894668 -092.68836189 
112  37.96913317 -092.68847207  37.96903897 -092.68841957   3 102 
111  37.96898686 -092.68856151   3 102 
112  37.96891738 -092.68875076  37.96886527 -092.68889270   3 102 
111  37.96895852 -092.68894779   3 102 
111  37.97370583 -092.69175251   3 102 
111  37.97388048 -092.69127676 
111  37.97397373 -092.69133185   3 102 
111  37.97379908 -092.69180760   3 102 
112  37.97854639 -092.69461231  37.97863963 -092.69466740   3 102 
111  37.97869174 -092.69452544   3 102 
112  37.97876122 -092.69433616  37.97881333 -092.69419421   3 102 
113  37.97872104 -092.69413653 
120 Default hold RWY 15 (near)
111  37.97881973 -092.69448589   4 
115  37.97872648 -092.69443080 
120 Default hold RWY 15 (centre)
111  37.97388593 -092.69157102   4 
115  37.97379268 -092.69151593 
120 Default hold RWY 15 (far)
111  37.96895212 -092.68865614   4 
115  37.96885888 -092.68860105 
18   37.97427526 -092.69036351 1 BCN
19   37.97926618 -092.69388786 1 WS
19   37.96867283 -092.68849013 1 WS
51 12280 CTAF/UNICOM
55 12410 MIZZU APP/DEP
1     1550 0 1 MO66 Ferguson
100   18.29   3   0 0.25 0 0 0 09   37.33211766 -092.89966932    0.00    0.00 1  0 0 0 27   37.33186510 -092.89512680    0.00    0.00 1  0 0 0
19   37.33237541 -092.89985415 1 WS
19   37.33160735 -092.89494198 1 WS
1     1321 0 1 KLBO FLOYD W JONES LEBANON
100   22.86   1   0 0.25 0 2 0 18   37.65519200 -092.65217500    0.00    0.00 2  0 0 0 36   37.64146700 -092.65268600    0.00    0.00 2  0 0 1
100   15.24   1   0 0.25 0 0 0 09   37.64480600 -092.66063600    0.00   24.38 2  0 0 0 27   37.64469200 -092.65269400    0.00   24.38 2  0 0 0
21   37.65338486 -092.65189625  1 181.69   3.00 18  VASI
21   37.64327414 -092.65296472  1   1.69   3.00 36  VASI
110   1 0.30 181.69 Default taxiway for RWY 18
111  37.65519496 -092.65230203   3 102 
111  37.65521019 -092.65295421   3 102 
111  37.64148519 -092.65346516   3 102 
111  37.64146996 -092.65281309 
112  37.64167560 -092.65280544  37.64157285 -092.65281211   3 102 
111  37.64157649 -092.65296793   3 102 
112  37.64158134 -092.65317568  37.64158498 -092.65333149   3 102 
111  37.64168780 -092.65332766   3 102 
111  37.64829325 -092.65308174   3 102 
111  37.64828105 -092.65255948 
111  37.64838387 -092.65255565   3 102 
111  37.64839607 -092.65307791   3 102 
112  37.65500153 -092.65283200  37.65510434 -092.65282817   3 102 
111  37.65510070 -092.65267233   3 102 
112  37.65509585 -092.65246454  37.65509221 -092.65230870   3 102 
113  37.65498933 -092.65230969 
120 Default hold RWY 18 (near)
111  37.65520109 -092.65256461   4 
115  37.65509827 -092.65256843 
120 Default hold RWY 18 (centre)
111  37.64839000 -092.65281820   4 
115  37.64828718 -092.65282203 
120 Default hold RWY 18 (far)
111  37.64157891 -092.65307180   4 
115  37.64147609 -092.65307562 
18   37.64831086 -092.65152319 1 BCN
19   37.64501417 -092.66080448 1 WS
19   37.65538858 -092.65177946 1 WS
19   37.64448382 -092.65252554 1 WS
19   37.64127042 -092.65308145 1 WS
50 11897 AWOS 3
51 12280 CTAF/UNICOM
55 12110 SPRINGFIELD APP/DEP
1     1510 0 1 6MO3 Flying E
100   30.48   3   0 0.25 0 0 0 02   37.34594738 -092.13005231    0.00    0.00 1  0 0 0 20   37.35238594 -092.12661437    0.00    0.00 1  0 0 0
19   37.34585565 -092.13066353 1 WS
19   37.35247766 -092.12600309 1 WS
1     1482 0 1 MO80 Johnstons Nest Aerodrome
100   60.96   3   0 0.25 0 0 0 16   37.16390312 -092.32468144    0.00    0.00 1  0 0 0 34   37.15731132 -092.32230968    0.00    0.00 1  0 0 0
19   37.16465729 -092.32387859 1 WS
19   37.15655716 -092.32311247 1 WS
1     1500 0 1 03B  MANSFIELD MUNI
100   15.24   1   0 0.25 0 2 0 07   37.12611100 -092.62583300    0.00    0.00 2  0 0 0 25   37.12916700 -092.61611100    0.00    0.00 2  0 0 0
21   37.12699410 -092.62384318  1  68.48   3.00 07  VASI
21   37.12828406 -092.61810102  1 248.49   3.00 25  VASI
110   1 0.30  68.48 Default taxiway for RWY 07
111  37.12604930 -092.62580249   3 102 
111  37.12572824 -092.62564370   3 102 
111  37.12878464 -092.61592208   3 102 
111  37.12910570 -092.61608087 
112  37.12905539 -092.61624090  37.12907845 -092.61615985   3 102 
111  37.12900189 -092.61612199   3 102 
112  37.12889982 -092.61607151  37.12882327 -092.61603364   3 102 
111  37.12879812 -092.61611366   3 102 
111  37.12733281 -092.62077444   3 102 
111  37.12759008 -092.62090167 
111  37.12756492 -092.62098168   3 102 
111  37.12730765 -092.62085445   3 102 
112  37.12584234 -092.62551523  37.12581719 -092.62559524   3 102 
111  37.12589374 -092.62563310   3 102 
112  37.12599581 -092.62568358  37.12607237 -092.62572144   3 102 
113  37.12609961 -092.62564247 
120 Default hold RWY 07 (near)
111  37.12591962 -092.62573835   4 
115  37.12594478 -092.62565834 
120 Default hold RWY 07 (centre)
111  37.12743524 -092.62091755   4 
115  37.12746040 -092.62083754 
120 Default hold RWY 07 (far)
111  37.12895086 -092.61609675   4 
115  37.12897602 -092.61601674 
18   37.12808498 -092.62119554 1 BCN
19   37.12625207 -092.62608767 1 WS
19   37.12902591 -092.61585633 1 WS
51 12290 CTAF
1     1129 0 1 30MO Matzie
100   45.72   3   0 0.25 0 0 0 13   37.64730491 -092.49648370    0.00    0.00 1  0 0 0 31   37.64444675 -092.49274576    0.00    0.00 1  0 0 0
19   37.64803468 -092.49631606 1 WS
19   37.64371698 -092.49291343 1 WS
1     1476 0 1 1MO  MOUNTAIN GROVE MEM
100   15.24   1   0 0.25 0 1 0 08   37.11997200 -092.31732200    0.00    0.00 2  0 0 0 26   37.12147800 -092.30515300    0.00    0.00 2  0 0 0
110   1 0.30  81.17 Default taxiway for RWY 08
111  37.11990646 -092.31730924   3 102 
111  37.11956542 -092.31724283   3 102 
111  37.12107204 -092.30507407   3 102 
111  37.12141308 -092.30514048 
112  37.12139204 -092.30531045  37.12140034 -092.30522502   3 102 
111  37.12131902 -092.30520919   3 102 
112  37.12121060 -092.30518808  37.12112929 -092.30517224   3 102 
111  37.12111877 -092.30525723   3 102 
111  37.12039176 -092.31112915   3 102 
111  37.12066503 -092.31118237 
111  37.12065451 -092.31126735   3 102 
111  37.12038124 -092.31121413   3 102 
112  37.11965423 -092.31708606  37.11964371 -092.31717104   3 102 
111  37.11972502 -092.31718688   3 102 
112  37.11983344 -092.31720799  37.11991476 -092.31722382   3 102 
113  37.11992750 -092.31713928 
120 Default hold RWY 08 (near)
111  37.11976871 -092.31728241   4 
115  37.11977923 -092.31719743 
120 Default hold RWY 08 (centre)
111  37.12051676 -092.31124052   4 
115  37.12052728 -092.31115554 
120 Default hold RWY 08 (far)
111  37.12126481 -092.30519863   4 
115  37.12127533 -092.30511365 
18   37.12119927 -092.31133305 1 BCN
19   37.12015425 -092.31753155 1 WS
19   37.12129574 -092.30494348 1 WS
51 12290 CTAF
1     1600 0 1 H58  OWEN FLD
100   13.72   4   0 0.25 0 0 0 01   37.17722200 -092.73555800    0.00    0.00 1  0 0 0 19   37.18473300 -092.73349600    0.00    0.00 1  0 0 0
100    7.62   3   0 0.25 0 0 0 15   37.18444400 -092.73416900    0.00    0.00 1  0 0 0 33   37.18020800 -092.73152200    0.00    0.00 1  0 0 0
19   37.17714069 -092.73581643 1 WS
19   37.18455062 -092.73409332 1 WS
19   37.18481431 -092.73323754 1 WS
19   37.18010138 -092.73159767 1 WS
51 12290 CTAF
1     1530 0 1 54MO Ozarks Flying Patch
100   30.48   3   0 0.25 0 0 0 12   37.00266902 -092.94273019    0.00    0.00 1  0 0 0 30   37.00021486 -092.93817427    0.00    0.00 1  0 0 0
100   30.48   3   0 0.25 0 0 0 15   37.00310607 -092.94146854    0.00    0.00 1  0 0 0 33   36.99977781 -092.93943592    0.00    0.00 1  0 0 0
19   37.00316351 -092.94272685 1 WS
19   37.00353298 -092.94115604 1 WS
19   36.99935091 -092.93974841 1 WS
19   36.99972037 -092.93817763 1 WS
1     1430 0 1 2MO5 Pegasus Ranch Aerodrome
100   30.48   3   0 0.25 0 2 0 01   37.37838326 -092.21176499    0.00    0.00 1  0 0 0 19   37.38559950 -092.20966835    0.00    0.00 1  0 0 0
18   37.38220734 -092.21189395 1 BCN
19   37.37820854 -092.21234714 1 WS
19   37.38577421 -092.20908614 1 WS
1     1110 0 1 MO1  RICHLAND MUNI
100   18.29   1   0 0.25 0 1 0 14   37.87833300 -092.41139200   51.82    0.00 2  0 0 0 32   37.87138600 -092.40555600   39.62    0.00 2  0 0 0
110   1 0.30 146.45 Default taxiway for RWY 14
111  37.87828876 -092.41147651   3 102 
111  37.87806012 -092.41191331   3 102 
111  37.87111326 -092.40607671   3 102 
111  37.87134190 -092.40563995 
112  37.87147906 -092.40575519  37.87140924 -092.40569995   3 102 
111  37.87135467 -092.40580420   3 102 
112  37.87128190 -092.40594320  37.87122732 -092.40604745   3 102 
111  37.87129590 -092.40610507   3 102 
111  37.87459788 -092.40887932   3 102 
111  37.87478104 -092.40852943 
111  37.87484962 -092.40858704   3 102 
111  37.87466646 -092.40893693   3 102 
112  37.87796844 -092.41171118  37.87803702 -092.41176880   3 102 
111  37.87809160 -092.41166454   3 102 
112  37.87816437 -092.41152553  37.87821894 -092.41142126   3 102 
113  37.87815160 -092.41136127 
120 Default hold RWY 14 (near)
111  37.87819656 -092.41165265   4 
115  37.87812798 -092.41159503 
120 Default hold RWY 14 (centre)
111  37.87475742 -092.40876317   4 
115  37.87468884 -092.40870556 
120 Default hold RWY 14 (far)
111  37.87131828 -092.40587370   4 
115  37.87124970 -092.40581608 
18   37.87517894 -092.40786640 1 BCN
19   37.87860660 -092.41124658 1 WS
19   37.87111240 -092.40570142 1 WS
51 12290 CTAF
1     1236 0 1 80MO Sugartree
100   12.19   3   0 0.25 0 0 0 11   37.63987776 -092.99176255    0.00    0.00 1  0 0 0 29   37.63798112 -092.98638301    0.00    0.00 1  0 0 0
19   37.64007273 -092.99180460 1 WS
19   37.63778614 -092.98634098 1 WS
1     1159 1 1 KTBN WAYNESVILLE RGNL ARPT AT FORNEY FLD
100   45.72   1   0 0.25 0 3 0 14   37.74859700 -092.14639700  152.71  153.01 3 10 0 1 32   37.73466700 -092.13507800  160.33  160.63 2 10 0 1
21   37.74543987 -092.14326477  1 147.27   3.00 14  VASI
21   37.73719151 -092.13769506  1 327.28   3.00 32  VASI
110   1 0.30 147.27 Default taxiway for RWY 14
111  37.74848700 -092.14661348   3 102 
111  37.74792968 -092.14771026   3 102 
111  37.73400022 -092.13638889   3 102 
111  37.73455754 -092.13529231 
112  37.73490368 -092.13557363  37.73472939 -092.13543537   3 102 
111  37.73459593 -092.13569797   3 102 
112  37.73441797 -092.13604811  37.73428451 -092.13631071   3 102 
111  37.73445758 -092.13645137   3 102 
111  37.74098964 -092.14176038   3 102 
111  37.74143574 -092.14088256 
111  37.74160880 -092.14102322   3 102 
111  37.74116270 -092.14190104   3 102 
112  37.74769477 -092.14721006  37.74786783 -092.14735072   3 102 
111  37.74800129 -092.14708807   3 102 
112  37.74817925 -092.14673787  37.74831271 -092.14647522   3 102 
113  37.74814087 -092.14633216 
120 Default hold RWY 14 (near)
111  37.74826334 -092.14705363   4 
115  37.74809027 -092.14691297 
120 Default hold RWY 14 (centre)
111  37.74138514 -092.14146333   4 
115  37.74121208 -092.14132267 
120 Default hold RWY 14 (far)
111  37.73450695 -092.13587304   4 
115  37.73433388 -092.13573238 
18   37.74241132 -092.13920485 4 BCN
19   37.74927679 -092.14602169 1 WS
19   37.73398724 -092.13545335 1 WS
50 11870 ATIS
51 12540 CTAF
54 12540 FORNEY TWR
1     1022 0 1 85MO Willhite
100   22.86   3   0 0.25 0 0 0 13   37.87709722 -092.32518892    0.00    0.00 1  0 0 0 31   37.87298166 -092.31959776    0.00    0.00 1  0 0 0
19   37.87746221 -092.32511411 1 WS
19   37.87261667 -092.31967259 1 WS
17    1230 0 1 MU93 [H] Breech Medical Center
102 H1   37.68698527 -092.66295306   0.00    9.75    9.75   2 2   0 0.25 0
19   37.68711694 -092.66278668 1 WS