1      410 1 1 KPAH BARKLEY RGNL
100   45.72   1   0 0.25 0 3 0 04   37.05348100 -088.78147800    0.00    0.00 3  8 0 0 22   37.06638600 -088.76609200    0.00    0.00 2  0 0 1
100   45.72   1   0 0.25 0 2 0 14   37.06644400 -088.77810800    0.00    0.00 2  0 0 0 32   37.05496900 -088.76585300    0.00    0.00 2  0 0 1
21   37.06482246 -088.76730492  5 223.58   3.00 22  VASI-3L
21   37.05607710 -088.76770080  2 319.57   3.00 32  PAPI-4L
110   1 0.00  43.57 Default taxiway for RWY 04
111  37.05334076 -088.78129327   3 102 
111  37.05263025 -088.78035739   3 102 
111  37.06553624 -088.76497382   3 102 
111  37.06624675 -088.76590986 
112  37.06594864 -088.76626519  37.06609615 -088.76608548   3 102 
111  37.06592600 -088.76586132   3 102 
112  37.06569913 -088.76556244  37.06552898 -088.76533828   3 102 
111  37.06537992 -088.76551595   3 102 
111  37.05929956 -088.77276355   3 102 
111  37.05986828 -088.77351273 
111  37.05971923 -088.77369040   3 102 
111  37.05915051 -088.77294122   3 102 
112  37.05307015 -088.78018882  37.05292109 -088.78036649   3 102 
111  37.05309124 -088.78059061   3 102 
112  37.05331811 -088.78088944  37.05348826 -088.78111356   3 102 
113  37.05363887 -088.78093794 
110   1 0.00 139.56 Default taxiway for RWY 14
111  37.06631201 -088.77830207   3 102 
111  37.06564330 -088.77928529   3 102 
111  37.05416893 -088.76702826   3 102 
111  37.05483764 -088.76604519 
112  37.05515077 -088.76637967  37.05499275 -088.76621458   3 102 
111  37.05483261 -088.76645000   3 102 
112  37.05461909 -088.76676389  37.05445895 -088.76699932   3 102 
111  37.05461551 -088.76716656   3 102 
111  37.05996128 -088.77287695   3 102 
111  37.06049654 -088.77209000 
111  37.06065311 -088.77225725   3 102 
111  37.06011785 -088.77304420   3 102 
112  37.06546362 -088.77875458  37.06562018 -088.77892183   3 102 
111  37.06578032 -088.77868637   3 102 
112  37.06599384 -088.77837243  37.06615398 -088.77813697   3 102 
113  37.06599888 -088.77796758 
130 Airport Boundary 7
111  37.04834912 -088.79139318 
111  37.04521422 -088.78789702 
111  37.05393076 -088.77673801 
111  37.05018418 -088.76476484 
111  37.05389253 -088.76016714 
111  37.05821256 -088.76428591 
111  37.06914646 -088.76050239 
111  37.07048452 -088.76811733 
111  37.06785458 -088.78200663 
111  37.06341985 -088.77932439 
113  37.05844990 -088.77956388 
120 Default hold RWY 04 (near)
111  37.05305563 -088.78091769   4 
115  37.05320468 -088.78074002 
120 Default hold RWY 14 (near)
111  37.06604365 -088.77869664   4 
115  37.06588708 -088.77852940 
120 Default hold RWY 04 (centre)
111  37.05943410 -088.77331479   4 
115  37.05958315 -088.77313712 
120 Default hold RWY 14 (centre)
111  37.06038475 -088.77265180   4 
115  37.06022818 -088.77248455 
120 Default hold RWY 04 (far)
111  37.06581257 -088.76571188   4 
115  37.06596162 -088.76553422 
120 Default hold RWY 14 (far)
111  37.05472585 -088.76660695   4 
115  37.05456928 -088.76643971 
18   37.06164153 -088.77060678 1 BCN
19   37.05360826 -088.78239363 1 WS
19   37.06715748 -088.77785384 1 WS
19   37.06625861 -088.76517622 1 WS
19   37.05425554 -088.76610723 1 WS
50 11837 ASOS
51 11960 CTAF
51 12300 UNICOM
53 12170 GND
54 11960 PADUCAH TWR
1      500 0 1 23KY Barnes Farm
100   22.86   3   0 0.25 0 0 0 05   37.22854123 -088.32204192    0.00    0.00 1  0 0 0 23   37.23312543 -088.31518032    0.00    0.00 1  0 0 0
19   37.22864432 -088.32248786 1 WS
19   37.23302231 -088.31473436 1 WS
1      455 0 1 H16  Bessie Rla
100   21.34   3   0 0.25 0 0 0 36   37.99701446 -088.81815562    0.00    0.00 1  0 0 0 18   38.00030554 -088.81808272    0.00    0.00 1  0 0 0
19   37.99682751 -088.81852529 1 WS
19   38.00049249 -088.81771303 1 WS
1      670 0 1 99IL Covey-Simpson
100   15.24   3   0 0.25 0 0 0 04   37.47683154 -088.80509518    0.00    0.00 1  0 0 0 22   37.47993678 -088.80169372    0.00    0.00 1  0 0 0
19   37.47686299 -088.80540421 1 WS
19   37.47990532 -088.80138468 1 WS
1      396 0 1 KHSB HARRISBURG RALEIGH
100   22.86   1   0 0.25 0 2 0 06   37.80896400 -088.55946900    0.00    0.00 2  0 0 0 24   37.81519400 -088.54392800    0.00    0.00 2  0 0 1
100   22.86   1   0 0.25 0 2 0 14   37.81271100 -088.55060600    0.00    0.00 2  0 0 0 32   37.80681900 -088.54457200    0.00    0.00 2  0 0 0
21   37.81413548 -088.54580298  1 243.10   3.00 24  VASI
110   1 0.30  63.09 Default taxiway for RWY 06
111  37.80887428 -088.55941137   3 102 
111  37.80841365 -088.55911546   3 102 
111  37.81464467 -088.54357574   3 102 
111  37.81510530 -088.54387167 
112  37.81501220 -088.54410387  37.81505675 -088.54398648   3 102 
111  37.81494668 -088.54391577   3 102 
112  37.81479992 -088.54382148  37.81468985 -088.54375077   3 102 
111  37.81464330 -088.54386687   3 102 
111  37.81164417 -088.55134648   3 102 
111  37.81201307 -088.55158347 
111  37.81196651 -088.55169956   3 102 
111  37.81159761 -088.55146257   3 102 
112  37.80859849 -088.55894219  37.80855193 -088.55905829   3 102 
111  37.80866200 -088.55912899   3 102 
112  37.80880876 -088.55922327  37.80891883 -088.55929398   3 102 
113  37.80896739 -088.55917917 
110   1 0.30 141.02 Default taxiway for RWY 14
111  37.81264771 -088.55070500   3 102 
111  37.81232279 -088.55121330   3 102 
111  37.80643094 -088.54517878   3 102 
111  37.80675586 -088.54467052 
112  37.80691579 -088.54483432  37.80683442 -088.54475463   3 102 
111  37.80675678 -088.54487608   3 102 
112  37.80665325 -088.54503802  37.80657561 -088.54515947   3 102 
111  37.80665557 -088.54524137   3 102 
111  37.80940159 -088.54805388   3 102 
111  37.80966181 -088.54764681 
111  37.80974177 -088.54772871   3 102 
111  37.80948155 -088.54813578   3 102 
112  37.81222756 -088.55094829  37.81230753 -088.55103019   3 102 
111  37.81238517 -088.55090873   3 102 
112  37.81248870 -088.55074678  37.81256634 -088.55062532   3 102 
113  37.81248778 -088.55054120 
120 Default hold RWY 06 (near)
111  37.80868883 -088.55929223   4 
115  37.80873538 -088.55917613 
120 Default hold RWY 14 (near)
111  37.81251689 -088.55090965   4 
115  37.81243693 -088.55082775 
120 Default hold RWY 06 (centre)
111  37.81178106 -088.55158042   4 
115  37.81182762 -088.55146433 
120 Default hold RWY 14 (centre)
111  37.80961095 -088.54793335   4 
115  37.80953099 -088.54785145 
120 Default hold RWY 06 (far)
111  37.81487330 -088.54386863   4 
115  37.81491985 -088.54375253 
120 Default hold RWY 14 (far)
111  37.80670501 -088.54495705   4 
115  37.80662504 -088.54487515 
18   37.81021826 -088.54688278 1 BCN
19   37.80914484 -088.55987718 1 WS
19   37.81306417 -088.55046750 1 WS
19   37.80646583 -088.54471052 1 WS
19   37.81501310 -088.54351982 1 WS
50 13592 AWOS 3
51 12280 CTAF/UNICOM
1      349 0 1 M34  KENTUCKY DAM STATE PARK
100   30.48   1   0 0.25 0 2 0 09   37.00939400 -088.30271400    0.00    0.00 2  0 0 1 27   37.00960600 -088.28901900    0.00    0.00 2  0 0 1
21   37.00976408 -088.30046865  2  88.89   3.00 09  PAPI-4L
21   37.00923617 -088.29126442  2 268.89   3.00 27  PAPI-4L
110   1 0.30  88.89 Default taxiway for RWY 09
111  37.00925913 -088.30271071   3 102 
111  37.00857126 -088.30269395   3 102 
111  37.00878405 -088.28899899   3 102 
111  37.00947192 -088.28901575 
112  37.00946658 -088.28935918  37.00946700 -088.28918742   3 102 
111  37.00930245 -088.28918341   3 102 
112  37.00908305 -088.28917806  37.00891850 -088.28917405   3 102 
111  37.00891583 -088.28934576   3 102 
111  37.00881611 -088.29576395   3 102 
111  37.00936686 -088.29577737 
111  37.00936419 -088.29594909   3 102 
111  37.00881344 -088.29593567   3 102 
112  37.00871372 -088.30235385  37.00871105 -088.30252557   3 102 
111  37.00887560 -088.30252958   3 102 
112  37.00909500 -088.30253493  37.00925955 -088.30253894   3 102 
113  37.00926447 -088.30236727 
120 Default hold RWY 09 (near)
111  37.00898263 -088.30270398   4 
115  37.00898530 -088.30253226 
120 Default hold RWY 09 (centre)
111  37.00908769 -088.29594236   4 
115  37.00909036 -088.29577064 
120 Default hold RWY 09 (far)
111  37.00919275 -088.28918074   4 
115  37.00919542 -088.28900902 
18   37.01046021 -088.29589271 1 BCN
19   37.00980003 -088.30306746 1 WS
19   37.00919993 -088.28866561 1 WS
50 11907 AWOS 3
51 12280 CTAF/UNICOM
1      652 0 1 5M9  MARION CRITTENDEN CO
100   22.86   1   0 0.25 0 2 0 07   37.33186100 -088.12203900    0.00    0.00 2  0 0 0 25   37.33677800 -088.10821400    0.00    0.00 2  0 0 0
21   37.33287065 -088.12012731  2  65.90   3.00 07  PAPI-4L
21   37.33576857 -088.11012601  2 245.91   3.00 25  PAPI-4L
110   1 0.30  65.90 Default taxiway for RWY 07
111  37.33176916 -088.12198732   3 102 
111  37.33129764 -088.12172202   3 102 
111  37.33621544 -088.10789790   3 102 
111  37.33668696 -088.10816322 
112  37.33660295 -088.10839939  37.33664291 -088.10828016   3 102 
111  37.33653024 -088.10821676   3 102 
112  37.33638001 -088.10813222  37.33626733 -088.10806882   3 102 
111  37.33622532 -088.10818690   3 102 
111  37.33387144 -088.11480375   3 102 
111  37.33424907 -088.11501623 
111  37.33420706 -088.11513431   3 102 
111  37.33382943 -088.11492183   3 102 
112  37.33147554 -088.12153868  37.33143354 -088.12165677   3 102 
111  37.33154622 -088.12172016   3 102 
112  37.33169645 -088.12180469  37.33180912 -088.12186809   3 102 
113  37.33185317 -088.12175115 
120 Default hold RWY 07 (near)
111  37.33157932 -088.12188051   4 
115  37.33162133 -088.12176243 
120 Default hold RWY 07 (centre)
111  37.33401722 -088.11502749   4 
115  37.33405923 -088.11490941 
120 Default hold RWY 07 (far)
111  37.33645512 -088.10817449   4 
115  37.33649712 -088.10805640 
18   37.33497584 -088.11549625 1 BCN
19   37.33205742 -088.12243296 1 WS
19   37.33658154 -088.10782005 1 WS
51 12290 CTAF
1      384 0 1 M30  METROPOLIS MUNI
100   22.86   1   0 0.25 0 2 0 18   37.18843600 -088.75060600    0.00    0.00 2  0 0 0 36   37.17744700 -088.75073100    0.00    0.00 2  0 0 0
110   1 0.30 180.52 Default taxiway for RWY 18
111  37.18843691 -088.75073229   3 102 
111  37.18844159 -088.75138067   3 102 
111  37.17745259 -088.75150558   3 102 
111  37.17744791 -088.75085729 
112  37.17765363 -088.75085495  37.17755079 -088.75085894   3 102 
111  37.17755191 -088.75101386   3 102 
112  37.17755340 -088.75122041  37.17755452 -088.75137532   3 102 
111  37.17765738 -088.75137415   3 102 
111  37.18289473 -088.75131460   3 102 
111  37.18289098 -088.75079537 
111  37.18299384 -088.75079420   3 102 
111  37.18299759 -088.75131343   3 102 
112  37.18823494 -088.75125390  37.18833780 -088.75125273   3 102 
111  37.18833668 -088.75109780   3 102 
112  37.18833519 -088.75089122  37.18833407 -088.75073628   3 102 
113  37.18823119 -088.75073463 
120 Default hold RWY 18 (near)
111  37.18843880 -088.75099334   4 
115  37.18833594 -088.75099451 
120 Default hold RWY 18 (centre)
111  37.18299573 -088.75105523   4 
115  37.18289287 -088.75105640 
120 Default hold RWY 18 (far)
111  37.17755266 -088.75111713   4 
115  37.17744980 -088.75111830 
18   37.18293553 -088.74976650 1 BCN
19   37.18863894 -088.75021804 1 WS
19   37.17724406 -088.75111890 1 WS
50 12417 AWOS 3
51 12280 CTAF/UNICOM
1      485 0 1 95IL Stone Lra
100   30.48   3   0 0.25 0 0 0 03   37.48292822 -088.40248832    0.00    0.00 1  0 0 0 21   37.48939400 -088.39759224    0.00    0.00 1  0 0 0
19   37.48290500 -088.40311079 1 WS
19   37.48941720 -088.39696972 1 WS
1      470 0 1 2IL5 Sutton
100   21.34   3   0 0.25 0 0 0 06   37.93263556 -088.23516974    0.00    0.00 1  0 0 0 24   37.93578998 -088.22824250    0.00    0.00 1  0 0 0
19   37.93278897 -088.23556315 1 WS
19   37.93563655 -088.22784908 1 WS
16     359 0 1 K45  [S] Kuttawa Harbor
101   91.44 0 02   37.04781160 -088.09736716 20   37.05941062 -088.09207730
101  121.92 0 09   37.05361111 -088.10675176 27   37.05361111 -088.08269270
101  121.92 0 13   37.06242688 -088.10788674 31   37.04479534 -088.08155772
17     375 0 1 91LL [H] Downen
102 H1   37.84171222 -088.17253667   0.00  121.92   45.72   3 1   0 0.25 0
19   37.84267227 -088.17175514 1 WS
17     440 0 1 IS98 [H] Fabick Five
102 H1   37.72949388 -088.90506834   0.00   12.19   12.19   1 2   0 0.25 0
19   37.72965846 -088.90486025 1 WS
17     397 0 1 4IS4 [H] Harrisburg Medical Center
102 H1   37.73060333 -088.52366139   0.00   15.24   15.24   2 2   0 0.25 0
19   37.73080905 -088.52340128 1 WS
17     439 0 1 6IL1 [H] Kerr-Mcgee Coal Corporation
102 H1   37.83838111 -088.58283139   0.00   12.19   12.19   2 2   0 0.25 0
19   37.83854569 -088.58262299 1 WS
17     446 0 1 KY01 [H] Lourdes Hospital
102 H1   37.06033333 -088.64838278   0.00   12.19   12.19   2 2   0 0.25 0
19   37.06049791 -088.64817654 1 WS
17     620 0 1 4IS2 [H] Memorial Hospital
102 H1   37.92366000 -088.80617445   0.00   12.50   12.50   2 2   0 0.25 0
19   37.92382732 -088.80596234 1 WS
17     451 0 1 9H9  [H] Peabody-Will Scarlet
102 H1   37.64004944 -088.70894667   0.00   27.43   27.43   3 1   0 0.25 0
19   37.64041974 -088.70847903 1 WS
17     464 0 1 58IS [H] Va Medical Center
102 H1   37.72366083 -088.95701528   0.00   15.24   15.24   2 2   0 0.25 0
19   37.72386655 -088.95675519 1 WS
17     510 0 1 IL61 [H] Vienna Correctional Center
102 H1   37.39755194 -088.77422528   0.00   18.29   18.29   2 2   0 0.25 0
19   37.39779881 -088.77391453 1 WS
17     341 0 1 25KY [H] Western Baptist Hospital
102 H1   37.07505555 -088.62560417   0.00   15.24   15.24   2 2   0 0.25 0
19   37.07526127 -088.62534632 1 WS