1     2302 1 0 KLWB GREENBRIER VALLEY
100   46.02   1   0 0.00 0 3 0 04   37.85046100 -080.40648900    0.00    0.00 3  8 0 0 22   37.86615300 -080.39247500    0.00    0.00 2  0 0 1
21   37.86446501 -080.39339899  1 215.19   3.00 22  VASI
110   2 0.00  35.20 Concrete Area 1
111  37.85605910 -080.40343413 
111  37.85719317 -080.40242315 
111  37.85762477 -080.40321693 
113  37.85649137 -080.40423386 
110   2 0.00  35.20 Concrete Area 2
111  37.85437735 -080.40493573 
111  37.85484901 -080.40451485 
111  37.85512433 -080.40502016 
113  37.85465197 -080.40544158 
110   1 0.00  35.20 Asphalt Area
111  37.86625535 -080.39267090 102 
111  37.86648168 -080.39298113 102 
112  37.86652085 -080.39358816  37.86644712 -080.39401717 102 
111  37.86613231 -080.39435359 102 
111  37.85732578 -080.40221880 
112  37.85730431 -080.40240399  37.85736304 -080.40251463 
111  37.85772577 -080.40318109 
112  37.85475669 -080.40583303  37.85470998 -080.40587482 
111  37.85475033 -080.40595180 
112  37.85495458 -080.40632806  37.85500432 -080.40641693 
111  37.85518529 -080.40635527 
112  37.85560922 -080.40598760  37.85568472 -080.40594372 
111  37.85590874 -080.40585045 
111  37.85629120 -080.40708477 
112  37.85611840 -080.40729778  37.85604556 -080.40737316 
112  37.85552167 -080.40800394  37.85536977 -080.40818844 
111  37.85524289 -080.40801561 
111  37.85514312 -080.40775186 
111  37.85533735 -080.40764794 
111  37.85527053 -080.40742796 
111  37.85539725 -080.40735906 
112  37.85513230 -080.40650701  37.85507633 -080.40646876 
112  37.85495064 -080.40647871  37.85491156 -080.40640896 
111  37.85469267 -080.40600413 
112  37.85459572 -080.40597689  37.85454161 -080.40602590 
111  37.85365149 -080.40681853 
112  37.85322204 -080.40602531  37.85317240 -080.40593380 
111  37.85308153 -080.40600949 102 
112  37.85151906 -080.40739641  37.85120092 -080.40768498 102 
111  37.85092767 -080.40731766 102 
113  37.85057432 -080.40668989 
111  37.86535494 -080.39349124 102 
111  37.86607363 -080.39364562 102 
112  37.86628505 -080.39352049  37.86634158 -080.39341002 102 
112  37.86632968 -080.39324059  37.86631595 -080.39310966 102 
112  37.86622793 -080.39303810  37.86619401 -080.39300026 102 
114  37.86591231 -080.39299541  37.86585740 -080.39304349 
111  37.86119143 -080.39721722 102 
112  37.86110016 -080.39762184  37.86118558 -080.39777907 102 
111  37.86129053 -080.39798555 102 
112  37.86163930 -080.39805343  37.86180414 -080.39790381 102 
111  37.86567525 -080.39444934 102 
112  37.86577546 -080.39402399  37.86570262 -080.39386196 102 
111  37.86555043 -080.39382864 102 
112  37.86516961 -080.39372698  37.86511631 -080.39371573 102 
113  37.86503742 -080.39377405 
111  37.85620259 -080.40166941 102 
112  37.85616121 -080.40201981  37.85622730 -080.40214278 102 
111  37.85636848 -080.40239797 102 
112  37.85668426 -080.40247912  37.85684197 -080.40233710 102 
112  37.86109077 -080.39854358  37.86121512 -080.39843244 102 
111  37.86112853 -080.39813290 102 
112  37.86093843 -080.39777586  37.86084767 -080.39760946 102 
113  37.86058264 -080.39775752 
111  37.85341885 -080.40415805 102 
112  37.85335642 -080.40453524  37.85343264 -080.40467631 102 
111  37.85355572 -080.40490379 102 
112  37.85386269 -080.40499964  37.85400878 -080.40486669 102 
112  37.85618248 -080.40292598  37.85629847 -080.40282278 102 
111  37.85620512 -080.40255016 102 
112  37.85599936 -080.40217116  37.85591412 -080.40201355 102 
113  37.85571169 -080.40210570 
111  37.85097826 -080.40633795 102 
112  37.85088569 -080.40677043  37.85097966 -080.40693127 102 
111  37.85110945 -080.40715033 102 
112  37.85141431 -080.40718250  37.85156381 -080.40704515 102 
112  37.85335387 -080.40545251  37.85349689 -080.40532314 102 
111  37.85339491 -080.40505652 102 
112  37.85319842 -080.40469348  37.85312825 -080.40456523 102 
113  37.85289463 -080.40462340 
130 Airport Boundary
111  37.84785130 -080.40659695 
111  37.84819400 -080.40548917 
111  37.84933030 -080.40394742 
111  37.86610315 -080.38945925 
111  37.86297387 -080.38400728 
111  37.86267018 -080.38287005 
111  37.86375289 -080.38144853 
111  37.86433385 -080.38138163 
111  37.86594471 -080.37726742 
111  37.86981340 -080.37937457 
111  37.87103001 -080.37908168 
111  37.87153415 -080.38565012 
111  37.86889340 -080.39258321 
111  37.86939755 -080.40176661 
111  37.86738098 -080.40565883 
111  37.85727411 -080.40885139 
111  37.85232871 -080.40862333 
111  37.85202863 -080.40793931 
113  37.84723927 -080.40941373 
120 Rwy Hold
111  37.86653474 -080.39324734   4 103 
115  37.86632547 -080.39344203 
120 Rwy Hold
111  37.86610083 -080.39365619   4 103 
115  37.86575796 -080.39396919 
120 Rwy Hold
111  37.86128200 -080.39797835   4 
115  37.86112343 -080.39811875 
120 Rwy Hold
111  37.85636130 -080.40239404   4 
115  37.85620080 -080.40253515 
120 Rwy Hold
111  37.85355126 -080.40490233   4 
115  37.85339145 -080.40504547 
120 Rwy Hold
111  37.85110439 -080.40714696   4 103 
115  37.85092218 -080.40730368 
120 ILS Hold
111  37.85330511 -080.40549942   6 
115  37.85341723 -080.40571185 
120 Double
111  37.85326576 -080.40607889   3 
115  37.85732218 -080.40245631 
120 Centerline
111  37.86574097 -080.39454004   1 
112  37.86590769 -080.39381357  37.86561173 -080.39364329   1 
111  37.86524835 -080.39360545   1 
116  37.86476950 -080.39370934  37.86461146 -080.39385164 
120 Centerline
111  37.86045332 -080.39756453   1 
112  37.86101658 -080.39770094  37.86125096 -080.39811684 
111  37.86101658 -080.39770094 
112  37.86101658 -080.39770094  37.86079361 -080.39727099   1 
115  37.86108855 -080.39699789 
120 Centerline
111  37.86114524 -080.39864639   1 
112  37.86121002 -080.39805777  37.86102428 -080.39770183 
111  37.86121002 -080.39805777 
112  37.86121002 -080.39805777  37.86140544 -080.39840349   1 
115  37.86169023 -080.39816010 
120 Centerline
111  37.86121002 -080.39805777   1 
115  37.86101658 -080.39770094 
120 Centerline
111  37.85624039 -080.40302730   1 
112  37.85628857 -080.40247633  37.85611547 -080.40214114 
111  37.85628857 -080.40247633 
112  37.85628857 -080.40247633  37.85647884 -080.40279885   1 
115  37.85673816 -080.40258341 
120 Centerline
111  37.85558247 -080.40191588   1 
112  37.85608231 -080.40209811  37.85631550 -080.40250941 
111  37.85608231 -080.40209811 
112  37.85608231 -080.40209811  37.85586773 -080.40167232   1 
115  37.85610321 -080.40144661 
120 Centerline
111  37.85628857 -080.40247633   1 
115  37.85608231 -080.40209811 
120 Centerline
111  37.85341296 -080.40555299   1 
112  37.85347018 -080.40498501  37.85329074 -080.40463738 
111  37.85347018 -080.40498501 
112  37.85347018 -080.40498501  37.85366116 -080.40532026   1 
115  37.85392405 -080.40509581 
120 Centerline
112  37.85275732 -080.40443797  37.85303357 -080.40419047   1 
111  37.85326938 -080.40461552   1 
116  37.85331694 -080.40393847  37.85359142 -080.40369323 
120 Centerline
111  37.85347018 -080.40498501   1 
115  37.85326938 -080.40461552 
120 Centerline
112  37.85088088 -080.40611483  37.85056520 -080.40639482   1 
111  37.85080642 -080.40684856   1 101 
112  37.85101928 -080.40724082  37.85112345 -080.40742900   1 101 
112  37.85146526 -080.40729163  37.85155086 -080.40721493   1 101 
111  37.85341296 -080.40555299   1 101 
111  37.85392405 -080.40509581   1 101 
111  37.85624039 -080.40302730   1 101 
111  37.85673816 -080.40258341   1 101 
111  37.86114524 -080.39864639   1 101 
111  37.86169023 -080.39816010   1 101 
112  37.86574097 -080.39454004  37.86601279 -080.39430037   1 101 
112  37.86628682 -080.39381967  37.86635077 -080.39370715   1 101 
112  37.86636870 -080.39302808  37.86619433 -080.39273999   1 
116  37.86576498 -080.39282032  37.86565123 -080.39292160 
14   37.85654280 -080.40452380   65 0 Control Tower
15   37.85566678 -080.40731961 215.20 Parking W 1
15   37.85575038 -080.40680679  25.00 Parking W 2
15   37.85652100 -080.40394823  35.20 Terminal 1
15   37.85632769 -080.40359422  35.20 Terminal 2
15   37.85681097 -080.40346850 215.20 Terminal 3
18   37.85786372 -080.40360415 1 Beacon
19   37.85652960 -080.40220227 1 Windsock
50 12140 AWOS 3
51 11890 CTAF
51 12295 UNICOM
52 12085 CLNC DEL
53 12190 GND
54 11890 LEWISBURG TWR
1     1520 0 1 W59  Hinton-Alderson
100   15.24   3   0 0.25 0 0 0 10   37.67982330 -080.71502550    0.00    0.00 1  0 0 0 28   37.67930668 -080.70569062    0.00    0.00 1  0 0 0
19   37.68003808 -080.71518025 1 WS
19   37.67909189 -080.70553590 1 WS
1     2450 0 1 WV63 Misty Mountain
100   15.24   3   0 0.25 0 0 0 09   37.84864517 -080.73626985    0.00    0.00 1  0 0 0 27   37.84913259 -080.73039683    0.00    0.00 1  0 0 0
19   37.84883543 -080.73646982 1 WS
19   37.84894232 -080.73019687 1 WS
1     1320 0 1 VA85 New Castle International
100   30.48   3   0 0.25 0 0 0 18   37.48673605 -080.10020304    0.00    0.00 1  0 0 0 36   37.48018895 -080.09933586    0.00    0.00 1  0 0 0
19   37.48705186 -080.09972349 1 WS
19   37.47987314 -080.09981537 1 WS
1     2105 0 1 KPSK NEW RIVER VALLEY
100   45.72   1   0 0.25 0 3 0 06   37.13211700 -080.68687800    0.00  243.84 3  8 0 0 24   37.14257500 -080.67008900    0.00    0.00 2  0 0 1
110   1 0.30  51.99 Default taxiway for RWY 06
111  37.13195668 -080.68672084   3 102 
111  37.13114444 -080.68592462   3 102 
111  37.14160362 -080.66913781   3 102 
111  37.14241586 -080.66993414 
112  37.14216250 -080.67034078  37.14228741 -080.67013572   3 102 
111  37.14209289 -080.66994502   3 102 
112  37.14183354 -080.66969075  37.14163903 -080.66950005   3 102 
111  37.14151235 -080.66970337   3 102 
111  37.13659946 -080.67758846   3 102 
111  37.13724961 -080.67822583 
111  37.13712293 -080.67842915   3 102 
111  37.13647278 -080.67779178   3 102 
112  37.13155989 -080.68567688  37.13143321 -080.68588019   3 102 
111  37.13162772 -080.68607087   3 102 
112  37.13188707 -080.68632511  37.13208159 -080.68651578   3 102 
113  37.13221004 -080.68631421 
120 Default hold RWY 06 (near)
111  37.13163072 -080.68640131   4 
115  37.13175740 -080.68619799 
120 Default hold RWY 06 (centre)
111  37.13679697 -080.67810960   4 
115  37.13692365 -080.67790628 
120 Default hold RWY 06 (far)
111  37.14196322 -080.66981788   4 
115  37.14208990 -080.66961456 
18   37.13848100 -080.67959741 1 BCN
19   37.13234992 -080.68776132 1 WS
19   37.14234195 -080.66920560 1 WS
50 12737 AWOS 3
51 12270 CTAF/UNICOM
52 12170 CLNC DEL
55 12600 ROANOKE APP/DEP
1     1590 0 1 WV10 Peterstown
100   18.29   3   0 0.25 0 0 0 18   37.40396017 -080.80766010    0.00    0.00 1  0 0 0 36   37.39850427 -080.80693824    0.00    0.00 1  0 0 0
19   37.40414966 -080.80737269 1 WS
19   37.39831479 -080.80722564 1 WS
1     3446 0 1 9W4  Rainelle
100   22.86   3   0 0.25 0 0 0 17   37.95307920 -080.71805840    0.00    0.00 1  0 0 0 35   37.94437802 -080.71489438    0.00    0.00 1  0 0 0
19   37.95336163 -080.71775580 1 WS
19   37.94409559 -080.71519695 1 WS
1     1020 0 1 6VA4 Trussmark
100   18.29   3   0 0.25 0 0 0 12   37.28563763 -080.07196714    0.00    0.00 1  0 0 0 30   37.28407569 -080.06755786    0.00    0.00 1  0 0 0
19   37.28593010 -080.07202991 1 WS
19   37.28378323 -080.06749510 1 WS
1     2132 0 0 KBCB Virginia Tech Montgomery Executive
100   29.87   1   0 0.00 0 2 1 12   37.21048947 -080.41474583   49.07    0.00 2 11 0 0 30   37.20478292 -080.40085256   57.00   42.98 2  0 0 1
110   1 0.00  72.00 Twy
111  37.20535702 -080.41477600 
111  37.20667302 -080.40994319 
111  37.20629236 -080.40829727 
111  37.20580589 -080.40797997 
111  37.20611822 -080.40707212 
112  37.20708901 -080.40761100  37.20713604 -080.40763314 
111  37.20708901 -080.40761100 
112  37.20708901 -080.40761100  37.20724186 -080.40767005   1 102 
111  37.20731390 -080.40752252 
111  37.20783720 -080.40552996 
111  37.20818970 -080.40568960 
113  37.20576417 -080.41494359 
110   1 0.00  27.00 Turn loop, Rwy 30
111  37.20472244 -080.40034319   1 102 
111  37.20512502 -080.40008035   1 102 
112  37.20540198 -080.40027343  37.20549158 -080.40048175 
111  37.20540198 -080.40027343 
112  37.20540198 -080.40027343  37.20549822 -080.40049008   1 102 
111  37.20544183 -080.40078039   1 102 
111  37.20524579 -080.40161591 
111  37.20501379 -080.40104707   1 102 
112  37.20525794 -080.40099064  37.20533759 -080.40077398 
111  37.20525794 -080.40099064 
112  37.20525794 -080.40099064  37.20526790 -080.40095314   1 102 
111  37.20534661 -080.40069021   1 102 
112  37.20529924 -080.40036116  37.20523951 -080.40025283 
111  37.20529924 -080.40036116 
112  37.20529924 -080.40036116  37.20523951 -080.40024450   1 102 
111  37.20514258 -080.40022989   1 102 
112  37.20488056 -080.40039916  37.20485070 -080.40042416 
111  37.20488056 -080.40039916 
112  37.20488056 -080.40039916  37.20481087 -080.40044916   1 102 
113  37.20481413 -080.40056478 
110   2 0.00  90.00 Hokie taxi 1
111  37.21037022 -080.41482036   1 102 
111  37.20974577 -080.41527023   1 102 
111  37.20955571 -080.41526171   1 102 
111  37.20943353 -080.41498047   1 102 
111  37.20948784 -080.41476741   1 102 
111  37.20846966 -080.41218514   1 102 
111  37.20840178 -080.41190390   1 102 
111  37.20828639 -080.41140108   1 102 
111  37.20808275 -080.41079600   1 102 
111  37.20747184 -080.40932163   1 102 
111  37.20737002 -080.40927050   1 102 
111  37.20728857 -080.40930459   1 102 
111  37.20721292 -080.40940021 
111  37.20739730 -080.40869687   1 102 
111  37.20744469 -080.40890403   1 102 
111  37.20815063 -080.41066816   1 102 
111  37.20827960 -080.41069373   1 102 
111  37.20850210 -080.41056252   1 102 
111  37.20855790 -080.41047215   1 102 
111  37.20856469 -080.41042101 
111  37.20867662 -080.41069094   1 102 
111  37.20859380 -080.41068521   1 102 
111  37.20851717 -080.41071077   1 102 
111  37.20835426 -080.41081304   1 102 
111  37.20829403 -080.41093252   1 102 
111  37.20829736 -080.41106871   1 102 
111  37.20838820 -080.41134995   1 102 
111  37.20844929 -080.41170789   1 102 
111  37.20855111 -080.41212548   1 102 
111  37.20906020 -080.41341236   1 102 
111  37.20919596 -080.41348906   1 102 
111  37.20931135 -080.41345497   1 102 
111  37.20960682 -080.41320520   1 102 
111  37.20965284 -080.41306884 
111  37.20979773 -080.41342104   1 102 
111  37.20970812 -080.41339441   1 102 
111  37.20963038 -080.41339532   1 102 
111  37.20950141 -080.41347202   1 102 
111  37.20935208 -080.41359133   1 102 
111  37.20922311 -080.41367655   1 102 
111  37.20920275 -080.41381291   1 102 
111  37.20932493 -080.41411119   1 102 
111  37.20965753 -080.41490377   1 102 
111  37.20977971 -080.41502309   1 102 
111  37.20991547 -080.41499752   1 102 
111  37.21018020 -080.41482707   1 102 
111  37.21024808 -080.41476741   1 102 
113  37.21029108 -080.41463011 
110   2 0.00  90.00 Hokie taxi 2
111  37.20989259 -080.41293517   1 102 
111  37.20992923 -080.41294503   1 102 
111  37.20999651 -080.41294442   1 102 
111  37.21005223 -080.41291874   1 102 
111  37.21017523 -080.41285631   1 102 
111  37.21025374 -080.41279388   1 102 
111  37.21030985 -080.41272972   1 102 
111  37.21032963 -080.41266244   1 102 
111  37.21029300 -080.41250801   1 102 
111  37.21020140 -080.41237000   1 102 
111  37.20995278 -080.41224842   1 102 
111  37.20984025 -080.41221556   1 102 
111  37.20974866 -080.41222871   1 102 
111  37.20969893 -080.41227799   1 102 
111  37.20967538 -080.41234043   1 102 
111  37.20967015 -080.41238971 
111  37.20943943 -080.41182783   1 102 
111  37.20946079 -080.41185412   1 102 
111  37.20951313 -080.41190669   1 102 
111  37.20960115 -080.41196998   1 102 
111  37.20968847 -080.41200527   1 102 
111  37.20983240 -080.41204141   1 102 
111  37.20999727 -080.41209727   1 102 
111  37.21019878 -080.41217942   1 102 
111  37.21029561 -080.41224185   1 102 
111  37.21035580 -080.41231085   1 102 
111  37.21043955 -080.41248829   1 102 
111  37.21047619 -080.41256387   1 102 
111  37.21053376 -080.41259344   1 102 
111  37.21061489 -080.41256058   1 102 
111  37.21078238 -080.41244557   1 102 
111  37.21085042 -080.41240614   1 102 
111  37.21087921 -080.41235357   1 102 
112  37.21086089 -080.41229442  37.21085565 -080.41228128   1 102 
112  37.21082948 -080.41217613  37.21082948 -080.41216627   1 102 
111  37.21082687 -080.41209727   1 102 
111  37.21084780 -080.41202169   1 102 
111  37.21090799 -080.41195926   1 102 
111  37.21151776 -080.41157481   1 102 
111  37.21162767 -080.41182782   1 102 
111  37.21157010 -080.41189025   1 102 
111  37.21158318 -080.41193954   1 102 
111  37.21158318 -080.41198883   1 102 
111  37.21157795 -080.41202498   1 102 
111  37.21153869 -080.41207427   1 102 
111  37.21050807 -080.41274788   1 102 
111  37.21047000 -080.41280463   1 102 
111  37.21042004 -080.41286139   1 102 
112  37.21008459 -080.41310335  37.21008221 -080.41310634   1 102 
111  37.21005128 -080.41318102   1 102 
113  37.21003052 -080.41326384 
110   2 0.00  90.00 Hokie taxi 3
111  37.20455839 -080.40066686   1 102 
111  37.20450904 -080.40064821   1 102 
111  37.20447015 -080.40064798   1 102 
111  37.20430903 -080.40075025   1 102 
112  37.20418102 -080.40090663  37.20416359 -080.40094924   1 102 
111  37.20417423 -080.40106048   1 102 
111  37.20563616 -080.40454354   1 102 
112  37.20572146 -080.40460276  37.20575587 -080.40460973   1 102 
111  37.20582166 -080.40458433   1 102 
112  37.20595793 -080.40450747  37.20596681 -080.40449771   1 102 
112  37.20602320 -080.40443479  37.20603874 -080.40440692   1 102 
111  37.20606751 -080.40434153 
111  37.20618069 -080.40462104   1 102 
112  37.20611281 -080.40457843  37.20609727 -080.40457564   1 102 
111  37.20605616 -080.40458401   1 102 
112  37.20583451 -080.40473183  37.20582008 -080.40474887   1 102 
111  37.20578699 -080.40480000   1 102 
112  37.20577897 -080.40491325  37.20578452 -080.40496202   1 102 
111  37.20686135 -080.40748887 
111  37.20668414 -080.40739120   1 102 
111  37.20409627 -080.40118716   1 102 
112  37.20405627 -080.40098885  37.20405902 -080.40094740   1 102 
112  37.20410507 -080.40078709  37.20412617 -080.40075600   1 102 
111  37.20427211 -080.40063246   1 102 
113  37.20449033 -080.40049804 
14   37.20610115 -080.40761859   15 0 Tower Viewpoint
15   37.20645181 -080.40873938 287.25 Ramp
18   37.20812900 -080.40752700 1 Light beacon
19   37.20981200 -080.41452800 1 Windsock
19   37.20516060 -080.40063710 1 Windsock
50 13332 AWOS 3
51 12305 CTAF/UNICOM
52 12485 ROANOKE CLNC DEL
55 12690 ROANOKE APP/DEP
17    1840 0 1 55VA [H] Giles Memorial Hospital
102 H1   37.32234444 -080.72312584   0.00    9.14    9.14   2 2   0 0.25 0
19   37.32246787 -080.72297062 1 WS
17    1070 0 1 1VA2 [H] Lewis Gale Clinic Inc
102 H1   37.26263583 -080.03142778   0.00   12.19   12.19   1 2   0 0.25 1
18   37.26263583 -080.03191029 3 BCN
19   37.26280041 -080.03122099 1 WS
17    2320 0 1 WV31 [H] Pratt Mining
102 H1   37.83373194 -080.43674167   0.00   36.58   18.29   1 2   0 0.25 0
19   37.83406110 -080.43642910 1 WS
17    1710 0 1 28VA [H] Radford Aap
102 H1   37.18484888 -080.52561112   0.00   91.44   91.44   3 1   0 0.25 0
19   37.18608322 -080.52406176 1 WS
17    1250 0 1 43VA [H] State Police Division Six
102 H1   37.27763361 -080.12837473   0.00   24.38   24.38   3 1   0 0.25 0
19   37.27796277 -080.12796106 1 WS