1      655 0 1 0D4  Camp Vernon
100   15.24   3   0 0.25 0 0 0 02   42.35219705 -079.54998081    0.00    0.00 1  0 0 0 20   42.36014017 -079.54789143    0.00    0.00 1  0 0 0
19   42.35210167 -079.55028948 1 WS
19   42.36023554 -079.54758272 1 WS
1      693 0 1 KDKK CHAUTAUQUA CO DUNKIRK
100   30.48   1   0 0.25 0 2 0 06   42.49007500 -079.27731400    0.00    0.00 2  0 0 0 24   42.49888600 -079.26306900    0.00    0.00 2  0 0 1
100   30.48   1   0 0.25 0 2 0 15   42.49757800 -079.27704700    0.00    0.00 2  0 0 0 33   42.48930000 -079.26728100    0.00    0.00 2  0 0 0
21   42.49148859 -079.27573626  2  50.00   3.00 06  PAPI-4L
21   42.49644008 -079.27510182  2 138.98   3.00 15  PAPI-4L
21   42.49747261 -079.26464730  2 230.01   3.00 24  PAPI-4L
21   42.49043808 -079.26922576  2 318.98   3.00 33  PAPI-4L
110   1 0.30 138.98 Default taxiway for RWY 15
111  42.49748946 -079.27718503   3 102 
111  42.49703788 -079.27788902   3 102 
111  42.48876029 -079.26812162   3 102 
111  42.48921187 -079.26741773 
112  42.48941882 -079.26766191  42.48931387 -079.26754212   3 102 
111  42.48920585 -079.26771050   3 102 
112  42.48906181 -079.26793501  42.48895379 -079.26810339   3 102 
111  42.48905726 -079.26822548   3 102 
111  42.49293737 -079.27280395   3 102 
111  42.49329893 -079.27224034 
111  42.49340240 -079.27236243   3 102 
111  42.49304084 -079.27292604   3 102 
112  42.49692096 -079.27750449  42.49702443 -079.27762659   3 102 
111  42.49713245 -079.27745819   3 102 
112  42.49727649 -079.27723365  42.49738451 -079.27706525   3 102 
113  42.49728252 -079.27694084 
110   1 0.30  50.00 Default taxiway for RWY 06
111  42.48997166 -079.27719642   3 102 
111  42.48944460 -079.27659673   3 102 
111  42.49825648 -079.26235364   3 102 
111  42.49878354 -079.26295341 
112  42.49860724 -079.26323837  42.49869366 -079.26309393   3 102 
111  42.49856758 -079.26295045   3 102 
112  42.49839948 -079.26275915  42.49827340 -079.26261568   3 102 
111  42.49818525 -079.26275816   3 102 
111  42.49399969 -079.26952349   3 102 
111  42.49442168 -079.27000367 
111  42.49433352 -079.27014616   3 102 
111  42.49391153 -079.26966598   3 102 
112  42.48972597 -079.27643130  42.48963782 -079.27657379   3 102 
111  42.48976390 -079.27671725   3 102 
112  42.48993200 -079.27690852  42.49005808 -079.27705197   3 102 
113  42.49014796 -079.27691145 
120 Default hold RWY 15 (near)
111  42.49730794 -079.27746801   4 
115  42.49720447 -079.27734592 
120 Default hold RWY 06 (near)
111  42.48975980 -079.27695536   4 
115  42.48984795 -079.27681288 
120 Default hold RWY 15 (centre)
111  42.49322088 -079.27264538   4 
115  42.49311741 -079.27252329 
120 Default hold RWY 06 (centre)
111  42.49412166 -079.26990509   4 
115  42.49420982 -079.26976260 
120 Default hold RWY 15 (far)
111  42.48913383 -079.26782276   4 
115  42.48903035 -079.26770067 
120 Default hold RWY 06 (far)
111  42.49848353 -079.26285480   4 
115  42.49857168 -079.26271232 
18   42.49407136 -079.27118344 1 BCN
19   42.49021390 -079.27795761 1 WS
19   42.49805500 -079.27687018 1 WS
19   42.49874703 -079.26242533 1 WS
19   42.48882302 -079.26745788 1 WS
50 11927 ASOS
51 12307 CTAF/UNICOM
55 12650 BUFFALO APP/DEP
1     1723 0 0 KJHW CHAUTAUQUA CO JAMESTOWN
100   29.87   1   0 0.00 0 3 0 07   42.14814461 -079.26813573    0.00    0.00 2  0 0 0 25   42.15566139 -079.25135528    0.00    0.00 3  8 0 0
100   29.87   1   0 0.00 0 2 0 13   42.15814344 -079.26327409    0.00    0.00 2  0 0 0 31   42.15215356 -079.24871560    0.00    0.00 2  0 0 1
21   42.14934769 -079.26625436  1  58.85   3.00 07  VASI
110   1 0.00   0.00 New Taxiway 4
111  42.15787176 -079.25769692   3 102 
111  42.15742520 -079.25769071   3 102 
111  42.15723185 -079.25754788   3 102 
111  42.15609934 -079.25755409   3 102 
111  42.15599805 -079.25774039 
111  42.15576326 -079.25716286   3 102 
112  42.15585074 -079.25722496  42.15591979 -079.25725601   3 102 
111  42.15609934 -079.25722496   3 102 
111  42.15759554 -079.25720633 
113  42.15788097 -079.25721254   3 102 
110   1 0.00   0.00 New Taxiway 1
111  42.15484664 -079.25494731   3 102 
112  42.15496634 -079.25497836  42.15502158 -079.25499078   3 102 
111  42.15532082 -079.25474239   3 102 
111  42.15535765 -079.25462440   3 102 
111  42.15536226 -079.25412140   3 102 
111  42.15535765 -079.25366187   3 102 
111  42.15490649 -079.25332032 
111  42.15509524 -079.25288563   3 102 
111  42.15515509 -079.25306572   3 102 
111  42.15566150 -079.25347557   3 102 
111  42.15585025 -079.25362461   3 102 
111  42.15585025 -079.25376744  21 106 
111  42.15585025 -079.25402826   3 102 
111  42.15584104 -079.25479207   3 102 
111  42.15552799 -079.25500320   3 102 
112  42.15513207 -079.25530749  42.15509984 -079.25534475   3 102 
113  42.15507683 -079.25551241 
110   1 0.00   0.00 New Taxiway 17
111  42.15459210 -079.25631190   3 102 
112  42.15480978 -079.25582729  42.15482332 -079.25575880   3 102 
111  42.15484024 -079.25557159 
111  42.15518891 -079.25642089   3 102 
112  42.15503319 -079.25636610  42.15498919 -079.25636610   3 102 
112  42.15489102 -079.25637066  42.15481316 -079.25638893   3 102 
113  42.15477490 -079.25646714 
110   1 0.00   0.00 New Taxiway 18
111  42.15221239 -079.24920858   3 102 
112  42.15209762 -079.24916255  42.15206040 -079.24914163   3 102 
111  42.15200146 -079.24912908   3 102 
111  42.15191461 -079.24891151   3 102 
111  42.15203558 -079.24881946 
113  42.15215356 -079.24871560 
110   1 0.00   0.00 New Taxiway 14
111  42.15288785 -079.26012102   3 102 
112  42.15283114 -079.26002347  42.15281088 -079.26000513   3 102 
111  42.15275739 -079.25996747   3 102 
111  42.15223192 -079.25953484   3 102 
111  42.15210329 -079.25960333 
111  42.15227593 -079.25921978   3 102 
111  42.15230978 -079.25939786   3 102 
111  42.15282057 -079.25983137   3 102 
111  42.15286493 -079.25986359   3 102 
112  42.15294279 -079.25987729  42.15298003 -079.25987229   3 102 
113  42.15302142 -079.25982319 
110   1 0.00   0.00 New Taxiway 13
111  42.15288785 -079.26012102 
111  42.15302142 -079.25982319   3 102 
111  42.15447024 -079.25657216   3 102 
111  42.15459210 -079.25631190 
111  42.15477490 -079.25646714   3 102 
111  42.15466319 -079.25672284   3 102 
113  42.15307403 -079.26027170 
110   1 0.00   0.00 New Taxiway 12
111  42.15197180 -079.26273561 
111  42.15178614 -079.26258945   3 102 
111  42.15288785 -079.26012102 
113  42.15307403 -079.26027170   3 102 
110   1 0.00   0.00 New Taxiway 11
111  42.15133801 -079.26410729 
111  42.15115521 -079.26396118   3 102 
111  42.15178614 -079.26258945 
111  42.15197180 -079.26273561 
113  42.15173146 -079.26325156   3 102 
110   1 0.00   0.00 New Taxiway 10
111  42.15174760 -079.26447005   3 102 
111  42.15214105 -079.26356205   3 102 
112  42.15214444 -079.26345246  42.15213090 -079.26337028   3 102 
111  42.15210720 -079.26335658   3 102 
111  42.15184993 -079.26319220   3 102 
111  42.15173146 -079.26325156 
111  42.15197180 -079.26273561   3 102 
111  42.15208689 -079.26292030   3 102 
111  42.15241186 -079.26319882   3 102 
111  42.15277745 -079.26349088 
111  42.15289593 -079.26331281   3 102 
111  42.15307533 -079.26345435 
111  42.15283161 -079.26399770   3 102 
111  42.15272329 -079.26403423   3 102 
111  42.15235770 -079.26484240   3 102 
113  42.15238062 -079.26495844 
110   1 0.00   0.00 New Taxiway 9
111  42.15099403 -079.26430568   3 102 
111  42.15086879 -079.26417783   3 102 
112  42.15032978 -079.26377649  42.15031285 -079.26376735   3 102 
111  42.15021807 -079.26381758 
111  42.15042795 -079.26332447   3 102 
112  42.15044149 -079.26351167  42.15046857 -079.26356189   3 102 
111  42.15098649 -079.26397738   3 102 
112  42.15104742 -079.26400478  42.15107059 -079.26401140   3 102 
113  42.15115521 -079.26396118 
110   1 0.00   0.00 New Taxiway 7
111  42.15102580 -079.26586234   3 102 
112  42.15111798 -079.26580329  42.15113490 -079.26578046   3 102 
111  42.15150726 -079.26493577 
111  42.15174760 -079.26447005 
111  42.15238062 -079.26495844   3 102 
111  42.15218090 -079.26539677   3 102 
111  42.15215381 -079.26559767   3 102 
111  42.15199133 -079.26594468   3 102 
111  42.15203195 -079.26598121 
111  42.15173068 -079.26665239  21 106 
111  42.15163590 -079.26654738   3 102 
111  42.15154788 -079.26647432   3 102 
113  42.15095810 -079.26601302 
110   1 0.00   0.00 New Taxiway 8
111  42.15099403 -079.26430568 
111  42.15099403 -079.26430568 
111  42.15115521 -079.26396118 
111  42.15133801 -079.26410729   3 102 
111  42.15136509 -079.26427166   3 102 
111  42.15157158 -079.26444516   3 102 
112  42.15165282 -079.26448626  42.15169683 -079.26449539   3 102 
111  42.15174760 -079.26447005 
111  42.15150726 -079.26493577   3 102 
112  42.15149711 -079.26476021  42.15144972 -079.26471455   3 102 
111  42.15136170 -079.26463693   3 102 
113  42.15122760 -079.26453618 
110   1 0.00   0.00 New Taxiway 6
111  42.15062636 -079.26529161   3 102 
111  42.15100757 -079.26446092   3 102 
111  42.15101773 -079.26438786   3 102 
111  42.15099403 -079.26430568 
111  42.15122760 -079.26453618   3 102 
111  42.15110574 -079.26455444   3 102 
113  42.15072453 -079.26538749 
110   1 0.00   0.00 New Taxiway 4
111  42.14920282 -079.26864027 
111  42.14913851 -079.26858548   3 102 
111  42.15039723 -079.26579581 
113  42.15046832 -079.26585973   3 102 
110   1 0.00   0.00 New Taxiway 5
111  42.15039723 -079.26579581   3 102 
111  42.15062636 -079.26529161 
111  42.15072453 -079.26538749   3 102 
112  42.15070761 -079.26553360  42.15071438 -079.26561122   3 102 
111  42.15079223 -079.26568884   3 102 
111  42.15102580 -079.26586234 
111  42.15095810 -079.26601302   3 102 
111  42.15072792 -079.26582582   3 102 
112  42.15058913 -079.26578472  42.15053158 -079.26580299   3 102 
113  42.15046832 -079.26585973 
110   1 0.00   0.00 New Taxiway 3
111  42.14898262 -079.26863002   3 102 
112  42.14906742 -079.26864484  42.14910144 -079.26863683   3 102 
111  42.14913851 -079.26858548 
111  42.14920282 -079.26864027   3 102 
112  42.14911143 -079.26881377  42.14908773 -079.26884116   3 102 
113  42.14899096 -079.26879497 
110   1 0.00   0.00 New Taxiway 1
111  42.14825856 -079.26820296 
111  42.14814461 -079.26813573 
112  42.14836072 -079.26797409  42.14832904 -079.26804550   3 102 
111  42.14839692 -079.26816350   3 102 
111  42.14890138 -079.26856610   3 102 
111  42.14898262 -079.26863002 
111  42.14899096 -079.26879497   3 102 
113  42.14885555 -079.26868083   3 102 
120 Linear Feature 3
111  42.15566150 -079.25347557  54 103 
115  42.15536226 -079.25412140 
120 Linear Feature 5
111  42.15609934 -079.25722496  54 103 
115  42.15609934 -079.25755409 
120 Linear Feature 2
111  42.15535765 -079.25462440  54 103 
115  42.15552799 -079.25500320 
120 Linear Feature 19
111  42.15282057 -079.25983137  54 103 
115  42.15275739 -079.25996747 
120 Linear Feature 16
111  42.15466319 -079.25672284  54 103 
115  42.15447024 -079.25657216 
120 Linear Feature 2
111  42.14890138 -079.26856610  54 103 
115  42.14885555 -079.26868083 
14   42.15613140 -079.25429279   82 0 New Tower Viewpoint 1
15   42.15191555 -079.26434171 328.87 B190 Parking
15   42.15166506 -079.26557732 333.02 Jamestown Aviation
18   42.15598909 -079.25536708 1 BCN
19   42.14836325 -079.26872068 1 WS
19   42.15862886 -079.26331027 1 WS
19   42.15544267 -079.25077131 1 WS
19   42.15166814 -079.24867886 1 WS
50 11842 AWOS 3
51 12270 CTAF/UNICOM
55 12605 ERIE APP/DEP
1     1655 0 1 65NY Chautauqua Lake Airpark
100   22.86   3   0 0.25 0 0 0 32   42.28185069 -079.44003588    0.00    0.00 1  0 0 0 14   42.28604263 -079.44783468    0.00    0.00 1  0 0 0
19   42.28148123 -079.44005502 1 WS
19   42.28641209 -079.44781559 1 WS
1     1330 0 1 D79  Dart
100   18.29   3   0 0.25 0 0 0 13   42.27005585 -079.48608208    0.00    0.00 1  0 0 0 31   42.26617081 -079.47734460    0.00    0.00 1  0 0 0
100   24.38   3   0 0.25 0 0 0 06   42.26652521 -079.48436354    0.00    0.00 1  0 0 0 24   42.26970145 -079.47906314    0.00    0.00 1  0 0 0
19   42.26664291 -079.48487391 1 WS
19   42.27035222 -079.48610092 1 WS
19   42.26587444 -079.47732581 1 WS
19   42.26958373 -079.47855276 1 WS
1      600 0 0 CDU9 Dunnville
100   18.29   1   1 0.00 0 2 0 09   42.86960470 -079.58949442    0.00    0.00 1  1 0 1 27   42.86959130 -079.60259358    0.00    0.00 1  1 0 1
100    9.14   3   0 0.00 0 2 0 05   42.87544857 -079.59639671    0.00    0.00 1  1 0 1 23   42.87001343 -079.60269729    0.00    0.00 1  1 0 1
21   42.87393959 -079.59776635  1 220.35   3.00 05  VASI
21   42.86934905 -079.59194974  1 269.92   3.00 09  VASI
21   42.87152249 -079.60132794  1  40.35   3.00 23  VASI
21   42.86984723 -079.60013831  1  89.92   3.00 27  VASI
10   42.87351400 -079.59144000 xxx 141.05   893 0.0 0.0    76 101101  2 0 0 0.00 0
10   42.87377600 -079.59039600 xxx 318.31   694 0.0 0.0    68 101101  2 0 0 0.00 0
10   42.87345300 -079.59191700 xxx 141.38  1021 0.0 0.0   161 101101  2 0 0 0.00 0
10   42.87086000 -079.59090700 xxx   7.89   297 0.0 0.0    36 101101  4 0 0 0.00 0
10   42.87282200 -079.59262600 xxx 140.76  1523 0.0 0.0    50 101101  4 0 0 0.00 0
10   42.87375600 -079.59099500 xxx 320.82   910 0.0 0.0   235 101101  2 0 0 0.00 0
10   42.87275800 -079.58944100 xxx   0.71   350 0.0 0.0    90 101101  2 0 0 0.00 0
10   42.87221100 -079.58971700 xxx  48.90   206 0.0 0.0   121 101101  2 0 0 0.00 0
10   42.87208000 -079.59041200 xxx 139.41   293 0.0 0.0   162 101101  2 0 0 0.00 0
10   42.87445000 -079.59427900 xxx  89.42   670 0.0 0.0    75 101101  4 0 0 0.00 0
10   42.87155300 -079.59442100 xxx 320.52  1831 0.0 0.0    68 101101  4 0 0 0.00 0
10   42.87256400 -079.59771500 xxx  40.51  1744 0.0 0.0    63 101101  4 0 0 0.00 0
10   42.87072200 -079.59665600 xxx  90.44  2777 0.0 0.0    44 101101  4 0 0 0.00 0
10   42.86987000 -079.59053400 xxx  20.86   187 0.0 0.0    56 101101  4 0 0 0.00 0
10   42.87093000 -079.59038900 xxx 181.76   621 0.0 0.0    58 101101  4 0 0 0.00 0
10   42.87262100 -079.59351900 xxx 320.60  2553 0.0 0.0    76 101101  4 0 0 0.00 0
10   42.86988500 -079.60248100 xxx 164.00   188 0.0 0.0    37 101101  3 0 0 0.00 0
18   42.86902234 -079.59604296 1 BCN
19   42.87438700 -079.59670300 1 Windsock
19   42.87043300 -079.58962200 1 Windsock
19   42.87011200 -079.60186100 1 Windsock
51 12320 CATF
1     1450 0 1 3G1  ERIE CO
100   18.29   1   0 0.25 0 0 0 10   42.04457200 -079.85934700    0.00    0.00 2  0 0 0 28   42.04442800 -079.84852800    0.00    0.00 2  0 0 0
110   1 0.30  91.02 Default taxiway for RWY 10
111  42.04449197 -079.85934892   3 
111  42.04407834 -079.85935887   3 
111  42.04393485 -079.84853985   3 
111  42.04434848 -079.84852990 
112  42.04435142 -079.84875148  42.04434770 -079.84864075   3 
111  42.04424897 -079.84864312   3 
112  42.04411733 -079.84864629  42.04401860 -079.84864866   3 
111  42.04402007 -079.84875945   3 
111  42.04408814 -079.85389198   3 
111  42.04441949 -079.85388401 
111  42.04442096 -079.85399480   3 
111  42.04408961 -079.85400277   3 
112  42.04415768 -079.85913531  42.04415915 -079.85924610   3 
111  42.04425788 -079.85924373   3 
112  42.04438952 -079.85924056  42.04448825 -079.85923819   3 
113  42.04448903 -079.85912734 
120 Default hold RWY 10 (near)
111  42.04432517 -079.85935294   4 
115  42.04432370 -079.85924215 
120 Default hold RWY 10 (centre)
111  42.04425416 -079.85399882   4 
115  42.04425269 -079.85388803 
120 Default hold RWY 10 (far)
111  42.04418315 -079.84864471   4 
115  42.04418168 -079.84853392 
19   42.04482177 -079.85956264 1 WS
19   42.04417821 -079.84831240 1 WS
51 12290 CTAF
1     1350 0 1 NY89 Fairbank Farms
100   15.24   1   0 0.25 0 1 0 15   42.08304103 -079.39469415    0.00    0.00 2  0 0 0 33   42.07707229 -079.38818197    0.00    0.00 2  0 0 0
101   15.24 0 09   42.07969193 -079.39454073 27   42.08042139 -079.38833539
110   1 0.30 141.00 Default taxiway for RWY 15
111  42.08299929 -079.39476360   3 102 
111  42.08278209 -079.39512497   3 102 
111  42.07681353 -079.38861214   3 102 
111  42.07703073 -079.38825080 
112  42.07713732 -079.38836710  42.07708260 -079.38831131   3 102 
111  42.07703081 -079.38839746   3 102 
112  42.07696176 -079.38851234  42.07690997 -079.38859849   3 102 
111  42.07696327 -079.38865664   3 102 
111  42.07981432 -079.39176768   3 102 
111  42.07998837 -079.39147812 
111  42.08004166 -079.39153627   3 102 
111  42.07986761 -079.39182583   3 102 
112  42.08271866 -079.39493687  42.08277195 -079.39499502   3 102 
111  42.08282374 -079.39490885   3 102 
112  42.08289279 -079.39479397  42.08294458 -079.39470780   3 102 
113  42.08289271 -079.39464730 
120 Default hold RWY 15 (near)
111  42.08291156 -079.39490956   4 
115  42.08285827 -079.39485141 
120 Default hold RWY 15 (centre)
111  42.07995393 -079.39168223   4 
115  42.07990064 -079.39162408 
120 Default hold RWY 15 (far)
111  42.07699629 -079.38845490   4 
115  42.07694300 -079.38839675 
18   42.08035875 -079.39093529 1 BCN
19   42.07987366 -079.39476661 1 WS
19   42.08327708 -079.39459504 1 WS
19   42.08023965 -079.38810953 1 WS
19   42.07683624 -079.38828109 1 WS
1     1480 0 1 3NK4 Laska
100   15.24   3   0 0.25 0 0 0 14   42.02963539 -079.19700134    0.00    0.00 1  0 0 0 32   42.02603627 -079.19142756    0.00    0.00 1  0 0 0
19   42.02988063 -079.19695900 1 WS
19   42.02579103 -079.19146992 1 WS
1      805 0 1 PA08 Moorhead Airpark
100   60.96   3   0 0.25 0 0 0 08   42.18334038 -079.90122014    0.00    0.00 1  0 0 0 26   42.18510684 -079.89388320    0.00    0.00 1  0 0 0
19   42.18395344 -079.90226745 1 WS
19   42.18449371 -079.89283593 1 WS
1     1640 0 1 D88  Pratts Eastern Divide
100   22.86   3   0 0.25 0 0 0 08   42.14889544 -079.69042880    0.00    0.00 1  0 0 0 26   42.15121732 -079.68133344    0.00    0.00 1  0 0 0
19   42.14911892 -079.69082609 1 WS
19   42.15099381 -079.68093617 1 WS
1     1665 0 1 D85  Randolph
100   18.29   3   0 0.25 0 0 0 09   42.15367313 -079.02114400    0.00    0.00 1  0 0 0 27   42.15478019 -079.01171546    0.00    0.00 1  0 0 0
19   42.15389121 -079.02141537 1 WS
19   42.15456210 -079.01144412 1 WS
1     1645 0 1 55NY Ridgeview
100   45.72   3   0 0.25 0 0 0 09   42.08160475 -079.31564766    0.00    0.00 1  0 0 0 27   42.08239857 -079.30889458    0.00    0.00 1  0 0 0
19   42.08214994 -079.31632531 1 WS
19   42.08185334 -079.30821698 1 WS
1     1300 0 1 D89  South Dayton
100   18.29   3   0 0.25 0 2 0 18   42.37614975 -079.01060927    0.00    0.00 1  0 0 0 36   42.36563801 -079.00835575    0.00    0.00 1  0 0 0
100   18.29   3   0 0.25 0 2 0 09   42.37009061 -079.01634723    0.00    0.00 1  0 0 0 27   42.37169715 -079.00261779    0.00    0.00 1  0 0 0
18   42.37098399 -079.00871234 1 BCN
19   42.37030868 -079.01661955 1 WS
19   42.37635092 -079.01031406 1 WS
19   42.36543684 -079.00865092 1 WS
19   42.37147905 -079.00234551 1 WS
1     1300 0 1 2PN0 Strawberry Acres
100   48.77   3   0 0.25 0 0 0 36   42.01261565 -079.81731480    0.00    0.00 1  0 0 0 18   42.01804823 -079.81834244    0.00    0.00 1  0 0 0
19   42.01208942 -079.81811000 1 WS
19   42.01857446 -079.81754718 1 WS
1     1740 0 1 90NY Twin Ponds
100   30.48   3   0 0.25 0 0 0 16   42.16888277 -079.55138475    0.00    0.00 1  0 0 0 34   42.16456445 -079.54815525    0.00    0.00 1  0 0 0
19   42.16932215 -079.55107865 1 WS
19   42.16412507 -079.54846135 1 WS
1      586 0 1 CNQ3 WELLAND NIAGARA CENTRAL
100   30.48   1   0 0.25 0 2 0 05   42.97527800 -079.32833100    0.00    0.00 2  0 0 0 23   42.98277800 -079.31972500    0.00    0.00 2  0 0 0
100   15.24   1   0 0.25 0 0 0 16   42.97972200 -079.32389200    0.00    0.00 2  0 0 0 34   42.97444400 -079.31778100    0.00    0.00 2  0 0 0
21   42.97687202 -079.32710025  2  40.01   3.00 05  PAPI-4L
21   42.98118407 -079.32095614  2 220.02   3.00 23  PAPI-4L
110   1 0.30  40.01 Default taxiway for RWY 05
111  42.97519127 -079.32818978   3 102 
111  42.97474894 -079.32746955   3 102 
111  42.98224926 -079.31886449   3 102 
111  42.98269159 -079.31958481 
112  42.98248150 -079.31982584  42.98258510 -079.31970298   3 102 
111  42.98247929 -079.31953067   3 102 
112  42.98233821 -079.31930092  42.98223240 -079.31912861   3 102 
111  42.98212735 -079.31924912   3 102 
111  42.97863980 -079.32325035   3 102 
111  42.97899395 -079.32382704 
111  42.97888891 -079.32394755   3 102 
111  42.97853476 -079.32337086   3 102 
112  42.97504721 -079.32737208  42.97494217 -079.32749260   3 102 
111  42.97504798 -079.32766489   3 102 
112  42.97518906 -079.32789461  42.97529487 -079.32806690   3 102 
113  42.97540136 -079.32794874 
110   1 0.30 139.73 Default taxiway for RWY 16
111  42.97967913 -079.32396117   3 
111  42.97945605 -079.32432111   3 
111  42.97417821 -079.31820956   3 
111  42.97440129 -079.31784965 
112  42.97450594 -079.31797082  42.97445216 -079.31791257   3 
111  42.97439897 -079.31799839   3 
112  42.97432805 -079.31811281  42.97427486 -079.31819862   3 
111  42.97432718 -079.31825921   3 
111  42.97683529 -079.32116352   3 
111  42.97701405 -079.32087511 
111  42.97706637 -079.32093570   3 
111  42.97688761 -079.32122411   3 
112  42.97939572 -079.32412841  42.97944805 -079.32418900   3 
111  42.97950124 -079.32410318   3 
112  42.97957216 -079.32398875  42.97962535 -079.32390293   3 
113  42.97957448 -079.32383999 
120 Default hold RWY 05 (near)
111  42.97501347 -079.32790027   4 
115  42.97511852 -079.32777975 
120 Default hold RWY 16 (near)
111  42.97958902 -079.32410656   4 
115  42.97953670 -079.32404597 
120 Default hold RWY 05 (centre)
111  42.97871111 -079.32365803   4 
115  42.97881615 -079.32353752 
120 Default hold RWY 16 (centre)
111  42.97697626 -079.32108108   4 
115  42.97692394 -079.32102049 
120 Default hold RWY 05 (far)
111  42.98240875 -079.31941579   4 
115  42.98251379 -079.31929527 
120 Default hold RWY 16 (far)
111  42.97436351 -079.31805560   4 
115  42.97431118 -079.31799502 
19   42.97533244 -079.32900276 1 WS
19   42.97995963 -079.32379862 1 WS
19   42.98272352 -079.31905317 1 WS
19   42.97420638 -079.31787440 1 WS
51 12350 CTAF/UNICOM
55 13340 TORONTO TRML
55 12650 BUFFALO APP
17    1000 0 1 NK65 [H] H & H Aviation Service Inc.
102 H1   42.48339305 -079.07753778   0.00  152.40  152.40   3 1   0 0.25 0
19   42.48545029 -079.07474811 1 WS
17     678 0 1 NY99 [H] Lakeview Shock Incarceration Center
102 H1   42.40727972 -079.44060139   0.00   22.86   22.86   2 2   0 0.25 0
19   42.40758693 -079.44018532 1 WS
17    1650 0 1 5NY2 [H] Tennessee Gas Pipeline
102 H1   42.05477722 -079.69449417   0.00   12.19   12.19   2 2   0 0.25 0
19   42.05494180 -079.69427252 1 WS
17    1340 0 1 4NK0 [H] Wca Hospital
102 H1   42.09005777 -079.23060362   0.00   13.72   13.72   2 2   0 0.25 0
19   42.09024155 -079.23035597 1 WS
17     756 0 1 9NY2 [H] Westfield Memorial Hospital
102 H1   42.32950222 -079.57060251   0.00   18.29   18.29   1 2   0 0.25 0
19   42.32974909 -079.57026858 1 WS