1     5839 0 1 U78  ALLEN H TIGERT
100   15.24   1   0 0.25 0 1 0 16   42.64472200 -111.58055600   91.44    0.00 2  0 0 0 34   42.63527800 -111.57861100    0.00    0.00 2  0 0 0
100   15.24   1   0 0.25 0 0 0 13   42.64333300 -111.58138900    0.00    0.00 2  0 0 0 31   42.63750000 -111.57638900    0.00    0.00 2  0 0 0
21   42.64216474 -111.57969987  5 171.38   3.00 16  VASI-3L
21   42.63702167 -111.57929941  5 351.39   3.00 34  VASI-3L
110   1 0.30 171.38 Default taxiway for RWY 16
111  42.64471206 -111.58064515   3 102 
111  42.64466036 -111.58110905   3 102 
111  42.63521638 -111.57916366   3 102 
111  42.63526808 -111.57869984 
112  42.63540368 -111.57872778  42.63533555 -111.57871683   3 102 
111  42.63532322 -111.57882742   3 102 
112  42.63530678 -111.57897488  42.63529446 -111.57908547   3 102 
111  42.63536226 -111.57909944   3 102 
111  42.63991475 -111.58003721   3 102 
111  42.63995617 -111.57966551 
111  42.64002397 -111.57967948   3 102 
111  42.63998255 -111.58005118   3 102 
112  42.64453504 -111.58098894  42.64460284 -111.58100290   3 102 
111  42.64461516 -111.58089229   3 102 
112  42.64463160 -111.58074481  42.64464393 -111.58063420   3 102 
113  42.64457646 -111.58061722 
120 Default hold RWY 16 (near)
111  42.64469118 -111.58083252   4 
115  42.64462338 -111.58081855 
120 Default hold RWY 16 (centre)
111  42.64000309 -111.57986684   4 
115  42.63993529 -111.57985287 
120 Default hold RWY 16 (far)
111  42.63531500 -111.57890115   4 
115  42.63524720 -111.57888718 
18   42.64007227 -111.57893825 1 BCN
19   42.64355874 -111.58125189 1 WS
19   42.64488842 -111.58030741 1 WS
19   42.63511159 -111.57885956 1 WS
19   42.63727427 -111.57652612 1 WS
51 12280 CTAF/UNICOM
1     5435 0 1 U51  Bancroft Municipal
100    9.14   5   0 0.25 0 0 0 07   42.72035959 -111.87355624    0.00    0.00 1  0 0 0 25   42.72114373 -111.86135654    0.00    0.00 1  0 0 0
19   42.72047537 -111.87368248 1 WS
19   42.72102793 -111.86123033 1 WS
1     5928 0 1 1U7  BEAR LAKE CO
100   22.86   1   0 0.25 0 2 0 10   42.24666700 -111.33694400    0.00    0.00 2  0 0 0 28   42.24000000 -111.31777800    0.00    0.00 2  0 0 0
100   21.34   1   0 0.25 0 0 0 16   42.25407200 -111.34684400    0.00    0.00 2  0 0 0 34   42.24153600 -111.34521900    0.00    0.00 2  0 0 0
110   1 0.30 115.16 Default taxiway for RWY 10
111  42.24657594 -111.33700179   3 102 
111  42.24610839 -111.33729848   3 102 
111  42.23944299 -111.31813041   3 102 
111  42.23991054 -111.31783375 
112  42.23999800 -111.31808529  42.23995223 -111.31796081   3 102 
111  42.23984051 -111.31803170   3 102 
112  42.23969155 -111.31812622  42.23957982 -111.31819711   3 102 
111  42.23962355 -111.31832288   3 102 
111  42.24284692 -111.32759248   3 102 
111  42.24322137 -111.32735488 
111  42.24326510 -111.32748065   3 102 
111  42.24289065 -111.32771825   3 102 
112  42.24611402 -111.33698786  42.24615776 -111.33711363   3 102 
111  42.24626949 -111.33704273   3 102 
112  42.24641845 -111.33694821  42.24653017 -111.33687731   3 102 
113  42.24648847 -111.33675025 
110   1 0.30 174.52 Default taxiway for RWY 16
111  42.25406304 -111.34697009   3 
111  42.25401697 -111.34761868   3 
111  42.24148098 -111.34599320   3 
111  42.24152705 -111.34534474 
112  42.24171818 -111.34536952  42.24162241 -111.34536016   3 
111  42.24161140 -111.34551506   3 
112  42.24159673 -111.34572160  42.24158573 -111.34587651   3 
111  42.24168129 -111.34588890   3 
111  42.24771037 -111.34667064   3 
111  42.24774726 -111.34615121 
111  42.24784283 -111.34616360   3 
111  42.24780594 -111.34668303   3 
112  42.25383502 -111.34746478  42.25393058 -111.34747717   3 
111  42.25394158 -111.34732224   3 
112  42.25395625 -111.34711566  42.25396726 -111.34696072   3 
113  42.25387191 -111.34694531 
120 Default hold RWY 10 (near)
111  42.24638770 -111.33712124   4 
115  42.24634397 -111.33699547 
120 Default hold RWY 16 (near)
111  42.25404449 -111.34723134   4 
115  42.25394892 -111.34721895 
120 Default hold RWY 10 (centre)
111  42.24307686 -111.32760010   4 
115  42.24303313 -111.32747433 
120 Default hold RWY 16 (centre)
111  42.24782428 -111.34642483   4 
115  42.24772871 -111.34641244 
120 Default hold RWY 10 (far)
111  42.23976603 -111.31807896   4 
115  42.23972230 -111.31795319 
120 Default hold RWY 16 (far)
111  42.24160407 -111.34561833   4 
115  42.24150850 -111.34560594 
19   42.24703253 -111.33701909 1 WS
19   42.25429064 -111.34648144 1 WS
19   42.23963446 -111.31770304 1 WS
19   42.24131736 -111.34558149 1 WS
51 12280 CTAF/UNICOM
1     6190 0 1 ID04 J-Lazy-M Ranch
100    9.14   5   0 0.25 0 0 0 08   42.02937270 -111.42721521    0.00    0.00 1  0 0 0 26   42.02882284 -111.41875425    0.00    0.00 1  0 0 0
19   42.02950283 -111.42731109 1 WS
19   42.02869270 -111.41865838 1 WS
1     4728 0 1 U10  PRESTON
100   15.24   1   0 0.25 0 1 0 03   42.10422200 -111.91683600    0.00    0.00 2  0 0 0 21   42.11054700 -111.90734200  100.58    0.00 2  0 0 0
100    9.14   5   0 0.25 0 0 0 16   42.10957500 -111.91328600    0.00    0.00 1  0 0 0 34   42.10288900 -111.91307200    0.00    0.00 1  0 0 0
21   42.10856152 -111.90983937  5 228.08   3.00 21  VASI-3L
110   1 0.30  48.07 Default taxiway for RWY 03
111  42.10417265 -111.91677627   3 102 
111  42.10391588 -111.91646545   3 102 
111  42.11024127 -111.90697236   3 102 
111  42.11049804 -111.90728321 
112  42.11040640 -111.90742074  42.11045055 -111.90734995   3 102 
111  42.11038933 -111.90727583   3 102 
112  42.11030770 -111.90717701  42.11024647 -111.90710289   3 102 
111  42.11020065 -111.90717166   3 102 
111  42.10715251 -111.91174628   3 102 
111  42.10735826 -111.91199535 
111  42.10731244 -111.91206412   3 102 
111  42.10710669 -111.91181505   3 102 
112  42.10405854 -111.91638968  42.10401272 -111.91645844   3 102 
111  42.10407395 -111.91653255   3 102 
112  42.10415558 -111.91663136  42.10421680 -111.91670547   3 102 
113  42.10426429 -111.91663874 
120 Default hold RWY 03 (near)
111  42.10406894 -111.91665073   4 
115  42.10411476 -111.91658195 
120 Default hold RWY 03 (centre)
111  42.10720873 -111.91193858   4 
115  42.10725455 -111.91186981 
120 Default hold RWY 03 (far)
111  42.11034851 -111.90722642   4 
115  42.11039433 -111.90715766 
19   42.10428342 -111.91715880 1 WS
19   42.10966020 -111.91312229 1 WS
19   42.10280380 -111.91323569 1 WS
19   42.11048556 -111.90701917 1 WS
51 12280 CTAF/UNICOM
1     5598 0 1 ID62 Western
100    9.14   5   0 0.25 0 0 0 16   42.61337685 -111.72917099    0.00    0.00 1  0 0 0 34   42.60312981 -111.72795291    0.00    0.00 1  0 0 0
19   42.61346959 -111.72901365 1 WS
19   42.60303707 -111.72811023 1 WS