1     1738 0 0 4V9  ANTELOPE CO
100   17.98   2   0 1.00 0 2 0 01   42.10515294 -098.04075324    0.00    0.00 2  0 0 0 19   42.11506206 -098.03779203    0.00    0.00 2  0 0 0
100   14.94   1   0 0.25 0 1 0 13   42.11776531 -098.04459613  118.87    0.00 1  0 0 0 31   42.11140754 -098.03590152  123.14    0.00 1  0 0 0
21   42.11326991 -098.03799009  2 192.50   3.00 New PAPI-4L
21   42.10816063 -098.04022942  2  12.50   3.00 New PAPI-4L
110   1 1.00  12.50 New Taxiway 6
111  42.11043038 -098.03790416 
111  42.11031231 -098.03719647 
111  42.11040297 -098.03716236 
111  42.11048727 -098.03729749 
111  42.11074220 -098.03721998 
111  42.11074834 -098.03725477 102 
111  42.11086751 -098.03722272 
111  42.11092917 -098.03765472 
111  42.11131291 -098.03753820 102 
112  42.11209803 -098.03731689  42.11216760 -098.03729188 102 
111  42.11214441 -098.03703864 
111  42.11228821 -098.03707303 
112  42.11244360 -098.03744820  42.11234155 -098.03737004 102 
112  42.11221863 -098.03738880  42.11214209 -098.03739818 102 
113  42.11054756 -098.03789313 
110   2 1.00  12.50 New Taxiway 5
111  42.11131291 -098.03753820 
111  42.11092917 -098.03765472 
111  42.11086751 -098.03722272 102 
113  42.11123700 -098.03712040 102 
110   2 1.00  12.50 New Taxiway 4
111  42.11058440 -098.03916444 
112  42.11031699 -098.03909910  42.11044948 -098.03895934 102 
112  42.11042356 -098.03880986  42.11042356 -098.03877492 102 
112  42.11032563 -098.03829544  42.11025938 -098.03809162 102 
112  42.11008801 -098.03827603  42.11005201 -098.03831097 102 
112  42.10988901 -098.03843132  42.10982628 -098.03847360 102 
111  42.10958755 -098.03857929 102 
112  42.10819597 -098.03900058  42.10797362 -098.03907034 102 
112  42.10800620 -098.03925636  42.10800620 -098.03927445 102 
112  42.10805221 -098.03956640  42.10808479 -098.03969558 102 
111  42.10822855 -098.03972917 
111  42.10804837 -098.03993844 
112  42.10786628 -098.03982993  42.10795828 -098.03973175 102 
112  42.10794678 -098.03958707  42.10794678 -098.03956382 102 
112  42.10789503 -098.03929512  42.10786820 -098.03919694 102 
111  42.10774552 -098.03915302 
112  42.10525657 -098.03985313  42.10514252 -098.03989369 
111  42.10515202 -098.04007091 
112  42.10520113 -098.04038692  42.10524232 -098.04057482 
111  42.10549103 -098.04054065 
111  42.10542132 -098.04064955 
111  42.10513935 -098.04064741 
111  42.10495832 -098.03957952 
111  42.10521199 -098.03950802 
111  42.10524215 -098.03969871 
111  42.10784764 -098.03895723 
112  42.10767416 -098.03882655  42.10763589 -098.03879216 
112  42.10740883 -098.03840358  42.10736290 -098.03827634 
111  42.10727361 -098.03765047 
111  42.10714095 -098.03736849 
111  42.10713839 -098.03676326 
111  42.10723534 -098.03675638 
111  42.10722003 -098.03602391 
111  42.10754404 -098.03598952 
111  42.10755935 -098.03621648 
111  42.10731188 -098.03622680 
111  42.10730976 -098.03717736 
111  42.10741640 -098.03716223 
111  42.10742202 -098.03745350 
111  42.10734905 -098.03764264 
112  42.10743324 -098.03803226  42.10747534 -098.03824031 
112  42.10761004 -098.03856940  42.10768582 -098.03870936 
111  42.10797134 -098.03892800 102 
111  42.10861307 -098.03873212 
111  42.10873853 -098.03869454 102 
111  42.10972822 -098.03837391 102 
112  42.10999726 -098.03812068  42.11003205 -098.03794249 
111  42.10989985 -098.03793936 
112  42.10930378 -098.03812381  42.10928291 -098.03813944 
111  42.10928291 -098.03823948 
111  42.10907185 -098.03833327 
111  42.10901404 -098.03802169 
111  42.10894059 -098.03763345 
111  42.10893627 -098.03759463 
112  42.10906648 -098.03755815  42.10908334 -098.03755246 
112  42.10915082 -098.03736773  42.10918455 -098.03725120 
111  42.10928822 -098.03722519 
111  42.10990562 -098.03705042 
112  42.11015876 -098.03684653  42.11022976 -098.03677995 
112  42.11011554 -098.03661351  42.11011245 -098.03661351 
112  42.10971731 -098.03613915  42.10962470 -098.03601015 
112  42.10952592 -098.03564814  42.10951666 -098.03560237 
111  42.10952900 -098.03528612 
111  42.10966792 -098.03525700 
112  42.10962162 -098.03530277  42.10960927 -098.03532774 
112  42.10958457 -098.03554411  42.10958148 -098.03567311 
112  42.10975127 -098.03606009  42.10980992 -098.03615163 
112  42.11014928 -098.03653330  42.11023815 -098.03662255 
111  42.11029913 -098.03650276 
112  42.11031594 -098.03656487  42.11030318 -098.03659926 
112  42.11032359 -098.03666460  42.11034145 -098.03669899 
111  42.11038051 -098.03688060 
111  42.11026491 -098.03691387 
111  42.11024195 -098.03685719 
112  42.11018582 -098.03688814  42.11018072 -098.03690189 
112  42.10995876 -098.03710135  42.10989498 -098.03718389 
112  42.10991381 -098.03734142  42.10992013 -098.03736700 
111  42.10993278 -098.03738689 
111  42.10995598 -098.03741531 
111  42.11001923 -098.03785300 102 
111  42.11010990 -098.03793827 102 
111  42.11027436 -098.03788711 
111  42.11010779 -098.03697194 
111  42.11035448 -098.03689520 
111  42.11040297 -098.03716236 
111  42.11031231 -098.03719647 
111  42.11043038 -098.03790416 
111  42.11054756 -098.03789313 102 
112  42.11045251 -098.03796107  42.11041363 -098.03800572 102 
111  42.11042227 -098.03813190 102 
112  42.11050810 -098.03869295  42.11055213 -098.03898493 102 
113  42.11073423 -098.03897210 
111  42.10994960 -098.03778112 
111  42.10991044 -098.03756297 
111  42.10985871 -098.03751914 
111  42.10969169 -098.03756795 
111  42.10970795 -098.03765660 
111  42.10982915 -098.03761975 
111  42.10985058 -098.03774526 
111  42.10981584 -098.03775821 
113  42.10982841 -098.03782197 
111  42.10978407 -098.03784189 
111  42.10977224 -098.03777116 
111  42.10964957 -098.03780802 
113  42.10966361 -098.03788173 
111  42.10987570 -098.03741554 
111  42.10983506 -098.03719937 
111  42.10975229 -098.03713661 
111  42.10963035 -098.03717546 
111  42.10964070 -098.03723523 
111  42.10976190 -098.03719838 
111  42.10978185 -098.03732289 
111  42.10974342 -098.03733784 
113  42.10976337 -098.03745638 
111  42.10969982 -098.03734979 
111  42.10957862 -098.03738864 
111  42.10959858 -098.03751416 
113  42.10971977 -098.03746833 
111  42.10965178 -098.03757691 
111  42.10953207 -098.03761576 
111  42.10954758 -098.03770840 
113  42.10966804 -098.03767055 
111  42.10956564 -098.03752445 
111  42.10953903 -098.03740193 
111  42.10942200 -098.03743837 
114  42.10947565 -098.03752603  42.10949191 -098.03752822 
111  42.10951164 -098.03771747 
111  42.10950203 -098.03766269 
111  42.10938897 -098.03774636 
113  42.10939118 -098.03775732 
111  42.10939488 -098.03757901 
111  42.10937271 -098.03745250 
111  42.10925003 -098.03748936 
111  42.10922969 -098.03736179 
111  42.10926933 -098.03735002 
111  42.10926799 -098.03728482 
112  42.10919476 -098.03740254  42.10918468 -098.03743605 
112  42.10918199 -098.03751212  42.10920148 -098.03754291 
114  42.10925657 -098.03761173  42.10927806 -098.03760630 
111  42.10930830 -098.03778108 
111  42.10929217 -098.03773399 
112  42.10924380 -098.03777021  42.10925119 -098.03783089 
112  42.10929755 -098.03795586  42.10930427 -098.03796220 
112  42.10932173 -098.03797306  42.10932778 -098.03797397 
111  42.10933450 -098.03797578 
111  42.10945677 -098.03793865 
111  42.10944401 -098.03787254 
111  42.10931770 -098.03791329 
113  42.10929620 -098.03778380 
111  42.10948297 -098.03786258 
111  42.10949574 -098.03792778 
111  42.10961868 -098.03789156 
113  42.10960524 -098.03782274 
110   2 1.00  12.50 New Taxiway 3
111  42.11358641 -098.03834538 
112  42.11347711 -098.03859736  42.11354206 -098.03884507 
111  42.11319355 -098.03842653 
111  42.11288464 -098.03833257 
112  42.11292266 -098.03810408  42.11284662 -098.03793538 
113  42.11319989 -098.03829413 
110   2 1.00  12.50 New Taxiway 1
111  42.11496474 -098.03787497 
112  42.11481907 -098.03775916  42.11484148 -098.03773902 
112  42.11490498 -098.03762321  42.11491619 -098.03756782 
112  42.11485269 -098.03720025  42.11481533 -098.03705423 
111  42.11468086 -098.03708444 
111  42.11461363 -098.03669673 
112  42.11281035 -098.03724302  42.11267113 -098.03728879 
111  42.11267792 -098.03750851 
111  42.11250134 -098.03738949 
112  42.11240966 -098.03714689  42.11248097 -098.03718351 
112  42.11260661 -098.03716062  42.11262359 -098.03716062 
111  42.11268471 -098.03712400 
111  42.11484382 -098.03649488 
113  42.11504588 -098.03769791 
110   4 1.00   0.00 New Taxiway 17
111  42.10930378 -098.03812381 
112  42.10937970 -098.03820103  42.10938186 -098.03824187 
112  42.10926501 -098.03836729  42.10923796 -098.03837459 
112  42.10905189 -098.03840127  42.10896247 -098.03846303 
112  42.10880524 -098.03859571  42.10876360 -098.03864586 
111  42.10873853 -098.03869454 
111  42.10861307 -098.03873212 
112  42.10872367 -098.03853360  42.10879270 -098.03845178 
112  42.10896885 -098.03834590  42.10899146 -098.03832504 
112  42.10903074 -098.03827692  42.10902836 -098.03825446 
112  42.10897480 -098.03819189  42.10896885 -098.03811809 
112  42.10896290 -098.03804590  42.10898194 -098.03800900 
113  42.10901404 -098.03802169 
110   4 1.00  12.50 New Taxiway 19
112  42.10722372 -098.03757300  42.10721551 -098.03756193 
112  42.10709224 -098.03746778  42.10704705 -098.03742901 
112  42.10693611 -098.03753977  42.10687037 -098.03756746 
112  42.10698952 -098.03771699  42.10707581 -098.03776683 
112  42.10709635 -098.03794405  42.10712922 -098.03802712 
112  42.10712922 -098.03837602  42.10716620 -098.03848124 
112  42.10744149 -098.03867507  42.10752367 -098.03875814 
111  42.10767416 -098.03882655 
111  42.10784764 -098.03895723 
111  42.10524215 -098.03969871 
111  42.10521199 -098.03950802 
112  42.10519397 -098.03941163  42.10519397 -098.03934517 
112  42.10541584 -098.03908489  42.10554732 -098.03888552 
112  42.10538297 -098.03887998  42.10535421 -098.03885229 
112  42.10512412 -098.03886890  42.10506248 -098.03893536 
112  42.10472556 -098.03907381  42.10458586 -098.03911258 
111  42.10459819 -098.03927872 
112  42.10467625 -098.03940609  42.10475432 -098.03952793 
112  42.10471984 -098.03968420  42.10473789 -098.03982204 
112  42.10485219 -098.04036529  42.10485219 -098.04052746 
112  42.10445515 -098.04068962  42.10433483 -098.04071394 
112  42.10404006 -098.04051935  42.10391975 -098.04037340 
112  42.10411827 -098.03951393  42.10415436 -098.03940042 
112  42.10471984 -098.03886528  42.10492437 -098.03865446 
112  42.10530454 -098.03853957  42.10540166 -098.03859495 
112  42.10570795 -098.03879130  42.10585736 -098.03877620 
112  42.10643260 -098.03868054  42.10656707 -098.03864026 
112  42.10641392 -098.03866040  42.10638777 -098.03864530 
112  42.10622342 -098.03858488  42.10613751 -098.03852950 
112  42.10598436 -098.03796059  42.10600677 -098.03789514 
111  42.10681933 -098.03777675 
112  42.10681678 -098.03759105  42.10681423 -098.03754291 
112  42.10655910 -098.03744662  42.10644684 -098.03740192 
112  42.10628101 -098.03699614  42.10621468 -098.03683108 
112  42.10646981 -098.03671416  42.10659227 -098.03671416 
112  42.10647746 -098.03700990  42.10643919 -098.03715433 
112  42.10662267 -098.03722876  42.10674615 -098.03730820 
112  42.10689770 -098.03718715  42.10703240 -098.03700558 
112  42.10693418 -098.03669162  42.10693137 -098.03660084 
112  42.10700820 -098.03626147  42.10706943 -098.03611016 
112  42.10697504 -098.03556339  42.10696483 -098.03543959 
111  42.10699290 -098.03530204 
111  42.10709495 -098.03530204 
112  42.10707454 -098.03548430  42.10706178 -098.03564248 
111  42.10707836 -098.03585139 
112  42.10755614 -098.03579199  42.10759788 -098.03580137 
112  42.10764665 -098.03599214  42.10766930 -098.03608609 
112  42.10781568 -098.03634446  42.10794114 -098.03653471 
112  42.10799859 -098.03671365  42.10804459 -098.03684283 
112  42.10809635 -098.03725364  42.10811360 -098.03735699 
112  42.10811743 -098.03728723  42.10811935 -098.03727948 
112  42.10821710 -098.03704178  42.10824586 -098.03694618 
112  42.10824777 -098.03712445  42.10824777 -098.03722005 
112  42.10821327 -098.03736990  42.10818835 -098.03745775 
112  42.10814427 -098.03744741  42.10812701 -098.03746292 
112  42.10815193 -098.03753009  42.10816727 -098.03755851 
112  42.10831869 -098.03764636  42.10843178 -098.03767219 
112  42.10866589 -098.03764604  42.10877361 -098.03763322 
111  42.10893627 -098.03759463 
111  42.10894059 -098.03763345 
112  42.10882747 -098.03766098  42.10873314 -098.03767516 
112  42.10832029 -098.03769449  42.10819413 -098.03768486 
112  42.10810368 -098.03754369  42.10807035 -098.03750839 
112  42.10810725 -098.03759342  42.10811201 -098.03760144 
112  42.10817033 -098.03776508  42.10818580 -098.03782443 
112  42.10827149 -098.03800251  42.10830244 -098.03805705 
112  42.10821436 -098.03799609  42.10817866 -098.03795598 
112  42.10813462 -098.03778433  42.10811558 -098.03767363 
112  42.10805610 -098.03754855  42.10804207 -098.03753342 
112  42.10793823 -098.03751451  42.10789614 -098.03751451 
112  42.10778108 -098.03755234  42.10769969 -098.03755234 
112  42.10749482 -098.03761286  42.10742467 -098.03761664 
112  42.10740221 -098.03753721  42.10739380 -098.03750694 
111  42.10744992 -098.03751073 
112  42.10803365 -098.03737455  42.10804488 -098.03736320 
112  42.10801120 -098.03726863  42.10797752 -098.03723837 
112  42.10789614 -098.03716272  42.10783440 -098.03708328 
112  42.10768005 -098.03703411  42.10759866 -098.03700385 
112  42.10756218 -098.03714002  42.10753692 -098.03721189 
112  42.10757902 -098.03726863  42.10759305 -098.03728755 
112  42.10751166 -098.03737455  42.10742186 -098.03741238 
113  42.10742202 -098.03745350 
112  42.10797704 -098.03673909  42.10796133 -098.03666673 
112  42.10791551 -098.03656085  42.10788278 -098.03648144 
112  42.10783303 -098.03643380  42.10785267 -098.03646027 
112  42.10785136 -098.03658203  42.10785529 -098.03664909 
112  42.10783696 -098.03671262  42.10784481 -098.03671967 
112  42.10792206 -098.03668967  42.10796002 -098.03670026 
111  42.10795871 -098.03675144 
111  42.10795740 -098.03696144 
112  42.10785136 -098.03699143  42.10783303 -098.03702849 
112  42.10788278 -098.03710261  42.10791682 -098.03715202 
113  42.10804512 -098.03723320 
111  42.10758690 -098.03690144 
112  42.10771127 -098.03686791  42.10774531 -098.03675850 
112  42.10779506 -098.03669673  42.10781077 -098.03666144 
112  42.10780685 -098.03650968  42.10779768 -098.03643733 
112  42.10775317 -098.03633145  42.10772568 -098.03629262 
112  42.10768902 -098.03625380  42.10765629 -098.03625380 
112  42.10755679 -098.03625909  42.10752930 -098.03624851 
111  42.10755935 -098.03621648 
111  42.10731188 -098.03622680 
114  42.10734208 -098.03660850  42.10740885 -098.03674085 
120 Linear Feature 33
111  42.10802681 -098.03945367   4 
115  42.10793484 -098.03948138 
120 Linear Feature 32
111  42.10517582 -098.04026829   4 
115  42.10508025 -098.04029476 
120 Linear Feature 31
111  42.11499358 -098.03740298   4 
115  42.11489966 -098.03743399 
120 Linear Feature 30
111  42.11292395 -098.03705471   4 
115  42.11296860 -098.03719060 
120 Linear Feature 29
111  42.11208650 -098.03742640   4 
115  42.11206289 -098.03732563 
120 Linear Feature 27
111  42.11041650 -098.03870792   4 
115  42.11050435 -098.03869045 
120 Linear Feature 24
111  42.11056404 -098.03727910   1 
111  42.11059366 -098.03743178   1 
111  42.11076792 -098.03737776   1 
111  42.11074834 -098.03725477   1 
115  42.11074220 -098.03721998 
120 Linear Feature 23
111  42.11051397 -098.03901406   1 
112  42.11038792 -098.03918552  42.11023998 -098.03922964   1 
115  42.11023998 -098.03922964 
120 Linear Feature 22
111  42.11079925 -098.03906721   1 
111  42.11066009 -098.03910473   1 
112  42.11051397 -098.03901406  42.11049078 -098.03889839   1 
111  42.11036089 -098.03811993   1 
112  42.11045830 -098.03786045  42.11056035 -098.03781981   1 
111  42.11230724 -098.03730424   1 
112  42.11252483 -098.03744446  42.11264270 -098.03761847   1 
115  42.11288685 -098.03793246 
120 Linear Feature 26
111  42.11043416 -098.03762017   1 
111  42.11040269 -098.03763078   1 
115  42.11037318 -098.03764006 
120 Linear Feature 26
111  42.11091023 -098.03746902   1 
111  42.11087876 -098.03747962   1 
115  42.11084925 -098.03748891 
120 Linear Feature 25
111  42.11039160 -098.03756458   1 
115  42.11040269 -098.03763078 
120 Linear Feature 25
111  42.11086767 -098.03741343   1 
115  42.11087876 -098.03747962 
14   42.11037220 -098.03728562    6 0 New Tower Viewpoint 4
15   42.10943429 -098.03756111 342.37 Hangers
15   42.11087487 -098.03746725 284.26 Main Ramp
18   42.11492228 -098.03980675 1 BCN
19   42.10994345 -098.04080665 1 New Windsock 3
51 12280 CTAF/UNICOM
1     2129 0 1 88Y  Perkins Memorial Airpark
100   60.96   3   0 0.25 0 0 0 09   42.20076759 -098.73919003    0.00    0.00 1  0 0 0 27   42.19979795 -098.72987665    0.00    0.00 1  0 0 0
100   60.96   3   0 0.25 0 0 0 17   42.20370941 -098.73469487    0.00    0.00 1  0 0 0 35   42.19685613 -098.73437181    0.00    0.00 1  0 0 0
19   42.20165880 -098.73976884 1 WS
19   42.20428639 -098.73361051 1 WS
19   42.19627915 -098.73545604 1 WS
19   42.19890669 -098.72929797 1 WS
1     2031 0 0 KONL THE ONEILL MUNI JOHN L BAKER FLD
100   22.86   1   0 1.00 0 2 0 13   42.47445031 -098.69344618    0.00    0.00 2  0 0 1 31   42.46534969 -098.68268339    0.00    0.00 2  0 0 0
100   36.88   3   0 0.25 0 0 0 04   42.46589441 -098.69040229    0.00    0.00 0  0 0 0 22   42.47170075 -098.68216529    0.00    0.00 0  0 0 0
21   42.46621151 -098.68416293  2 318.90   3.00 New PAPI-4L
21   42.47303516 -098.69132346  2 138.90   3.00 New PAPI-4L
110   1 1.00 138.90 New Taxiway 4
111  42.46734037 -098.68521893 102 
112  42.46716964 -098.68522131  42.46713620 -098.68526903 102 
111  42.46670696 -098.68587199 
112  42.46654849 -098.68643678  42.46654381 -098.68667496 
111  42.46653210 -098.68718943 
111  42.46615717 -098.68718484 
111  42.46616143 -098.68733208 
111  42.46591533 -098.68733293 
111  42.46590829 -098.68706571 
112  42.46557475 -098.68696136  42.46556894 -098.68695873 
112  42.46558558 -098.68690913  42.46560478 -098.68691564 
111  42.46590719 -098.68702626 
111  42.46621120 -098.68701975 
111  42.46626561 -098.68695468 
111  42.46627201 -098.68648183 
111  42.46634721 -098.68647315 
112  42.46646722 -098.68634301  42.46647842 -098.68625191 
112  42.46653122 -098.68600464  42.46655042 -098.68596343 
112  42.46654562 -098.68585281  42.46648322 -098.68585281 
111  42.46641761 -098.68585064 
111  42.46641921 -098.68579858 102 
111  42.46662262 -098.68579424 102 
112  42.46666582 -098.68569663  42.46667382 -098.68565759 102 
112  42.46663222 -098.68555131  42.46659862 -098.68551227 102 
111  42.46486107 -098.68344060 102 
111  42.46528696 -098.68278313 
111  42.46549780 -098.68281489 
111  42.46546799 -098.68300831 102 
112  42.46529548 -098.68302275  42.46524863 -098.68310358 102 
111  42.46511233 -098.68328257 102 
112  42.46512936 -098.68356838  42.46522520 -098.68370118 102 
111  42.46675618 -098.68549590 102 
112  42.46679451 -098.68548435  42.46680303 -098.68546992 102 
111  42.46706925 -098.68509750 102 
112  42.46706073 -098.68487520  42.46701813 -098.68479725 
113  42.46725336 -098.68494021 
110   2 1.00   0.00 New Taxiway 5
111  42.46670696 -098.68587199 
111  42.46670752 -098.68717273 
111  42.46653210 -098.68718943 
111  42.46652918 -098.68726420 
111  42.46630509 -098.68725972 
112  42.46624498 -098.68735913  42.46624619 -098.68739172 
111  42.46623543 -098.68891543 
111  42.46571153 -098.68890677 
111  42.46570940 -098.68883460 
111  42.46572217 -098.68882882 
111  42.46572217 -098.68874510 
111  42.46562634 -098.68874510 
111  42.46562634 -098.68854012 
111  42.46566254 -098.68854012 
111  42.46566893 -098.68846795 
111  42.46562421 -098.68846218 
111  42.46561995 -098.68829473 
111  42.46550281 -098.68828318 
111  42.46549856 -098.68815038 
111  42.46554115 -098.68815327 
111  42.46553902 -098.68807243 
111  42.46553902 -098.68796273 
111  42.46553902 -098.68788478 
111  42.46549217 -098.68787323 
111  42.46548998 -098.68773940 
111  42.46561984 -098.68773940 
111  42.46561782 -098.68764227 
111  42.46550707 -098.68764516 
111  42.46550707 -098.68754123 
111  42.46554328 -098.68754411 
111  42.46553689 -098.68748060 
111  42.46550920 -098.68746905 
111  42.46550707 -098.68733048 
111  42.46562208 -098.68731893 
111  42.46561995 -098.68722654 
111  42.46560717 -098.68722654 
111  42.46560504 -098.68713705 
111  42.46593514 -098.68714860 
111  42.46628016 -098.68702157 
111  42.46627618 -098.68658292 
111  42.46621633 -098.68657814 
111  42.46621633 -098.68663779 
111  42.46611425 -098.68663541 
111  42.46611425 -098.68669028 
111  42.46600336 -098.68669028 
111  42.46601217 -098.68639920 
111  42.46608785 -098.68639443 
111  42.46613361 -098.68633955 
111  42.46627090 -098.68640158 
111  42.46627442 -098.68589099 
111  42.46613185 -098.68587668 
112  42.46608961 -098.68591008  42.46608961 -098.68593394 
111  42.46607905 -098.68622025 
111  42.46590656 -098.68621548 
111  42.46590832 -098.68599120 
112  42.46589072 -098.68598643  42.46588720 -098.68599120 
111  42.46585904 -098.68608664 
111  42.46579391 -098.68603415 
111  42.46584496 -098.68593155 
111  42.46581504 -098.68587668 
111  42.46567071 -098.68609380 
111  42.46545422 -098.68584566 
111  42.46560191 -098.68561837 
111  42.46567071 -098.68569646 
111  42.46571871 -098.68561187 
111  42.46564031 -098.68552727 
111  42.46571711 -098.68541665 
111  42.46579232 -098.68549691 
111  42.46586098 -098.68539394 
111  42.46593938 -098.68548504 
111  42.46587058 -098.68560000 
111  42.46599218 -098.68572798 
111  42.46636020 -098.68574533 
114  42.46641921 -098.68579858  42.46643042 -098.68581593 
111  42.46598802 -098.68874705 
112  42.46603372 -098.68882112  42.46605955 -098.68882382 
112  42.46613208 -098.68879823  42.46614300 -098.68878476 
111  42.46615393 -098.68876994 
111  42.46614897 -098.68845883 
111  42.46597311 -098.68846556 
112  42.46594231 -098.68850462  42.46593834 -098.68851674 
111  42.46593834 -098.68853964 
111  42.46603968 -098.68854233 
113  42.46603869 -098.68874839 
111  42.46587773 -098.68874839 
112  42.46590257 -098.68880765  42.46591847 -098.68882112 
112  42.46595126 -098.68880496  42.46595722 -098.68878880 
113  42.46595622 -098.68874974 
111  42.46575553 -098.68874705 
111  42.46579229 -098.68881978 
111  42.46583998 -098.68882247 
113  42.46583799 -098.68874839 
111  42.46589065 -098.68853964 
111  42.46589164 -098.68845748 
112  42.46583998 -098.68847769  42.46583303 -098.68849115 
113  42.46582706 -098.68853964 
111  42.46577341 -098.68853964 
111  42.46577540 -098.68848442 
112  42.46574858 -098.68846018  42.46572970 -098.68846287 
112  42.46571082 -098.68850327  42.46570983 -098.68851136 
113  42.46570983 -098.68854099 
111  42.46600276 -098.68829864 
112  42.46606178 -098.68837272  42.46610003 -098.68837124 
112  42.46614921 -098.68832976  42.46615905 -098.68831494 
111  42.46615905 -098.68831494 
111  42.46615358 -098.68806753 
111  42.46595249 -098.68806605 
112  42.46592298 -098.68810605  42.46592189 -098.68812827 
111  42.46592845 -098.68815494 
111  42.46604320 -098.68815494 
113  42.46604320 -098.68829716 
111  42.46582572 -098.68829568 
111  42.46587271 -098.68837716 
111  42.46595358 -098.68836679 
113  42.46595358 -098.68829716 
111  42.46565960 -098.68829420 
112  42.46568474 -098.68835346  42.46569239 -098.68836679 
112  42.46577545 -098.68836976  42.46579840 -098.68835642 
113  42.46578091 -098.68829568 
111  42.46587162 -098.68815198 
111  42.46587599 -098.68807642 
112  42.46578200 -098.68807642  42.46576452 -098.68809864 
113  42.46575577 -098.68815198 
111  42.46570004 -098.68815198 
112  42.46569020 -098.68806457  42.46566944 -098.68805716 
112  42.46561479 -098.68805864  42.46560059 -098.68807346 
112  42.46559075 -098.68813864  42.46559184 -098.68814605 
113  42.46559294 -098.68815346 
111  42.46592189 -098.68788531 
112  42.46596451 -098.68797568  42.46596561 -098.68797568 
111  42.46610440 -098.68797420 
111  42.46616014 -098.68791346 
111  42.46615249 -098.68764975 
112  42.46604866 -098.68766012  42.46603336 -098.68767494 
112  42.46601041 -098.68772235  42.46601041 -098.68773420 
111  42.46601151 -098.68774012 
111  42.46604211 -098.68774309 
113  42.46604429 -098.68788679 
111  42.46575687 -098.68788679 
112  42.46575577 -098.68792679  42.46575687 -098.68794457 
111  42.46578747 -098.68797864 
111  42.46587053 -098.68796827 
113  42.46587927 -098.68788679 
111  42.46558529 -098.68788383 
112  42.46558529 -098.68791938  42.46558857 -098.68793124 
111  42.46561807 -098.68797124 
111  42.46570004 -098.68796531 
113  42.46570550 -098.68788679 
111  42.46579512 -098.68774012 
112  42.46579730 -098.68768086  42.46579730 -098.68766605 
111  42.46577982 -098.68765272 
112  42.46568037 -098.68766457  42.46566834 -098.68767642 
113  42.46567490 -098.68773864 
111  42.46595577 -098.68773864 
111  42.46596014 -098.68764679 
112  42.46587599 -098.68765420  42.46585523 -098.68766457 
113  42.46585741 -098.68773716 
111  42.46578452 -098.68733079 
111  42.46578332 -098.68723138 
112  42.46568714 -098.68723627  42.46567392 -098.68723953 
113  42.46567272 -098.68732916 
111  42.46593479 -098.68733079 
111  42.46593238 -098.68723301 
112  42.46586266 -098.68723790  42.46583861 -098.68724116 
113  42.46584222 -098.68732916 
111  42.46607183 -098.68747746 
111  42.46592036 -098.68747746 
112  42.46591916 -098.68750190  42.46591916 -098.68752309 
111  42.46594561 -098.68756057 
111  42.46612473 -098.68755568 
111  42.46615719 -098.68751331 
112  42.46616079 -098.68734383  42.46615959 -098.68729168 
113  42.46607063 -098.68732590 
111  42.46574845 -098.68747583 
112  42.46577971 -098.68755242  42.46579534 -098.68756546 
112  42.46586025 -098.68754427  42.46587228 -098.68753449 
113  42.46586987 -098.68747746 
111  42.46558015 -098.68747909 
112  42.46560660 -098.68755405  42.46561742 -098.68757035 
112  42.46568834 -098.68754101  42.46570998 -098.68752472 
113  42.46570037 -098.68747746 
112  42.46625400 -098.68652810  42.46626052 -098.68652368 
111  42.46627201 -098.68648183 
111  42.46627518 -098.68642869 
112  42.46619371 -098.68639114  42.46618719 -098.68638672 
111  42.46617415 -098.68639777 
111  42.46621000 -098.68645299 
113  42.46621163 -098.68653031 
110   1 1.00 138.90 New Taxiway 3
111  42.47438866 -098.69354263 
111  42.47415908 -098.69389835 
111  42.47400212 -098.69375225 
111  42.47414034 -098.69344100 
112  42.47411457 -098.69321867  42.47409583 -098.69314880 
113  42.47433712 -098.69332031 
110   3 0.25  46.30 New Taxiway 2
111  42.46881513 -098.68670408 
112  42.47157559 -098.68268100  42.47168253 -098.68253602 
111  42.47182958 -098.68249978 
112  42.47152212 -098.68346930  42.47146196 -098.68362334 
111  42.47137507 -098.68391329 
113  42.46920658 -098.68708972 
110   4 1.00   0.00 New Taxiway 27
111  42.46571153 -098.68890677 
112  42.46559888 -098.68884924  42.46555233 -098.68881375 
111  42.46552906 -098.68875065 
111  42.46572366 -098.69012546 
112  42.46576819 -098.69026718  42.46577013 -098.69027768 
112  42.46601281 -098.69057508  42.46609026 -098.69061707 
112  42.46617738 -098.69064069  42.46623546 -098.69064594 
111  42.46885197 -098.69047015 
112  42.46903362 -098.69054723  42.46908886 -098.69058807 
111  42.47096731 -098.69176632 
111  42.47092283 -098.69179044 
111  42.46900798 -098.69056722 
112  42.46872676 -098.69051276  42.46865144 -098.69052638 
111  42.46622387 -098.69068585 
112  42.46572169 -098.69028980  42.46566235 -098.68995562 
112  42.46547759 -098.68865215  42.46547475 -098.68856761 
112  42.46540105 -098.68736490  42.46541806 -098.68703444 
112  42.46531601 -098.68688074  42.46527633 -098.68687689 
112  42.46497869 -098.68680773  42.46495601 -098.68681157 
111  42.46487664 -098.68684615 
112  42.46481995 -098.68669245  42.46478027 -098.68665403 
111  42.46469523 -098.68664250 
111  42.46417379 -098.68678540 
111  42.46414334 -098.68670601 
112  42.46446897 -098.68662344  42.46451348 -098.68658851 
112  42.46455331 -098.68647737  42.46455331 -098.68645196 
111  42.46455331 -098.68629000 
111  42.46448786 -098.68627065 
111  42.46449129 -098.68552209 
111  42.46494055 -098.68551504 
111  42.46493281 -098.68651498 
112  42.46512061 -098.68652285  42.46518063 -098.68650710 
112  42.46545943 -098.68620791  42.46552138 -098.68614755 
112  42.46568125 -098.68605227  42.46571165 -098.68602408 
112  42.46582366 -098.68603275  42.46586846 -098.68607396 
112  42.46589726 -098.68624965  42.46589726 -098.68626484 
112  42.46595647 -098.68625616  42.46597887 -098.68624965 
112  42.46599807 -098.68629087  42.46600767 -098.68633642 
111  42.46601217 -098.68639920 
111  42.46600336 -098.68669028 
112  42.46589246 -098.68668780  42.46583166 -098.68668563 
112  42.46572605 -098.68664442  42.46567965 -098.68665309 
112  42.46562045 -098.68671816  42.46560765 -098.68676371 
112  42.46559325 -098.68686132  42.46559485 -098.68689386 
112  42.46560125 -098.68694808  42.46558525 -098.68696326 
111  42.46543164 -098.68691121 
112  42.46544924 -098.68707822  42.46545564 -098.68716715 
112  42.46543004 -098.68744479  42.46543324 -098.68749034 
112  42.46548124 -098.68753155  42.46550051 -098.68754456 
111  42.46550707 -098.68754123 
111  42.46550707 -098.68764516 
112  42.46545244 -098.68766820  42.46544924 -098.68767904 
112  42.46543324 -098.68772893  42.46543324 -098.68774628 
111  42.46544284 -098.68794583 
111  42.46553902 -098.68796273 
111  42.46553902 -098.68807243 
112  42.46546044 -098.68806730  42.46545724 -098.68807814 
112  42.46545404 -098.68813020  42.46545404 -098.68815406 
112  42.46549001 -098.68832637  42.46551513 -098.68835684 
112  42.46558522 -098.68837477  42.46561034 -098.68836939 
111  42.46565266 -098.68836222 
111  42.46565663 -098.68844468 
112  42.46558125 -098.68845364  42.46554555 -098.68847157 
112  42.46551910 -098.68847157  42.46550323 -098.68846798 
112  42.46549265 -098.68848412  42.46549530 -098.68850383 
112  42.46556935 -098.68871894  42.46562489 -098.68879244 
112  42.46569894 -098.68883188  42.46570423 -098.68883367 
113  42.46570940 -098.68883460 
111  42.46550709 -098.68687403 
112  42.46555829 -098.68674606  42.46558390 -098.68668966 
112  42.46561910 -098.68660941  42.46556950 -098.68659856 
112  42.46535669 -098.68658772  42.46526068 -098.68658989 
112  42.46509107 -098.68660724  42.46504627 -098.68661375 
114  42.46505587 -098.68671135  42.46517748 -098.68674606 
111  42.46531028 -098.68651831 
112  42.46564790 -098.68651614  42.46570390 -098.68651831 
112  42.46581591 -098.68633611  42.46582711 -098.68622983 
112  42.46568310 -098.68617994  42.46559670 -098.68619513 
112  42.46546069 -098.68627321  42.46539989 -098.68633177 
113  42.46531188 -098.68642721 
111  42.46460365 -098.68629308 
112  42.46461965 -098.68648040  42.46463711 -098.68652181 
112  42.46477384 -098.68654745  42.46482330 -098.68652576 
112  42.46486548 -098.68637984  42.46486839 -098.68629111 
111  42.46485676 -098.68624773 
111  42.46477821 -098.68611956 
111  42.46466329 -098.68612745 
113  42.46466038 -098.68628519 
111  42.46466038 -098.68599928 
111  42.46480730 -098.68602491 
112  42.46487567 -098.68592238  42.46487567 -098.68589477 
112  42.46488066 -098.68566895  42.46482397 -098.68561306 
112  42.46467966 -098.68560607  42.46464100 -098.68563751 
111  42.46463585 -098.68573882 
113  42.46465585 -098.68575194 
110   3 0.25  46.30 New Taxiway 1
111  42.46521248 -098.69156100 
112  42.46561281 -098.69083744  42.46565730 -098.69076508 
112  42.46571067 -098.69030683  42.46571957 -098.69019829 
112  42.46597756 -098.69049978  42.46602204 -098.69057213 
111  42.46609321 -098.69052389 
111  42.46863655 -098.68692288 
111  42.46900602 -098.68731763 
113  42.46625625 -098.69146178 
120 Linear Feature 6
111  42.46693588 -098.68554515   4 
115  42.46683973 -098.68541923 
120 Linear Feature 5
111  42.46508561 -098.68335649   4 
115  42.46499240 -098.68323743 
120 Linear Feature 4
111  42.46683824 -098.68555513   1 
116  42.46667820 -098.68550655  42.46658005 -098.68539697 
120 Linear Feature 3
111  42.46534447 -098.68286504   1 
112  42.46529251 -098.68289243  42.46527519 -098.68291983   1 
111  42.46507311 -098.68321724   1 
112  42.46507311 -098.68358509  42.46520301 -098.68375728   1 
111  42.46667820 -098.68550655   1 
116  42.46669678 -098.68577428  42.46665059 -098.68589559 
120 Linear Feature 2
111  42.46673143 -098.68433806   1 
111  42.46712115 -098.68480376   1 
116  42.46713559 -098.68512857  42.46702877 -098.68528902 
120 Linear Feature 1
111  42.46774183 -098.68553556   1 
111  42.46736365 -098.68510900   1 
112  42.46713559 -098.68512857  42.46703743 -098.68526945   1 
111  42.46683824 -098.68555513   1 
111  42.46669678 -098.68577428   1 
115  42.46665059 -098.68585255 
120 Linear Feature 8
111  42.46665059 -098.68585255   1 
112  42.46654403 -098.68615827  42.46650699 -098.68631491   1 
115  42.46648625 -098.68647557 
14   42.46624893 -098.68655590    6 0 New Tower Viewpoint 9
15   42.46578018 -098.68561051 318.37 Hangers South
15   42.46583224 -098.68766276  37.30 Hangers West
15   42.46630777 -098.68660321  78.50 New Ramp Start 6
18   42.47037353 -098.68733084 1 BCN
19   42.46570866 -098.68248249 1 New Windsock 1
19   42.46685363 -098.68645919 1 New Windsock 2
19   42.47393144 -098.69401988 1 New Windsock 3
50 12112 AWOS 3
51 12280 CTAF/UNICOM
1     1990 0 1 41NE Vandersnick
100   18.29   3   0 0.25 0 0 0 13   42.15806899 -098.50351184    0.00    0.00 1  0 0 0 31   42.15305377 -098.49720318    0.00    0.00 1  0 0 0
19   42.15835772 -098.50341971 1 WS
19   42.15276504 -098.49729533 1 WS
1     1395 0 0 NE06 Woolf Brothers
100   18.90   3   0 0.25 0 0 0 09   42.82671598 -098.42745814    0.00    0.00 0  0 0 0 27   42.82659222 -098.41810526    0.00    0.00 0  0 0 0
110   4 1.00   0.00 New Taxiway 22
111  42.82694655 -098.42796592 
112  42.82694655 -098.42772111  42.82694655 -098.42758191 
111  42.82683389 -098.42760111 
112  42.82471094 -098.42764431  42.82441520 -098.42763471 
111  42.82445393 -098.42718830 
112  42.82447505 -098.42582985  42.82447857 -098.42575305 
112  42.82451730 -098.42538824  42.82454547 -098.42527784 
112  42.82461588 -098.42466342  42.82462996 -098.42447621 
112  42.82459828 -098.42428420  42.82456307 -098.42412580 
111  42.82447857 -098.42430340 
111  42.82430254 -098.42427940 
112  42.82429902 -098.42415940  42.82429902 -098.42410660 
112  42.82438000 -098.42403940  42.82440112 -098.42401060 
112  42.82457715 -098.42411140  42.82463700 -098.42418340 
112  42.82467925 -098.42449541  42.82468277 -098.42460101 
112  42.82460884 -098.42520103  42.82460532 -098.42534504 
111  42.82452082 -098.42577225 
112  42.82448562 -098.42730830  42.82448562 -098.42762511 
111  42.82476023 -098.42760111 
112  42.82801322 -098.42753817  42.82803258 -098.42753817 
112  42.82812166 -098.42760682  42.82814102 -098.42767018 
112  42.82807518 -098.42790251  42.82805969 -098.42793947 
112  42.82807131 -098.42786555  42.82808293 -098.42783915 
112  42.82808680 -098.42763322  42.82808293 -098.42760682 
111  42.82800547 -098.42757513 
112  42.82707215 -098.42758041  42.82702181 -098.42758041 
112  42.82699470 -098.42764906  42.82698695 -098.42767018 
113  42.82699857 -098.42797643 
110   3 1.00   0.00 New Taxiway 21
111  42.82389996 -098.42399357 
111  42.82417212 -098.42397811 
112  42.82649684 -098.42398584  42.82656488 -098.42398584 
111  42.82663292 -098.42385442 
112  42.82663292 -098.42420230  42.82662725 -098.42411727 
111  42.82649117 -098.42410953 
111  42.82484685 -098.42407861 
112  42.82464840 -098.42417911  42.82456902 -098.42427961 
112  42.82452366 -098.42459657  42.82449531 -098.42467387 
111  42.82436490 -098.42444195 
112  42.82413810 -098.42421776  42.82409841 -098.42421003 
113  42.82390563 -098.42418684 
14   42.82469333 -098.42383779    6 0 New Tower Viewpoint 56
15   42.82434831 -098.42413540   3.72 New Ramp Start 55
19   42.82448210 -098.42387619 0 New Windsock 57