1       26 1 0 EGPF Glasgow
100   46.02   1   1 0.00 1 3 0 05   55.86348064 -004.44906008    0.00  152.10 5  3 1 2 23   55.87997447 -004.41823594  306.02    0.00 3  3 1 2
102 H1   55.87097754 -004.42522446 293.16   24.99   20.12   1 0   0 0.00 0
102 H2   55.87108640 -004.42567583 293.15   24.99   20.12   1 0   0 0.00 0
21   55.86643051 -004.44508004  2  46.33   3.00 05  PAPI-4L
21   55.87549650 -004.42507038  2 226.36   3.00 23  PAPI-4L
110   2 0.00   0.00 New Taxiway 11
111  55.87035963 -004.42656591 
111  55.87089888 -004.42622298 
111  55.87104860 -004.42696254 
111  55.87059512 -004.42725941 
111  55.87048438 -004.42678923 
113  55.87042211 -004.42682631 
110   2 0.00  74.00 New Taxiway 10
112  55.86473367 -004.43402553  55.86468414 -004.43400346 
112  55.86458807 -004.43414857  55.86457569 -004.43422948 
112  55.86449122 -004.43473632  55.86445641 -004.43496668 
111  55.86449122 -004.43473632 
112  55.86449122 -004.43473632  55.86422170 -004.43461824 
111  55.86422170 -004.43461824 
111  55.86505361 -004.42920091 
111  55.86477864 -004.42813287 
111  55.86510854 -004.42757191 
111  55.86581277 -004.42785766 
111  55.86586304 -004.42752284 
111  55.86685202 -004.42793612 
111  55.86682307 -004.42814903 
111  55.86704696 -004.42824978 
111  55.86709396 -004.42789700 
111  55.86813026 -004.42839378 
111  55.86811575 -004.42852973 
111  55.86843121 -004.42867791 
111  55.86836491 -004.42929104 
111  55.86822139 -004.42923076 
111  55.86823452 -004.42909046 
111  55.86775795 -004.42915395 
111  55.86730672 -004.42892328 
112  55.86722730 -004.42875380  55.86713760 -004.42871726 
111  55.86699323 -004.42864821 
111  55.86701288 -004.42849694 
111  55.86678568 -004.42840585 
111  55.86675673 -004.42858678 
111  55.86668438 -004.42865389 
111  55.86667158 -004.42877679 
111  55.86591456 -004.42843516 
112  55.86568660 -004.42846357  55.86560202 -004.42853391 
112  55.86526539 -004.42875614  55.86518081 -004.42884657 
112  55.86518846 -004.42906707  55.86522229 -004.42924794 
112  55.86526632 -004.42949508  55.86529734 -004.42966087 
112  55.86549429 -004.42961877  55.86560142 -004.42953336 
112  55.86572130 -004.42943153  55.86579742 -004.42936622 
112  55.86598211 -004.42940479  55.86605541 -004.42943996 
112  55.86782454 -004.43035937  55.86788656 -004.43038450 
112  55.86792586 -004.43074216  55.86789766 -004.43091299 
112  55.86771852 -004.43202789  55.86769878 -004.43218364 
112  55.86749816 -004.43223678  55.86735155 -004.43215639 
112  55.86569317 -004.43123704  55.86555696 -004.43115613 
112  55.86523162 -004.43133735  55.86511192 -004.43156002 
112  55.86511192 -004.43156002  55.86504587 -004.43166300 
112  55.86525263 -004.43207025  55.86545489 -004.43216587 
112  55.86742305 -004.43320976  55.86746534 -004.43323488 
112  55.86747933 -004.43337693  55.86746783 -004.43344354 
112  55.86721009 -004.43506542  55.86719036 -004.43519103 
114  55.86704405 -004.43522259  55.86695947 -004.43517737 
110   2 0.00  74.00 New Taxiway 9
112  55.86382096 -004.43773355  55.86363934 -004.43760851 
112  55.86345318 -004.43804909  55.86339539 -004.43837273 
111  55.86345318 -004.43804909 
112  55.86345318 -004.43804909  55.86351097 -004.43772546 
111  55.86351729 -004.43759324 
111  55.86400111 -004.43646063 
111  55.86396524 -004.43628626 
111  55.86422170 -004.43461824 
111  55.86449122 -004.43473632 
112  55.86443235 -004.43518773  55.86442203 -004.43526496 
111  55.86443235 -004.43518773 
112  55.86443235 -004.43518773  55.86441171 -004.43534219 
112  55.86461734 -004.43563509  55.86474530 -004.43569393 
112  55.86681515 -004.43675387  55.86685643 -004.43676725 
112  55.86686769 -004.43690767  55.86685641 -004.43697299 
111  55.86682266 -004.43714172 
112  55.86565985 -004.43934365  55.86561857 -004.43942389 
114  55.86548277 -004.43935174  55.86541147 -004.43929825 
110   2 0.00  62.00 New Taxiway 8
111  55.86454020 -004.44155890 
111  55.86406138 -004.44111794 
111  55.86408051 -004.44100528 
111  55.86374617 -004.44069940 
111  55.86401447 -004.43979003 
112  55.86347676 -004.43955698  55.86337809 -004.43951177 
111  55.86337357 -004.43933560 
111  55.86321954 -004.43927443 
112  55.86335783 -004.43855073  55.86339085 -004.43833007 
111  55.86335783 -004.43855073 
112  55.86335783 -004.43855073  55.86332481 -004.43877139 
112  55.86350448 -004.43911595  55.86366133 -004.43927704 
111  55.86489815 -004.44046103 
111  55.86487559 -004.44056118 
113  55.86501353 -004.44069899 
110   1 0.00   0.00 New Taxiway 1
111  55.87896656 -004.41932796 102 
112  55.87859745 -004.41870081  55.87812842 -004.41855917 102 
112  55.87746501 -004.41944352  55.87726254 -004.41983187 102 
112  55.87661584 -004.42100384  55.87653895 -004.42113176 102 
112  55.87660218 -004.42122399  55.87663550 -004.42122399 102 
112  55.87688200 -004.42131254  55.87719515 -004.42140110 
111  55.87688200 -004.42131254 
112  55.87688200 -004.42131254  55.87733225 -004.42146265 102 
111  55.87756369 -004.42195810 
111  55.87731114 -004.42243497 102 
112  55.87709164 -004.42197181  55.87697719 -004.42197181 
111  55.87709164 -004.42197181 
112  55.87709164 -004.42197181  55.87690454 -004.42197181 102 
111  55.87681694 -004.42201392 
112  55.87509172 -004.42481776  55.87489437 -004.42514669 
112  55.87379527 -004.42613353  55.87325448 -004.42647615 102 
111  55.87252666 -004.42691256 
112  55.87251667 -004.42694816  55.87250668 -004.42698377 
111  55.87251667 -004.42694816 
112  55.87251667 -004.42694816  55.87245516 -004.42698928 
112  55.87225196 -004.42753566  55.87225453 -004.42793765 
111  55.87226195 -004.43024171 
112  55.87227194 -004.43093602  55.87227450 -004.43152073 
111  55.87248914 -004.43144247 
111  55.87182947 -004.43267544 
111  55.87182915 -004.43026286 
112  55.87182947 -004.42806811  55.87182690 -004.42793563 
112  55.87154347 -004.42764775  55.87133330 -004.42777566 102 
111  55.87133330 -004.42777566 
111  55.87126180 -004.42743324 102 
112  55.87315798 -004.42613333  55.87357970 -004.42586754 102 
112  55.87405498 -004.42525798  55.87418080 -004.42501296 102 
111  55.87440460 -004.42460692 102 
111  55.87452946 -004.42436655 102 
111  55.87536854 -004.42281753 
111  55.87522869 -004.42250593 
111  55.87621760 -004.42095686 
111  55.87628070 -004.42109887 102 
112  55.87731008 -004.41917541  55.87774578 -004.41836216 102 
112  55.87866121 -004.41824587  55.87907641 -004.41831441 102 
113  55.87925330 -004.41880193 
112  55.87650213 -004.42213767  55.87661490 -004.42194168 
111  55.87650213 -004.42213767 
112  55.87650213 -004.42213767  55.87655852 -004.42203967 
112  55.87652468 -004.42188263  55.87649085 -004.42182987 
111  55.87652468 -004.42188263 
112  55.87652468 -004.42188263  55.87650777 -004.42185625 102 
112  55.87645138 -004.42184934  55.87642037 -004.42185593 
112  55.87634425 -004.42193665  55.87630478 -004.42199068 
111  55.87634425 -004.42193665 
112  55.87634425 -004.42193665  55.87618637 -004.42215274 
112  55.87575220 -004.42290151  55.87564225 -004.42310755 
114  55.87582551 -004.42322816  55.87595237 -004.42301207 
112  55.87435534 -004.42530827  55.87433904 -004.42533540 
112  55.87439084 -004.42534518  55.87443975 -004.42530256 
112  55.87493859 -004.42465329  55.87512575 -004.42435377 
112  55.87542799 -004.42387140  55.87560560 -004.42353470 
113  55.87549283 -004.42315780 102 
110   1 0.00   0.00 New Taxiway 4
111  55.87133330 -004.42777566 102 
112  55.87003272 -004.42869271  55.86961620 -004.42902710 102 
112  55.86902433 -004.42954527  55.86863032 -004.42993984 102 
112  55.86848648 -004.43083813  55.86841144 -004.43128619 102 
112  55.86836079 -004.43169137  55.86830440 -004.43210841 
111  55.86836079 -004.43169137 
112  55.86836079 -004.43169137  55.86833511 -004.43194426 
112  55.86859649 -004.43211131  55.86869201 -004.43214170 
111  55.86859649 -004.43211131 
112  55.86859649 -004.43211131  55.86862719 -004.43196539 
111  55.86877363 -004.43101410 
111  55.86970534 -004.43148900 
111  55.86952822 -004.43257572 
111  55.86971245 -004.43265600 
111  55.86960823 -004.43335190 
112  55.86849933 -004.43280838  55.86844576 -004.43278326 
112  55.86811074 -004.43314439  55.86801770 -004.43367698 102 
112  55.86756230 -004.43658405  55.86748541 -004.43738961 102 
112  55.86778648 -004.43738535  55.86786803 -004.43740611 102 
111  55.86801413 -004.43732871 102 
112  55.86908448 -004.43670945  55.86983497 -004.43627171 102 
111  55.87024115 -004.43564943 
111  55.86945567 -004.43712620 102 
112  55.86925135 -004.43700482  55.86910466 -004.43708386 102 
112  55.86787223 -004.43787071  55.86771531 -004.43798014 102 
112  55.86746695 -004.43813571  55.86726568 -004.43826946 102 
112  55.86686307 -004.43876885  55.86666096 -004.43912912 102 
112  55.86666096 -004.43912912  55.86645885 -004.43948939 
111  55.86666096 -004.43912912 
112  55.86666096 -004.43912912  55.86656544 -004.43932366 102 
112  55.86645994 -004.43964523  55.86642243 -004.43986106 102 
112  55.86629909 -004.44085239  55.86622339 -004.44148938 
111  55.86629909 -004.44085239 
112  55.86629909 -004.44085239  55.86626705 -004.44117668 102 
112  55.86629840 -004.44169575  55.86633669 -004.44194610 102 
112  55.86650300 -004.44221724  55.86658501 -004.44225606 
111  55.86650300 -004.44221724 
112  55.86650300 -004.44221724  55.86666703 -004.44229488 102 
111  55.86669975 -004.44226118 
111  55.86586851 -004.44388726 
111  55.86511353 -004.44522646 102 
112  55.86500030 -004.44523385  55.86491502 -004.44525816 102 
112  55.86427625 -004.44555132  55.86419438 -004.44558171 102 
112  55.86371537 -004.44544824  55.86355163 -004.44512607 102 
112  55.86336124 -004.44519739  55.86327255 -004.44539190 102 
111  55.86276023 -004.44647333 102 
112  55.86267048 -004.44674142  55.86264877 -004.44680774 102 
112  55.86268528 -004.44694131  55.86271009 -004.44700210 102 
112  55.86313993 -004.44786817  55.86331732 -004.44819034 102 
111  55.86353830 -004.44817061 
111  55.86325001 -004.44870455 102 
112  55.86298893 -004.44818277  55.86295822 -004.44814022 102 
112  55.86282062 -004.44819785  55.86276945 -004.44826471 102 
111  55.86259449 -004.44848406 102 
111  55.86233976 -004.44804788 102 
111  55.86191992 -004.44735761 102 
111  55.86257123 -004.44613384 102 
111  55.86454202 -004.44240391 
111  55.86386164 -004.44197190 
111  55.86400119 -004.44139165 
112  55.86433675 -004.44167021  55.86440901 -004.44173019 
111  55.86433675 -004.44167021 
112  55.86433675 -004.44167021  55.86431114 -004.44185567 
112  55.86431114 -004.44185567  55.86428554 -004.44204113 
111  55.86431114 -004.44185567 
112  55.86431114 -004.44185567  55.86440259 -004.44195028 
112  55.86456904 -004.44188612  55.86461963 -004.44177295 
112  55.86454020 -004.44155890  55.86452430 -004.44152249 
111  55.86454020 -004.44155890 
112  55.86454020 -004.44155890  55.86501353 -004.44069899 
111  55.86501353 -004.44069899 
111  55.86487559 -004.44056118 
111  55.86489815 -004.44046103 
112  55.86350448 -004.43911595  55.86334762 -004.43895487 
112  55.86335783 -004.43855073  55.86339085 -004.43833007 
112  55.86345318 -004.43804909  55.86351097 -004.43772546 
112  55.86382096 -004.43773355  55.86400258 -004.43785859 
112  55.86548277 -004.43935174  55.86555406 -004.43940524 
112  55.86565985 -004.43934365  55.86570112 -004.43926341 
111  55.86682266 -004.43714172 
112  55.86686769 -004.43690767  55.86687896 -004.43684236 
112  55.86681515 -004.43675387  55.86677387 -004.43674050 
112  55.86461734 -004.43563509  55.86448938 -004.43557624 
112  55.86443235 -004.43518773  55.86445299 -004.43503327 
111  55.86443235 -004.43518773 
112  55.86443235 -004.43518773  55.86444267 -004.43511050 
112  55.86449122 -004.43473632  55.86452602 -004.43450595 
112  55.86458807 -004.43414857  55.86460046 -004.43406766 
112  55.86473367 -004.43402553  55.86478320 -004.43404759 
112  55.86704405 -004.43522259  55.86712863 -004.43526781 
112  55.86721009 -004.43506542  55.86722983 -004.43493982 
112  55.86747933 -004.43337693  55.86749084 -004.43331032 
112  55.86742305 -004.43320976  55.86738076 -004.43318463 
112  55.86525263 -004.43207025  55.86505038 -004.43197463 
112  55.86511192 -004.43156002  55.86517796 -004.43145705 
112  55.86523162 -004.43133735  55.86535132 -004.43111467 
112  55.86569317 -004.43123704  55.86582938 -004.43131795 
112  55.86749816 -004.43223678  55.86764476 -004.43231716 
112  55.86771852 -004.43202789  55.86773825 -004.43187214 
112  55.86792586 -004.43074216  55.86795405 -004.43057134 
112  55.86782454 -004.43035937  55.86776252 -004.43033425 
112  55.86598211 -004.42940479  55.86590881 -004.42936962 
112  55.86572130 -004.42943153  55.86564518 -004.42949685 
112  55.86549429 -004.42961877  55.86538716 -004.42970418 
112  55.86526632 -004.42949508  55.86523531 -004.42932928 
112  55.86518846 -004.42906707  55.86515462 -004.42888620 
112  55.86526539 -004.42875614  55.86534997 -004.42866571 
112  55.86568660 -004.42846357  55.86577118 -004.42839324 
111  55.86591456 -004.42843516 
111  55.86667158 -004.42877679 
112  55.86720165 -004.42901690  55.86727495 -004.42905207 
111  55.86730672 -004.42892328 
112  55.86775795 -004.42915395  55.86820918 -004.42938461 
111  55.86775795 -004.42915395 
112  55.86775795 -004.42915395  55.86770156 -004.42914892 
112  55.86775326 -004.42961874  55.86793933 -004.42969913 
112  55.86808723 -004.42975249  55.86827894 -004.42982785 
112  55.86820729 -004.42937799  55.86809170 -004.42922071 
111  55.86820729 -004.42937799 
112  55.86820729 -004.42937799  55.86822139 -004.42923076 
111  55.86822139 -004.42923076 
112  55.86836491 -004.42929104  55.86850844 -004.42935132 
111  55.86836491 -004.42929104 
112  55.86836491 -004.42929104  55.86835927 -004.42943172 
112  55.86856004 -004.42949836  55.86866717 -004.42939787 
111  55.86911540 -004.42901015 
111  55.86947564 -004.42866239 
111  55.86985839 -004.42837481 
111  55.86974957 -004.42793342 
111  55.87019235 -004.42763247 
111  55.87028617 -004.42803478 
111  55.87039123 -004.42798692 
111  55.87040016 -004.42776574 
111  55.87015858 -004.42634842 
111  55.87009104 -004.42638186 
111  55.86990970 -004.42559479 
111  55.87006102 -004.42545226 
112  55.87026478 -004.42638580  55.87027491 -004.42643479 
111  55.87031253 -004.42640843 
111  55.87035963 -004.42656591 
111  55.87042211 -004.42682631 
112  55.87040624 -004.42714426  55.87042505 -004.42726287 
111  55.87049164 -004.42772588 
111  55.87056760 -004.42788660 102 
113  55.87126180 -004.42743324 
112  55.86389972 -004.44504865  55.86393687 -004.44510749 102 
112  55.86408547 -004.44510749  55.86415564 -004.44509278 102 
112  55.86470049 -004.44490154  55.86481607 -004.44484269 102 
112  55.86531139 -004.44449698  55.86572003 -004.44421747 
111  55.86531139 -004.44449698 
112  55.86531139 -004.44449698  55.86541355 -004.44442710 102 
112  55.86571421 -004.44409643  55.86582890 -004.44389107 
112  55.86582890 -004.44389107  55.86589520 -004.44376097 
111  55.86582890 -004.44389107 
112  55.86582890 -004.44389107  55.86589520 -004.44376097 
112  55.86594007 -004.44367296  55.86605123 -004.44345485 102 
112  55.86605850 -004.44295968  55.86606469 -004.44278131 
111  55.86605850 -004.44295968 
112  55.86605850 -004.44295968  55.86608327 -004.44224619 102 
112  55.86605437 -004.44150328  55.86604612 -004.44139295 102 
112  55.86599659 -004.44107666  55.86594705 -004.44093691 102 
112  55.86562025 -004.44097594  55.86546340 -004.44122602 102 
111  55.86425255 -004.44353693 102 
114  55.86383565 -004.44458877  55.86379851 -004.44488299 102 
110   1 0.00   0.00 New Taxiway 6
111  55.87228216 -004.43338716 
111  55.87229305 -004.43580627 
112  55.87230422 -004.43755445  55.87229999 -004.43795463 
112  55.87254537 -004.43809568  55.87267034 -004.43819007 
111  55.87273574 -004.43823083 
112  55.87260731 -004.43891268  55.87247889 -004.43959453 
111  55.87260731 -004.43891268 
112  55.87260731 -004.43891268  55.87252047 -004.43886738 
112  55.87231058 -004.43922555  55.87231481 -004.43973144 
112  55.87234440 -004.44411075  55.87234440 -004.44461286 
112  55.87262514 -004.44463956  55.87269715 -004.44463578 
111  55.87295752 -004.44462771 
111  55.87295087 -004.44488836 
112  55.86822871 -004.44497806  55.86801478 -004.44498561 
112  55.86762788 -004.44466469  55.86745207 -004.44436270 
111  55.86740032 -004.44427595 
112  55.86699961 -004.44358396  55.86696148 -004.44351978 
111  55.86689669 -004.44349202 
111  55.86706994 -004.44316492 
112  55.86711308 -004.44337924  55.86715121 -004.44344341 
111  55.86751481 -004.44407350 
112  55.86773159 -004.44445452  55.86787563 -004.44471121 
112  55.86828776 -004.44471487  55.86858854 -004.44471487 
112  55.87158449 -004.44464509  55.87172429 -004.44464509 
112  55.87190600 -004.44404089  55.87190600 -004.44350858 
112  55.87188535 -004.43899369  55.87188535 -004.43854648 
112  55.87164333 -004.43833826  55.87145570 -004.43821119 
111  55.87145570 -004.43821119 
111  55.87160580 -004.43751563 
112  55.87175590 -004.43758920  55.87186585 -004.43763945 
112  55.87187598 -004.43732837  55.87187316 -004.43724797 
111  55.87186698 -004.43582230 
112  55.87186472 -004.43451270  55.87185625 -004.43435036 
113  55.87178217 -004.43431205 
110   2 0.00   0.00 New Taxiway 12
112  55.87026478 -004.42638580  55.87025465 -004.42633681 
111  55.87006102 -004.42545226 
111  55.86990970 -004.42559479 
111  55.86979278 -004.42512989 
111  55.87048721 -004.42470183 
111  55.87059861 -004.42524590 
111  55.87069699 -004.42517886 
111  55.87076932 -004.42553985 
111  55.87092820 -004.42541557 
111  55.87093981 -004.42546667 
111  55.87110279 -004.42534414 
111  55.87112488 -004.42543267 
111  55.87096169 -004.42555723 
111  55.87096491 -004.42556959 
111  55.87080175 -004.42568739 
111  55.87087508 -004.42603385 
113  55.87031253 -004.42640843 
130 Airport Boundary 7
111  55.86246748 -004.45597759 
111  55.86210945 -004.45628729 
111  55.86168641 -004.45633840 
111  55.86132383 -004.45625226 
111  55.86101867 -004.45598038 
111  55.86077841 -004.45564658 
111  55.86039163 -004.45503548 
111  55.85987190 -004.45378643 
111  55.85968456 -004.45310806 
111  55.85943528 -004.45206912 
111  55.85942303 -004.45162893 
111  55.85957424 -004.45122109 
111  55.85997464 -004.45084685 
111  55.86026143 -004.45044205 
111  55.86032573 -004.45002108 
111  55.86026817 -004.44961600 
111  55.86017202 -004.44938081 
111  55.86004863 -004.44917798 
111  55.86225909 -004.44494880 
111  55.86219860 -004.44421390 
111  55.86340122 -004.44198496 
111  55.86340727 -004.44188805 
111  55.86286336 -004.44157577 
111  55.86093553 -004.44077893 
111  55.86110603 -004.43975561 
111  55.86141753 -004.43729553 
111  55.86252161 -004.43029886 
111  55.86268346 -004.42887338 
111  55.86280897 -004.42738318 
111  55.86285886 -004.42598050 
111  55.86286336 -004.42447565 
111  55.86463557 -004.42426568 
111  55.86481386 -004.42426300 
111  55.86527617 -004.42455378 
111  55.86580648 -004.42505720 
111  55.86678700 -004.42530758 
111  55.86737625 -004.42538029 
111  55.86820569 -004.42533716 
111  55.86817547 -004.42564950 
111  55.86877981 -004.42557411 
111  55.86879189 -004.42564950 
111  55.86897320 -004.42568181 
111  55.86916054 -004.42550949 
111  55.86916666 -004.42524242 
111  55.87316301 -004.42324952 
111  55.87649755 -004.41901146 
111  55.87981267 -004.41482267 
111  55.87992706 -004.41506770 
111  55.88011831 -004.41536961 
111  55.88023560 -004.41516661 
111  55.88029982 -004.41484646 
111  55.88027062 -004.41474237 
111  55.88033775 -004.41456709 
111  55.88100355 -004.41585787 
111  55.88159429 -004.41713648 
111  55.88168189 -004.41724058 
111  55.88164587 -004.41764978 
111  55.88175343 -004.42039464 
111  55.88151036 -004.42111640 
111  55.88124682 -004.42171653 
111  55.88070519 -004.42314251 
111  55.88043608 -004.42393716 
111  55.88029009 -004.42487398 
111  55.88022828 -004.42495375 
111  55.87999519 -004.42487827 
111  55.87980344 -004.42471784 
111  55.87956012 -004.42463768 
111  55.87898521 -004.42506559 
111  55.87798754 -004.42703831 
111  55.87794903 -004.43047723 
111  55.87774007 -004.43042519 
111  55.87746755 -004.43037315 
111  55.87591029 -004.43084151 
111  55.87578376 -004.43101498 
111  55.87555991 -004.43113641 
111  55.87558910 -004.43172619 
111  55.87409024 -004.43934110 
111  55.87360360 -004.44176938 
111  55.87342841 -004.44235910 
111  55.87313835 -004.44467757 
111  55.87207796 -004.44843232 
111  55.87121551 -004.44745346 
111  55.87069814 -004.44694396 
111  55.86941387 -004.44638403 
111  55.86896308 -004.44620592 
111  55.86848506 -004.44612489 
111  55.86798887 -004.44623807 
111  55.86753808 -004.44661018 
111  55.86510941 -004.45111832 
113  55.86278063 -004.45561028 
120 Hold G1
111  55.86298893 -004.44818277   4 103 
115  55.86313993 -004.44786817 
120 ILS Hold G1A
111  55.86233976 -004.44804788   6 104 
115  55.86249861 -004.44773522 
120 ILS Hold G2
111  55.86257123 -004.44613384   6 104 
115  55.86276023 -004.44647333 
120 Hold F1
111  55.86371537 -004.44544824   4 104 
115  55.86389972 -004.44504865 
120 Hold E1
111  55.86599659 -004.44107666   4 104 
111  55.86616110 -004.44082954   4 104 
115  55.86629909 -004.44085239 
120 Hold D1
111  55.86787223 -004.43787071   4 104 
115  55.86778648 -004.43738535 
120 Hold Z1
111  55.86751481 -004.44407350   4 103 
115  55.86740032 -004.44427595 
120 Hold Y1
111  55.87229305 -004.43580627   4 103 
115  55.87186698 -004.43582230 
120 Hold C1
111  55.87182915 -004.43026286   4 103 
115  55.87226195 -004.43024171 
120 Hold A3
111  55.87133330 -004.42777566   4 104 
115  55.87126180 -004.42743324 
120 ILS Hold B2
111  55.87652468 -004.42188263   6 104 
115  55.87660218 -004.42122399 
120 Hold B1
111  55.87681694 -004.42201392   4 103 
115  55.87688200 -004.42131254 
120 ILS Hold A2
111  55.87746501 -004.41944352   6 104 
115  55.87731008 -004.41917541 
120 Hold A1
111  55.87859745 -004.41870081   4 103 
115  55.87866121 -004.41824587 
120 Linear Feature 56
111  55.86265730 -004.44631990   1 
112  55.86230664 -004.44701258  55.86217849 -004.44726999   1 
112  55.86228101 -004.44764366  55.86239751 -004.44784295   1 
112  55.86250236 -004.44799241  55.86256527 -004.44807960   1 
112  55.86271205 -004.44790522  55.86282855 -004.44778897   1 
115  55.86298384 -004.44788723 
120 Linear Feature 35
111  55.87031684 -004.42700111   1 
112  55.87037970 -004.42671150  55.87046373 -004.42665222   1 
112  55.87080613 -004.42644465  55.87087616 -004.42640721   1 
115  55.87090865 -004.42650694 
120 Linear Feature 34
111  55.87046363 -004.42785240   1 
111  55.87031684 -004.42700111   1 
112  55.87017005 -004.42615812  55.87016073 -004.42611244   1 
112  55.87020966 -004.42598786  55.87024461 -004.42596295   1 
115  55.87091797 -004.42552277 
120 Linear Feature 33
111  55.87063176 -004.42805321   1 
112  55.87046363 -004.42785240  55.87042931 -004.42766931 
111  55.87046363 -004.42785240 
112  55.87046363 -004.42785240  55.87049074 -004.42804002   1 
115  55.87043490 -004.42818085 
120 Linear Feature 32
111  55.87604763 -004.42178726   1 101 
112  55.87653262 -004.42150075  55.87687788 -004.42142901 
111  55.87653262 -004.42150075 
112  55.87653262 -004.42150075  55.87633987 -004.42145544   1 101 
115  55.87640261 -004.42115443 
120 Linear Feature 31
112  55.86599600 -004.44027664  55.86587602 -004.44018599   1 101 
116  55.86573418 -004.44010971  55.86566563 -004.44011248 
120 Linear Feature 29
112  55.86616110 -004.44082954  55.86617508 -004.44054511   1 101 
112  55.86599600 -004.44027664  55.86587602 -004.44018599   1 101 
116  55.86571731 -004.44042960  55.86569284 -004.44047735 
120 Linear Feature 28
111  55.86616110 -004.44082954   1 101 
112  55.86621405 -004.43956869  55.86621871 -004.43946488   1 101 
115  55.86626612 -004.43936199 
120 Linear Feature 27
111  55.86677971 -004.43830628   1 101 
112  55.86686314 -004.43821826  55.86692197 -004.43816956   1 101 
112  55.86782636 -004.43764508  55.86816032 -004.43744446 
111  55.86782636 -004.43764508 
112  55.86782636 -004.43764508  55.86736387 -004.43780250   1 101 
116  55.86729965 -004.43676829  55.86724712 -004.43628168 
120 Linear Feature 25
111  55.86531574 -004.43996224   1 101 
115  55.86366093 -004.43843421 
120 Linear Feature 24
111  55.86545627 -004.44090884   1 101 
112  55.86531574 -004.43996224  55.86495290 -004.43963065 
111  55.86531574 -004.43996224 
112  55.86531574 -004.43996224  55.86549096 -004.44012803   1 101 
112  55.86573418 -004.44010971  55.86584904 -004.44007775   1 101 
115  55.86595038 -004.44000019 
120 Linear Feature 22
111  55.86692775 -004.43598723   1 101 
115  55.86478383 -004.43489831 
120 Linear Feature 21
111  55.86746530 -004.43565227   1 101 
112  55.86692775 -004.43598723  55.86659903 -004.43581590 
111  55.86692775 -004.43598723 
112  55.86692775 -004.43598723  55.86724718 -004.43617513   1 101 
115  55.86729965 -004.43676829 
120 Linear Feature 20
111  55.86743930 -004.43267389   1 101 
115  55.86546157 -004.43165284 
120 Linear Feature 18
111  55.86799308 -004.43241796   1 101 
112  55.86743930 -004.43267389  55.86700592 -004.43244967 
111  55.86743930 -004.43267389 
112  55.86743930 -004.43267389  55.86787034 -004.43291058   1 101 
115  55.86780472 -004.43358001 
120 Linear Feature 17
111  55.86852699 -004.43254130   1 101 
115  55.86956489 -004.43302071 
120 Linear Feature 16
112  55.86808790 -004.43182740  55.86806248 -004.43223510   1 101 
112  55.86852699 -004.43254130  55.86878964 -004.43266210 
111  55.86852699 -004.43254130 
112  55.86852699 -004.43254130  55.86827281 -004.43241673   1 101 
116  55.86793039 -004.43279061  55.86784354 -004.43305863 
120 Linear Feature 15
112  55.86824700 -004.43086016  55.86828513 -004.43032035   1 101 
116  55.86793259 -004.42991697  55.86780296 -004.42985618 
120 Main CentreLine 1
112  55.86860110 -004.42972570  55.86841348 -004.42992025   1 101 
111  55.86824700 -004.43086016   1 101 
111  55.86808790 -004.43182740   1 101 
111  55.86799308 -004.43241796   1 101 
111  55.86793039 -004.43279061   1 101 
111  55.86780472 -004.43358001   1 101 
111  55.86746530 -004.43565227   1 101 
111  55.86729965 -004.43676829   1 101 
112  55.86717586 -004.43745921  55.86715198 -004.43755648   1 101 
111  55.86677971 -004.43830628   1 101 
111  55.86626612 -004.43936199   1 101 
111  55.86595038 -004.44000019   1 101 
111  55.86571731 -004.44042960   1 101 
111  55.86545627 -004.44090884   1 101 
111  55.86480664 -004.44216297   1 101 
111  55.86464048 -004.44249271   1 101 
112  55.86373830 -004.44423538  55.86324707 -004.44513503   1 101 
112  55.86265730 -004.44631990  55.86242533 -004.44681227   1 105 
112  55.86262562 -004.44723137  55.86268361 -004.44732863 
111  55.86262562 -004.44723137 
112  55.86262562 -004.44723137  55.86265461 -004.44728000   1 105 
112  55.86298384 -004.44788723  55.86311050 -004.44811982   1 105 
112  55.86326870 -004.44840487  55.86337616 -004.44859939 
111  55.86326870 -004.44840487 
112  55.86326870 -004.44840487  55.86348362 -004.44879391   1 105 
112  55.86381297 -004.44843038  55.86390883 -004.44825957   1 105 
115  55.86399229 -004.44809693 
120 Main CentreLine 1
111  55.87893466 -004.42017891   1 105 
111  55.87910526 -004.41986024   1 105 
112  55.87907593 -004.41886746  55.87883604 -004.41835220   1 105 
112  55.87738558 -004.41930789  55.87677208 -004.42045413   1 101 
111  55.87640261 -004.42115443   1 101 
111  55.87604763 -004.42178726   1 101 
112  55.87423145 -004.42523060  55.87392179 -004.42583595   1 101 
112  55.87343067 -004.42617235  55.87311683 -004.42636691   1 101 
112  55.87236361 -004.42687013  55.87200543 -004.42714373   1 101 
112  55.87129655 -004.42761655  55.87104071 -004.42776855   1 101 
111  55.87063176 -004.42805321   1 101 
111  55.87043490 -004.42818085   1 101 
112  55.86999357 -004.42848792  55.86962515 -004.42875543   1 101 
112  55.86860110 -004.42972570  55.86830773 -004.43007832   1 101 
112  55.86793259 -004.42991697  55.86780296 -004.42985618   1 101 
112  55.86616181 -004.42898278  55.86580703 -004.42880649   1 101 
112  55.86545113 -004.42909920  55.86536243 -004.42919039   1 101 
115  55.86528745 -004.42925750 
120 Linear Feature 40
111  55.86628397 -004.44381549   1 105 
112  55.86597644 -004.44432606  55.86580664 -004.44456627   1 105 
112  55.86455588 -004.44520604  55.86390617 -004.44547963 
111  55.86455588 -004.44520604 
112  55.86455588 -004.44520604  55.86423103 -004.44534283   1 105 
112  55.86378601 -004.44521611  55.86362678 -004.44503519   1 105 
116  55.86373830 -004.44423538  55.86388248 -004.44385164 
120 Linear Feature 39
111  55.86615827 -004.44080645   1 105 
112  55.86618829 -004.44190314  55.86621455 -004.44278584   1 105 
116  55.86698088 -004.44250932  55.86712722 -004.44221509 
120 Linear Feature 38
111  55.86782636 -004.43764508   1 105 
112  55.86929781 -004.43679205  55.87002841 -004.43636539   1 105 
112  55.87046381 -004.43595266  55.87058351 -004.43579082   1 105 
115  55.87089391 -004.43520573 
120 Linear Feature 37
112  55.87744431 -004.42218173  55.87724584 -004.42174502   1 105 
116  55.87653262 -004.42150075  55.87601162 -004.42142335 
120 Linear Feature 36
111  55.87784437 -004.42220937   1 105 
112  55.87744431 -004.42218173  55.87723033 -004.42183347 
111  55.87744431 -004.42218173 
112  55.87744431 -004.42218173  55.87765520 -004.42254106   1 105 
115  55.87741330 -004.42303858 
120 Linear Feature 44
111  55.87536854 -004.42281753   3 102 
115  55.87628070 -004.42109887 
120 Linear Feature 43
111  55.87681694 -004.42201392   3 102 
115  55.87652468 -004.42188263 
120 Linear Feature 42
111  55.87645138 -004.42184934   3 102 
112  55.87631158 -004.42183688  55.87624856 -004.42188681   3 102 
111  55.87616579 -004.42200008   3 102 
115  55.87549283 -004.42315780 
120 Linear Feature 41
111  55.87435534 -004.42530827   3 102 
112  55.87403677 -004.42583815  55.87385037 -004.42606846   3 102 
115  55.87379527 -004.42613353 
14   55.86977243 -004.43040165   60 0 ATC Tower
15   55.86919000 -004.42574800 290.00 GA Parking
15   55.87006000 -004.42613100 200.00 Helipad
15   55.86536400 -004.43035900 285.00 Stand 1
15   55.86656200 -004.43139000  74.00 Stand 10
15   55.86621900 -004.43125200  74.00 Stand 11
15   55.86584900 -004.43117900  74.00 Stand 12
15   55.86537900 -004.43259300 254.00 Stand 14
15   55.86566900 -004.43277600 254.00 Stand 15
15   55.86606200 -004.43296900 254.00 Stand 16
15   55.86644000 -004.43314700 254.00 Stand 17
15   55.86676400 -004.43331200 254.00 Stand 18
15   55.86731300 -004.43370200 205.00 Stand 19
15   55.86723300 -004.43338100 205.00 Stand 19L
15   55.86739300 -004.43405500 205.00 Stand 19R
15   55.86586000 -004.43009900 273.00 Stand 2
15   55.86717200 -004.43445800 164.00 Stand 20
15   55.86700800 -004.43496100 130.00 Stand 21
15   55.86665000 -004.43461700  90.00 Stand 22
15   55.86621100 -004.43435100  73.00 Stand 23
15   55.86588700 -004.43417300  73.00 Stand 24
15   55.86542100 -004.43389200  73.00 Stand 25
15   55.86513100 -004.43372800  73.00 Stand 26
15   55.86523800 -004.43378100  73.00 Stand 26L
15   55.86501700 -004.43366600  73.00 Stand 26R
15   55.86476500 -004.43623300 253.00 Stand 27
15   55.86523800 -004.43661600 253.00 Stand 28
15   55.86564600 -004.43695000 253.00 Stand 29
15   55.86617300 -004.43010100 273.00 Stand 2A
15   55.86642500 -004.43022200 273.00 Stand 3
15   55.86640200 -004.43738800 253.00 Stand 30
15   55.86622200 -004.43734000 253.00 Stand 30L
15   55.86655000 -004.43763900 253.00 Stand 30R
15   55.86615400 -004.43861800 137.00 Stand 31
15   55.86547900 -004.43896800  42.00 Stand 32
15   55.86508900 -004.43851100  42.00 Stand 33
15   55.86472700 -004.43808000  42.00 Stand 34
15   55.86460100 -004.43784000  42.00 Stand 35
15   55.86399500 -004.43788500 130.00 Stand 36
15   55.86662300 -004.43034100 274.00 Stand 4
15   55.86710400 -004.43050300 240.00 Stand 5
15   55.86765700 -004.43097700 210.00 Stand 6
15   55.86547900 -004.42789300  90.00 Stand 61
15   55.86560400 -004.42804800 100.00 Stand 62
15   55.86581400 -004.42808800  75.00 Stand 63
15   55.86750000 -004.43049300 210.00 Stand 6L
15   55.86795000 -004.43134400 210.00 Stand 6R
15   55.86751900 -004.43173700 134.00 Stand 7
15   55.86767600 -004.43150600 134.00 Stand 7L
15   55.86734000 -004.43200600 134.00 Stand 7R
15   55.86692000 -004.43149600 100.00 Stand 8
18   55.86964374 -004.43397852 1 BCN
19   55.86796733 -004.44569221 1 WS
19   55.87452808 -004.42227508 1 WS
50 12957 Glasgow Information
53 12170 Glasgow Ground
54 11880 Glasgow Tower
55 11910 Glasgow Approach
1       65 1 0 EGPK Prestwick
100   45.11   1   1 0.00 0 3 0 03   55.48700368 -004.58845881  163.98    0.00 4  0 0 0 21   55.50340008 -004.57575302    0.00    0.00 5 10 0 0
100   46.02   1   1 0.00 1 3 0 13   55.51638965 -004.61483706  249.02    0.00 5  4 0 1 31   55.50241311 -004.57440190    0.00    0.00 5  4 0 1
21   55.49194932 -004.58592801  2  23.69   3.00 03  PAPI-4L
21   55.51386889 -004.60503697  2 121.44   3.00 13  PAPI-4L
21   55.50032659 -004.57678316  2 203.70   3.50 21  PAPI-4L
21   55.50386454 -004.58122024  2 301.47   3.50 31  PAPI-4L
110   1 0.00 121.40 rwy 31 edges
111  55.50311677 -004.57539842 
111  55.50267425 -004.57412098 
111  55.50215470 -004.57468430 
111  55.50255413 -004.57583803 
111  55.50246107 -004.57591110 
112  55.50221125 -004.57520884  55.50196142 -004.57450657 
111  55.50221125 -004.57520884 
112  55.50221125 -004.57520884  55.50200805 -004.57526708 
111  55.50185685 -004.57503005 
111  55.50213500 -004.57471908 
111  55.50211629 -004.57466437 
111  55.50224866 -004.57452188 
111  55.50218031 -004.57434527 
111  55.50249726 -004.57400309 
111  55.50256657 -004.57419313 
111  55.50275993 -004.57398624 
113  55.50323622 -004.57530904 
110   1 0.00 121.40 Twy T and C and F Aprons
111  55.50343338 -004.57631175 
111  55.50351823 -004.57624619 
111  55.50783523 -004.58860532 102 
111  55.50787483 -004.58857036 102 
111  55.50827080 -004.58707344 
111  55.51037507 -004.57923079 
112  55.51060572 -004.57938562  55.51076771 -004.57950367 
111  55.51100202 -004.57970022 
111  55.51117901 -004.57997490 
112  55.51159421 -004.58085825  55.51162406 -004.58092027 
111  55.51169884 -004.58094208 
111  55.51306574 -004.58436710 
111  55.51383504 -004.58340628 
111  55.51482839 -004.58574875 
111  55.51509117 -004.58656999 
111  55.51510480 -004.58799224 
111  55.51506931 -004.58854443 
111  55.51453581 -004.58917023 
111  55.51428751 -004.58882969 
111  55.51400658 -004.58916998 
111  55.51415119 -004.58960635 
111  55.51401723 -004.58976349 
111  55.51407305 -004.58998471 
111  55.51398895 -004.59006813 
111  55.51428753 -004.59093968 
111  55.51290852 -004.59260235 
111  55.51249244 -004.59149075 
111  55.51137540 -004.59274438 
111  55.51122859 -004.59290993 
111  55.51100745 -004.59317405 
111  55.50986283 -004.59451365 
111  55.51012465 -004.59518927 
111  55.51044399 -004.59481341 
111  55.51051232 -004.59495016 
111  55.51100078 -004.59452568 
111  55.51283326 -004.59951749 
111  55.51260794 -004.59976845 
112  55.51248555 -004.59941824  55.51246430 -004.59935819 
112  55.51221831 -004.59925579  55.51209932 -004.59919575 
112  55.51192681 -004.59890937  55.51187581 -004.59877052 
112  55.51120530 -004.59694666  55.51117980 -004.59689037 
112  55.51104981 -004.59688069  55.51098819 -004.59694074 
111  55.51077196 -004.59716223 
112  55.51211933 -004.60102383  55.51217458 -004.60116268 
112  55.51237775 -004.60108336  55.51242663 -004.60103832 
111  55.51311021 -004.60040284 
111  55.51317077 -004.60057248 
112  55.51231854 -004.60141589  55.51227391 -004.60146467 
111  55.51227057 -004.60157837 
111  55.51272820 -004.60286649 
113  55.51264165 -004.60295980 
112  55.51405257 -004.58752471  55.51399648 -004.58736784 
112  55.51326326 -004.58553110  55.51321651 -004.58542789 
112  55.51306129 -004.58556353  55.51303090 -004.58568325 
112  55.51196013 -004.58963025  55.51184325 -004.59006370 
112  55.51219143 -004.59011149  55.51235972 -004.58992160 
114  55.51400288 -004.58805348  55.51410106 -004.58793790 
111  55.50982702 -004.59433802 
111  55.50987836 -004.59428032 
112  55.50993125 -004.59409902  55.50993436 -004.59398914 
111  55.50993436 -004.59395617 
111  55.51031293 -004.59352608 
111  55.51065631 -004.59225406 
112  55.50993418 -004.59017651  55.50990929 -004.59010509 
112  55.50978867 -004.59015107  55.50975133 -004.59028293 
111  55.50978867 -004.59015107 
112  55.50978867 -004.59015107  55.50977000 -004.59021700 
111  55.50943071 -004.59146585 102 
113  55.50916153 -004.59247534 
112  55.50899434 -004.59190348  55.50900720 -004.59194435 102 
112  55.50906971 -004.59188385  55.50909285 -004.59178396 102 
111  55.50922736 -004.59130120 
112  55.51172229 -004.58204338  55.51176600 -004.58187084 
112  55.51165653 -004.58160034  55.51161282 -004.58149136 
112  55.51122123 -004.58065988  55.51116724 -004.58054183 
112  55.51090892 -004.58077249  55.51082150 -004.58109942 
111  55.50903738 -004.58770294 102 
113  55.50837315 -004.59014430 
110   2 0.00 121.40 Car park north
111  55.51383504 -004.58340628 
111  55.51306574 -004.58436710 
111  55.51169884 -004.58094208 
112  55.51193843 -004.58070325  55.51197950 -004.58051590 
112  55.51200003 -004.58017140  55.51200346 -004.58007470 
112  55.51180497 -004.57976043  55.51160990 -004.57967582 
112  55.51117901 -004.57997490  55.51112425 -004.58001720 
111  55.51117901 -004.57997490 
112  55.51117901 -004.57997490  55.51100202 -004.57970022 
112  55.51100202 -004.57970022  55.51082503 -004.57942555 
111  55.51100202 -004.57970022 
112  55.51100202 -004.57970022  55.51109784 -004.57972440 
112  55.51140456 -004.57951870  55.51163385 -004.57944618 
112  55.51208559 -004.57960936  55.51221222 -004.57968793 
114  55.51240728 -004.58003242  55.51248600 -004.58020164 
110   1 0.00  23.70 Twy S
111  55.48801895 -004.58823829 102 
112  55.48798067 -004.58926781  55.48806656 -004.58972023 102 
112  55.48906200 -004.59010185  55.48963537 -004.58965258 102 
112  55.49374170 -004.58649415  55.49394997 -004.58632168 102 
112  55.49389234 -004.58587687  55.49383835 -004.58561816 102 
111  55.49370850 -004.58510041 102 
112  55.49354148 -004.58443106  55.49346434 -004.58409520 102 
111  55.49330423 -004.58414893 
111  55.49386022 -004.58372161 102 
112  55.49376579 -004.58452549  55.49383264 -004.58482051 102 
111  55.49387274 -004.58497656 102 
112  55.49398997 -004.58544555  55.49400165 -004.58549506 102 
112  55.49404876 -004.58551209  55.49406951 -004.58549518 102 
112  55.49445465 -004.58524583  55.49465567 -004.58510967 102 
112  55.49482873 -004.58560942  55.49485211 -004.58576209 
111  55.49482873 -004.58560942 
112  55.49482873 -004.58560942  55.49489418 -004.58555166 102 
112  55.49750882 -004.58356864  55.49768304 -004.58343682 102 
112  55.49762781 -004.58299157  55.49757181 -004.58276090 102 
111  55.49743364 -004.58221863 102 
112  55.49731986 -004.58178265  55.49722212 -004.58142253 102 
111  55.49690023 -004.58135942 
111  55.49763716 -004.58078955 102 
112  55.49751570 -004.58163920  55.49760495 -004.58202558 102 
111  55.49761944 -004.58207751 102 
112  55.49775609 -004.58261847  55.49782454 -004.58289857 102 
112  55.49834295 -004.58294940  55.49859184 -004.58275168 102 
111  55.50091105 -004.58090806 102 
111  55.50213571 -004.57996430 
111  55.50224430 -004.58031802 102 
111  55.50112117 -004.58117309 
111  55.50125678 -004.58171304 
111  55.50137947 -004.58159512 
111  55.50152534 -004.58186600 
112  55.50182878 -004.58244560  55.50187128 -004.58254109 
112  55.50181856 -004.58266392  55.50180117 -004.58270485 
111  55.50156017 -004.58307185 
111  55.50146768 -004.58288129 
111  55.50136389 -004.58305529 
111  55.50121923 -004.58279113 
111  55.50102847 -004.58220725 
111  55.50100776 -004.58220725 
111  55.50092420 -004.58194483 
112  55.50082965 -004.58164363  55.50082167 -004.58161544 
112  55.50070208 -004.58156374  55.50063024 -004.58161729 
111  55.50070208 -004.58156374 
112  55.50070208 -004.58156374  55.50068412 -004.58157713 102 
112  55.49891435 -004.58298883  55.49810949 -004.58363309 102 
111  55.49746468 -004.58403434 102 
112  55.48909467 -004.59045444  55.48876867 -004.59070443 
111  55.48909467 -004.59045444 
112  55.48909467 -004.59045444  55.48844267 -004.59095442 102 
112  55.48778880 -004.58939634  55.48762609 -004.58875389 
111  55.48778880 -004.58939634 
112  55.48778880 -004.58939634  55.48766980 -004.58889003 102 
113  55.48776663 -004.58843756 
110   1 0.00 121.40 Twy R west
111  55.50668491 -004.59290306 102 
111  55.50580135 -004.59041594 102 
112  55.50572795 -004.59021086  55.50565454 -004.59000579 
111  55.50572795 -004.59021086 
112  55.50572795 -004.59021086  55.50566517 -004.59003581 
112  55.50532732 -004.59003671  55.50525564 -004.59007656 
112  55.50517565 -004.59017307  55.50513815 -004.59025058 
111  55.50517565 -004.59017307 
112  55.50517565 -004.59017307  55.50508308 -004.59042731 
112  55.50471163 -004.59139376  55.50449425 -004.59195506 
112  55.50436684 -004.59454177  55.50473850 -004.59590786 
111  55.50512119 -004.59736537 
111  55.50498524 -004.59748783 
112  55.50421883 -004.59463954  55.50408793 -004.59415254 
112  55.50435160 -004.59184868  55.50478870 -004.59074260 
111  55.50491937 -004.59037053 
112  55.50517081 -004.58945617  55.50523392 -004.58903932 
111  55.50520612 -004.58824919 102 
112  55.50484339 -004.58693790  55.50466341 -004.58640962 102 
112  55.50263295 -004.58059114  55.50255378 -004.58036284 102 
112  55.50224430 -004.58031802  55.50213743 -004.58039024 
111  55.50224430 -004.58031802 
112  55.50224430 -004.58031802  55.50213571 -004.57996430 
112  55.50213571 -004.57996430  55.50202712 -004.57961059 
111  55.50213571 -004.57996430 
112  55.50213571 -004.57996430  55.50220564 -004.57990839 102 
112  55.50224166 -004.57941271  55.50214139 -004.57912851 102 
112  55.50193145 -004.57848059  55.50168867 -004.57772581 102 
111  55.50142493 -004.57786251 
111  55.50216519 -004.57729067 102 
112  55.50211243 -004.57828343  55.50226416 -004.57871207 102 
112  55.50247222 -004.57932046  55.50255335 -004.57955921 102 
112  55.50276804 -004.57950591  55.50286270 -004.57943428 
111  55.50276804 -004.57950591 
112  55.50276804 -004.57950591  55.50281537 -004.57947010 102 
112  55.50294354 -004.57936317  55.50301139 -004.57930599 102 
112  55.50311250 -004.57922160  55.50313823 -004.57920180 
111  55.50311250 -004.57922160 
112  55.50311250 -004.57922160  55.50316396 -004.57918200 102 
112  55.50320324 -004.57908629  55.50321643 -004.57905601 
111  55.50320324 -004.57908629 
112  55.50320324 -004.57908629  55.50329560 -004.57887197 102 
111  55.50331096 -004.57842663 
112  55.50285801 -004.57706952  55.50280913 -004.57692695 
111  55.50273175 -004.57685369 
111  55.50286483 -004.57674798 
111  55.50746534 -004.59005684 
111  55.50743527 -004.59027038 
113  55.50682123 -004.59255491 
111  55.50394144 -004.58023390 
111  55.50382965 -004.57989405 
112  55.50376045 -004.57968853  55.50369125 -004.57948301 102 
112  55.50326712 -004.57950856  55.50312610 -004.57963817 
111  55.50326712 -004.57950856 
112  55.50326712 -004.57950856  55.50305263 -004.57971939 102 
112  55.50305263 -004.57971939  55.50283813 -004.57993023 
111  55.50305263 -004.57971939 
112  55.50305263 -004.57971939  55.50290858 -004.57985373 102 
112  55.50290418 -004.58046327  55.50293702 -004.58062699 102 
111  55.50298690 -004.58086942 
111  55.50308903 -004.58076220 
111  55.50322059 -004.58113100 
111  55.50311633 -004.58123324 
111  55.50382541 -004.58325666 
111  55.50389627 -004.58317696 
111  55.50404991 -004.58362051 
111  55.50398888 -004.58369944 
111  55.50469395 -004.58573394 
111  55.50477300 -004.58565260 
111  55.50485592 -004.58589600 
111  55.50485592 -004.58618899 
111  55.50507243 -004.58683085 
112  55.50519869 -004.58695302  55.50523925 -004.58708946 
111  55.50518526 -004.58721890 
111  55.50552216 -004.58854745 
112  55.50578840 -004.58955609  55.50582233 -004.58966096 
111  55.50600394 -004.59020605 
111  55.50679840 -004.59251224 102 
111  55.50711705 -004.59132416 102 
113  55.50741252 -004.59023841 
110   1 0.00 121.40 twy M and aprons G and H tar
111  55.50894310 -004.59948950 
111  55.50865451 -004.59978924 
111  55.50856834 -004.59988444 
111  55.50847087 -004.60008951 
111  55.50869834 -004.60036571 
111  55.50852015 -004.60142041 
111  55.50872245 -004.60146145 
111  55.50870930 -004.60166430 
112  55.50855181 -004.60163187  55.50839432 -004.60159944 
112  55.50842537 -004.60202611  55.50844004 -004.60213186 
111  55.50842537 -004.60202611 
112  55.50842537 -004.60202611  55.50833638 -004.60207065 
112  55.50833638 -004.60207065  55.50824740 -004.60211519 
111  55.50833638 -004.60207065 
112  55.50833638 -004.60207065  55.50833557 -004.60193218 
112  55.50828044 -004.60173697  55.50821925 -004.60171747 
111  55.50818199 -004.60179144 
111  55.50823701 -004.60192188 
111  55.50780423 -004.60259105 
111  55.50772395 -004.60256970 
111  55.50762083 -004.60238866 
111  55.50762477 -004.60175194 
112  55.50758944 -004.60145603  55.50756606 -004.60136935 
112  55.50741051 -004.60080561  55.50738480 -004.60073131 
112  55.50727439 -004.60073237  55.50724400 -004.60092223 
111  55.50723204 -004.60103193 
111  55.50672258 -004.60077310 
111  55.50667055 -004.60088691 
111  55.50627068 -004.60087004 
111  55.50587729 -004.60111865 
111  55.50582346 -004.60107478 
111  55.50582346 -004.60073112 
112  55.50576963 -004.60067993  55.50573690 -004.60068819 
111  55.50567098 -004.60068182 
111  55.50567619 -004.60008330 
111  55.50505681 -004.59954151 
111  55.50520361 -004.59897264 
111  55.50507603 -004.59885578 
111  55.50521791 -004.59829961 
111  55.50498524 -004.59748783 
111  55.50512119 -004.59736537 
112  55.50523490 -004.59776738  55.50526198 -004.59785464 
112  55.50538092 -004.59776527  55.50539261 -004.59769923 
111  55.50571079 -004.59648860 
111  55.50528099 -004.59685136 
111  55.50498358 -004.59578311 
111  55.50546319 -004.59536078 
111  55.50566591 -004.59543835 
111  55.50584724 -004.59605285 
111  55.50668491 -004.59290306 
111  55.50682123 -004.59255491 
111  55.50743527 -004.59027038 
111  55.50746534 -004.59005684 
111  55.51211741 -004.60351395 
111  55.51202885 -004.60361030 
112  55.51094216 -004.60049705  55.51073160 -004.59990005 
112  55.51019064 -004.60017297  55.51015201 -004.60022414 
111  55.51019064 -004.60017297 
112  55.51019064 -004.60017297  55.51023314 -004.60027531 
111  55.51029445 -004.60042385 
111  55.51012764 -004.60068231 
111  55.51000184 -004.60071915 
112  55.50990091 -004.60065350  55.50987773 -004.60055798 
111  55.50991374 -004.60046754 
111  55.51010918 -004.60019677 
112  55.50996202 -004.59972641  55.50986911 -004.59943391 
111  55.50919487 -004.59944918 
111  55.50781945 -004.59555277 
111  55.50764989 -004.59575367 
111  55.50720976 -004.59450302 
111  55.50627023 -004.59803980 
111  55.50644561 -004.59848518 
111  55.50633553 -004.59868936 
111  55.50683363 -004.59907888 
111  55.50721230 -004.59881782 
112  55.50787292 -004.59639597  55.50805291 -004.59575208 
111  55.50787292 -004.59639597 
112  55.50787292 -004.59639597  55.50797082 -004.59667013 
112  55.50793015 -004.59725902  55.50780881 -004.59738025 
111  55.50793015 -004.59725902 
112  55.50793015 -004.59725902  55.50808515 -004.59770507 
112  55.50808515 -004.59770507  55.50824016 -004.59815112 
111  55.50808515 -004.59770507 
112  55.50808515 -004.59770507  55.50820489 -004.59758667 
114  55.50843203 -004.59804142  55.50851026 -004.59826413 
111  55.50753473 -004.60063043 
112  55.50784717 -004.60043822  55.50786313 -004.60042976 
112  55.50786707 -004.60033484  55.50785909 -004.60028691 
112  55.50781231 -004.60007841  55.50779954 -004.60002484 
111  55.50772647 -004.60005334 
111  55.50773226 -004.60010110 
111  55.50748801 -004.60018756 
111  55.50747835 -004.60013640 
112  55.50731139 -004.60015731  55.50721879 -004.60015731 
111  55.50717810 -004.60014931 
112  55.50710924 -004.60026379  55.50709328 -004.60037656 
111  55.50714258 -004.60043791 
111  55.50742586 -004.60056604 
111  55.50739227 -004.60045928 
113  55.50747157 -004.60040425 
112  55.50792519 -004.59189683  55.50790181 -004.59197112 102 
111  55.50735017 -004.59410095 102 
112  55.50774839 -004.59532384  55.50781384 -004.59550958 102 
112  55.50817848 -004.59520827  55.50826030 -004.59491934 102 
111  55.50832107 -004.59467994 102 
112  55.50854780 -004.59379664  55.50856183 -004.59375123 102 
112  55.50855715 -004.59359439  55.50853378 -004.59352834 
114  55.50798915 -004.59190077  55.50797638 -004.59186976 102 
112  55.50862394 -004.59596276  55.50863555 -004.59594482 102 
112  55.50899096 -004.59537823  55.50904495 -004.59528288 102 
112  55.50903707 -004.59504224  55.50902421 -004.59498776 102 
112  55.50895273 -004.59479493  55.50888845 -004.59461332 102 
112  55.50855196 -004.59486952  55.50845426 -004.59522821 102 
111  55.50835744 -004.59556262 102 
114  55.50841501 -004.59591399  55.50849729 -004.59601842 102 
111  55.50908765 -004.59782263 
111  55.50967436 -004.59781850 
112  55.50988026 -004.59768529  55.50992000 -004.59766052 
112  55.50990789 -004.59751830  55.50987516 -004.59741098 
112  55.50937792 -004.59600157  55.50931481 -004.59581583 102 
112  55.50906088 -004.59589162  55.50896504 -004.59603197 102 
112  55.50874702 -004.59639445  55.50866989 -004.59652241 102 
114  55.50874214 -004.59686500  55.50878421 -004.59698058 
112  55.50847977 -004.59959075  55.50844306 -004.59945431 
111  55.50832525 -004.59955105 
113  55.50841292 -004.59983913 
110   2 0.00 121.40 twy R west and Aprons A and B conc
111  55.51340728 -004.60880999 102 
112  55.51322727 -004.61094588  55.51322302 -004.61102469 102 
111  55.51322932 -004.61112381 
111  55.51307475 -004.61059365 
111  55.51286434 -004.61080700 
111  55.51298193 -004.61115500 
112  55.51258295 -004.61102438  55.51234677 -004.61128537 
111  55.51055590 -004.61318783 
111  55.51002751 -004.61298697 
111  55.50950191 -004.61143884 
111  55.50930725 -004.61165616 
111  55.50913512 -004.61121551 
111  55.50992533 -004.61020105 
111  55.50973515 -004.60964981 
111  55.50885003 -004.61045635 
111  55.50862157 -004.60982371 
111  55.50885457 -004.60955911 
111  55.50848929 -004.60853277 
111  55.50855767 -004.60832528 
111  55.50914717 -004.60767629 
111  55.50924989 -004.60658313 
111  55.50919453 -004.60572312 
111  55.50908454 -004.60522985 
111  55.50917159 -004.60523307 
111  55.50947992 -004.60537894 
111  55.50969633 -004.60518162 
111  55.50976198 -004.60465562 
111  55.50967101 -004.60439680 
111  55.51002176 -004.60403626 
111  55.51077109 -004.60623852 
112  55.51092215 -004.60599392  55.51097308 -004.60591639 102 
112  55.51093644 -004.60567007  55.51090834 -004.60557703 102 
111  55.51066734 -004.60446284 102 
111  55.50894310 -004.59948950 
112  55.50843203 -004.59804142  55.50835380 -004.59781870 
112  55.50808515 -004.59770507  55.50796541 -004.59782348 
111  55.50808515 -004.59770507 
112  55.50808515 -004.59770507  55.50793015 -004.59725902 
112  55.50793015 -004.59725902  55.50777514 -004.59681297 
111  55.50793015 -004.59725902 
112  55.50793015 -004.59725902  55.50805148 -004.59713779 
112  55.50787292 -004.59639597  55.50777502 -004.59612180 
112  55.50770699 -004.59595549  55.50760180 -004.59568721 
112  55.50739883 -004.59565909  55.50731702 -004.59572926 
111  55.50739883 -004.59565909 
112  55.50739883 -004.59565909  55.50722863 -004.59520254 
112  55.50722863 -004.59520254  55.50705844 -004.59474599 
111  55.50722863 -004.59520254 
112  55.50722863 -004.59520254  55.50731278 -004.59505808 
112  55.50720976 -004.59450302  55.50710924 -004.59420584 
111  55.50720976 -004.59450302 
112  55.50720976 -004.59450302  55.50765139 -004.59576461 
111  55.50764989 -004.59575367 
111  55.50781945 -004.59555277 
111  55.50919487 -004.59944918 102 
111  55.51230506 -004.60850472 102 
112  55.51280315 -004.60950932  55.51288878 -004.60968105 102 
112  55.51301461 -004.60938587  55.51304799 -004.60921413 102 
113  55.51313668 -004.60875387 
110   1 0.00   0.00 twy K 2
112  55.51313668 -004.60875387  55.51286609 -004.60869775 
111  55.51313668 -004.60875387 
112  55.51313668 -004.60875387  55.51325004 -004.60831120 102 
112  55.51323319 -004.60673039  55.51315336 -004.60596065 
111  55.51323319 -004.60673039 
112  55.51323319 -004.60673039  55.51358044 -004.60773611 
111  55.51358044 -004.60773611 102 
112  55.51346682 -004.60783683  55.51344926 -004.60807931 102 
113  55.51340728 -004.60880999 
110   1 0.00 121.40 twy J
112  55.51591532 -004.61449178  55.51590516 -004.61414060 
111  55.51591532 -004.61449178 
112  55.51591532 -004.61449178  55.51610025 -004.61502821 
111  55.51611193 -004.61504886 102 
112  55.51584810 -004.61536672  55.51572474 -004.61550258 102 
112  55.51540584 -004.61550070  55.51528102 -004.61548532 102 
112  55.51464877 -004.61504330  55.51440785 -004.61475621 102 
112  55.51394485 -004.61389763  55.51379057 -004.61349802 102 
111  55.51298193 -004.61115500 
111  55.51286434 -004.61080700 
111  55.51307475 -004.61059365 
111  55.51322932 -004.61112381 102 
112  55.51397550 -004.61329189  55.51420500 -004.61395240 102 
112  55.51475471 -004.61468154  55.51500289 -004.61494300 102 
114  55.51542624 -004.61504442  55.51565120 -004.61509313 102 
130 Airport Boundary 39
111  55.48550031 -004.58675307 
111  55.50050476 -004.57507531 
111  55.50063170 -004.57414451 
111  55.50061217 -004.57331713 
111  55.50150070 -004.57078329 
111  55.50262358 -004.57107632 
111  55.50287745 -004.57126593 
111  55.50380504 -004.57411004 
111  55.50491815 -004.57328266 
111  55.50532825 -004.57502360 
111  55.50493768 -004.57562689 
111  55.50596292 -004.57840187 
111  55.50678310 -004.58110828 
111  55.50855041 -004.57921193 
111  55.50933154 -004.57698805 
111  55.51067278 -004.57304569 
111  55.51318305 -004.57757846 
111  55.51364374 -004.57715969 
111  55.51481011 -004.58185299 
111  55.51526378 -004.58171483 
111  55.51545116 -004.58391115 
111  55.51575284 -004.58921090 
111  55.51594053 -004.59351383 
111  55.51608243 -004.59566223 
111  55.51613437 -004.59663712 
111  55.51618958 -004.59853357 
111  55.51595179 -004.60084127 
111  55.51546900 -004.60213733 
111  55.51533587 -004.60226582 
111  55.51489816 -004.60210418 
111  55.51469491 -004.60206646 
111  55.51449603 -004.60212420 
111  55.51429715 -004.60226052 
111  55.51392677 -004.60255734 
111  55.51525311 -004.60659901 
111  55.51566608 -004.60681010 
111  55.51568753 -004.60720935 
111  55.51572951 -004.60763279 
111  55.51583583 -004.60810028 
111  55.51868221 -004.61626236 
111  55.51897023 -004.61733836 
111  55.51919604 -004.61843633 
111  55.51837792 -004.61881050 
111  55.51799060 -004.61876500 
111  55.51764498 -004.61860191 
111  55.51717212 -004.61825211 
111  55.51567701 -004.61674448 
111  55.51468382 -004.61575997 
111  55.51439739 -004.61547623 
111  55.51395259 -004.61511502 
111  55.51340157 -004.61475393 
111  55.51283654 -004.61446592 
111  55.51162545 -004.61403471 
111  55.51001388 -004.61355771 
111  55.50904042 -004.61323052 
111  55.50860143 -004.61303800 
111  55.50848631 -004.61281978 
111  55.50833697 -004.61266199 
111  55.50815309 -004.61258759 
111  55.50797605 -004.61258570 
111  55.50766079 -004.61230769 
111  55.50710385 -004.61153885 
111  55.50677938 -004.61090375 
111  55.50724661 -004.61047225 
111  55.50724422 -004.61022719 
111  55.50749694 -004.60970745 
111  55.50765943 -004.60884161 
111  55.50822016 -004.60773405 
111  55.50835070 -004.60794344 
111  55.50856333 -004.60807057 
111  55.50902555 -004.60758140 
111  55.50915938 -004.60656814 
111  55.50908705 -004.60571812 
111  55.50897424 -004.60517491 
111  55.50882038 -004.60448042 
111  55.50880820 -004.60427940 
111  55.50879666 -004.60394197 
111  55.50888141 -004.60383069 
111  55.50886998 -004.60279045 
111  55.50886955 -004.60248518 
111  55.50886385 -004.60175024 
111  55.50857843 -004.60169191 
111  55.50849575 -004.60214932 
111  55.50816805 -004.60213736 
111  55.50782121 -004.60266665 
111  55.50769744 -004.60261646 
111  55.50759032 -004.60239446 
111  55.50758996 -004.60175179 
111  55.50756410 -004.60146935 
111  55.50746979 -004.60115286 
111  55.50667055 -004.60088691 
111  55.50627068 -004.60087004 
111  55.50587729 -004.60111865 
111  55.50576764 -004.60109462 
112  55.50531596 -004.60097119  55.50531045 -004.60096146 
111  55.50488551 -004.60029588 
111  55.50501000 -004.59963799 
111  55.50503661 -004.59908645 
111  55.50413554 -004.59664291 
111  55.50422695 -004.59630896 
111  55.50383590 -004.59558775 
111  55.50382165 -004.59414966 
111  55.50342951 -004.59177786 
111  55.50447820 -004.59116209 
111  55.50449675 -004.59060479 
111  55.50481440 -004.58918658 
111  55.50487780 -004.58881359 
111  55.50487561 -004.58851077 
111  55.50481320 -004.58827443 
111  55.50449097 -004.58770383 
111  55.50309855 -004.58376372 
111  55.50258274 -004.58434197 
111  55.50160020 -004.58384214 
111  55.50116976 -004.58354048 
111  55.50064763 -004.58264745 
111  55.50050680 -004.58234317 
111  55.48722944 -004.59260260 
111  55.48684347 -004.59246974 
111  55.48660056 -004.59221729 
111  55.48637084 -004.59184128 
111  55.48528734 -004.58747692 
111  55.48527470 -004.58719630 
113  55.48535995 -004.58692233 
120 ILS Hold Z2
111  55.50152534 -004.58186600   6 
115  55.50131084 -004.58203215 
120 ILS Hold Z1
111  55.50110421 -004.58180271   6 
115  55.50092420 -004.58194483 
120 Hold Y
111  55.49387274 -004.58497656   4 103 
115  55.49370850 -004.58510041 
120 Hold W
111  55.49761944 -004.58207751   4 103 
115  55.49743364 -004.58221863 
120 ILS Hold S1
111  55.50091105 -004.58090806   6 
115  55.50100296 -004.58129316 
120 Hold S
111  55.48798067 -004.58926781   4 103 
115  55.48778880 -004.58939634 
120 ILS Hold R2
111  55.50600394 -004.59020605   6 
115  55.50580135 -004.59041594 
120 Hold R1
111  55.50211243 -004.57828343   4 104 
115  55.50193145 -004.57848059 
120 Hold Q
111  55.50305263 -004.57971939   4 104 
115  55.50294354 -004.57936317 
120 ILS Hold P
111  55.50532732 -004.59003671   6 
115  55.50517081 -004.58945617 
120 Hold T
111  55.50922736 -004.59130120   4 
115  55.50943071 -004.59146585 
120 Hold N
111  55.50745755 -004.59160985   4 
115  55.50711705 -004.59132416 
120 Hold M
111  55.50855196 -004.59486952   4 
115  55.50832107 -004.59467994 
120 Hold K
111  55.51340728 -004.60880999   4 103 
115  55.51313668 -004.60875387 
120 Hold J
111  55.51540584 -004.61550070   4 103 
115  55.51542624 -004.61504442 
120 Hold F
111  55.50827080 -004.58707344   4 
115  55.50903738 -004.58770294 
120 Apron B turn from R
111  55.51179479 -004.60737977   1 
112  55.51136336 -004.60742956  55.51105524 -004.60772602 
111  55.51136336 -004.60742956 
112  55.51136336 -004.60742956  55.51166935 -004.60713309   1 
115  55.51156184 -004.60666915 
120 Apron A turn from R
111  55.51235762 -004.60903258   1 
112  55.51193837 -004.60909723  55.51163025 -004.60939370 
111  55.51193837 -004.60909723 
112  55.51193837 -004.60909723  55.51224436 -004.60880077   1 
115  55.51213599 -004.60836782 
120 Apron A turn from R
111  55.51283021 -004.61036803   1 
112  55.51240912 -004.61043878  55.51210101 -004.61073524 
111  55.51240912 -004.61043878 
112  55.51240912 -004.61043878  55.51271512 -004.61014231   1 
115  55.51261912 -004.60977683 
120 Twy Q turn
112  55.50352480 -004.57910444  55.50390477 -004.57903115   1 101 
112  55.50418143 -004.57951838  55.50422135 -004.57962832   1 101 
115  55.50431729 -004.57991116 
120 Twy Q turn
111  55.50294601 -004.57956990   1 101 
112  55.50352480 -004.57910444  55.50378164 -004.57889440   1 101 
112  55.50367663 -004.57804164  55.50365776 -004.57798527   1 101 
115  55.50358458 -004.57779027 
120 Twy S R Turn
112  55.50263537 -004.58018792  55.50258444 -004.58005459   1 
112  55.50230297 -004.58004418  55.50222394 -004.58011239 
111  55.50230297 -004.58004418 
112  55.50230297 -004.58004418  55.50240834 -004.57995426   1 
112  55.50242184 -004.57954405  55.50238671 -004.57939212 
111  55.50242184 -004.57954405 
112  55.50242184 -004.57954405  55.50249033 -004.57969289   1 
112  55.50272397 -004.57973273  55.50284064 -004.57965052   1 
112  55.50294601 -004.57956990  55.50305138 -004.57948928 
111  55.50294601 -004.57956990 
112  55.50294601 -004.57956990  55.50271244 -004.57987376   1 
116  55.50271944 -004.58043554  55.50278617 -004.58068979 
120 Twy S centreline
111  55.50272397 -004.57973273   1 
111  55.50230297 -004.58004418   1 
111  55.49807451 -004.58332356   1 
111  55.49763555 -004.58365619   1 
111  55.49430105 -004.58624746   1 
111  55.49389106 -004.58656180   1 
112  55.48909481 -004.59026744  55.48802616 -004.59108986 
111  55.48909481 -004.59026744 
112  55.48909481 -004.59026744  55.48856048 -004.59067865   1 
112  55.48792686 -004.58945218  55.48774528 -004.58873675   1 
116  55.48835685 -004.58741060  55.48887952 -004.58700427 
120 Twy R 21 entry
112  55.50180013 -004.57774209  55.50171320 -004.57748629   1 101 
112  55.50132092 -004.57737532  55.50115636 -004.57750243   1 101 
115  55.50077213 -004.57779680 
120 Twy R Centreline
111  55.50214591 -004.57672811   1 101 
112  55.50193430 -004.57690259  55.50180101 -004.57700491   1 101 
112  55.50180013 -004.57774209  55.50188706 -004.57799789   1 101 
111  55.50242184 -004.57954405   1 101 
111  55.50263537 -004.58018792   1 101 
111  55.50271944 -004.58043554   1 101 
112  55.50474228 -004.58626957  55.50502626 -004.58707456   1 101 
112  55.50525936 -004.58798097  55.50540618 -004.58855401   1 101 
111  55.50553293 -004.58906840   1 101 
112  55.50576729 -004.58989773  55.50586967 -004.59019108   1 101 
111  55.50672318 -004.59264867   1 101 
111  55.50683299 -004.59297870   1 101 
111  55.50688238 -004.59312866   1 101 
111  55.50704449 -004.59361418   1 101 
111  55.50771805 -004.59561395   1 101 
111  55.50810304 -004.59672197   1 101 
111  55.50828744 -004.59724870   1 101 
111  55.50842099 -004.59763437   1 101 
111  55.51156184 -004.60666915   1 101 
111  55.51179479 -004.60737977   1 101 
111  55.51213599 -004.60836782   1 101 
111  55.51235762 -004.60903258   1 101 
111  55.51261912 -004.60977683   1 101 
111  55.51283021 -004.61036803   1 101 
112  55.51395773 -004.61360221  55.51428170 -004.61451949 
111  55.51395773 -004.61360221 
112  55.51395773 -004.61360221  55.51411972 -004.61406085   1 101 
112  55.51467887 -004.61486340  55.51492517 -004.61514251   1 101 
112  55.51536296 -004.61524477  55.51562102 -004.61531640   1 101 
112  55.51600906 -004.61494929  55.51620431 -004.61467413   1 101 
112  55.51608326 -004.61395116  55.51600829 -004.61374180 
111  55.51608326 -004.61395116 
112  55.51608326 -004.61395116  55.51595088 -004.61356864   1 101 
115  55.51595088 -004.61356864 
14   55.50206212 -004.58297629   60 0 Tower Viewpoint
15   55.50790154 -004.59942376  61.39 Apron G
15   55.50650710 -004.59671535  68.20 Apron H
15   55.50176824 -004.58254135 173.22 Echo Apron GA 1
15   55.50163846 -004.58279304 131.82 Echo Apron GA 2
15   55.51425531 -004.58581633 209.05 RN Helipad
15   55.51056400 -004.61034200 121.00 Stand 3
18   55.50780669 -004.59399831 1 Rotating Beacon
19   55.51574992 -004.60898982 1 Windsock
19   55.51068753 -004.58486238 1 Windsock
19   55.50187039 -004.57931359 1 Windsock
19   55.48918327 -004.58464580 1 Windsock
19   55.48874613 -004.58527136 1 Windsock
50 12112 Prestwick Information
54 11815 Prestwick Tower
55 12945 Prestwick Approach
17       3 0 0 EGEG [H] Glasgow City Heliport [H]
102 H0   55.86159700 -004.29695500   6.00   20.12   20.12   3 0   0 0.00 0
102 H1   55.86167490 -004.29660566   6.00   10.06   10.06   1 0   0 0.00 0
102 H2   55.86135297 -004.29667390   6.00   10.06   10.06   1 0   0 0.00 0
102 H3   55.86126418 -004.29632345   0.00   14.94   14.94   1 0   0 0.00 0
102 H4   55.86113760 -004.29604456   0.00   14.94   14.94   1 0   0 0.00 0
102 H5   55.86101162 -004.29576916   0.00   14.94   14.94   1 0   0 0.00 0
130 Airport Boundary 25
111  55.86089090 -004.29538004 
111  55.86109336 -004.29570182 
111  55.86126707 -004.29587812 
111  55.86150272 -004.29596724 
111  55.86169609 -004.29594131 
111  55.86174164 -004.29693474 
111  55.86166032 -004.29715713 
111  55.86151700 -004.29713587 
111  55.86129161 -004.29661166 
111  55.86092695 -004.29576994 
113  55.86082160 -004.29549066 
14   55.86151901 -004.29629338   16 0 New Tower Viewpoint 10
19   55.86167396 -004.29636557 0 New Windsock 9