1       11 0 0 EK57 Bjoernoe
100   20.12   3   0 0.00 0 0 0 11   55.06859166  010.23908603    0.00    0.00 1  0 0 0 29   55.06673638  010.24728789    0.00    0.00 1  0 0 0
130 Airport Boundary 1
111  55.06842812  010.23798694 
111  55.06598556  010.24895587 
111  55.06643907  010.24933100 
111  55.06714717  010.24685795 
111  55.06893793  010.23852768 
111  55.06899474  010.23812652 
111  55.06914542  010.23686695 
112  55.06915530  010.23655637  55.06912242  010.23647808 
111  55.06906390  010.23642697 
111  55.06857236  010.23608188 
112  55.06849084  010.23606462  55.06845498  010.23608550 
113  55.06843366  010.23622854 
19   55.06891073  010.23896619 1 WS
19   55.06641730  010.24740767 1 WS
1        6 0 0 EK29 Bogense
100   14.94   3   0 0.00 0 0 0 08   55.54302648  010.02900415    0.00    0.00 1  0 0 0 26   55.54312348  010.03547171    0.00    0.00 1  0 0 0
130 Airport Boundary 7
111  55.54320988  010.03370043 
111  55.54313102  010.02881765 
111  55.54270618  010.02870975 
111  55.54263241  010.02873223 
111  55.54261715  010.02939316 
111  55.54263495  010.02998664 
111  55.54258916  010.03030137 
111  55.54258153  010.03053517 
111  55.54261460  010.03080943 
111  55.54300637  010.03364648 
111  55.54280794  010.03553485 
111  55.54353296  010.03592151 
111  55.54360165  010.03479299 
113  55.54364744  010.03368694 
19   55.54322308  010.02875729 1 WS
19   55.54292687  010.03571854 1 WS
1      198 0 0 EK60 Egeskov Slot
100   20.12   3   0 0.00 0 0 0 07   55.16853200  010.49808818    0.00    0.00 1  0 0 0 25   55.17054655  010.50839910    0.00    0.00 1  0 0 0
130 Airport Boundary 3
111  55.17037596  010.50877517 
111  55.17104930  010.50863649 
111  55.16886977  010.49728779 
113  55.16826547  010.49801975 
19   55.16873032  010.49763437 1 WS
19   55.17034819  010.50885288 1 WS
1        6 0 0 EKEL Endelave
100   24.99   3   0 0.00 0 0 0 11   55.75788796  010.24411351    0.00    0.00 1  0 0 0 29   55.75563042  010.25326280    0.00    0.00 1  0 0 0
130 Airport Boundary 3
111  55.75812705  010.24435461 
111  55.75800511  010.24413792 
111  55.75775218  010.24388110 
111  55.75613978  010.25040590 
111  55.75564748  010.24990832 
111  55.75542278  010.25013303 
111  55.75528390  010.25091151 
111  55.75562829  010.25120044 
111  55.75509195  010.25348773 
113  55.75577846  010.25389703 
18   55.75712876  010.24908962 0 BCN
19   55.75572200  010.25034600 1 WS
1       10 0 0 EK15 Endelave Syd
100   29.87   3   0 0.00 0 0 0 18   55.75550057  010.29376427    0.00    0.00 1  0 0 0 36   55.74945857  010.29415012    0.00    0.00 1  0 0 0
130 Airport Boundary 4
111  55.74940354  010.29376936 
111  55.74940572  010.29457255 
111  55.75266227  010.29436178 
111  55.75267359  010.29613828 
111  55.75322153  010.29613111 
111  55.75323575  010.29485021 
111  55.75339636  010.29482768 
111  55.75373604  010.29482274 
111  55.75447995  010.29475665 
111  55.75554951  010.29470320 
112  55.75566928  010.29463874  55.75569890  010.29458010 
111  55.75567631  010.29447413 
113  55.75552837  010.29338507 
19   55.75578369  010.29446320 1 WS
19   55.74917545  010.29345130 1 WS
1       47 0 0 EK65 Langeland Tranakaer
100   20.12   3   0 0.00 0 0 0 01   55.03209535  010.87187539    0.00    0.00 1  0 0 0 19   55.03619537  010.87320694    0.00    0.00 1  0 0 0
130 Airport Boundary 9
111  55.03206804  010.87163444 
112  55.03191252  010.87166028  55.03185688  010.87171765 
111  55.03183087  010.87181534 
111  55.03167553  010.87220944 
111  55.03152741  010.87233865 
111  55.03058687  010.87197039 
111  55.03037950  010.87220944 
111  55.03024990  010.87293950 
111  55.03091272  010.87332714 
111  55.03077571  010.87386338 
111  55.03147557  010.87462574 
112  55.03166440  010.87473882  55.03173673  010.87472426 
111  55.03179032  010.87461928 
111  55.03202117  010.87487683 
112  55.03260814  010.87473395  55.03285600  010.87411616 
111  55.03252145  010.87375913 
111  55.03273483  010.87310524 
111  55.03207005  010.87247467 
112  55.03200389  010.87223304  55.03201401  010.87208300 
111  55.03209856  010.87206957 
111  55.03617728  010.87341867 
112  55.03644187  010.87326725  55.03648226  010.87280322 
113  55.03622175  010.87299102 
19   55.03196706  010.87135177 1 WS
19   55.03632366  010.87373062 1 WS
1       56 1 0 EKOD Odense
100   45.11   1   2 0.00 1 2 0 06   55.47148611  010.31529167    0.00    0.00 3  6 0 2 24   55.47983056  010.34050000    0.00  299.92 3  1 0 2
100   29.87   3   0 0.00 0 0 0 13   55.47692642  010.33441819    0.00    0.00 0  0 0 0 31   55.47291961  010.34284340  110.03    0.00 0  0 0 0
21   55.47308973  010.31855041  2  57.14   3.00 API PAPI-4L
21   55.47801858  010.33656776  2 240.01   3.00 API PAPI-4L
21   55.47415494  010.32639606  6 308.91   0.00 Wig WIG-WAG
21   55.47433737  010.32672241  6 314.10   0.00 Wig WIG-WAG
21   55.47547842  010.33020574  6 330.78   0.00 Wig WIG-WAG
21   55.47558225  010.33053006  6 330.78   0.00 Wig WIG-WAG
110   1 0.00 315.00 TWY A
111  55.47455286  010.32526282  53 102 
111  55.47454100  010.32579049  53 102 
111  55.47417683  010.32643059  53 102 
111  55.47336191  010.32784607  53 102 
111  55.47331983  010.32792031 
111  55.47309979  010.32830346  53 102 
111  55.47299836  010.32848103 
111  55.47290102  010.32864056 
111  55.47304124  010.32890635  53 102 
111  55.47306843  010.32903350  53 
111  55.47312956  010.32916409  53 102 
111  55.47317015  010.32925846  53 102 
111  55.47326710  010.32939327  53 102 
111  55.47335823  010.32940084  53 
111  55.47381935  010.32859724  53 102 
111  55.47383798  010.32856429  53 
111  55.47387241  010.32850270  53 102 
111  55.47415855  010.32800208 
111  55.47439442  010.32761373  53 102 
111  55.47423965  010.32712146  53 102 
111  55.47431452  010.32668102  53 102 
111  55.47467331  010.32606660  53 102 
113  55.47485556  010.32617856 
110   1 0.00  60.00 TWY B
111  55.47415855  010.32800208  53 102 
111  55.47437334  010.32808826  53 102 
111  55.47533285  010.33098660 
111  55.47546603  010.33085439  53 102 
112  55.47545435  010.33066888  55.47547110  010.33059006  53 102 
111  55.47550305  010.33055283  53 102 
111  55.47556574  010.33048156  53 102 
111  55.47593509  010.33010855  53 102 
112  55.47599565  010.33008813  55.47602086  010.33009462  53 102 
111  55.47605219  010.33012096  53 102 
111  55.47619813  010.33022390 
111  55.47592303  010.32939823  53 102 
111  55.47590786  010.32972112  53 102 
112  55.47589783  010.32980627  55.47589002  010.32984150  53 102 
111  55.47586271  010.32987350  53 102 
111  55.47548864  010.33025247  53 102 
112  55.47534558  010.33026690  55.47525065  010.33023734  53 102 
111  55.47519570  010.33003852  53 102 
113  55.47439442  010.32761373 
110   3 0.00  60.00 TWY C
111  55.47533285  010.33098660 
111  55.47614274  010.33354038 
111  55.47609182  010.33383936 
112  55.47605696  010.33410941  55.47605846  010.33420461 
111  55.47626873  010.33480997 
111  55.47639946  010.33518276 
111  55.47668787  010.33457667 
113  55.47546603  010.33085439 
110   2 0.00  44.00 Terminal
111  55.47383798  010.32856429 
111  55.47401022  010.32887312 
111  55.47395100  010.32897313 
111  55.47383594  010.32876714 
111  55.47381935  010.32859724 
111  55.47335823  010.32940084 
111  55.47345128  010.32940899 
111  55.47362613  010.32969856 
111  55.47360667  010.32995530 
111  55.47359229  010.32997619 
111  55.47353817  010.32988216 
111  55.47345777  010.33002247 
111  55.47352379  010.33013639 
111  55.47346291  010.33024786 
111  55.47354491  010.33036578 
111  55.47355506  010.33035085 
111  55.47374119  010.33048220 
111  55.47381310  010.33061057 
111  55.47440278  010.32958159 
111  55.47438427  010.32954916 
111  55.47443272  010.32945806 
111  55.47412589  010.32890526 
111  55.47410701  010.32893856 
113  55.47387241  010.32850270 
111  55.47403183  010.32891344 
111  55.47407489  010.32898877 
111  55.47399308  010.32913690 
113  55.47395003  010.32906283 
111  55.47366386  010.33004530 
111  55.47370332  010.32997219 
111  55.47373806  010.33003277 
111  55.47375266  010.33000770 
111  55.47378423  010.33006271 
113  55.47373016  010.33016229 
111  55.47365185  010.33006472 
111  55.47371900  010.33017886 
111  55.47365038  010.33030166 
112  55.47361509  010.33033798  55.47359867  010.33034576 
111  55.47356338  010.33033495 
111  55.47360210  010.33026966 
111  55.47356935  010.33021187 
113  55.47361362  010.33013130 
110   1 0.00  60.00 TWY West
111  55.47331983  010.32792031  53 
111  55.47275132  010.32623285  53 
111  55.47180177  010.32720782  53 
111  55.47165462  010.32771742  53 
111  55.47155652  010.32777511 
111  55.47178546  010.32798386  53 
111  55.47173092  010.32782079  53 
111  55.47175272  010.32770300  53 
111  55.47255946  010.32685880  53 
111  55.47265868  010.32689680  53 
111  55.47274021  010.32714511  53 
111  55.47257736  010.32731825  53 
111  55.47261468  010.32742962  59 
111  55.47290736  010.32829039  53 
111  55.47303273  010.32814927  53 
112  55.47306272  010.32813299  55.47307488  010.32813508  53 
111  55.47308503  010.32816013  53 
112  55.47309969  010.32822650  55.47310355  010.32826888  53 
113  55.47309979  010.32830346 
110   1 0.00  26.00 TWY West 2
111  55.47103569  010.32768246 
112  55.47111349  010.32760841  55.47116688  010.32759496 
111  55.47119845  010.32762647 
111  55.47175551  010.32811822 
111  55.47182205  010.32828438 
111  55.47180055  010.32846317 
111  55.47185993  010.32851555 
111  55.47192256  010.32838467 
111  55.47200201  010.32835100 
111  55.47211369  010.32843459 
112  55.47219660  010.32851966  55.47221836  010.32855521 
111  55.47227060  010.32870724 
112  55.47235156  010.32888127  55.47238450  010.32892613 
111  55.47245858  010.32899456 
111  55.47244090  010.32905531 
111  55.47248836  010.32910128 
111  55.47243461  010.32928683 
111  55.47258539  010.32941817 
111  55.47276848  010.32937876 
111  55.47281462  010.32937173 
111  55.47281538  010.32943522 
111  55.47285294  010.32943726 
112  55.47286434  010.32923975  55.47287563  010.32918690 
111  55.47289598  010.32914871 
111  55.47304124  010.32890635 
111  55.47290102  010.32864056 
111  55.47280389  010.32876912 
112  55.47267360  010.32888076  55.47260794  010.32891492 
111  55.47253866  010.32888733 
112  55.47242326  010.32879867  55.47238397  010.32874464 
111  55.47236277  010.32868374 
111  55.47229084  010.32849625 
112  55.47224698  010.32839084  55.47222664  010.32835832 
111  55.47217961  010.32831795 
111  55.47199146  010.32815647 
111  55.47178546  010.32798386 
111  55.47155652  010.32777511 
111  55.47104682  010.32731790 
113  55.47096186  010.32760866 
110   1 0.00 117.00 TWY West 3
111  55.47180055  010.32846317 
111  55.47177202  010.32858167 
111  55.47169320  010.32887436 
111  55.47165062  010.32902238 
111  55.47157625  010.32927245 
111  55.47153302  010.32942047 
111  55.47150360  010.32951978 
111  55.47147899  010.32961477 
111  55.47142438  010.32979794 
111  55.47138416  010.32995347 
111  55.47137062  010.32999526 
111  55.47135286  010.32999676 
111  55.47128010  010.33022960 
112  55.47129522  010.33027804  55.47129020  010.33030652 
111  55.47126825  010.33031020 
112  55.47120480  010.33030423  55.47117287  010.33029283 
111  55.47112781  010.33021915 
111  55.47110026  010.33030633 
111  55.47126562  010.33044066 
111  55.47128716  010.33045965 
111  55.47130254  010.33047051 
111  55.47138483  010.33018828 
111  55.47140714  010.33010687 
111  55.47153898  010.32965916 
111  55.47157174  010.32953815 
111  55.47176931  010.32884645 
111  55.47181947  010.32866224 
113  55.47185993  010.32851555 
110   1 0.00 117.00 TWY West 3
111  55.47096186  010.32760866 
111  55.47092060  010.32773962 
112  55.47089456  010.32775895  55.47087402  010.32776316 
111  55.47086061  010.32775048 
111  55.47076678  010.32765685 
111  55.47066141  010.32803135 
111  55.47077601  010.32812225 
112  55.47079186  010.32814322  55.47079787  010.32815697 
111  55.47079524  010.32817875 
111  55.47078754  010.32821452 
111  55.47076293  010.32830407 
112  55.47071832  010.32838006  55.47068750  010.32840380 
111  55.47066295  010.32838548 
111  55.47058266  010.32831688 
111  55.47054527  010.32845604 
111  55.47062065  010.32853067 
112  55.47065194  010.32860996  55.47066063  010.32867583 
111  55.47064603  010.32871113 
111  55.47059680  010.32889159 
111  55.47055066  010.32905034 
111  55.47048451  010.32927694 
111  55.47056299  010.32934441 
111  55.47059450  010.32923081 
111  55.47067218  010.32895808 
111  55.47070833  010.32883325 
111  55.47078293  010.32856730 
111  55.47081369  010.32846418 
111  55.47088445  010.32821723 
111  55.47094675  010.32799878 
111  55.47097213  010.32790923 
113  55.47103569  010.32768246 
110   2 0.00  60.00 ILS
111  55.46942959  010.30965560 
111  55.46949103  010.30983367 
111  55.46975216  010.30956656 
113  55.46969072  010.30939236 
110   2 0.00   0.00 VDF
111  55.47505560  010.32537300 
111  55.47611930  010.32352147 
112  55.47613726  010.32351095  55.47614508  010.32351285 
111  55.47615314  010.32352554 
111  55.47621598  010.32366212 
111  55.47618514  010.32371729 
111  55.47622848  010.32379782 
111  55.47629668  010.32368243 
111  55.47625290  010.32360010 
111  55.47624005  010.32362049 
111  55.47615611  010.32344479 
111  55.47654926  010.32276169 
111  55.47652931  010.32270537 
113  55.47503630  010.32532048 
110   4 0.00   0.00 VDF Circle
111  55.47641553  010.32408310 
112  55.47614927  010.32417563  55.47598703  010.32409698 
111  55.47594620  010.32380939 
111  55.47592818  010.32384516 
112  55.47614209  010.32422000  55.47631713  010.32431215 
111  55.47643328  010.32411769 
112  55.47650897  010.32359366  55.47646089  010.32328250 
111  55.47628322  010.32321008 
111  55.47625699  010.32325308 
114  55.47648071  010.32360310  55.47652420  010.32387102 
110   1 0.00 150.00 RVR 24
111  55.47850324  010.33579193 
111  55.47852259  010.33584830 
111  55.47927771  010.33510377 
111  55.47929378  010.33515240 
111  55.47934613  010.33510213 
111  55.47929190  010.33494310 
111  55.47924052  010.33499334 
113  55.47925757  010.33504257 
110   2 0.00 145.00 Papadrop
111  55.47539435  010.33349741 
112  55.47537946  010.33371908  55.47543436  010.33382745 
111  55.47550230  010.33374043 
114  55.47551440  010.33352369  55.47546507  010.33341860 
110   3 0.00  60.00 Paradrop
111  55.47428573  010.33123627 
112  55.47498314  010.33229238  55.47505858  010.33246523 
111  55.47529751  010.33315157 
112  55.47532581  010.33329951  55.47532812  010.33336476 
111  55.47531440  010.33343568 
112  55.47529125  010.33357572  55.47528431  010.33366340 
111  55.47531736  010.33375657 
112  55.47553547  010.33385491  55.47566873  010.33371703 
111  55.47557306  010.33341421 
111  55.47511535  010.33200999 
111  55.47536360  010.33107489 
111  55.47533606  010.33099131 
111  55.47507480  010.33194068 
112  55.47478084  010.33156685  55.47468625  010.33146950 
113  55.47431179  010.33117223 
110   2 0.00 230.00 Plinth
111  55.47306843  010.32903350 
111  55.47298490  010.32914722 
111  55.47304846  010.32928624 
113  55.47312956  010.32916409 
110   2 0.00  27.50 Hanger
111  55.47059450  010.32923081 
111  55.47056299  010.32934441 
111  55.47048451  010.32927694 
111  55.47055066  010.32905034 
111  55.47049131  010.32907908 
112  55.47046181  010.32907623  55.47045288  010.32905955 
111  55.47046663  010.32901269 
111  55.47050547  010.32887606 
111  55.47031817  010.32872630 
111  55.47021277  010.32913310 
111  55.47016708  010.32921229 
111  55.47019398  010.32940970 
111  55.47025209  010.32945946 
111  55.47017353  010.32977168 
111  55.47038281  010.32994603 
111  55.47044936  010.32969528 
111  55.47076496  010.32997973 
111  55.47081138  010.32980257 
111  55.47078846  010.32962738 
111  55.47062052  010.32946647 
111  55.47061667  010.32922910 
111  55.47066773  010.32922008 
111  55.47075783  010.32929900 
111  55.47073224  010.32939293 
111  55.47090922  010.32954641 
111  55.47099594  010.32923647 
111  55.47081863  010.32908157 
111  55.47079930  010.32915429 
111  55.47070538  010.32907550 
113  55.47067218  010.32895808 
110   2 0.00  27.50 Hanger
111  55.47070833  010.32883325 
111  55.47078089  010.32879985 
111  55.47088023  010.32888495 
111  55.47085479  010.32897804 
111  55.47099659  010.32909614 
111  55.47106743  010.32885630 
111  55.47092545  010.32872808 
111  55.47091026  010.32878061 
111  55.47081251  010.32869481 
113  55.47078293  010.32856730 
110   2 0.00  27.50 Hangers
111  55.47227060  010.32870724 
111  55.47226732  010.32876030 
111  55.47223490  010.32886234 
111  55.47201243  010.32873338 
111  55.47196921  010.32887692 
111  55.47207917  010.32894309 
111  55.47203849  010.32907990 
111  55.47192598  010.32898458 
112  55.47185098  010.32896888  55.47183283  010.32891748 
111  55.47187641  010.32887019 
112  55.47189024  010.32880713  55.47188116  010.32876247 
111  55.47185352  010.32877039 
112  55.47182492  010.32874908  55.47181823  010.32871538 
111  55.47181947  010.32866224 
111  55.47176931  010.32884645 
112  55.47179361  010.32887804  55.47180173  010.32890247 
111  55.47179060  010.32893412 
111  55.47160490  010.32956401 
112  55.47158309  010.32958722  55.47156975  010.32957937 
111  55.47157174  010.32953815 
111  55.47153898  010.32965916 
112  55.47156174  010.32965260  55.47157064  010.32965932 
111  55.47156307  010.32970698 
111  55.47143948  010.33011786 
112  55.47141749  010.33013577  55.47140795  010.33012904 
111  55.47140714  010.33010687 
111  55.47138483  010.33018828 
112  55.47140437  010.33019210  55.47141327  010.33019883 
111  55.47140987  010.33022383 
111  55.47137434  010.33034623 
111  55.47148771  010.33043727 
111  55.47150717  010.33037011 
111  55.47144371  010.33031487 
111  55.47147989  010.33019138 
111  55.47154185  010.33024473 
111  55.47156470  010.33017010 
111  55.47151055  010.33008092 
111  55.47156385  010.32988651 
111  55.47162138  010.32994024 
111  55.47157852  010.33008967 
111  55.47173400  010.33022401 
111  55.47185566  010.32982311 
111  55.47217729  010.33011053 
111  55.47219057  010.33002171 
111  55.47215911  010.33002418 
111  55.47185652  010.32974539 
111  55.47184797  010.32977254 
111  55.47171994  010.32965999 
111  55.47171553  010.32967398 
111  55.47166548  010.32962574 
112  55.47165149  010.32960971  55.47164976  010.32960128 
111  55.47165474  010.32958029 
111  55.47166827  010.32953816 
112  55.47168120  010.32951226  55.47168945  010.32950996 
111  55.47169484  010.32951473 
111  55.47175722  010.32957228 
111  55.47174449  010.32961588 
111  55.47184307  010.32971456 
111  55.47194096  010.32939384 
112  55.47197312  010.32941851  55.47198712  010.32941914 
111  55.47199480  010.32940124 
111  55.47200421  010.32937040 
111  55.47206536  010.32942888 
111  55.47205812  010.32950005 
111  55.47210079  010.32953510 
111  55.47210300  010.32948336 
111  55.47211762  010.32948336 
111  55.47211070  010.32961226 
112  55.47207762  010.32967468  55.47207439  010.32973292 
111  55.47211070  010.32975338 
111  55.47221683  010.32984429 
111  55.47231220  010.32956884 
111  55.47235373  010.32961226 
111  55.47236450  010.32957291 
111  55.47250294  010.32969775 
111  55.47258539  010.32941817 
111  55.47243461  010.32928683 
111  55.47241862  010.32934175 
111  55.47237429  010.32929512 
111  55.47244090  010.32905531 
113  55.47245858  010.32899456 
110   2 0.00  27.50 Hanger
111  55.47081369  010.32846418 
111  55.47088735  010.32843559 
111  55.47098000  010.32851563 
111  55.47095504  010.32860956 
111  55.47113265  010.32875968 
111  55.47120158  010.32851141 
111  55.47102617  010.32835875 
111  55.47101003  010.32841129 
111  55.47091610  010.32832802 
113  55.47088445  010.32821723 
110   2 0.00  28.50 Hanger
111  55.47094675  010.32799878 
111  55.47108909  010.32813329 
111  55.47105941  010.32823638 
111  55.47117983  010.32834392 
111  55.47116491  010.32839905 
111  55.47122534  010.32844991 
112  55.47124671  010.32847168  55.47125259  010.32849805 
111  55.47124048  010.32851579 
111  55.47129731  010.32857813 
111  55.47130436  010.32847129 
111  55.47139020  010.32818486 
111  55.47114342  010.32795110 
111  55.47110928  010.32806139 
111  55.47098687  010.32794969 
113  55.47097213  010.32790923 
110   2 0.00  27.50 Hanger
111  55.47152038  010.32881054 
111  55.47154904  010.32871250 
111  55.47169274  010.32882892 
111  55.47169320  010.32887436 
111  55.47177202  010.32858167 
111  55.47175786  010.32859991 
111  55.47169013  010.32854400 
111  55.47171141  010.32846128 
111  55.47148305  010.32825601 
113  55.47136018  010.32867191 
110   2 0.00  26.00 Hanger
111  55.47116312  010.32929187 
111  55.47097869  010.32995009 
111  55.47122911  010.33015458 
111  55.47125619  010.33005756 
112  55.47128072  010.33004711  55.47129426  010.33006204 
111  55.47128749  010.33008592 
111  55.47126549  010.33016801 
112  55.47126380  010.33020682  55.47126888  010.33022323 
111  55.47128010  010.33022960 
111  55.47135286  010.32999676 
111  55.47137062  010.32999526 
111  55.47138416  010.32995347 
112  55.47134079  010.32993965  55.47132556  010.32992920 
111  55.47131033  010.32990383 
111  55.47136702  010.32970830 
112  55.47140255  010.32973964  55.47141439  010.32975905 
111  55.47142438  010.32979794 
111  55.47147899  010.32961477 
111  55.47142201  010.32963218 
111  55.47131964  010.32953815 
113  55.47134333  010.32944859 
110   2 0.00  26.00 Hanger
111  55.47125604  010.32926620 
111  55.47136660  010.32936012 
111  55.47138810  010.32928065 
111  55.47151811  010.32938901 
111  55.47153302  010.32942047 
111  55.47157625  010.32927245 
111  55.47154984  010.32927523 
111  55.47141779  010.32916146 
111  55.47143007  010.32911089 
113  55.47132258  010.32902240 
110   2 0.00 117.00 Hangers
111  55.47064603  010.32871113 
111  55.47059859  010.32875125 
111  55.47049009  010.32865291 
111  55.47054527  010.32845604 
111  55.47058266  010.32831688 
111  55.47062370  010.32816365 
111  55.47075209  010.32827018 
111  55.47076293  010.32830407 
111  55.47078754  010.32821452 
111  55.47076697  010.32821737 
111  55.47063704  010.32810646 
111  55.47066141  010.32803135 
111  55.47076678  010.32765685 
111  55.47078470  010.32759164 
111  55.47092060  010.32773962 
111  55.47096186  010.32760866 
111  55.47087413  010.32760858 
111  55.47080485  010.32751326 
111  55.47082456  010.32742243 
111  55.47067200  010.32728787 
111  55.47061798  010.32742804 
111  55.47055614  010.32744743 
111  55.47044260  010.32789399 
111  55.47053031  010.32797854 
111  55.47050589  010.32805693 
111  55.47042933  010.32799251 
111  55.47039166  010.32801917 
111  55.47035140  010.32799414 
111  55.47033279  010.32803847 
111  55.47030929  010.32803640 
111  55.47019039  010.32857984 
111  55.47040846  010.32875922 
111  55.47046935  010.32872062 
111  55.47058219  010.32881503 
113  55.47059680  010.32889159 
110   2 0.00 329.00 West Hanger Main
111  55.47261468  010.32742962 
111  55.47212327  010.32793583 
112  55.47206614  010.32800652  55.47206051  010.32802483 
111  55.47205571  010.32806099 
112  55.47203544  010.32811463  55.47202506  010.32813137 
111  55.47199146  010.32815647 
111  55.47217961  010.32831795 
111  55.47229084  010.32849625 
112  55.47230356  010.32834319  55.47231513  010.32828669 
111  55.47235375  010.32820960 
111  55.47236988  010.32825767 
111  55.47239690  010.32823383 
111  55.47248474  010.32850202 
112  55.47249262  010.32857950  55.47248804  010.32861517 
111  55.47246672  010.32864109 
111  55.47243181  010.32867883 
111  55.47236277  010.32868374 
111  55.47239921  010.32879081 
111  55.47247785  010.32886355 
112  55.47246575  010.32875511  55.47247896  010.32871849 
111  55.47249154  010.32870288 
111  55.47262501  010.32857554 
111  55.47267553  010.32871233 
111  55.47281400  010.32855916 
112  55.47283692  010.32854320  55.47285181  010.32853615 
111  55.47286847  010.32853290 
112  55.47291047  010.32855652  55.47292255  010.32858711 
111  55.47290102  010.32864056 
111  55.47299836  010.32848103 
112  55.47293186  010.32840356  55.47291505  010.32835907 
113  55.47290736  010.32829039 
110  12 0.00  59.50 RESA
111  55.47174807  010.31502578 
111  55.47172721  010.31462396 
111  55.47074208  010.31164145 
111  55.47003966  010.31236535 
111  55.47105039  010.31541051 
113  55.47122539  010.31556338 
110   2 0.00 118.00 Old House
111  55.47209780  010.33069525 
111  55.47203823  010.33064117 
111  55.47210778  010.33039703 
111  55.47201053  010.33030312 
111  55.47193454  010.33055428 
111  55.47189726  010.33051897 
111  55.47185436  010.33066392 
111  55.47189177  010.33069877 
111  55.47183138  010.33090813 
111  55.47193356  010.33099061 
111  55.47200088  010.33076135 
113  55.47207967  010.33081362 
110   5 0.00 118.00 Courtyard
111  55.47249845  010.33060898 
111  55.47269028  010.33077873 
111  55.47288962  010.33011128 
111  55.47280394  010.33003303 
111  55.47277096  010.33000270 
113  55.47269760  010.32993910 
110   2 0.00 118.00 Pavement
111  55.47287547  010.32995161  20 
111  55.47294238  010.32990819  20 
111  55.47286393  010.32983492  20 
111  55.47280394  010.33003303 
111  55.47288962  010.33011128 
111  55.47269028  010.33077873 
111  55.47249845  010.33060898 
111  55.47269760  010.32993910 
111  55.47277096  010.33000270  20 
111  55.47282902  010.32980194  20 
111  55.47271391  010.32970067  20 
112  55.47260948  010.32968639  55.47256410  010.32971353  20 
111  55.47253845  010.32981101  20 
111  55.47245534  010.33009466  20 
111  55.47240650  010.33039296 
112  55.47243148  010.33038105  55.47244379  010.33038648 
111  55.47243703  010.33042674 
111  55.47240465  010.33055316 
111  55.47246587  010.33061227 
111  55.47242027  010.33077974 
111  55.47264362  010.33097184 
111  55.47267247  010.33088153 
111  55.47275437  010.33094885 
111  55.47294329  010.33031016 
111  55.47298516  010.33034300 
111  55.47302239  010.33020180 
111  55.47304100  010.33018374 
111  55.47306520  010.33019852 
113  55.47308047  010.33015064  20 
110   2 0.00  17.00 Pavement
111  55.47203094  010.33123696  20 
111  55.47215011  010.33130583  20 
112  55.47219365  010.33131448  55.47221188  010.33130529  20 
111  55.47221808  010.33125426  20 
111  55.47232468  010.33045431  20 
111  55.47234659  010.33028154  20 
111  55.47240107  010.33002011  20 
112  55.47238971  010.32992189  55.47235845  010.32989968  20 
111  55.47233717  010.32997575  20 
111  55.47236249  010.32999346  20 
111  55.47230995  010.33026727  20 
111  55.47228682  010.33043834  20 
111  55.47219016  010.33116599  20 
113  55.47204697  010.33108913 
110   1 0.00  17.00 Roadway
111  55.46986009  010.33015479  20 
111  55.47213878  010.33139896 
111  55.47230210  010.33149544  20 
111  55.47252675  010.33158995  20 
112  55.47279431  010.33160633  55.47288890  010.33158647  20 
111  55.47304071  010.33150622  20 
112  55.47325273  010.33138422  55.47332380  010.33133497  20 
111  55.47346591  010.33114191  20 
111  55.47372642  010.33069279  20 
112  55.47375248  010.33067473  55.47376394  010.33067473  20 
111  55.47377947  010.33068786  20 
111  55.47400096  010.33089639  20 
111  55.47422892  010.33116765 
111  55.47428573  010.33123627 
111  55.47431179  010.33117223 
111  55.47425874  010.33110820  20 
111  55.47470459  010.33028195  20 
111  55.47448124  010.32955054  20 
111  55.47443272  010.32945806 
111  55.47438427  010.32954916  20 
111  55.47440278  010.32958159  20 
111  55.47381310  010.33061057  20 
111  55.47374119  010.33048220  20 
111  55.47355506  010.33035085  20 
111  55.47354491  010.33036578 
111  55.47346291  010.33024786  20 
111  55.47342750  010.33019368  20 
111  55.47345263  010.33012307  20 
111  55.47281433  010.32953762 
111  55.47277873  010.32961276 
111  55.47274885  010.32957735 
111  55.47273060  010.32949586 
111  55.47276848  010.32937876  20 
111  55.47258539  010.32941817 
111  55.47250294  010.32969775 
111  55.47236450  010.32957291 
111  55.47235373  010.32961226 
111  55.47231220  010.32956884  20 
111  55.47221683  010.32984429  20 
111  55.47219057  010.33002171 
111  55.47217397  010.33012896  20 
111  55.47209780  010.33069525 
111  55.47207967  010.33081362  20 
111  55.47204697  010.33108913 
111  55.47219016  010.33116599 
111  55.47228682  010.33043834 
111  55.47230995  010.33026727 
111  55.47236249  010.32999346 
111  55.47240107  010.33002011 
111  55.47234659  010.33028154 
111  55.47232468  010.33045431 
111  55.47221808  010.33125426 
111  55.47215011  010.33130583 
111  55.47203094  010.33123696  20 
113  55.46987607  010.33006011 
111  55.47245534  010.33009466 
111  55.47253845  010.32981101 
111  55.47271391  010.32970067 
111  55.47282902  010.32980194 
111  55.47277096  010.33000270 
111  55.47280394  010.33003303 
111  55.47286393  010.32983492 
111  55.47294238  010.32990819 
111  55.47287547  010.32995161 
111  55.47308047  010.33015064  20 
111  55.47334070  010.33041209  20 
111  55.47339472  010.33036402  20 
111  55.47358499  010.33052927  20 
112  55.47363037  010.33064520  55.47362783  010.33070192  20 
111  55.47359816  010.33074812  20 
111  55.47342974  010.33104759  20 
112  55.47322861  010.33128344  55.47315670  010.33133418  20 
111  55.47302250  010.33139969  20 
112  55.47278531  010.33149297  55.47269410  010.33151085  20 
111  55.47254628  010.33147908  20 
111  55.47233906  010.33139511  20 
112  55.47229409  010.33133958  55.47228293  010.33129854  20 
111  55.47228960  010.33125497  20 
113  55.47240650  010.33039296 
130 Airport Boundary 42
111  55.47087293  010.30815143 
111  55.46823396  010.31086998 
111  55.47134894  010.32028513 
111  55.46995234  010.33004812 
111  55.47202237  010.33121479 
111  55.47218169  010.33129800 
111  55.47230094  010.33152362 
111  55.47258485  010.33165610 
111  55.47310758  010.33295193 
111  55.47470216  010.33454055 
111  55.47541219  010.33563920 
111  55.47204244  010.34258954 
111  55.47341082  010.34418058 
111  55.47672749  010.33736145 
111  55.47757797  010.33987884 
111  55.47783668  010.33963207 
111  55.47989392  010.34590624 
111  55.48263188  010.34346523 
111  55.47681612  010.32599939 
111  55.47726308  010.32284527 
113  55.47548878  010.32207887 
120 TWY A Hold Short
111  55.47417683  010.32643059  54 104 
115  55.47431452  010.32668102 
120 TWY A CL
111  55.47447192  010.32435927  51 105 
111  55.47471345  010.32509496  51 105 
112  55.47477389  010.32550997  55.47475040  010.32571818  51 105 
111  55.47461048  010.32591364  51 105 
111  55.47424405  010.32655466  51 101 
111  55.47381767  010.32730146  51 101 
111  55.47330030  010.32819962  51 101 
115  55.47307103  010.32859815 
120 Gate CL 1
111  55.47371804  010.32806202  51 
112  55.47380567  010.32821079  55.47382981  010.32833682  51 
111  55.47378619  010.32841440  51 
111  55.47357936  010.32840382 
111  55.47363421  010.32833087   1 
111  55.47363153  010.32848388 
111  55.47364847  010.32848519   1 
115  55.47365072  010.32833302 
120 Gate CL 2
111  55.47344440  010.32859644  51 
112  55.47353204  010.32874521  55.47355618  010.32887124  51 
111  55.47351256  010.32894882  51 
111  55.47330572  010.32893824 
111  55.47336058  010.32886529   1 
111  55.47336022  010.32901862 
111  55.47337882  010.32901830   1 
115  55.47338009  010.32886813 
120 TWY A CL 2
111  55.47529324  010.32684749  51 105 
111  55.47501582  010.32600763  51 105 
112  55.47484061  010.32580116  55.47470967  010.32574957  51 105 
115  55.47461048  010.32591364 
120 TWY B Hold Short
111  55.47548864  010.33025247  54 104 
115  55.47556574  010.33048156 
120 TWY B CL
111  55.47381767  010.32730146  51 101 
112  55.47407965  010.32718137  55.47421250  010.32727373  51 101 
111  55.47425749  010.32747017  51 101 
111  55.47514228  010.33014795  51 101 
112  55.47531872  010.33044935  55.47542277  010.33049306  51 101 
111  55.47552843  010.33036914  51 105 
111  55.47593739  010.32995045  51 105 
112  55.47607559  010.32962534  55.47613146  010.32936075  51 105 
111  55.47605512  010.32913947  51 105 
111  55.47577805  010.32830088 
111  55.47667236  010.33100310  51 105 
111  55.47640313  010.33018669  51 105 
112  55.47619303  010.32990809  55.47605689  010.32984159  51 105 
115  55.47593739  010.32995045 
120 TWY West CL
111  55.47330030  010.32819962  51 
112  55.47321603  010.32823840  55.47316724  010.32823207  51 
111  55.47313835  010.32816513 
111  55.47310759  010.32807557  51 
111  55.47313835  010.32816513  51 
112  55.47314892  010.32827630  55.47314318  010.32833960  51 
115  55.47309451  010.32841344 
120 TWY West 2 CL
111  55.47292547  010.32870371  51 
112  55.47259723  010.32896649  55.47240740  010.32898635  51 
111  55.47230243  010.32866656  51 
112  55.47221725  010.32845730  55.47218281  010.32841626  51 
111  55.47209092  010.32833330  51 
111  55.47120076  010.32754108  51 
112  55.47108365  010.32749341  55.47102848  010.32751129  51 
111  55.47099807  010.32764240  51 
115  55.47052288  010.32930515 
15   55.47371358  010.32841058 177.50 Gate 1
15   55.47344068  010.32894577 181.19 Gate 2
15   55.47047375  010.32921500 294.59 Hanger GA
15   55.47270421  010.32737864 329.44 Ramp
15   55.47203528  010.32884599  20.82 Ramp GA
18   55.47350683  010.33023528 1 BCN
19   55.47334837  010.32745283 1 WS
54 11952 AFIS
1       24 0 0 EK32 Oestfyn Kerteminde
100   21.95   3   0 0.00 0 0 0 09   55.42097854  010.67051326    0.00    0.00 1  0 0 0 27   55.41712140  010.67055842    0.00    0.00 1  0 0 0
130 Airport Boundary 3
111  55.41708949  010.67030845 
111  55.41709302  010.67079981 
111  55.41875580  010.67079359 
111  55.41874874  010.67132226 
111  55.41857928  010.67132226 
111  55.41857222  010.67150264 
111  55.41812387  010.67153373 
111  55.41818036  010.67292695 
111  55.41909118  010.67242315 
111  55.41910883  010.67079359 
111  55.42100108  010.67078737 
113  55.42105403  010.67026491 
19   55.42117800  010.67103291 1 WS
19   55.41692194  010.67003882 1 WS
1      125 0 0 EK03 Rolsted-Ferrritslev (E452)
100   35.05   3   0 0.00 0 0 0 04   55.32258581  010.57872073    0.00    0.00 1  0 0 0 22   55.32744426  010.58460516    0.00    0.00 1  0 0 0
130 Airport Boundary 1
111  55.32698869  010.58357629 
111  55.32265833  010.57830587 
111  55.32237737  010.57900079 
111  55.32662083  010.58417702 
111  55.32644304  010.58467967 
111  55.32659722  010.58485955 
111  55.32663132  010.58496562 
111  55.32660967  010.58518134 
111  55.32664901  010.58530344 
111  55.32689894  010.58562048 
111  55.32736596  010.58495642 
111  55.32770074  010.58442884 
111  55.32825198  010.58336862 
113  55.32746294  010.58236083 
19   55.32259373  010.57772334 1 WS
19   55.32743629  010.58560269 1 WS
1        0 0 0 EKSS Samsoe
100   29.87   3   0 0.00 0 0 0 10   55.89064167  010.60820278    0.00    0.00 2  0 0 0 28   55.88908611  010.61896667    0.00    0.00 2  0 0 0
130 Airport Boundary 1
111  55.88767481  010.62272326 
112  55.88815830  010.62272229  55.88832642  010.62271892 
111  55.88869522  010.62263662 
111  55.88918923  010.62031179 
111  55.88935120  010.61956091 
111  55.88946457  010.61897609 
111  55.88954961  010.61854290 
111  55.88968728  010.61808082 
111  55.88982496  010.61774148 
111  55.89009221  010.61720720 
111  55.89066640  010.61316051 
112  55.89070441  010.61305569  55.89073280  010.61302279 
111  55.89077908  010.61304583 
111  55.89106948  010.61321843 
112  55.89113706  010.61328027  55.89116260  010.61331570 
111  55.89118564  010.61339103 
111  55.89130456  010.61382501 
111  55.89264273  010.61225372 
111  55.89107486  010.61026821 
111  55.89141783  010.60791735 
111  55.88878543  010.60725022 
111  55.88864289  010.60833828 
113  55.88976979  010.60896571 
19   55.89109920  010.60791796 1 WS
19   55.88862856  010.61925135 1 WS
1       16 0 0 EKST Sydfyn Tasinge
100   22.86   3   0 0.00 0 2 0 11   55.01786645  010.55641074    0.00    0.00 2  7 0 1 29   55.01514355  010.56971126    0.00    0.00 2  7 0 1
110   3 0.00 199.22 xxx
111  55.01562789  010.56743649 
111  55.01517462  010.56716088 
111  55.01514211  010.56732351 
113  55.01559538  010.56759912 
110   3 0.00 342.30 xxx
111  55.01472330  010.56759258 
111  55.01520673  010.56732349 
111  55.01517670  010.56715942 
113  55.01469327  010.56742851 
110   3 0.00 253.08 xxx
111  55.01470321  010.56839311 
111  55.01447170  010.56706581 
111  55.01415679  010.56723289 
113  55.01438830  010.56856019 
110   3 0.00 341.76 xxx
111  55.01419750  010.56738580 
111  55.01465341  010.56712376 
111  55.01462250  010.56696020 
113  55.01416659  010.56722224 
110   3 0.00 253.08 xxx
111  55.01476008  010.56770054 
111  55.01463235  010.56696823 
111  55.01436992  010.56710746 
113  55.01449765  010.56783977 
110   3 0.00 277.85 xxx
111  55.01470570  010.56838526 
111  55.01476002  010.56769808 
111  55.01448830  010.56763274 
113  55.01443398  010.56831992 
130 Airport Boundary 2
111  55.01576151  010.56468569 
111  55.01336791  010.56618957 
111  55.01390564  010.56897829 
111  55.01420280  010.56884503 
111  55.01462166  010.57038500 
111  55.01453109  010.57086377 
111  55.01520749  010.57133267 
111  55.01851835  010.55517527 
113  55.01782897  010.55473283 
15   55.01435500  010.56743900   0.00 Custom Startup Location
18   55.01398700  010.56917500 1 Light beacon
19   55.01466100  010.56870300 1 Windsock
1        8 0 0 EK76 Tunoe
100   15.85   3   0 0.00 0 0 0 09   55.95630513  010.40596138    0.00    0.00 1  0 0 0 27   55.95735530  010.41283152    0.00    0.00 1  0 0 0
130 Airport Boundary 12
111  55.95662416  010.40678644 
111  55.95642674  010.40565250 
111  55.95635706  010.40572855 
111  55.95620997  010.40585301 
111  55.95618674  010.40594981 
111  55.95603578  010.40628861 
111  55.95610933  010.40702152 
111  55.95688738  010.41185460 
111  55.95725899  010.41391506 
111  55.95751447  010.41393580 
111  55.95843962  010.41345871 
111  55.95819189  010.41173015 
111  55.95795189  010.41178546 
111  55.95788221  010.41120466 
111  55.95740996  010.41148123 
111  55.95679835  010.40774061 
111  55.95682545  010.40749861 
111  55.95829640  010.40678644 
113  55.95826156  010.40600512 
19   55.95647394  010.40561491 1 WS
19   55.95718646  010.41317797 1 WS
1      237 0 0 EK50 Vestfyn
100   13.11   3   0 0.00 0 0 0 16   55.24985465  010.04761260    0.00    0.00 1  0 0 0 34   55.24719213  010.04878241    0.00    0.00 1  0 0 0
130 Airport Boundary 7
111  55.24716037  010.04863551 
111  55.24712664  010.04904335 
111  55.24737156  010.04906203 
111  55.24704856  010.05096738 
112  55.24710832  010.05162740  55.24726423  010.05172685 
111  55.24737866  010.05113861 
111  55.24755327  010.05032335 
111  55.24786508  010.04869065 
111  55.24989893  010.04778313 
113  55.24984932  010.04745161 
19   55.25001171  010.04786109 1 WS
19   55.24703507  010.04853394 1 WS
1      120 0 0 EK27 Voejstrup
100   29.87   3   0 0.00 0 0 0 09   55.24791373  010.19264764    0.00    0.00 1  0 0 0 27   55.24802698  010.20998136    0.00    0.00 1  0 0 0
130 Airport Boundary 6
111  55.24748591  010.20831931 
111  55.24780220  010.21079391 
111  55.24731522  010.21084674 
111  55.24736543  010.21168335 
111  55.24774500  010.21291688 
111  55.24795787  010.21315800 
111  55.24842385  010.21340538 
111  55.24875702  010.21194832 
111  55.24902173  010.21033915 
111  55.24930470  010.20836171 
111  55.24950269  010.20706946 
111  55.24837858  010.20716953 
111  55.24845559  010.19233928 
113  55.24750674  010.19214555 
19   55.24831381  010.19216789 1 WS
19   55.24762684  010.21046093 1 WS