1        2 0 0 EKAV Avnoe
100   29.87   3   0 0.00 0 0 0 09   55.08585807  011.75089740    0.00    0.00 1  0 0 0 27   55.08576864  011.76368802    0.00    0.00 1  0 0 0
130 Airport Boundary 16
112  55.08753685  011.75720308  55.08711749  011.75676353 
111  55.08673625  011.75591108 
111  55.08745298  011.75218162 
111  55.08756735  011.75204842 
111  55.08761310  011.75143572 
111  55.08754448  011.75046340 
111  55.08740723  011.74985070 
111  55.08726999  011.74970418 
111  55.08644651  011.74965091 
111  55.08630927  011.74991730 
111  55.08601953  011.75002385 
111  55.08547817  011.75005049 
111  55.08491394  011.75006381 
111  55.08448695  011.75029024 
111  55.08355673  011.75079639 
111  55.08306874  011.75144904 
111  55.08273326  011.75207506 
111  55.08228339  011.75251460 
111  55.08187928  011.75307402 
111  55.08145230  011.75362013 
111  55.08114731  011.75400639 
111  55.08067457  011.75491212 
111  55.08041533  011.75567133 
111  55.08020184  011.75616416 
111  55.08002647  011.75691005 
111  55.07971385  011.75769590 
111  55.08312212  011.76321019 
111  55.08256551  011.76424911 
111  55.08287813  011.76467533 
111  55.08244351  011.76566098 
111  55.08341948  011.76712613 
111  55.08627877  011.76851136 
111  55.08701074  011.76804517 
111  55.08752160  011.76528803 
112  55.08706412  011.76498168  55.08678200  011.76486181 
111  55.08655326  011.76483517 
113  55.08866532  011.75790901 
19   55.08626452  011.75043631 1 WS
19   55.08536214  011.76414898 1 WS
1       20 0 0 EK23 Goerlev
100   20.12   3   0 0.00 0 0 0 09   55.55216552  011.19215976    0.00    0.00 1  0 0 0 27   55.55174008  011.20279755    0.00    0.00 1  0 0 0
130 Airport Boundary 3
111  55.55213729  011.19120322 
111  55.55194281  011.19189081 
111  55.55183936  011.19242479 
111  55.55173591  011.19320748 
111  55.55166557  011.19398285 
111  55.55159522  011.19483869 
111  55.55155798  011.19552628 
111  55.55142557  011.19562869 
111  55.55143385  011.19712092 
111  55.55143798  011.20389445 
111  55.55190143  011.20341898 
111  55.55190143  011.20295084 
111  55.55213316  011.19725990 
113  55.55238971  011.19123248 
19   55.55244915  011.19187433 1 WS
19   55.55145642  011.20308291 1 WS
1       16 0 0 EKHK Holbaek
100   18.90   3   0 0.00 0 0 0 10   55.73442188  011.60054722    0.00    0.00 1  0 0 0 28   55.73339893  011.60929478    0.00    0.00 1  0 0 0
130 Airport Boundary 2
111  55.73304934  011.60990402 
111  55.73361667  011.60991032 
111  55.73473248  011.60014697 
111  55.73436493  011.60003816 
111  55.73415975  011.59947447 
111  55.73435330  011.59821567 
111  55.73396129  011.59760883 
111  55.73391065  011.59792363 
111  55.73381387  011.59786007 
111  55.73346573  011.59772526 
111  55.73312861  011.59758899 
111  55.73306013  011.59854766 
111  55.73218400  011.59837225 
111  55.73209072  011.60089742 
113  55.73403344  011.60123918 
19   55.73470622  011.60034358 1 WS
19   55.73311458  011.60949835 1 WS
1        0 1 0 EKKL Kalundborg
100   17.98   1   0 0.00 0 0 0 09   55.69991111  011.24450278    0.00    0.00 2  0 0 0 27   55.70015556  011.25561944    0.00    0.00 2  0 0 0
130 Airport Boundary 2
111  55.69861008  011.23984095 
111  55.69763503  011.23976490 
111  55.69769932  011.24097217 
111  55.69956928  011.25774799 
111  55.69811702  011.25755943 
111  55.70067029  011.26315044 
111  55.70072277  011.26323914 
111  55.70076526  011.26311939 
111  55.70096770  011.26208605 
111  55.70096520  011.26179334 
111  55.70099269  011.26157603 
111  55.70102900  011.26140959 
111  55.70100904  011.25725401 
111  55.70104895  011.25164634 
111  55.70109162  011.25145919 
111  55.70110136  011.24639498 
111  55.70122312  011.24609251 
111  55.70119877  011.23995670 
113  55.70003475  011.23847891 
19   55.70014599  011.24419908 1 WS
19   55.69992066  011.25592308 1 WS
1       40 0 0 EKKO Korsoer
100   14.02   3   0 0.00 0 0 0 12   55.33869121  011.23671725    0.00    0.00 1  0 0 0 30   55.33565535  011.24634320    0.00    0.00 1  0 0 0
130 Airport Boundary 1
111  55.33634051  011.24372287 
111  55.33597748  011.24338987 
111  55.33583938  011.24393099 
111  55.33543690  011.24359106 
111  55.33474242  011.24605384 
111  55.33564208  011.24681696 
111  55.33886982  011.23659814 
113  55.33860150  011.23654264 
19   55.33891792  011.23668459 1 WS
19   55.33542864  011.24637581 1 WS
1        7 0 0 EK37 Naestved
100   21.03   3   0 0.00 0 0 0 06   55.21006502  011.71468611    0.00    0.00 1  0 0 0 24   55.21172845  011.72085041    0.00    0.00 1  0 0 0
130 Airport Boundary 5
111  55.21029571  011.71438405 
112  55.21017552  011.71447275  55.21011543  011.71447275 
111  55.21009645  011.71433416 
111  55.20985923  011.71343061 
112  55.20976434  011.71326985  55.20970425  011.71324214 
111  55.20963783  011.71329757 
111  55.20931205  011.71362462 
111  55.20961885  011.71508251 
111  55.20992565  011.71482198 
111  55.21163046  011.72106927 
111  55.21188033  011.72083091 
111  55.21076382  011.71666789 
111  55.21098207  011.71643507 
111  55.21070689  011.71545391 
111  55.21086187  011.71531533 
113  55.21053926  011.71412352 
19   55.21023949  011.71417452 1 WS
19   55.21155395  011.72136200 1 WS
1       16 0 0 EK68 Omoe
100   20.12   3   0 0.00 0 0 0 10   55.15241541  011.15162635    0.00    0.00 1  0 0 0 28   55.15145630  011.15682310    0.00    0.00 1  0 0 0
130 Airport Boundary 5
111  55.15229941  011.15151210 
111  55.15131854  011.15681487 
111  55.15157252  011.15696302 
111  55.15242786  011.15240611 
111  55.15282780  011.15263600 
111  55.15304091  011.15149677 
111  55.15258258  011.15125667 
113  55.15250668  011.15162960 
19   55.15272946  011.15147091 1 WS
19   55.15114224  011.15697850 1 WS
1       24 0 0 EK69 Oroe
100   14.94   3   0 0.00 0 0 0 18   55.78934437  011.84299852    0.00    0.00 1  0 0 0 36   55.78480782  011.84233723    0.00    0.00 1  0 0 0
130 Airport Boundary 6
111  55.78341535  011.84318478 
111  55.78221069  011.84249979 
111  55.78222119  011.84444889 
111  55.78224921  011.84476025 
111  55.78317021  011.84454230 
111  55.78329978  011.84452984 
111  55.78471473  011.84435886 
111  55.78710322  011.84416028 
111  55.78848668  011.84392861 
111  55.78914429  011.84373003 
111  55.78940485  011.84355351 
111  55.79072007  011.84259371 
111  55.78643941  011.84195384 
111  55.78422406  011.84166608 
113  55.78367136  011.84177640 
19   55.78946197  011.84337301 1 WS
19   55.78469022  011.84196280 1 WS
1      112 0 0 EKRS Ringsted
100   39.93   3   0 0.00 0 0 0 05   55.42404167  011.80286389    0.00    0.00 2  0 0 0 23   55.42817082  011.81190244   89.92    0.00 2  0 0 0
130 Airport Boundary 1
111  55.42405106  011.80181410 
111  55.42332854  011.80273813 
111  55.42735486  011.81149590 
111  55.42706352  011.81187578 
111  55.42685958  011.81259447 
111  55.42669643  011.81250207 
111  55.42643423  011.81327210 
111  55.42657407  011.81329263 
111  55.42660320  011.81586965 
111  55.42671974  011.81613660 
111  55.42673139  011.81662941 
111  55.42695281  011.81666022 
113  55.42866007  011.81170124 
19   55.42423508  011.80177658 1 WS
19   55.42797733  011.81298982 1 WS
1       16 0 0 EK72 Sejeroe
100   10.06   3   0 0.00 0 0 0 05   55.90787224  011.08821776    0.00    0.00 1  0 0 0 23   55.90997113  011.09279383    0.00    0.00 1  0 0 0
130 Airport Boundary 8
111  55.90755896  011.08796530 
111  55.90754473  011.08823182 
111  55.90770977  011.08853102 
111  55.90983595  011.09314968 
111  55.91000811  011.09337655 
111  55.91042285  011.09275180 
111  55.90926715  011.09018191 
111  55.90971492  011.08957610 
111  55.90933821  011.08876845 
111  55.90889521  011.08934823 
113  55.90816130  011.08768521 
19   55.90791893  011.08794093 1 WS
19   55.90992443  011.09307068 1 WS
1      110 0 0 EK46 Slagllile
100   29.87   3   0 0.00 0 0 0 8    55.45264830  011.63696573    0.00    0.00 1  0 0 0 26   55.45306267  011.65080144    0.00    0.00 1  0 0 0
130 Airport Boundary 12
111  55.45135224  011.64216898 
111  55.45131038  011.64387572 
111  55.45060402  011.65004767 
111  55.45339284  011.65128390 
111  55.45332482  011.64310999 
111  55.45314692  011.64116339 
111  55.45297949  011.63668896 
111  55.45307367  011.63616309 
113  55.45182838  011.63573872 
19   55.45303675  011.63645480 1 WS
19   55.45267416  011.65131224 1 WS
1      120 0 0 EK25 Toelloese
100   24.99   3   0 0.00 0 0 0 09   55.58182210  011.75383973    0.00    0.00 1  0 0 0 27   55.58149126  011.76399980    0.00    0.00 1  0 0 0
130 Airport Boundary 5
111  55.58240403  011.75035984 
111  55.58113859  011.75368107 
111  55.58076841  011.75328012 
111  55.58009603  011.75515123 
111  55.58065886  011.75651447 
111  55.58120281  011.75813833 
111  55.58107401  011.76179144 
111  55.58091159  011.76702386 
113  55.58184461  011.76729116 
19   55.58217185  011.75347674 1 WS
19   55.58114148  011.76436270 1 WS
1        8 0 0 EK78 Vejroe
100   24.99   3   0 0.00 0 0 0 06   55.02449678  011.34426156    0.00    0.00 1  0 0 0 24   55.02694210  011.35165050    0.00    0.00 1  0 0 0
130 Airport Boundary 9
111  55.02735676  011.35227701 
111  55.02711182  011.35163608 
111  55.02682043  011.35067101 
111  55.02684999  011.35033213 
112  55.02665740  011.34949306  55.02647592  011.34896945 
111  55.02636011  011.34883665 
111  55.02619541  011.34879981 
111  55.02578155  011.34748850 
111  55.02473423  011.34431334 
111  55.02473001  011.34399657 
111  55.02415989  011.34411444 
111  55.02431192  011.34456382 
111  55.02464132  011.34533735 
111  55.02502140  011.34660446 
111  55.02587446  011.34920499 
111  55.02594203  011.34924919 
111  55.02628832  011.35023636 
111  55.02657971  011.35120880 
111  55.02650370  011.35139297 
112  55.02694405  011.35224346  55.02726863  011.35276098 
111  55.02738632  011.35282953 
111  55.02753835  011.35293266 
113  55.02754680  011.35271166 
19   55.02467649  011.34362745 1 WS
19   55.02676236  011.35228462 1 WS