1     1949 0 1 FM4  Donnelly
100   22.86   1   0 0.25 0 2 0 07   55.70570000 -117.09718152    0.00    0.00 2 12 0 0 25   55.70570000 -117.08281048    0.00    0.00 2 12 0 0
110   1 0.30  89.99 Default taxiway for RWY 07
111  55.70559939 -117.09718150   3 102 
111  55.70508283 -117.09718141   3 102 
111  55.70508367 -117.08281037   3 102 
111  55.70560023 -117.08281046 
112  55.70560021 -117.08317558  55.70559797 -117.08299302   3 102 
111  55.70547453 -117.08299300   3 102 
112  55.70530996 -117.08299297  55.70518652 -117.08299295   3 102 
111  55.70518651 -117.08317551   3 102 
111  55.70518611 -117.08990463   3 102 
111  55.70559981 -117.08990470 
111  55.70559980 -117.09008726   3 102 
111  55.70518610 -117.09008719   3 102 
112  55.70518571 -117.09681631  55.70518570 -117.09699887   3 102 
111  55.70530914 -117.09699889   3 102 
112  55.70547371 -117.09699892  55.70559715 -117.09699894   3 102 
113  55.70559941 -117.09681638 
120 Default hold RWY 07 (near)
111  55.70539141 -117.09718146   4 
115  55.70539142 -117.09699890 
120 Default hold RWY 07 (centre)
111  55.70539182 -117.09008722   4 
115  55.70539183 -117.08990466 
120 Default hold RWY 07 (far)
111  55.70539224 -117.08299298   4 
115  55.70539225 -117.08281042 
18   55.70641866 -117.08999600 1 BCN
19   55.70600719 -117.09754670 1 WS
19   55.70539277 -117.08244542 1 WS
1     2435 0 1 EL5  Valleyview
100   22.86   1   0 0.25 0 2 0 07   55.03222200 -117.30361100    0.00    0.00 2  0 0 0 25   55.03250000 -117.28778100    0.00    0.00 2  0 0 0
110   1 0.30  88.24 Default taxiway for RWY 07
111  55.03212144 -117.30360560   3 102 
111  55.03160512 -117.30357790   3 102 
111  55.03188415 -117.28774801   3 102 
111  55.03240047 -117.28777571 
112  55.03239414 -117.28813450  55.03239505 -117.28795498   3 102 
111  55.03227167 -117.28794836   3 102 
112  55.03210717 -117.28793953  55.03198379 -117.28793291   3 102 
111  55.03198063 -117.28811231   3 102 
111  55.03184902 -117.29557877   3 102 
111  55.03226253 -117.29560096 
111  55.03225937 -117.29578035   3 102 
111  55.03184586 -117.29575816   3 102 
112  55.03171425 -117.30322462  55.03171109 -117.30340402   3 102 
111  55.03183447 -117.30341064   3 102 
112  55.03199897 -117.30341947  55.03212235 -117.30342609   3 102 
113  55.03212776 -117.30324681 
120 Default hold RWY 07 (near)
111  55.03191356 -117.30359445   4 
115  55.03191672 -117.30341506 
120 Default hold RWY 07 (centre)
111  55.03205149 -117.29576920   4 
115  55.03205465 -117.29558981 
120 Default hold RWY 07 (far)
111  55.03218942 -117.28794395   4 
115  55.03219259 -117.28776456 
18   55.03307979 -117.29573711 1 BCN
19   55.03252275 -117.30398627 1 WS
19   55.03219921 -117.28740585 1 WS
51 12320 CTAF