1     1239 0 0 CJW4 Pelican Narrows
100   22.86   5   0 0.00 0 0 0 01   55.28343008 -102.75196262    0.00    0.00 0  0 0 0 19   55.29045392 -102.74747338    0.00    0.00 0  0 0 0
110   5 0.00 200.00 apron
111  55.28548264 -102.74978810 
112  55.28548264 -102.74978810  55.28545078 -102.74963534 
112  55.28524625 -102.74961392  55.28517289 -102.74966759 
111  55.28524625 -102.74961392 
111  55.28449638 -102.75009657 
111  55.28427592 -102.74903295 
113  55.28520558 -102.74843851 
110   5 0.00 110.00 taxiway
111  55.28541296 -102.75052862 
112  55.28541296 -102.75052862  55.28547821 -102.75047736 
112  55.28553657 -102.75006127  55.28550395 -102.74989243 
111  55.28519982 -102.74843913 
111  55.28532870 -102.74835676 
111  55.28567166 -102.75000004 
112  55.28567166 -102.75000004  55.28570480 -102.75016677 
112  55.28594176 -102.75018604  55.28600907 -102.75015378 
113  55.28594176 -102.75018604 
130 Airport Boundary
111  55.29237392 -102.74724156 
111  55.28186990 -102.75395577 
111  55.28152229 -102.75242169 
111  55.28411928 -102.74896318 
111  55.28543642 -102.74816737 
111  55.28645467 -102.74888831 
113  55.29201927 -102.74549397 
15   55.28485022 -102.74900335 197.31 Ramp Start
18   55.28601000 -102.74900000 0 BCN
19   55.28601000 -102.74912000 0 WS
1     1000 0 0 CJY4 Sandy Bay
100   22.86   1   0 0.00 0 1 0 05   55.54433064 -102.27736656    0.00    0.00 0  0 0 0 23   55.54803936 -102.26503744    0.00    0.00 0  0 0 0
110   5 0.00  62.00 apron
111  55.54326965 -102.27630849 
111  55.54365597 -102.27502429 
111  55.54414035 -102.27547951 
113  55.54375403 -102.27676371 
110   5 0.00 152.00 taxiway
111  55.54427459 -102.27724533 
111  55.54375215 -102.27676292 
111  55.54389552 -102.27627926 
112  55.54396909 -102.27663814  55.54404946 -102.27672062 
111  55.54396909 -102.27663814 
111  55.54418106 -102.27683352 
112  55.54418106 -102.27683352  55.54426013 -102.27690455 
113  55.54443611 -102.27668836 
130 Airport Boundary CJY4
111  55.54383871 -102.28058330 
111  55.54328972 -102.28013284 
111  55.54307405 -102.27540303 
111  55.54549546 -102.27140088 
111  55.54858348 -102.26206254 
113  55.54918148 -102.26275555 
15   55.54348708 -102.27626477 333.47 Ramp Start
18   55.54318000 -102.27651000 1 BCN
19   55.54570000 -102.27162000 1 WS
19   55.54423000 -102.27619000 0 WS
16       0 1 0 CKE4 [S] Pelican Narrows Water Aerodrome
101   92.05 0 09   55.16525959 -102.93426184 27   55.16478365 -102.93198575
16       0 1 0 CKB5 [S] Sandy Bay Water Aerodrome
101   49.99 0 11   55.52600000 -102.32500000 29   55.52300000 -102.32400000