1      100 0 1 HL80 MATRATIN
100   30.48   1   0 0.25 0 0 0 13   30.64943300  018.31279700    0.00    0.00 2  0 0 0 31   30.63649400  018.32880000    0.00    0.00 2  0 0 0
21   30.64844475  018.31458840  2 133.22   3.00 13  PAPI-4L
21   30.63748247  018.32700899  2 313.23   3.00 31  PAPI-4L
110   1 0.30 133.22 Default taxiway for RWY 13
111  30.64933469  018.31268963   3 
111  30.64883331  018.31214201   3 
111  30.63589529  018.32814724   3 
111  30.63639667  018.32869478 
112  30.63658450  018.32846242  30.63648895  018.32857681   3 
111  30.63636901  018.32844583   3 
112  30.63620909  018.32827119  30.63608915  018.32814021   3 
111  30.63618306  018.32802403   3 
111  30.64241728  018.32031187   3 
111  30.64281872  018.32075029 
111  30.64291264  018.32063411   3 
111  30.64251120  018.32019569   3 
112  30.64874542  018.31248353  30.64883933  018.31236735   3 
111  30.64895927  018.31249835   3 
112  30.64911919  018.31267302  30.64923913  018.31280401   3 
113  30.64914686  018.31292199 
120 Default hold RWY 13 (near)
111  30.64913315  018.31246950   4 
115  30.64903923  018.31258568 
120 Default hold RWY 13 (centre)
111  30.64271110  018.32041401   4 
115  30.64261718  018.32053019 
120 Default hold RWY 13 (far)
111  30.63628905  018.32835851   4 
115  30.63619513  018.32847469 
19   30.64992068  018.31289214 1 WS
19   30.63600633  018.32870480 1 WS
1       42 0 1 HLNF RAS LANUF OIL
100   29.87   1   0 0.25 0 0 0 18   30.51190300  018.52730600    0.00    0.00 2  0 0 0 36   30.49459700  018.52757800    0.00    0.00 2  0 0 0
100   33.53   1   0 0.25 0 0 0 12   30.50493100  018.51710600    0.00    0.00 1  0 0 0 30   30.49820800  018.53088300    0.00    0.00 1  0 0 0
110   1 0.30 179.22 Default taxiway for RWY 18
111  30.51190121  018.52715262   3 
111  30.51189208  018.52637003   3 
111  30.49458608  018.52664224   3 
111  30.49459521  018.52742469 
112  30.49486400  018.52742046  30.49472957  018.52741997   3 
111  30.49472739  018.52723281   3 
112  30.49472447  018.52698326  30.49472229  018.52679610   3 
111  30.49485669  018.52679398   3 
111  30.50317370  018.52666317   3 
111  30.50318101  018.52728971 
111  30.50331541  018.52728760   3 
111  30.50330810  018.52666106   3 
112  30.51162511  018.52653026  30.51175951  018.52652813   3 
111  30.51176169  018.52671533   3 
112  30.51176461  018.52696492  30.51176679  018.52715211   3 
113  30.51163242  018.52715685 
120 Default hold RWY 18 (near)
111  30.51189754  018.52683801   4 
115  30.51176315  018.52684012 
120 Default hold RWY 18 (centre)
111  30.50331174  018.52697303   4 
115  30.50317734  018.52697514 
120 Default hold RWY 18 (far)
111  30.49472593  018.52710804   4 
115  30.49459154  018.52711015 
19   30.50547351  018.51706012 1 WS
19   30.51217725  018.52776976 1 WS
19   30.49432275  018.52711432 1 WS
19   30.49766549  018.53092881 1 WS