1       49 0 1 HE35 ABU SUWAYR
100   45.11   1   0 0.25 0 0 0 09   30.56996400  032.07959200    0.00  210.31 2  0 0 0 27   30.56991100  032.11052800    0.00  205.74 2  0 0 0
100   45.11   1   0 0.25 0 0 0 11   30.58035600  032.08134200    0.00  210.31 2  0 0 0 29   30.57041900  032.10990300    0.00   70.10 2  0 0 0
110   1 0.30  90.11 Default taxiway for RWY 09
111  30.56976327  032.07959157   3 
111  30.56874612  032.07958938   3 
111  30.56869678  032.11052540   3 
111  30.56971393  032.11052759 
112  30.56971468  032.11005609  30.56971205  032.11029183   3 
111  30.56946847  032.11029131   3 
112  30.56914371  032.11029061  30.56890013  032.11029009   3 
111  30.56890051  032.11005434   3 
111  30.56892424  032.09517570   3 
111  30.56973841  032.09517745 
111  30.56973879  032.09494170   3 
111  30.56892462  032.09493995   3 
112  30.56894835  032.08006131  30.56894872  032.07982557   3 
111  30.56919230  032.07982609   3 
112  30.56951706  032.07982679  30.56976064  032.07982731   3 
113  30.56976252  032.08006306 
110   1 0.30 112.00 Default taxiway for RWY 11
111  30.58016988  032.08125467   3 
111  30.57922677  032.08081214   3 
111  30.56929289  032.10937613   3 
111  30.57023600  032.10981861 
112  30.57038805  032.10938139  30.57030995  032.10959902   3 
111  30.57008410  032.10949306   3 
112  30.56978297  032.10935178  30.56955713  032.10924582   3 
111  30.56963315  032.10902721   3 
111  30.57441003  032.09529174   3 
111  30.57516493  032.09564594 
111  30.57524095  032.09542733   3 
111  30.57448605  032.09507313   3 
112  30.57926293  032.08133767  30.57933895  032.08111906   3 
111  30.57956479  032.08122503   3 
112  30.57986592  032.08136633  30.58009177  032.08147230   3 
113  30.58001783  032.08169189 
120 Default hold RWY 09 (near)
111  30.56935506  032.07959069   4 
115  30.56935468  032.07982644 
120 Default hold RWY 11 (near)
111  30.57979139  032.08107707   4 
115  30.57971536  032.08129568 
120 Default hold RWY 09 (centre)
111  30.56933058  032.09494082   4 
115  30.56933020  032.09517657 
120 Default hold RWY 11 (centre)
111  30.57486246  032.09524974   4 
115  30.57478644  032.09546835 
120 Default hold RWY 09 (far)
111  30.56930609  032.11029096   4 
115  30.56930572  032.11052671 
120 Default hold RWY 11 (far)
111  30.56993354  032.10942242   4 
115  30.56985751  032.10964103 
19   30.57057369  032.07912182 1 WS
19   30.58107266  032.08116971 1 WS
19   30.56970229  032.11007506 1 WS
19   30.56930120  032.11099799 1 WS
1       39 1 1 HE44 AL ISMAILIYAH AB
100   45.11   1   0 0.25 0 0 0 13   30.60787200  032.22164200    0.00   60.96 2  0 0 0 31   30.58975600  032.24773100    0.00   54.86 2  0 0 0
110   1 0.30 128.89 Default taxiway for RWY 13
111  30.60771575  032.22149558   3 
111  30.60692402  032.22075365   3 
111  30.58881062  032.24684770   3 
111  30.58960235  032.24758949 
112  30.58985721  032.24722234  30.58972803  032.24740428   3 
111  30.58953844  032.24722664   3 
112  30.58928564  032.24698979  30.58909605  032.24681216   3 
111  30.58922348  032.24662858   3 
111  30.59796161  032.23404051   3 
111  30.59859534  032.23463433 
111  30.59872277  032.23445075   3 
111  30.59808904  032.23385693   3 
112  30.60682716  032.22126886  30.60695459  032.22108528   3 
111  30.60714418  032.22126295   3 
112  30.60739698  032.22149984  30.60758657  032.22167751   3 
113  30.60746089  032.22186273 
120 Default hold RWY 13 (near)
111  30.60739801  032.22119783   4 
115  30.60727058  032.22138140 
120 Default hold RWY 13 (centre)
111  30.59840503  032.23415302   4 
115  30.59827760  032.23433660 
120 Default hold RWY 13 (far)
111  30.58941204  032.24710822   4 
115  30.58928461  032.24729179 
19   30.60860085  032.22171903 1 WS
19   30.58902717  032.24765379 1 WS
54 11850 TWR
54 11810 TWR
55 11910 APP
1       16 0 1 HE39 AS SALIHIYAH
100   39.62   1   0 0.25 0 0 0 02L  30.78273900  032.03650000    0.00    0.00 2  0 0 0 20R  30.80856900  032.04586900    0.00    0.00 2  0 0 0
100   39.93   1   0 0.25 0 0 0 02C  30.78230800  032.03805800    0.00   48.77 2  0 0 0 20C  30.80814700  032.04740600    0.00   48.77 2  0 0 0
100   44.50   1   0 0.25 0 0 0 02R  30.78182200  032.04505300    0.00    0.00 2  0 0 0 20L  30.80758900  032.05451400    0.00    0.00 2  0 0 0
110   1 0.30  17.26 Default taxiway for RWY 02C
111  30.78225536  032.03825521   3 
111  30.78198813  032.03925625   3 
111  30.80782746  032.04860207   3 
111  30.80809469  032.04760075 
112  30.80775155  032.04747664  30.80792245  032.04754119   3 
111  30.80785847  032.04778091   3 
112  30.80777318  032.04810053  30.80770920  032.04834024   3 
111  30.80753763  032.04827819   3 
111  30.79504689  032.04376045   3 
111  30.79526081  032.04295900 
111  30.79508924  032.04289695   3 
111  30.79487532  032.04369840   3 
112  30.78238459  032.03918066  30.78221301  032.03911860   3 
111  30.78227699  032.03887894   3 
112  30.78236228  032.03855941  30.78242626  032.03831976   3 
113  30.78259851  032.03837932 
110   1 0.30  17.50 Default taxiway for RWY 02R
111  30.78176245  032.04527278   3 
111  30.78146066  032.04638669   3 
111  30.80722800  032.05584550   3 
111  30.80752979  032.05473130 
112  30.80714786  032.05459111  30.80733816  032.05466371   3 
111  30.80726589  032.05493052   3 
112  30.80716953  032.05528626  30.80709726  032.05555307   3 
111  30.80690629  032.05548297   3 
111  30.79450003  032.05092884   3 
111  30.79474160  032.05003709 
111  30.79455064  032.04996699   3 
111  30.79430907  032.05085873   3 
112  30.78190281  032.04630461  30.78171185  032.04623451   3 
111  30.78178412  032.04596777   3 
112  30.78188048  032.04561212  30.78195275  032.04534538   3 
113  30.78214438  032.04541298 
110   1 0.30  17.30 Default taxiway for RWY 02L
111  30.78268664  032.03669564   3 
111  30.78242082  032.03768884   3 
111  30.80825116  032.04705564   3 
111  30.80851698  032.04606217 
112  30.80817653  032.04593872  30.80834608  032.04600295   3 
111  30.80828244  032.04624078   3 
112  30.80819760  032.04655789  30.80813396  032.04679572   3 
111  30.80796374  032.04673399   3 
111  30.79547413  032.04220493   3 
111  30.79568692  032.04140977 
111  30.79551670  032.04134805   3 
111  30.79530391  032.04214321   3 
112  30.78281430  032.03761415  30.78264407  032.03755243   3 
111  30.78270771  032.03731466   3 
112  30.78279255  032.03699764  30.78285619  032.03675987   3 
113  30.78302709  032.03681909 
120 Default hold RWY 02C (near)
111  30.78214806  032.03865713   4 
115  30.78231963  032.03871918 
120 Default hold RWY 02R (near)
111  30.78164133  032.04571984   4 
115  30.78183230  032.04578994 
120 Default hold RWY 02L (near)
111  30.78257991  032.03709442   4 
115  30.78275013  032.03715615 
120 Default hold RWY 02C (centre)
111  30.79498194  032.04329893   4 
115  30.79515351  032.04336098 
120 Default hold RWY 02R (centre)
111  30.79442952  032.05041411   4 
115  30.79462048  032.05048421 
120 Default hold RWY 02L (centre)
111  30.79540997  032.04174688   4 
115  30.79558019  032.04180860 
120 Default hold RWY 02C (far)
111  30.80781582  032.04794072   4 
115  30.80798739  032.04800278 
120 Default hold RWY 02R (far)
111  30.80721771  032.05510839   4 
115  30.80740867  032.05517848 
120 Default hold RWY 02L (far)
111  30.80824002  032.04639934   4 
115  30.80841025  032.04646106 
19   30.78212438  032.03733629 1 WS
19   30.78162074  032.04424596 1 WS
19   30.78255764  032.03578213 1 WS
19   30.80779020  032.05532128 1 WS
19   30.80833057  032.04812792 1 WS
19   30.80875031  032.04658709 1 WS
1     1596 0 1 HE46 EL SHARQI
100   59.74   1   0 0.25 0 0 0 07   30.02619200  032.97181900    0.00    0.00 2  0 0 0 25   30.02843900  032.97970300    0.00    0.00 2  0 0 0
110   1 0.30  71.78 Default taxiway for RWY 07
111  30.02593881  032.97191528   3 
111  30.02466002  032.97240155   3 
111  30.02690726  032.98028538   3 
111  30.02818605  032.97979910 
112  30.02801792  032.97920929  30.02809984  032.97950500   3 
111  30.02779344  032.97962152   3 
112  30.02738491  032.97977687  30.02707852  032.97989338   3 
111  30.02699446  032.97959848   3 
111  30.02608100  032.97639382   3 
111  30.02710446  032.97600464 
111  30.02702040  032.97570974   3 
111  30.02599694  032.97609892   3 
112  30.02508347  032.97289428  30.02499941  032.97259937   3 
111  30.02530580  032.97248286   3 
112  30.02571433  032.97232751  30.02602073  032.97221100   3 
113  30.02610693  032.97250510 
120 Default hold RWY 07 (near)
111  30.02542601  032.97211028   4 
115  30.02551007  032.97240519 
120 Default hold RWY 07 (centre)
111  30.02650760  032.97590474   4 
115  30.02659166  032.97619964 
120 Default hold RWY 07 (far)
111  30.02758918  032.97969919   4 
115  30.02767325  032.97999410 
19   30.02678987  032.97093791 1 WS
19   30.02784108  032.98058406 1 WS
1       22 0 1 HE34 KIBRIT
100   45.11   1   0 0.25 0 0 0 14L  30.25608300  032.48313900    0.00   79.25 2  0 0 0 32R  30.23886100  032.50258300    0.00    0.00 2  0 0 0
100   39.62   1   0 0.25 0 0 0 14R  30.25497200  032.48175000    0.00    0.00 2  0 0 0 32L  30.23747200  032.50119400    0.00    0.00 2  0 0 0
110   1 0.30 136.17 Default taxiway for RWY 14R
111  30.25485008  032.48160298   3 
111  30.25423116  032.48085660   3 
111  30.23673260  032.50030422   3 
111  30.23735152  032.50105046 
112  30.23760875  032.50076458  30.23747859  032.50090565   3 
111  30.23733042  032.50072700   3 
112  30.23713286  032.50048880  30.23698469  032.50031015   3 
111  30.23711330  032.50016721   3 
111  30.24554104  032.49080076   3 
111  30.24603649  032.49139819 
111  30.24616511  032.49125525   3 
111  30.24566966  032.49065782   3 
112  30.25409739  032.48129139  30.25422601  032.48114844   3 
111  30.25437418  032.48132712   3 
112  30.25457174  032.48156536  30.25471991  032.48174404   3 
113  30.25459284  032.48188887 
110   1 0.30 135.71 Default taxiway for RWY 14L
111  30.25594283  032.48297265   3 
111  30.25523258  032.48212972   3 
111  30.23801202  032.50157731   3 
111  30.23872227  032.50242009 
112  30.23901286  032.50209191  30.23886600  032.50225414   3 
111  30.23869592  032.50205232   3 
112  30.23846914  032.50178322  30.23829906  032.50158140   3 
111  30.23844435  032.50141731   3 
111  30.24669139  032.49210376   3 
111  30.24725990  032.49277842 
111  30.24740520  032.49261433   3 
111  30.24683669  032.49193967   3 
112  30.25508372  032.48262612  30.25522902  032.48246203   3 
111  30.25539910  032.48266388   3 
112  30.25562588  032.48293302  30.25579596  032.48313488   3 
113  30.25565223  032.48330083 
120 Default hold RWY 14R (near)
111  30.25460158  032.48130330   4 
115  30.25447296  032.48144624 
120 Default hold RWY 14L (near)
111  30.25565779  032.48263436   4 
115  30.25551249  032.48279845 
120 Default hold RWY 14R (centre)
111  30.24591661  032.49095560   4 
115  30.24578799  032.49109854 
120 Default hold RWY 14L (centre)
111  30.24712016  032.49227607   4 
115  30.24697486  032.49244016 
120 Default hold RWY 14R (far)
111  30.23723164  032.50060790   4 
115  30.23710302  032.50075084 
120 Default hold RWY 14L (far)
111  30.23858253  032.50191777   4 
115  30.23843723  032.50208186 
19   30.25559966  032.48191081 1 WS
19   30.25679881  032.48331546 1 WS
19   30.23814521  032.50240643 1 WS
19   30.23684436  032.50103310 1 WS