1      825 0 1 LL60 NIZZANA WEST
100   28.96   1   0 0.25 0 0 0 15   30.86402800  034.43932500    0.00   59.44 2  0 0 0 33   30.85274700  034.44788900    0.00   59.44 2  0 0 0
110   1 0.30 146.91 Default taxiway for RWY 15
111  30.86395809  034.43920003   3 
111  30.86360115  034.43856202   3 
111  30.85232043  034.44712712   3 
111  30.85267737  034.44776506 
112  30.85289568  034.44759930  30.85278530  034.44767998   3 
111  30.85269993  034.44752740   3 
112  30.85258610  034.44732397  30.85250074  034.44717139   3 
111  30.85260989  034.44708851   3 
111  30.85797736  034.44301316   3 
111  30.85826315  034.44352398 
111  30.85837231  034.44344111   3 
111  30.85808652  034.44293029   3 
112  30.86345399  034.43885494  30.86356314  034.43877206   3 
111  30.86364850  034.43892466   3 
112  30.86376233  034.43912812  30.86384770  034.43928072   3 
113  30.86373978  034.43936578 
120 Default hold RWY 15 (near)
111  30.86381458  034.43894351   4 
115  30.86370542  034.43902639 
120 Default hold RWY 15 (centre)
111  30.85822880  034.44318460   4 
115  30.85811964  034.44326747 
120 Default hold RWY 15 (far)
111  30.85264302  034.44742568   4 
115  30.85253386  034.44750857 
19   30.86445898  034.43953940 1 WS
19   30.85231603  034.44767460 1 WS
1     2126 0 1 LLRM RAMON
100   45.11   1   0 0.25 0 3 0 07R  30.76931700  034.65310000    0.00  170.69 2  5 0 0 25L  30.77988100  034.68190000    0.00  170.69 2  5 0 0
100   45.11   1   0 0.25 0 3 0 07L  30.77271700  034.65305000    0.00  170.69 2  5 0 0 25R  30.78233300  034.67903600    0.00  170.69 2  5 0 0
21   30.77377262  034.65480161  1  66.69   3.00 07L VASI
21   30.77036782  034.65485545  1  66.87   3.00 07R VASI
21   30.77883057  034.68014403  1 246.89   3.00 25L VASI
21   30.78127774  034.67728392  1 246.71   3.00 25R VASI
110   1 0.30  66.87 Default taxiway for RWY 07R
111  30.76913240  034.65319175   3 102 
111  30.76819698  034.65365669   3 102 
111  30.77876416  034.68245360   3 102 
111  30.77969958  034.68198860 
112  30.77954014  034.68155410  30.77961779  034.68177238   3 102 
111  30.77939379  034.68188373   3 102 
112  30.77909512  034.68203220  30.77887111  034.68214355   3 102 
111  30.77879139  034.68192630   3 102 
111  30.77370710  034.66807098   3 102 
111  30.77445585  034.66769880 
111  30.77437613  034.66748155   3 102 
111  30.77362738  034.66785373   3 102 
112  30.76854309  034.65399841  30.76846337  034.65378116   3 102 
111  30.76868738  034.65366982   3 102 
112  30.76898605  034.65352137  30.76921005  034.65341003   3 102 
113  30.76929184  034.65362625 
110   1 0.30  66.69 Default taxiway for RWY 07L
111  30.77253265  034.65314244   3 102 
111  30.77159851  034.65361086   3 102 
111  30.78121710  034.67959432   3 102 
111  30.78215124  034.67912585 
112  30.78199061  034.67869193  30.78206886  034.67890993   3 102 
111  30.78184516  034.67902211   3 102 
112  30.78154689  034.67917169  30.78132320  034.67928387   3 102 
111  30.78124289  034.67906691   3 102 
111  30.77663438  034.66661759   3 102 
111  30.77738210  034.66624263 
111  30.77730179  034.66602567   3 102 
111  30.77655407  034.66640063   3 102 
112  30.77194556  034.65395130  30.77186525  034.65373434   3 102 
111  30.77208894  034.65362217   3 102 
112  30.77238721  034.65347261  30.77261091  034.65336044   3 102 
113  30.77269328  034.65357636 
120 Default hold RWY 07R (near)
111  30.76875699  034.65337835   4 
115  30.76883671  034.65359560 
120 Default hold RWY 07L (near)
111  30.77215776  034.65333043   4 
115  30.77223808  034.65354739 
120 Default hold RWY 07R (centre)
111  30.77400072  034.66766815   4 
115  30.77408044  034.66788540 
120 Default hold RWY 07L (centre)
111  30.77692690  034.66621366   4 
115  30.77700721  034.66643062 
120 Default hold RWY 07R (far)
111  30.77924445  034.68195797   4 
115  30.77932417  034.68217522 
120 Default hold RWY 07L (far)
111  30.78169603  034.67909690   4 
115  30.78177635  034.67931386 
18   30.77590687  034.66684779 4 BCN
19   30.76971757  034.65238715 1 WS
19   30.77311561  034.65233565 1 WS
19   30.78193424  034.67975032 1 WS
19   30.77948028  034.68261281 1 WS
55 12090 TEL AVIV CON
55 12140 TEL AVIV CON