1       88 0 1 OIAG AGHAJARI
100   45.11   1   0 0.25 0 0 0 13   30.75236100  049.66849400    0.00    0.00 2  0 0 0 31   30.73853100  049.68368100    0.00    0.00 2  0 0 0
110   1 0.30 136.65 Default taxiway for RWY 13
111  30.75222322  049.66832414   3 
111  30.75152503  049.66746343   3 
111  30.73769591  049.68265276   3 
111  30.73839410  049.68351335 
112  30.73868932  049.68318910  30.73854016  049.68334931   3 
111  30.73837297  049.68314323   3 
112  30.73815004  049.68286845  30.73798284  049.68266236   3 
111  30.73813045  049.68250024   3 
111  30.74467599  049.67531090   3 
111  30.74523486  049.67599980 
111  30.74538247  049.67583768   3 
111  30.74482360  049.67514878   3 
112  30.75136913  049.66795944  30.75151674  049.66779732   3 
111  30.75168394  049.66800344   3 
112  30.75190687  049.66827826  30.75207406  049.66848437   3 
113  30.75192800  049.66864839 
120 Default hold RWY 13 (near)
111  30.75194301  049.66797872   4 
115  30.75179540  049.66814085 
120 Default hold RWY 13 (centre)
111  30.74510226  049.67549228   4 
115  30.74495465  049.67565440 
120 Default hold RWY 13 (far)
111  30.73826150  049.68300584   4 
115  30.73811389  049.68316797 
19   30.75307421  049.66868504 1 WS
19   30.73781781  049.68348989 1 WS
54 12350 INFO
54 12210 INFO
1        8 1 1 OIAM MAHSHAHR
100   45.11   1   0 0.25 0 1 0 14   30.56511900  049.14235300    0.00  199.95 2  0 0 0 32   30.54726400  049.16140600  299.92   60.96 2  0 0 0
110   1 0.30 137.42 Default taxiway for RWY 14
111  30.56498317  049.14218136   3 102 
111  30.56429488  049.14131160   3 102 
111  30.54644127  049.16036831   3 102 
111  30.54712956  049.16123790 
112  30.54742846  049.16091886  30.54727749  049.16107646   3 102 
111  30.54711266  049.16086821   3 102 
112  30.54689290  049.16059056  30.54672807  049.16038232   3 102 
111  30.54687752  049.16022280   3 102 
111  30.55543070  049.15109326   3 102 
111  30.55598164  049.15178938 
111  30.55613109  049.15162986   3 102 
111  30.55558015  049.15093374   3 102 
112  30.56413333  049.14180421  30.56428278  049.14164469   3 102 
111  30.56444761  049.14185297   3 102 
112  30.56466737  049.14213068  30.56483220  049.14233895   3 102 
113  30.56468427  049.14250040 
120 Default hold RWY 14 (near)
111  30.56470694  049.14183230   4 
115  30.56455749  049.14199182 
120 Default hold RWY 14 (centre)
111  30.55585486  049.15128084   4 
115  30.55570541  049.15144036 
120 Default hold RWY 14 (far)
111  30.54700278  049.16072939   4 
115  30.54685333  049.16088891 
18   30.55715392  049.15309584 1 BCN
19   30.56582996  049.14255466 1 WS
19   30.54655307  049.16120424 1 WS
54 11865 ATIS
1       85 1 1 OIAJ OMIDIYEH
100   45.11   1   0 0.25 0 2 0 12R  30.84550000  049.51500000    0.00  367.28 2  0 0 0 30L  30.82316700  049.54933300    0.00  367.28 2  0 0 0
100   45.11   1   0 0.25 0 2 0 12L  30.84550000  049.52316700    0.00  360.88 2  0 0 0 30R  30.82650000  049.55216700    0.00  360.88 2  0 0 0
21   30.84470570  049.52509796  1 127.34   3.00 12L VASI
21   30.84471150  049.51693418  1 127.14   3.00 12R VASI
21   30.82395601  049.54739954  1 307.16   3.00 30L VASI
21   30.82729473  049.55023666  1 307.35   3.00 30R VASI
110   1 0.30 127.14 Default taxiway for RWY 12R
111  30.84533998  049.51485885   3 102 
111  30.84452911  049.51414359   3 102 
111  30.82220064  049.54848478   3 102 
111  30.82301151  049.54919987 
112  30.82325660  049.54882292  30.82313226  049.54900982   3 102 
111  30.82293808  049.54883858   3 102 
112  30.82267918  049.54861025  30.82248500  049.54843901   3 102 
111  30.82260755  049.54825053   3 102 
111  30.83346542  049.53155114   3 102 
111  30.83411447  049.53212359 
111  30.83423702  049.53193512   3 102 
111  30.83358797  049.53136267   3 102 
112  30.84444584  049.51466328  30.84456838  049.51447480   3 102 
111  30.84476256  049.51464608   3 102 
112  30.84502146  049.51487445  30.84521564  049.51504574   3 102 
113  30.84509489  049.51523580 
110   1 0.30 127.34 Default taxiway for RWY 12L
111  30.84534040  049.52302520   3 102 
111  30.84453169  049.52230665   3 102 
111  30.82553492  049.55131256   3 102 
111  30.82634363  049.55203097 
112  30.82658985  049.55165502  30.82646495  049.55184141   3 102 
111  30.82627129  049.55166937   3 102 
112  30.82601308  049.55143999  30.82581941  049.55126795   3 102 
111  30.82594252  049.55107997   3 102 
111  30.83513313  049.53704697   3 102 
111  30.83578046  049.53762207 
111  30.83590357  049.53743409   3 102 
111  30.83525624  049.53685899   3 102 
112  30.84444685  049.52282599  30.84456996  049.52263801   3 102 
111  30.84476363  049.52281008   3 102 
112  30.84502184  049.52303951  30.84521550  049.52321158   3 102 
113  30.84509418  049.52340115 
120 Default hold RWY 12R (near)
111  30.84501456  049.51457180   4 
115  30.84489201  049.51476027 
120 Default hold RWY 12L (near)
111  30.84501584  049.52273682   4 
115  30.84489273  049.52292479 
120 Default hold RWY 12R (centre)
111  30.83391160  049.53164811   4 
115  30.83378905  049.53183658 
120 Default hold RWY 12L (centre)
111  30.83557901  049.53714575   4 
115  30.83545590  049.53733373 
120 Default hold RWY 12R (far)
111  30.82280863  049.54872442   4 
115  30.82268609  049.54891289 
120 Default hold RWY 12L (far)
111  30.82614218  049.55155468   4 
115  30.82601907  049.55174265 
18   30.83546951  049.53316790 4 BCN
19   30.84623053  049.51505125 1 WS
19   30.84623038  049.52322123 1 WS
19   30.82243648  049.54928149 1 WS
19   30.82576964  049.55211256 1 WS
54 12490 TWR
54 12260 TWR