1      440 0 1 56TX Anchorage Farm Field
100   38.10   3   0 0.25 0 0 0 16   30.01166039 -096.76002735    0.00    0.00 1  0 0 0 34   30.00711683 -096.75881599    0.00    0.00 1  0 0 0
19   30.01210986 -096.75953924 1 WS
19   30.00666736 -096.75930407 1 WS
1      465 0 1 9TX1 Bar S Ranch
100   24.38   3   0 0.25 0 0 0 13   30.14618160 -096.85922753    0.00    0.00 1  0 0 0 31   30.14036394 -096.85295415    0.00    0.00 1  0 0 0
19   30.14656657 -096.85912222 1 WS
19   30.13997897 -096.85305947 1 WS
1      308 0 0 11R  BRENHAM MUNI
100   22.86   1   0 0.00 0 2 0 16   30.22712744 -096.37570953    0.00    0.00 2  0 0 1 34   30.21084756 -096.37285170    0.00    0.00 2  0 0 0
21   30.22508746 -096.37500328  2 171.38   3.00 17  PAPI-4L
21   30.21272687 -096.37365555  2 351.38   3.00 34  PAPI-4L
110   1 0.00 171.40 T
111  30.21130876 -096.37221629 
111  30.21104526 -096.37217446 
111  30.21106262 -096.37204829 
111  30.21129049 -096.37208891 102 
111  30.21209443 -096.37222898 
111  30.21249314 -096.37230014 102 
111  30.21576875 -096.37287464 
111  30.21604466 -096.37292326 102 
111  30.21644324 -096.37299355 
111  30.21674472 -096.37304537 102 
111  30.21904584 -096.37344936 
111  30.21929782 -096.37349385 102 
111  30.21988164 -096.37359633 
111  30.22029177 -096.37366755 102 
111  30.22554333 -096.37458993 
111  30.22600364 -096.37467042 102 
111  30.22691523 -096.37483042 
111  30.22713036 -096.37486897 
111  30.22711406 -096.37499366 
111  30.22696869 -096.37496733 102 
111  30.22602846 -096.37480324 
111  30.22557263 -096.37472290 102 
111  30.22195512 -096.37408816 
111  30.22141728 -096.37399414 102 
111  30.21691908 -096.37320389 
113  30.21636721 -096.37310813 102 
110   1 0.00  81.38 T
111  30.21086927 -096.37273595 102 
111  30.21093236 -096.37222493 102 
111  30.21095690 -096.37202614 102 
111  30.21097442 -096.37188427 102 
111  30.21098755 -096.37177788 102 
111  30.21119740 -096.37181320 102 
111  30.21118596 -096.37191695 
112  30.21118596 -096.37191695  30.21117459 -096.37204926 102 
111  30.21129049 -096.37208891 
111  30.21106262 -096.37204829 
111  30.21104526 -096.37217446 
111  30.21130876 -096.37221629 102 
112  30.21114466 -096.37226166  30.21104678 -096.37231681 102 
111  30.21101436 -096.37248705 102 
111  30.21100663 -096.37254610 
112  30.21100663 -096.37254610  30.21098800 -096.37271693 102 
113  30.21117642 -096.37279114 
110   1 0.00  81.40 T
111  30.22726202 -096.37463260 102 
111  30.22724757 -096.37474383 102 
111  30.22722945 -096.37488320 102 
111  30.22720386 -096.37508013 102 
111  30.22713729 -096.37559237 
111  30.22692827 -096.37555666 102 
112  30.22705149 -096.37542344  30.22706767 -096.37532412 
111  30.22705149 -096.37542344 102 
111  30.22708383 -096.37518702 102 
112  30.22707195 -096.37505788  30.22705507 -096.37500171 102 
111  30.22696869 -096.37496733 
111  30.22711406 -096.37499366 
111  30.22713036 -096.37486897 
111  30.22691523 -096.37483042 102 
112  30.22704271 -096.37471033  30.22707155 -096.37459880 
111  30.22704271 -096.37471033 102 
113  30.22705685 -096.37459712 102 
110   1 0.00  81.40 T
111  30.21644324 -096.37299355 
112  30.21654399 -096.37293555  30.21655378 -096.37287273 
111  30.21654399 -096.37293555 
111  30.21655139 -096.37288197 
112  30.21655139 -096.37288197  30.21655673 -096.37282635 
111  30.21649927 -096.37280205 
111  30.21674554 -096.37284126 
112  30.21666606 -096.37290006  30.21665894 -096.37294641 
111  30.21666606 -096.37290006 
111  30.21666126 -096.37293894 
112  30.21666126 -096.37293894  30.21665414 -096.37301824 
113  30.21674472 -096.37304537 
110   1 0.00  81.40 T
111  30.21576875 -096.37287464 
112  30.21587136 -096.37282224  30.21587821 -096.37276899 
111  30.21587136 -096.37282224 
111  30.21587949 -096.37276605 
112  30.21587949 -096.37276605  30.21588341 -096.37272300 
111  30.21581924 -096.37268653 
111  30.21607268 -096.37274231 
112  30.21599384 -096.37278002  30.21598699 -096.37281967 
111  30.21599384 -096.37278002 
111  30.21598733 -096.37283770 
112  30.21598733 -096.37283770  30.21597949 -096.37289094 
113  30.21604466 -096.37292326 
110   1 0.00  81.40 T
111  30.21633730 -096.37369834 102 
112  30.21646816 -096.37355967  30.21648677 -096.37344076 
111  30.21646816 -096.37355967 102 
111  30.21648695 -096.37340464 102 
112  30.21646689 -096.37319489  30.21644476 -096.37313678 102 
111  30.21636721 -096.37310813 
111  30.21691908 -096.37320389 102 
111  30.21670015 -096.37322888 102 
112  30.21660690 -096.37332796  30.21659153 -096.37341035 
111  30.21660690 -096.37332796 102 
111  30.21657788 -096.37359316 
112  30.21657788 -096.37359316  30.21656736 -096.37371581 102 
113  30.21671569 -096.37376584 
110   1 0.00  81.40 T
111  30.22547513 -096.37529999 102 
112  30.22567538 -096.37519659  30.22570022 -096.37506858 
111  30.22567538 -096.37519659 102 
111  30.22571311 -096.37490139 102 
112  30.22569540 -096.37481331  30.22567838 -096.37475716 102 
111  30.22557263 -096.37472290 
111  30.22602846 -096.37480324 102 
112  30.22586651 -096.37484583  30.22582396 -096.37490887 102 
111  30.22582900 -096.37494885 102 
111  30.22579566 -096.37519218 
112  30.22579566 -096.37519218  30.22578021 -096.37533759 102 
113  30.22591354 -096.37537688 
110   1 0.00  81.40 T
111  30.22140324 -096.37458513 102 
112  30.22161401 -096.37438301  30.22164799 -096.37419232 
111  30.22161401 -096.37438301 102 
111  30.22162198 -096.37431233 102 
112  30.22154316 -096.37408349  30.22147894 -096.37401364 102 
111  30.22141728 -096.37399414 
111  30.22195512 -096.37408816 102 
112  30.22180811 -096.37413218  30.22177639 -096.37417248 102 
111  30.22175644 -096.37423801 102 
111  30.22172233 -096.37447955 
112  30.22172233 -096.37447955  30.22170688 -096.37462495 102 
113  30.22184073 -096.37466303 
110   1 0.00 171.40 Apron
111  30.21764510 -096.37303076 
111  30.21709387 -096.37293240 
111  30.21674554 -096.37284126 
111  30.21649927 -096.37280205 
111  30.21607268 -096.37274231 
111  30.21581924 -096.37268653 
111  30.21560799 -096.37264446 
111  30.21564295 -096.37239286 
111  30.21579578 -096.37242377 
111  30.21583738 -096.37210230 
111  30.21623667 -096.37216229 
111  30.21626201 -096.37197416 
111  30.21652427 -096.37202193 
111  30.21651378 -096.37211454 
111  30.21663287 -096.37213548 
111  30.21664336 -096.37207162 
111  30.21725414 -096.37218210 
111  30.21724965 -096.37221020 
111  30.21726628 -096.37221582 
111  30.21724686 -096.37236476 
111  30.21758159 -096.37243033 
111  30.21760139 -096.37228608 
111  30.21764444 -096.37229212 
111  30.21762494 -096.37245306 
112  30.21766210 -096.37245468  30.21768887 -096.37242131 
111  30.21766210 -096.37245468 
111  30.21772523 -096.37249388 
111  30.21771406 -096.37257716 
111  30.21772661 -096.37258004 
111  30.21772107 -096.37262666 
111  30.21770757 -096.37262528 
111  30.21769852 -096.37268792 
112  30.21769852 -096.37268792  30.21769543 -096.37273440 
111  30.21774952 -096.37278908 
111  30.21787632 -096.37281186 
111  30.21805232 -096.37284346 
111  30.21819875 -096.37286975 
111  30.21831289 -096.37289025 
111  30.21829589 -096.37299141 
111  30.21775680 -096.37289025 
114  30.21775680 -096.37289025  30.21767236 -096.37288429 
110   2 0.00  81.00 Pad
111  30.21782115 -096.37227229 
111  30.21775712 -096.37226007 
111  30.21775599 -096.37227276 
111  30.21768554 -096.37226235 
111  30.21769403 -096.37219212 
111  30.21770555 -096.37209681 
111  30.21771509 -096.37209852 
111  30.21772343 -096.37203646 
113  30.21785094 -096.37205577 
110   2 0.00  81.00 Pad
111  30.21776923 -096.37263448 
111  30.21772107 -096.37262666 
111  30.21772661 -096.37258004 
113  30.21777447 -096.37258890 
110   2 0.00  81.00 Pad
111  30.21778847 -096.37250260 
111  30.21774076 -096.37249511 
111  30.21774585 -096.37245000 
113  30.21779371 -096.37245702 
110   2 0.00  81.00 Pad
111  30.21780771 -096.37237843 
111  30.21775061 -096.37236705 
111  30.21775533 -096.37232293 
113  30.21781443 -096.37233200 
110   2 0.00  81.00 Pad
111  30.21803636 -096.37222258 
111  30.21798872 -096.37221380 
111  30.21799432 -096.37216809 
113  30.21804308 -096.37217614 
110   2 0.00  81.00 Pad
111  30.21801342 -096.37234761 
111  30.21796578 -096.37233882 
111  30.21797287 -096.37229225 
113  30.21802014 -096.37230117 
110   2 0.00  81.00 Pad
111  30.21799344 -096.37248291 
111  30.21794580 -096.37247412 
111  30.21795288 -096.37242755 
113  30.21800016 -096.37243647 
110   2 0.00  81.00 Pad
111  30.21797272 -096.37260964 
111  30.21792656 -096.37259915 
111  30.21793217 -096.37255429 
113  30.21797944 -096.37256321 
110   2 0.00  81.00 Pad
111  30.21795570 -096.37271925 
111  30.21790954 -096.37270876 
111  30.21791515 -096.37266390 
113  30.21796242 -096.37267282 
110   1 0.00  81.00 Pad
111  30.21819875 -096.37286975 
112  30.21825553 -096.37280451  30.21826090 -096.37274855 
111  30.21825553 -096.37280451 
112  30.21825553 -096.37280451  30.21825732 -096.37278275 
111  30.21824187 -096.37278493 
111  30.21818736 -096.37277568 
111  30.21825815 -096.37224472 
111  30.21839973 -096.37227658 
113  30.21831289 -096.37289025 
110   1 0.00  81.40 Pad
111  30.21787632 -096.37281186 
112  30.21794615 -096.37276810  30.21795926 -096.37272410 
111  30.21794615 -096.37276810 
111  30.21805234 -096.37211122 
111  30.21816639 -096.37212942 
111  30.21807987 -096.37274989 
111  30.21801956 -096.37274079 
111  30.21801432 -096.37277113 
112  30.21801432 -096.37277113  30.21801170 -096.37282119 
113  30.21805232 -096.37284346 
110   1 0.00  81.40 Pad
111  30.21774076 -096.37249511 
111  30.21772523 -096.37249388 
111  30.21766210 -096.37245468 
111  30.21768554 -096.37226235 
111  30.21775599 -096.37227276 
111  30.21774826 -096.37231906 
111  30.21775533 -096.37232293 
111  30.21775061 -096.37236705 
111  30.21773723 -096.37236291 
111  30.21772856 -096.37244830 
113  30.21774585 -096.37245000 
110   2 0.00  81.40 Pad
111  30.21664974 -096.37202078 
111  30.21664336 -096.37207162 
111  30.21663287 -096.37213548 
111  30.21651378 -096.37211454 
111  30.21652428 -096.37202186 
113  30.21652709 -096.37199695 
110   2 0.00  81.40 Pad
111  30.21584380 -096.37204533 
111  30.21583716 -096.37210291 
111  30.21579578 -096.37242377 
111  30.21564295 -096.37239286 
111  30.21564665 -096.37236701 
111  30.21577889 -096.37238800 
111  30.21581892 -096.37211443 
111  30.21567772 -096.37208372 
113  30.21568590 -096.37201642 
110   1 0.00  81.40 Pad
111  30.22554333 -096.37458993 102 
112  30.22568099 -096.37447182  30.22570807 -096.37437152 
111  30.22568099 -096.37447182 102 
111  30.22569592 -096.37435473 102 
111  30.22590058 -096.37438928 102 
111  30.22588831 -096.37450061 
112  30.22588831 -096.37450061  30.22587593 -096.37462597 102 
113  30.22600364 -096.37467042 
110   2 0.00  81.40 Pad
111  30.22015485 -096.37267373 
111  30.22000863 -096.37264941 
111  30.22006310 -096.37220321 
111  30.22021144 -096.37223072 
111  30.22018730 -096.37241970 
111  30.22005593 -096.37240060 
111  30.22004876 -096.37246197 
113  30.22017896 -096.37248497 
110   2 0.00  81.40 Pad
111  30.22044573 -096.37246638 
111  30.22030020 -096.37243789 
111  30.22032532 -096.37224596 
113  30.22046764 -096.37227568 
110   2 0.00  81.40 Pad
111  30.22043856 -096.37272182 
111  30.22026676 -096.37269346 
111  30.22029171 -096.37250278 
113  30.22046334 -096.37253278 
110   2 0.00  81.40 Pad
111  30.22040559 -096.37298058 
111  30.22023353 -096.37294740 
111  30.22025808 -096.37275980 
113  30.22043038 -096.37278656 
110   2 0.00  81.40 Pad
111  30.22036976 -096.37323436 
111  30.22020011 -096.37320278 
111  30.22022466 -096.37301518 
113  30.22039454 -096.37304035 
110   2 0.00  81.40 Pad
111  30.22012180 -096.37293248 
111  30.21995338 -096.37290595 
111  30.21997715 -096.37270857 
113  30.22014658 -096.37273846 
110   1 0.00  81.40 Pad
111  30.21988164 -096.37359633 
112  30.22005364 -096.37346730  30.22007518 -096.37334948 
111  30.22005364 -096.37346730 
111  30.22009012 -096.37318532 
111  30.21992073 -096.37315667 
111  30.21994549 -096.37297270 
111  30.22011358 -096.37299683 
111  30.22012180 -096.37293248 
111  30.22014658 -096.37273846 
111  30.22015485 -096.37267373 
111  30.22017896 -096.37248497 
111  30.22018730 -096.37241970 
111  30.22021144 -096.37223072 
111  30.22032532 -096.37224596 
111  30.22030020 -096.37243789 
111  30.22029171 -096.37250278 
111  30.22026676 -096.37269346 
111  30.22025808 -096.37275980 
111  30.22023353 -096.37294740 
111  30.22022466 -096.37301518 
111  30.22020011 -096.37320278 
111  30.22016114 -096.37350055 
112  30.22016114 -096.37350055  30.22015233 -096.37359458 
113  30.22029177 -096.37366755 
110   1 0.00  81.40 Pad
111  30.21904584 -096.37344936 
112  30.21913738 -096.37338190  30.21914741 -096.37332542 
111  30.21913738 -096.37338190 
111  30.21914598 -096.37330229 
112  30.21914598 -096.37330229  30.21914932 -096.37322800 
111  30.21909581 -096.37318950 
111  30.21880485 -096.37312812 
111  30.21893385 -096.37220028 
111  30.21907575 -096.37222184 
111  30.21896968 -096.37299646 
111  30.21912591 -096.37303129 
111  30.21922051 -096.37224341 
111  30.21941401 -096.37228322 
111  30.21931224 -096.37306446 
111  30.21947277 -096.37309266 
111  30.21956231 -096.37231141 
111  30.21969704 -096.37234293 
111  30.21957951 -096.37326019 
111  30.21934588 -096.37321043 
112  30.21926055 -096.37328893  30.21924852 -096.37336631 
111  30.21926055 -096.37328893 
111  30.21924842 -096.37339455 
112  30.21924842 -096.37339455  30.21924039 -096.37346806 
113  30.21929782 -096.37349385 
110   2 0.00  81.40 Pad
111  30.21251819 -096.37175739 
111  30.21249497 -096.37175201 
111  30.21253870 -096.37141236 
111  30.21254560 -096.37141306 
113  30.21255803 -096.37141477 
110   2 0.00  81.40 Pad
111  30.21234046 -096.37172238 
111  30.21242127 -096.37109873 
111  30.21244453 -096.37110422 
113  30.21236303 -096.37172632 
110   1 0.00  81.40 Pad
111  30.21209443 -096.37222898 
112  30.21209443 -096.37222898  30.21224661 -096.37220942 
111  30.21225933 -096.37207287 
111  30.21229169 -096.37178703 
112  30.21229169 -096.37178703  30.21229525 -096.37173450 
111  30.21225601 -096.37171660 
111  30.21220565 -096.37171072 
111  30.21229169 -096.37106824 
111  30.21242179 -096.37109738 
111  30.21234046 -096.37172238 
111  30.21236303 -096.37172632 
111  30.21244488 -096.37110460 
111  30.21258189 -096.37112786 
111  30.21254560 -096.37141306 
111  30.21253870 -096.37141236 
111  30.21249497 -096.37175201 
111  30.21246166 -096.37174817 
112  30.21239120 -096.37180395  30.21238230 -096.37186265 
111  30.21239120 -096.37180395 
111  30.21235706 -096.37208770 
112  30.21249314 -096.37230014  30.21266135 -096.37237223 
113  30.21249314 -096.37230014 
110   1 0.00 171.00 Road
111  30.22021144 -096.37223072 
111  30.22024051 -096.37212645 
112  30.22005684 -096.37178928  30.21991919 -096.37163302 
111  30.21955318 -096.37162137 
111  30.21741036 -096.37168180 
112  30.21735125 -096.37172089  30.21734338 -096.37176640 
111  30.21735125 -096.37172089 
111  30.21731958 -096.37192367 
112  30.21735969 -096.37199452  30.21740557 -096.37199756 
111  30.21735969 -096.37199452 
112  30.21735969 -096.37199452  30.21751962 -096.37202942 
111  30.21769403 -096.37219212 
111  30.21768554 -096.37226235 
112  30.21734069 -096.37205316  30.21714930 -096.37203040 
111  30.21734069 -096.37205316 
112  30.21734069 -096.37205316  30.21729743 -096.37204709 
112  30.21727590 -096.37208618  30.21726411 -096.37209832 
111  30.21727590 -096.37208618 
112  30.21727590 -096.37208618  30.21724182 -096.37211045 
111  30.21718446 -096.37210447 
111  30.21645012 -096.37197254 
111  30.21645645 -096.37190657 
111  30.21645223 -096.37186015 
111  30.21635511 -096.37162561 
111  30.21629811 -096.37165737 
111  30.21623103 -096.37216010 
111  30.21616754 -096.37215148 
111  30.21617240 -096.37210276 
111  30.21605320 -096.37208492 
111  30.21601294 -096.37211857 
111  30.21583822 -096.37209714 
111  30.21584380 -096.37204533 
111  30.21573266 -096.37202800 
111  30.21573688 -096.37199453 
111  30.21570310 -096.37194811 
111  30.21572211 -096.37177465 
111  30.21574955 -096.37182351 
111  30.21576222 -096.37176732 
111  30.21596912 -096.37180885 
111  30.21600290 -096.37150102 
111  30.21285855 -096.37096938 
112  30.21281994 -096.37099737  30.21281587 -096.37102563 
111  30.21281994 -096.37099737 
111  30.21278378 -096.37131082 
111  30.21282934 -096.37139126 
111  30.21281078 -096.37153518 
111  30.21272440 -096.37151910 
111  30.21279037 -096.37099221 
112  30.21279037 -096.37099221  30.21279607 -096.37096019 
111  30.21274940 -096.37094268 
111  30.21028878 -096.37051418 
111  30.21004993 -096.37049467 
111  30.21000216 -096.37052068 
111  30.21014828 -096.37031258 
111  30.21014828 -096.37034184 
111  30.21024944 -096.37044589 
111  30.21575022 -096.37138883 
111  30.21575768 -096.37131483 
111  30.21642182 -096.37141810 
111  30.21641901 -096.37148639 
111  30.21734702 -096.37161646 
111  30.21954661 -096.37155488 
112  30.22009101 -096.37173026  30.22027191 -096.37192445 
113  30.22032532 -096.37224596 
111  30.21727503 -096.37180702 
112  30.21727503 -096.37180702  30.21727765 -096.37174330 
111  30.21719638 -096.37167807 
111  30.21647014 -096.37156429 
111  30.21640066 -096.37160525 
111  30.21652126 -096.37185101 
112  30.21652126 -096.37185101  30.21654879 -096.37191017 
111  30.21663400 -096.37194810 
111  30.21716361 -096.37203760 
112  30.21726192 -096.37196327  30.21727896 -096.37190107 
113  30.21726192 -096.37196327 
111  30.21619405 -096.37195567 
112  30.21619405 -096.37195567  30.21619516 -096.37192607 
111  30.21616941 -096.37191983 
111  30.21613604 -096.37191795 
111  30.21617266 -096.37196128 
111  30.21589266 -096.37190947 
111  30.21586417 -096.37186143 
112  30.21582510 -096.37189534  30.21582010 -096.37193844 
111  30.21582510 -096.37189534 
111  30.21582240 -096.37192394 
112  30.21583161 -096.37196410  30.21584662 -096.37198083 
111  30.21586905 -096.37196881 
111  30.21584952 -096.37192831 
111  30.21612546 -096.37198106 
111  30.21615394 -096.37202721 
112  30.21618976 -096.37199895  30.21619476 -096.37196357 
113  30.21618976 -096.37199895 
112  30.21622028 -096.37174184  30.21623506 -096.37164040 
111  30.21622028 -096.37174184 
111  30.21622521 -096.37169055 
112  30.21622521 -096.37169055  30.21622718 -096.37157316 
111  30.21614937 -096.37154922 
111  30.21604497 -096.37152871 
111  30.21604792 -096.37150705 
111  30.21602429 -096.37150705 
111  30.21598686 -096.37181023 
113  30.21612376 -096.37183530 
110   3 0.00  81.40 WS Circle
112  30.21720061 -096.37471745  30.21719705 -096.37480396  21 106 
112  30.21705874 -096.37486376  30.21700624 -096.37486067 
111  30.21705874 -096.37486376 
112  30.21705874 -096.37486376  30.21699022 -096.37485964  21 106 
112  30.21692717 -096.37469012  30.21693073 -096.37460979  21 106 
112  30.21707952 -096.37454855  30.21714627 -096.37455164 
111  30.21707952 -096.37454855 
114  30.21707952 -096.37454855  30.21713203 -096.37454958  21 106 
130 Airport Boundary
111  30.23022076 -096.37801330 
111  30.20785076 -096.37374625 
111  30.21032909 -096.37009140 
113  30.23098189 -096.37302149 
120 RH
111  30.21118755 -096.37191870   2 
111  30.21097442 -096.37188427 
111  30.21093236 -096.37222493   4 
111  30.21114466 -096.37226166 
111  30.21646689 -096.37319489   4 
111  30.21670015 -096.37322888 
111  30.22154316 -096.37408349   4 
111  30.22180811 -096.37413218 
111  30.22569540 -096.37481331   4 
111  30.22586651 -096.37484583 
111  30.22554333 -096.37458993   8 
111  30.22600364 -096.37467042 
111  30.22568136 -096.37446865   2 
111  30.22588831 -096.37450061 
111  30.22704271 -096.37471033   2 
111  30.22724757 -096.37474383 
111  30.22722945 -096.37488320   8 
111  30.22691523 -096.37483042 
111  30.22707195 -096.37505788   4 
115  30.22720386 -096.37508013 
120 TB
111  30.21129093 -096.37208823   8 
115  30.21095690 -096.37202614 
120 TL
111  30.21719881 -096.37395589   1 
111  30.21665640 -096.37386076   1 
112  30.21651564 -096.37362585  30.21651564 -096.37345135 
111  30.21651564 -096.37362585 
112  30.21651564 -096.37362585  30.21647644 -096.37379686   1 
111  30.21630768 -096.37379910   1 
115  30.21576528 -096.37370397 
120 TL
111  30.22233696 -096.37485798   1 
111  30.22179456 -096.37476284   1 
112  30.22165174 -096.37452675  30.22165174 -096.37435225 
111  30.22165174 -096.37452675 
112  30.22165174 -096.37452675  30.22161253 -096.37469776   1 
111  30.22144301 -096.37470038   1 
115  30.22090061 -096.37460524 
120 TL
111  30.22641176 -096.37557286   1 
111  30.22586936 -096.37547773   1 
112  30.22572749 -096.37524413  30.22572749 -096.37506963 
111  30.22572749 -096.37524413 
112  30.22572749 -096.37524413  30.22568829 -096.37541515   1 
111  30.22551971 -096.37541664   1 
115  30.22497731 -096.37532151 
120 TL
111  30.22704791 -096.37557527   1 
112  30.22710264 -096.37544474  30.22711603 -096.37537323 
111  30.22710264 -096.37544474   1 
111  30.22713913 -096.37517601   1 
112  30.22699256 -096.37490798  30.22683212 -096.37486896 
111  30.22699256 -096.37490798   1 
115  30.22598548 -096.37473134 
120 TL
111  30.21096229 -096.37274955   1 
112  30.21094802 -096.37257841  30.21095728 -096.37249380 
111  30.21094802 -096.37257841   1 
111  30.21097774 -096.37233573 
112  30.21097774 -096.37233573  30.21100349 -096.37212241   1 
111  30.21119089 -096.37213585   1 
115  30.21209101 -096.37229382 
120 TL
111  30.21580842 -096.37294595   1 
115  30.21244932 -096.37235669 
120 TL
111  30.21641640 -096.37305260   1 
115  30.21600619 -096.37298063 
120 TL
111  30.21669084 -096.37310075   1 
115  30.21647717 -096.37306327 
120 TL
111  30.21908487 -096.37352068   1 
115  30.21675254 -096.37311159 
120 TL
111  30.21994154 -096.37367104   1 
115  30.21926734 -096.37355279 
120 TL
111  30.22155783 -096.37395459   1 
115  30.22023630 -096.37372272 
120 TL
111  30.22563153 -096.37466920   1 
115  30.22190175 -096.37401498 
120 TL
111  30.22572749 -096.37524413   1 
111  30.22577130 -096.37490296 
112  30.22577130 -096.37490296  30.22577548 -096.37473280   1 
111  30.22563153 -096.37466920   1 
111  30.22598548 -096.37473134   1 
116  30.22577130 -096.37490296  30.22572327 -096.37506925 
120 TL
111  30.22165174 -096.37452675   1 
111  30.22169760 -096.37418463 
112  30.22169760 -096.37418463  30.22170178 -096.37401448   1 
111  30.22155783 -096.37395459   1 
111  30.22190175 -096.37401498   1 
116  30.22169760 -096.37418463  30.22164957 -096.37435092 
120 TL
111  30.22012422 -096.37334916   1 
111  30.22010347 -096.37352910 
112  30.22010347 -096.37352910  30.22010460 -096.37367760   1 
111  30.22023630 -096.37372272   1 
111  30.21994154 -096.37367104   1 
116  30.22010347 -096.37352910  30.22014030 -096.37339241 
120 TL
111  30.21922185 -096.37319444   1 
111  30.21918832 -096.37342576 
112  30.21918832 -096.37342576  30.21918555 -096.37351765   1 
111  30.21926734 -096.37355279   1 
111  30.21908487 -096.37352068   1 
116  30.21918832 -096.37342576  30.21920903 -096.37333668 
120 TL
111  30.21661986 -096.37281736   1 
111  30.21660096 -096.37296289 
112  30.21660096 -096.37296289  30.21660410 -096.37304704   1 
111  30.21669084 -096.37310075   1 
111  30.21675254 -096.37311159   1 
112  30.21656058 -096.37327741  30.21651422 -096.37344369 
111  30.21656058 -096.37327741 
112  30.21656058 -096.37327741  30.21654847 -096.37309614   1 
111  30.21641640 -096.37305260   1 
111  30.21647717 -096.37306327   1 
112  30.21660096 -096.37296289  30.21662563 -096.37288528 
111  30.21660096 -096.37296289   1 
111  30.21656058 -096.37327741   1 
115  30.21651564 -096.37362585 
120 TL
111  30.21594714 -096.37270430   1 
111  30.21592695 -096.37285443 
112  30.21592695 -096.37285443  30.21592319 -096.37294240   1 
111  30.21600619 -096.37298063   1 
111  30.21580842 -096.37294595   1 
116  30.21592695 -096.37285443  30.21594282 -096.37276936 
120 TL
111  30.21242961 -096.37111608   1 
111  30.21230293 -096.37212217 
112  30.21230293 -096.37212217  30.21229621 -096.37229343   1 
111  30.21244932 -096.37235669   1 
111  30.21209101 -096.37229382   1 
116  30.21230293 -096.37212217  30.21232379 -096.37195403 
120 PT
111  30.21640983 -096.37209328   1 
111  30.21644093 -096.37209918   1 
111  30.21647700 -096.37210618   1 
111  30.21644093 -096.37209918   1 
115  30.21644695 -096.37205160 
120 PT
111  30.21705472 -096.37221321   1 
111  30.21708581 -096.37221912   1 
111  30.21712188 -096.37222612   1 
111  30.21708581 -096.37221912   1 
115  30.21709183 -096.37217153 
120 PT
111  30.21627643 -096.37206749   1 
111  30.21630753 -096.37207339   1 
111  30.21634359 -096.37208039   1 
111  30.21630753 -096.37207339   1 
115  30.21631404 -096.37202397 
120 PT
111  30.21692131 -096.37218742   1 
111  30.21695241 -096.37219333   1 
111  30.21698848 -096.37220033   1 
111  30.21695241 -096.37219333   1 
115  30.21695892 -096.37214391 
120 PT
111  30.21679961 -096.37216406   1 
111  30.21683071 -096.37216996   1 
111  30.21686677 -096.37217696   1 
111  30.21683071 -096.37216996   1 
115  30.21683851 -096.37212031 
120 PT
111  30.21667807 -096.37214077   1 
111  30.21670917 -096.37214668   1 
111  30.21674523 -096.37215367   1 
111  30.21670917 -096.37214668   1 
115  30.21671608 -096.37209805 
120 PT
111  30.21702017 -096.37260190   1 
111  30.21705127 -096.37260781   1 
111  30.21708733 -096.37261480   1 
111  30.21705127 -096.37260781   1 
115  30.21705729 -096.37256022 
120 PT
111  30.21688677 -096.37257611   1 
111  30.21691786 -096.37258202   1 
111  30.21695393 -096.37258901   1 
111  30.21691786 -096.37258202   1 
115  30.21692437 -096.37253259 
120 PT
111  30.21676506 -096.37255274   1 
111  30.21679616 -096.37255865   1 
111  30.21683222 -096.37256565   1 
111  30.21679616 -096.37255865   1 
115  30.21680397 -096.37250899 
120 PT
111  30.21664352 -096.37252946   1 
111  30.21667462 -096.37253536   1 
111  30.21671069 -096.37254236   1 
111  30.21667462 -096.37253536   1 
115  30.21668154 -096.37248674 
120 PT
111  30.21652419 -096.37250626   1 
111  30.21655529 -096.37251217   1 
111  30.21659135 -096.37251916   1 
111  30.21655529 -096.37251217   1 
115  30.21656220 -096.37246251 
120 PT
111  30.21640249 -096.37248289   1 
111  30.21643358 -096.37248880   1 
111  30.21646965 -096.37249580   1 
111  30.21643358 -096.37248880   1 
115  30.21643741 -096.37243792 
120 PT
111  30.21628095 -096.37245961   1 
111  30.21631205 -096.37246551   1 
111  30.21634811 -096.37247251   1 
111  30.21631205 -096.37246551   1 
115  30.21631913 -096.37241463 
120 PT
111  30.21709603 -096.37250659   1 
111  30.21712713 -096.37251249   1 
111  30.21716319 -096.37251949   1 
111  30.21712713 -096.37251249   1 
115  30.21711793 -096.37257370 
120 PT
111  30.21696263 -096.37248080   1 
111  30.21699372 -096.37248671   1 
111  30.21702979 -096.37249370   1 
111  30.21699372 -096.37248671   1 
115  30.21698452 -096.37254791 
120 PT
111  30.21684092 -096.37245743   1 
111  30.21687202 -096.37246334   1 
111  30.21690808 -096.37247034   1 
111  30.21687202 -096.37246334   1 
115  30.21686281 -096.37252455 
120 PT
111  30.21671939 -096.37243415   1 
111  30.21675048 -096.37244005   1 
111  30.21678655 -096.37244705   1 
111  30.21675048 -096.37244005   1 
115  30.21674128 -096.37250126 
120 PT
111  30.21660005 -096.37241095   1 
111  30.21663115 -096.37241685   1 
111  30.21666722 -096.37242385   1 
111  30.21663115 -096.37241685   1 
115  30.21662195 -096.37247806 
120 PT
111  30.21647835 -096.37238758   1 
111  30.21650944 -096.37239349   1 
111  30.21654551 -096.37240049   1 
111  30.21650944 -096.37239349   1 
115  30.21650024 -096.37245470 
120 PT
111  30.21635681 -096.37236429   1 
111  30.21638791 -096.37237020   1 
111  30.21642397 -096.37237720   1 
111  30.21638791 -096.37237020   1 
115  30.21637871 -096.37243141 
120 PT
111  30.21755290 -096.37294209   1 
111  30.21758399 -096.37294800   1 
111  30.21762006 -096.37295500   1 
111  30.21758399 -096.37294800   1 
115  30.21757479 -096.37300921 
120 PT
111  30.21741949 -096.37291630   1 
111  30.21745059 -096.37292221   1 
111  30.21748665 -096.37292921   1 
111  30.21745059 -096.37292221   1 
115  30.21744139 -096.37298342 
120 PT
111  30.21729779 -096.37289294   1 
111  30.21732888 -096.37289884   1 
111  30.21736495 -096.37290584   1 
111  30.21732888 -096.37289884   1 
115  30.21731968 -096.37296005 
120 PT
111  30.21717625 -096.37286965   1 
111  30.21720735 -096.37287556   1 
111  30.21724341 -096.37288255   1 
111  30.21720735 -096.37287556   1 
115  30.21719815 -096.37293676 
120 PT
111  30.21705692 -096.37284645   1 
111  30.21708802 -096.37285236   1 
111  30.21712408 -096.37285936   1 
111  30.21708802 -096.37285236   1 
115  30.21707881 -096.37291357 
120 PT
111  30.21693521 -096.37282309   1 
111  30.21696631 -096.37282899   1 
111  30.21700238 -096.37283599   1 
111  30.21696631 -096.37282899   1 
115  30.21695711 -096.37289020 
120 PT
111  30.21681368 -096.37279980   1 
111  30.21684477 -096.37280571   1 
111  30.21688084 -096.37281270   1 
111  30.21684477 -096.37280571   1 
115  30.21683557 -096.37286691 
120 PT
111  30.21637022 -096.37271521   1 
111  30.21640132 -096.37272111   1 
111  30.21643738 -096.37272811   1 
111  30.21640132 -096.37272111   1 
115  30.21639212 -096.37278232 
120 PT
111  30.21624852 -096.37269184   1 
111  30.21627961 -096.37269775   1 
111  30.21631568 -096.37270475   1 
111  30.21627961 -096.37269775   1 
115  30.21627041 -096.37275896 
120 PT
111  30.21612698 -096.37266855   1 
111  30.21615808 -096.37267446   1 
111  30.21619414 -096.37268146   1 
111  30.21615808 -096.37267446   1 
115  30.21614888 -096.37273567 
120 RM
111  30.21623667 -096.37216229  22 
112  30.21597644 -096.37242792  30.21579737 -096.37245995 
111  30.21597644 -096.37242792  22 
115  30.21580371 -096.37240349 
15   30.22699256 -096.37490798 351.40 Hold Short Rwy 17
15   30.21119089 -096.37213585 171.40 Hold Short Rwy 34
15   30.21631525 -096.37244258 261.40 Ramp
15   30.21593440 -096.37235020 261.40 Southern Flyer FBO
18   30.21808591 -096.37197233 1 Airport Beacon
19   30.21707186 -096.37469859 1 Windsock
50 12112 AWOS 3
51 12307 CTAF/UNICOM
55 13430 Houston Apch
56 13430 Houston Dptr
1      328 0 1 TS87 Bridle Ridge
100   30.48   3   0 0.25 0 0 0 36   30.41457339 -096.07981673    0.00    0.00 1  0 0 0 18   30.42139327 -096.07898551    0.00    0.00 1  0 0 0
19   30.41434360 -096.08032447 1 WS
19   30.42162306 -096.07847774 1 WS
1      391 0 1 KRWV CALDWELL MUNI
100   15.24   1   0 0.25 0 2 0 15   30.51943300 -096.70648100    0.00    0.00 2  0 0 0 33   30.51151400 -096.70168900   73.76    0.00 2  0 0 0
21   30.51794777 -096.70526856  1 152.47   3.00 15  VASI
110   1 0.30 152.47 Default taxiway for RWY 15
111  30.51940234 -096.70654927   3 102 
111  30.51924279 -096.70690452   3 102 
111  30.51132388 -096.70211209   3 102 
111  30.51148343 -096.70175687 
112  30.51160504 -096.70183048  30.51154319 -096.70179599   3 102 
111  30.51150515 -096.70188069   3 102 
112  30.51145443 -096.70199362  30.51141638 -096.70207831   3 102 
111  30.51147719 -096.70211511   3 102 
111  30.51528463 -096.70441933   3 102 
111  30.51541248 -096.70413468 
111  30.51547329 -096.70417147   3 102 
111  30.51534544 -096.70445612   3 102 
112  30.51915288 -096.70676033  30.51921368 -096.70679713   3 102 
111  30.51925173 -096.70671243   3 102 
112  30.51930245 -096.70659949  30.51934049 -096.70651479   3 102 
113  30.51928073 -096.70647567 
120 Default hold RWY 15 (near)
111  30.51933790 -096.70669276   4 
115  30.51927709 -096.70665596 
120 Default hold RWY 15 (centre)
111  30.51540885 -096.70431495   4 
115  30.51534804 -096.70427816 
120 Default hold RWY 15 (far)
111  30.51147979 -096.70193715   4 
115  30.51141899 -096.70190035 
18   30.51569758 -096.70359201 1 BCN
19   30.51964971 -096.70634284 1 WS
19   30.51129728 -096.70182716 1 WS
50 11835 AWOS 3
51 12290 CTAF
55 12040 HOUSTON CNTR
1      402 0 1 T35  CAMERON MUNI AIRPARK
100   15.24   1   0 0.25 0 2 0 16   30.88361100 -096.97250000    0.00    0.00 2  0 0 0 34   30.87527800 -096.96972200    0.00    0.00 2  0 0 0
110   1 0.30 164.03 Default taxiway for RWY 16
111  30.88359275 -096.97257430   3 102 
111  30.88349781 -096.97296093   3 102 
111  30.87516484 -096.97018265   3 102 
111  30.87525978 -096.96979605 
112  30.87539164 -096.96984001  30.87532510 -096.96982055   3 102 
111  30.87530246 -096.96991273   3 102 
112  30.87527228 -096.97003564  30.87524964 -096.97012781   3 102 
111  30.87531557 -096.97014979   3 102 
111  30.87931723 -096.97148398   3 102 
111  30.87939330 -096.97117419 
111  30.87945923 -096.97119617   3 102 
111  30.87938316 -096.97150596   3 102 
112  30.88338482 -096.97284015  30.88345075 -096.97286213   3 102 
111  30.88347339 -096.97276994   3 102 
112  30.88350357 -096.97264703  30.88352621 -096.97255484   3 102 
113  30.88346089 -096.97253034 
120 Default hold RWY 16 (near)
111  30.88355441 -096.97273046   4 
115  30.88348848 -096.97270848 
120 Default hold RWY 16 (centre)
111  30.87942089 -096.97135232   4 
115  30.87935496 -096.97133034 
120 Default hold RWY 16 (far)
111  30.87528737 -096.96997418   4 
115  30.87522144 -096.96995220 
18   30.87957899 -096.97057397 1 BCN
19   30.88379945 -096.97231350 1 WS
19   30.87508955 -096.96990849 1 WS
51 12290 CTAF
1      270 0 1 11T  Corpora
100   10.67   1   0 0.25 0 0 0 14   30.81914587 -096.60331391    0.00    0.00 2  0 0 0 32   30.81346079 -096.59884887    0.00    0.00 2  0 0 0
19   30.81930522 -096.60323873 1 WS
19   30.81330144 -096.59892405 1 WS
1      367 0 1 KCFD COULTER FLD
100   22.86   1   0 0.25 0 2 0 14   30.72052800 -096.33437200    0.00    0.00 2  0 0 1 32   30.71085000 -096.32832800    0.00    0.00 2  0 0 1
100   12.19   3   0 0.25 0 0 0 17   30.71842200 -096.33390000    0.00    0.00 1  0 0 0 35   30.71476700 -096.33390000    0.00    0.00 1  0 0 0
21   30.71908459 -096.33307326  2 151.77   3.00 14  PAPI-4L
21   30.71229347 -096.32962652  2 331.77   3.00 32  PAPI-4L
110   1 0.30 151.77 Default taxiway for RWY 14
111  30.72048040 -096.33447511   3 102 
111  30.72023604 -096.33500451   3 102 
111  30.71055818 -096.32895983   3 102 
111  30.71080254 -096.32843049 
112  30.71098379 -096.32854370  30.71089210 -096.32848941   3 102 
111  30.71083371 -096.32861590   3 102 
112  30.71075585 -096.32878455  30.71069746 -096.32891104   3 102 
111  30.71078809 -096.32896764   3 102 
111  30.71540046 -096.33184846   3 102 
111  30.71559616 -096.33142451 
111  30.71568678 -096.33148111   3 102 
111  30.71549108 -096.33190506   3 102 
112  30.72010345 -096.33478589  30.72019408 -096.33484249   3 102 
111  30.72025247 -096.33471599   3 102 
112  30.72033033 -096.33454732  30.72038872 -096.33442082   3 102 
113  30.72029915 -096.33436191 
120 Default hold RWY 14 (near)
111  30.72038202 -096.33468825   4 
115  30.72029140 -096.33463165 
120 Default hold RWY 14 (centre)
111  30.71558840 -096.33169424   4 
115  30.71549778 -096.33163764 
120 Default hold RWY 14 (far)
111  30.71079478 -096.32870022   4 
115  30.71070416 -096.32864361 
19   30.72085458 -096.33417035 1 WS
19   30.71853172 -096.33370856 1 WS
19   30.71465728 -096.33409143 1 WS
19   30.71052344 -096.32852965 1 WS
51 12300 CTAF/UNICOM
1      321 1 0 KCLL Easterwood Field
100   46.02   1   0 0.00 0 3 0 16   30.59663900 -096.36285600    0.00    0.00 2  0 0 1 34   30.57775600 -096.35856400    0.00    0.00 3  8 0 0
100   46.02   1   0 0.00 0 2 0 10   30.59147200 -096.37279400    0.00    0.00 2  0 0 0 28   30.58690600 -096.35727500    0.00    0.00 2  0 0 1
100   46.02   2   0 0.00 0 0 0 04   30.58529700 -096.37309200    0.00    0.00 2  0 0 0 22   30.59444700 -096.36060300    0.00    0.00 2  0 0 0
21   30.59109966 -096.37009482  1 108.87   3.00 10  VASI
21   30.59460932 -096.36190397  1 168.93   3.00 16  VASI
21   30.58720598 -096.35957448  1 288.87   3.00 28  VASI
110   2 0.00 168.90 Taxiway 1
111  30.59659445 -096.36307420 
111  30.59659160 -096.36309736 102 
111  30.59632112 -096.36483903 102 
111  30.59440314 -096.36439912 
111  30.59443446 -096.36420398 102 
111  30.59564066 -096.36449835 102 
111  30.59599655 -096.36451489 102 
112  30.59621863 -096.36435282  30.59626282 -096.36417414 
111  30.59621863 -096.36435282 102 
111  30.59632966 -096.36388975 102 
111  30.59638376 -096.36348954 
112  30.59638376 -096.36348954  30.59641735 -096.36316299 102 
111  30.59625240 -096.36301512 
113  30.59620439 -096.36297498 
110   2 0.00  51.00 Taxiway 2
111  30.59440314 -096.36439912 102 
111  30.59420963 -096.36436419 102 
112  30.59392661 -096.36448661  30.59378819 -096.36463147 
111  30.59392661 -096.36448661 102 
111  30.59374778 -096.36467304 
111  30.59368448 -096.36476679 
112  30.59368448 -096.36476679  30.59358984 -096.36493411 102 
111  30.59371109 -096.36512049 102 
111  30.59388992 -096.36530160 
111  30.59397246 -096.36539748 
111  30.59365673 -096.36584403 
111  30.59372921 -096.36591619 
111  30.59377062 -096.36585819 
111  30.59385430 -096.36593720 
111  30.59381387 -096.36599943 
111  30.59383700 -096.36601743 
112  30.59442028 -096.36564858  30.59471058 -096.36564646 
111  30.59442028 -096.36564858 
112  30.59442028 -096.36564858  30.59459921 -096.36558707 
112  30.59520226 -096.36595654  30.59530085 -096.36614530 
111  30.59520226 -096.36595654 
111  30.59511169 -096.36596167 
112  30.59511169 -096.36596167  30.59500944 -096.36581744 
112  30.59444010 -096.36571529  30.59427031 -096.36574923 
111  30.59444010 -096.36571529 
112  30.59444010 -096.36571529  30.59410964 -096.36575559 
111  30.59389156 -096.36606681 
111  30.59392454 -096.36609640 
111  30.59393966 -096.36607290 
111  30.59397093 -096.36609383 
111  30.59390908 -096.36618879 
111  30.59383396 -096.36630941 
111  30.59368816 -096.36617596 
111  30.59355340 -096.36635304 
111  30.59351999 -096.36631956 
111  30.59343153 -096.36632737 
111  30.59334979 -096.36643773 
111  30.59334979 -096.36652755 
111  30.59338734 -096.36657374 
111  30.59326805 -096.36675596 
111  30.59339484 -096.36688109 
111  30.59331223 -096.36701003 
111  30.59324154 -096.36695870 
111  30.59324596 -096.36688427 
111  30.59309132 -096.36672516 
112  30.59299632 -096.36673799  30.59295978 -096.36679132 
111  30.59299632 -096.36673799 
111  30.59262656 -096.36726731 
111  30.59231507 -096.36696191 102 
112  30.59206674 -096.36697348  30.59198043 -096.36707567 
111  30.59206674 -096.36697348 102 
111  30.59172928 -096.36746491 
111  30.59157243 -096.36728784 102 
111  30.59181764 -096.36704404 102 
111  30.59287690 -096.36562163 
111  30.59323344 -096.36510915 102 
111  30.59380976 -096.36432682 
112  30.59380976 -096.36432682  30.59394693 -096.36412256 102 
111  30.59424199 -096.36416286 102 
113  30.59443446 -096.36420398 
110   2 0.00 139.60 Taxiway 3
111  30.59287690 -096.36562163 102 
112  30.59287746 -096.36531855  30.59278508 -096.36521356 
111  30.59287746 -096.36531855 102 
111  30.59204848 -096.36449606 
112  30.59204848 -096.36449606  30.59197852 -096.36442914 102 
111  30.59185991 -096.36450846 
111  30.59182078 -096.36452086 
111  30.59212320 -096.36408978 
111  30.59213031 -096.36413938 102 
112  30.59214454 -096.36436670  30.59222136 -096.36445434 
111  30.59214454 -096.36436670 102 
111  30.59299590 -096.36518592 
112  30.59299590 -096.36518592  30.59309833 -096.36526524 102 
113  30.59323344 -096.36510915 
110   2 0.00  30.00 Taxiway 4
111  30.59172928 -096.36746491 102 
111  30.59138686 -096.36766294 
112  30.59138686 -096.36766294  30.59135272 -096.36766994 102 
111  30.59131554 -096.36771793 
111  30.59127022 -096.36747380 
112  30.59114628 -096.36729313  30.59113423 -096.36719281 
111  30.59114628 -096.36729313 
111  30.59108796 -096.36687816 102 
111  30.59122161 -096.36730160 
112  30.59122161 -096.36730160  30.59139634 -096.36752791 102 
113  30.59157243 -096.36728784 
110   1 0.00 100.00 Taxiway 5
111  30.59105708 -096.36556248 
111  30.59100989 -096.36566635 102 
112  30.59096810 -096.36601049  30.59097805 -096.36610883 
111  30.59096810 -096.36601049 102 
111  30.59108796 -096.36687816 
111  30.59127022 -096.36747380 
111  30.59131554 -096.36771793 102 
112  30.59128830 -096.36802830  30.59132150 -096.36824617 
111  30.59128830 -096.36802830 102 
111  30.59204839 -096.37256016 102 
111  30.59167701 -096.37270997 
111  30.59164732 -096.37271681 
111  30.59154706 -096.37241362 
111  30.59159881 -096.37245871 102 
112  30.59178317 -096.37250755  30.59187811 -096.37247362 
111  30.59178317 -096.37250755 
112  30.59178317 -096.37250755  30.59185985 -096.37247786 102 
111  30.59183492 -096.37225957 102 
111  30.59083225 -096.36616452 
112  30.59083225 -096.36616452  30.59081897 -096.36603726 102 
111  30.59074169 -096.36605555 
113  30.59066729 -096.36606307 
110   1 0.00 110.00 Taxiway 6
111  30.59063294 -096.36547705 
111  30.59065183 -096.36540915 102 
112  30.59066857 -096.36524147  30.59065735 -096.36515311 
111  30.59066857 -096.36524147 102 
111  30.59041196 -096.36371161 
111  30.59036780 -096.36343471 
111  30.59052221 -096.36340730 102 
111  30.59079421 -096.36507169 
112  30.59079421 -096.36507169  30.59080294 -096.36513398 102 
111  30.59086905 -096.36511206 
113  30.59090915 -096.36509653 
110   1 0.00  52.00 Taxiway 7
111  30.59041196 -096.36371161 102 
112  30.59029958 -096.36370806  30.59023474 -096.36379497 
111  30.59029958 -096.36370806 102 
111  30.58949287 -096.36500888 
112  30.58949287 -096.36500888  30.58945795 -096.36508565 102 
111  30.58946415 -096.36520648 
111  30.58945752 -096.36527577 
111  30.58931393 -096.36477534 
111  30.58934265 -096.36479588 102 
112  30.58944206 -096.36478304  30.58949194 -096.36472510 
111  30.58944206 -096.36478304 102 
111  30.59006725 -096.36377381 
111  30.59008079 -096.36378263 
111  30.59027049 -096.36346073 
113  30.59036780 -096.36343471 
110   2 0.00  49.60 Taxiway 8
111  30.59154691 -096.36424253 
111  30.59156295 -096.36415558 102 
112  30.59150682 -096.36397548  30.59143823 -096.36391014 
111  30.59150682 -096.36397548 102 
111  30.59084122 -096.36330987 
112  30.59084122 -096.36330987  30.59060666 -096.36313299 102 
111  30.59052221 -096.36340730 
111  30.59034812 -096.36237031 102 
112  30.59057391 -096.36283788  30.59072206 -096.36296854 
111  30.59057391 -096.36283788 102 
111  30.59101764 -096.36327059 
111  30.59108714 -096.36334201 102 
111  30.59160839 -096.36386058 
112  30.59160839 -096.36386058  30.59167561 -096.36390998 102 
111  30.59177680 -096.36387301 
113  30.59181957 -096.36385437 
110   2 0.00 100.00 Taxiway 9
111  30.59036780 -096.36343471 
111  30.59027049 -096.36346073 
111  30.59008079 -096.36378263 
111  30.59006725 -096.36377381 102 
111  30.59023365 -096.36342488 102 
112  30.59028988 -096.36327090  30.59029992 -096.36318925 
111  30.59028988 -096.36327090 102 
112  30.59022561 -096.36296289  30.59017913 -096.36289573 
111  30.59022561 -096.36296289 
111  30.59013925 -096.36239131 102 
111  30.59011515 -096.36200870 
111  30.59014327 -096.36200170 
111  30.59020504 -096.36239750 
111  30.59034812 -096.36237031 
113  30.59052221 -096.36340730 
110   2 0.00   0.00 Taxiway 10
111  30.59022561 -096.36296289 102 
112  30.58980730 -096.36268496  30.58961311 -096.36260205 
111  30.58980730 -096.36268496 102 
111  30.58902409 -096.36249555 
112  30.58902409 -096.36249555  30.58872201 -096.36242421 102 
111  30.58873512 -096.36273722 
111  30.58872544 -096.36279772 
111  30.58851620 -096.36204529 
111  30.58854561 -096.36209498 102 
112  30.58870867 -096.36225334  30.58880991 -096.36227648 
111  30.58870867 -096.36225334 102 
111  30.58950257 -096.36244276 102 
111  30.58994630 -096.36249865 
112  30.58994630 -096.36249865  30.59008572 -096.36250058 102 
113  30.59013925 -096.36239131 
110   1 0.00 100.00 Taxiway 11
111  30.59020504 -096.36239750 
111  30.59014327 -096.36200170 
111  30.59011515 -096.36200870 102 
111  30.59010945 -096.36183196 102 
111  30.59008136 -096.36167275 
112  30.59008136 -096.36167275  30.59007138 -096.36162930 102 
111  30.58998908 -096.36158661 
111  30.58991207 -096.36154528 
111  30.59034011 -096.36162391 
111  30.59027320 -096.36166175 102 
112  30.59024631 -096.36180426  30.59026377 -096.36193753 
111  30.59024631 -096.36180426 102 
113  30.59034812 -096.36237031 
110   2 0.00 168.90 Taxiway 12
111  30.58820931 -096.36241496 
111  30.58818722 -096.36238230 102 
112  30.58805868 -096.36228199  30.58797638 -096.36226315 
111  30.58805868 -096.36228199 102 
111  30.58571682 -096.36175241 
112  30.58571682 -096.36175241  30.58550595 -096.36168476 102 
111  30.58546779 -096.36197170 
111  30.58545975 -096.36203469 
111  30.58536737 -096.36256824 
111  30.58353736 -096.36214600 102 
111  30.58364380 -096.36148255 
112  30.58364380 -096.36148255  30.58365987 -096.36131225 102 
111  30.58352330 -096.36125160 102 
111  30.58261476 -096.36104165 
111  30.58245410 -096.36100899 106 
111  30.58233720 -096.36097818 106 
111  30.58236774 -096.36076395 106 
112  30.58253644 -096.36060765  30.58255050 -096.36046302 
111  30.58253644 -096.36060765 102 
111  30.58262018 -096.36012074 
112  30.58262018 -096.36012074  30.58264839 -096.35997421 102 
111  30.58252203 -096.35989484 
111  30.58250029 -096.35985397 
111  30.58315500 -096.36000793 
111  30.58309676 -096.36002426 102 
112  30.58290195 -096.36017123  30.58287540 -096.36030040 
111  30.58290195 -096.36017123 102 
111  30.58280957 -096.36064572 
112  30.58280957 -096.36064572  30.58278748 -096.36080202 102 
111  30.58289392 -096.36087667 102 
111  30.58333174 -096.36104230 102 
111  30.58785550 -096.36206118 
112  30.58785550 -096.36206118  30.58802883 -096.36205828 102 
111  30.58802620 -096.36183022 
113  30.58803424 -096.36179756 
110   2 0.00 169.80 Taxiway 13
111  30.58261476 -096.36104165 
111  30.58258218 -096.36107261 102 
111  30.58254569 -096.36131187 102 
111  30.58262857 -096.36147035 
111  30.58270589 -096.36148574 
111  30.58263740 -096.36192711 
111  30.58213528 -096.36179609 
111  30.58212861 -096.36185256 
111  30.58206118 -096.36183708 
111  30.58214175 -096.36135254 
111  30.58230798 -096.36139148 102 
111  30.58243853 -096.36129266 102 
111  30.58247421 -096.36105540 
113  30.58245410 -096.36100899 
110   1 0.00  50.00 Taxiway 14
111  30.58920226 -096.36573374 
111  30.58915225 -096.36566022 
112  30.58904770 -096.36568663  30.58901004 -096.36575561 
111  30.58904770 -096.36568663 
111  30.58501205 -096.37209455 
112  30.58501205 -096.37209455  30.58483500 -096.37239559 
111  30.58501659 -096.37261729 
111  30.58516159 -096.37274708 
112  30.58516159 -096.37274708  30.58521557 -096.37279144 
111  30.58528934 -096.37273430 
111  30.58536135 -096.37269078 
111  30.58518024 -096.37294467 
111  30.58513861 -096.37293480 
111  30.58493023 -096.37273874 
112  30.58493023 -096.37273874  30.58474291 -096.37252712 
112  30.58488931 -096.37202590  30.58500735 -096.37187091 
111  30.58488931 -096.37202590 
111  30.58898573 -096.36549702 
112  30.58898573 -096.36549702  30.58902919 -096.36541626 
111  30.58904298 -096.36528221 
113  30.58904483 -096.36521716 
110   1 0.00 160.00 Taxiway 15
111  30.59643087 -096.36259211 
111  30.59647588 -096.36256887 102 
112  30.59658088 -096.36246431  30.59659503 -096.36238972 
111  30.59658088 -096.36246431 102 
111  30.59662589 -096.36217967 
112  30.59662589 -096.36217967  30.59664112 -096.36209370 102 
111  30.59656588 -096.36204026 102 
111  30.59519963 -096.36108395 102 
111  30.59508432 -096.36104132 102 
111  30.59462101 -096.36092984 
112  30.59462101 -096.36092984  30.59454200 -096.36091037 102 
111  30.59443917 -096.36098240 
111  30.59440649 -096.36100198 
111  30.59457585 -096.36075605 
111  30.59461536 -096.36076589 102 
111  30.59511213 -096.36088065 102 
111  30.59527735 -096.36095575 102 
111  30.59678179 -096.36201904 102 
111  30.59668009 -096.36261492 
113  30.59667162 -096.36264116 
110   1 0.00  78.90 Taxiway 16
111  30.58364916 -096.35885655 102 
111  30.58321826 -096.35884131 102 
112  30.58309557 -096.35896256  30.58307244 -096.35905437 
111  30.58309557 -096.35896256 102 
111  30.58304439 -096.35929572 
112  30.58304439 -096.35929572  30.58302704 -096.35940544 102 
111  30.58312512 -096.35954095 
111  30.58316859 -096.35957702 
111  30.58258489 -096.35943637 
111  30.58263146 -096.35942555 102 
112  30.58275254 -096.35931375  30.58276218 -096.35924433 
111  30.58275254 -096.35931375 102 
111  30.58284879 -096.35878361 
112  30.58284879 -096.35878361  30.58287000 -096.35866268 102 
113  30.58278509 -096.35859036 
110   1 0.00 168.90 Taxiway 17
111  30.58733268 -096.35938311 
111  30.58729144 -096.35933164 102 
111  30.58647088 -096.35944131 102 
111  30.58622668 -096.35943695 102 
111  30.58364916 -096.35885655 
111  30.58278509 -096.35859036 
112  30.58278509 -096.35859036  30.58253163 -096.35834646 102 
111  30.57884173 -096.35758971 102 
111  30.57823779 -096.35753629 
112  30.57823779 -096.35753629  30.57816082 -096.35752274 102 
111  30.57812133 -096.35763665 102 
111  30.57805371 -096.35806865 
112  30.57805371 -096.35806865  30.57804438 -096.35824747 102 
111  30.57826228 -096.35843248 
111  30.57830542 -096.35849191 
111  30.57780201 -096.35836537 
111  30.57780201 -096.35831737 102 
111  30.57788841 -096.35781120 102 
112  30.57786587 -096.35769338  30.57782622 -096.35766900 
111  30.57786587 -096.35769338 102 
111  30.57767428 -096.35741411 102 
111  30.57769682 -096.35713484 102 
111  30.57790344 -096.35697339 102 
111  30.57813260 -096.35702575 102 
111  30.57821525 -096.35718721 
112  30.57821525 -096.35718721  30.57825491 -096.35729558 102 
111  30.57839934 -096.35731375 102 
111  30.58288220 -096.35834462 102 
111  30.58330438 -096.35860539 102 
111  30.58629285 -096.35928617 102 
111  30.58712686 -096.35919452 
112  30.58712686 -096.35919452  30.58717039 -096.35918694 102 
111  30.58721386 -096.35907291 
113  30.58722403 -096.35900223 
110   1 0.00 110.00 Taxiway 18
111  30.58810648 -096.35906646 102 
112  30.58819716 -096.35888613  30.58817595 -096.35877863 
111  30.58819716 -096.35888613 102 
111  30.58774386 -096.35737857 
111  30.58814748 -096.35782579 102 
112  30.58804813 -096.35792316  30.58807705 -096.35805081 
111  30.58804813 -096.35792316 102 
111  30.58834619 -096.35891498 
112  30.58834619 -096.35891498  30.58837318 -096.35900008 102 
113  30.58850163 -096.35900684 
110   1 0.00   7.00 Taxiway 19
111  30.58932648 -096.35911767 102 
112  30.58917993 -096.35908434  30.58912344 -096.35908771 
111  30.58917993 -096.35908434 102 
111  30.58779945 -096.35926617 
112  30.58779945 -096.35926617  30.58776034 -096.35927290 102 
111  30.58774043 -096.35934665 
111  30.58773017 -096.35940626 
111  30.58760914 -096.35897694 
111  30.58764138 -096.35902848 102 
112  30.58775751 -096.35911117  30.58782124 -096.35911285 
111  30.58775751 -096.35911117 102 
111  30.58810648 -096.35906646 
111  30.58850163 -096.35900684 102 
111  30.58904048 -096.35894127 
112  30.58904048 -096.35894127  30.58908828 -096.35893622 102 
113  30.58905706 -096.35882257 
110   1 0.00 135.00 Taxiway 20
111  30.59005677 -096.35984361 102 
112  30.58979348 -096.35963035  30.58973772 -096.35956928 
111  30.58979348 -096.35963035 102 
111  30.58932648 -096.35911767 
111  30.58905706 -096.35882257 
111  30.58922128 -096.35861690 
111  30.58997310 -096.35944853 
112  30.58997310 -096.35944853  30.58999381 -096.35947999 
113  30.59016407 -096.35961057 
110   1 0.00  78.90 Taxiway 21
111  30.59060728 -096.36002517 102 
112  30.59046948 -096.36012453  30.59045500 -096.36020713 
111  30.59046948 -096.36012453 102 
111  30.59031989 -096.36099670 
112  30.59031989 -096.36099670  30.59030409 -096.36112060 102 
111  30.59039327 -096.36118360 
111  30.59042432 -096.36121966 
111  30.59002634 -096.36114097 
111  30.59007433 -096.36111146 102 
112  30.59018158 -096.36099015  30.59020002 -096.36089837 
111  30.59018158 -096.36099015 102 
111  30.59033400 -096.36010814 
112  30.59033400 -096.36010814  30.59034585 -096.36001483 102 
113  30.59030170 -096.35995200 
110   1 0.00 168.90 Taxiway 22
111  30.59397688 -096.36091942 
111  30.59399002 -096.36085832 102 
112  30.59395822 -096.36077580  30.59391740 -096.36076815 
111  30.59395822 -096.36077580 102 
111  30.59060728 -096.36002517 
111  30.59030170 -096.35995200 102 
111  30.59005677 -096.35984361 
111  30.59016407 -096.35961057 
111  30.59035302 -096.35969457 
111  30.59180173 -096.36000697 102 
112  30.59190203 -096.36015059  30.59198107 -096.36016850 
111  30.59190203 -096.36015059 102 
111  30.59295615 -096.36039447 
111  30.59316683 -096.36044324 102 
111  30.59404391 -096.36063293 
112  30.59404391 -096.36063293  30.59410053 -096.36064058 102 
111  30.59418621 -096.36058415 
113  30.59422353 -096.36057061 
110   2 0.00  78.90 Taxiway 23
111  30.58905706 -096.35882257 102 
111  30.58814748 -096.35782579 
111  30.58774386 -096.35737857 
112  30.58774386 -096.35737857  30.58760911 -096.35720613 102 
111  30.58744672 -096.35723527 102 
111  30.58732275 -096.35727454 
112  30.58732275 -096.35727454  30.58721093 -096.35732605 102 
111  30.58718913 -096.35748212 
111  30.58718750 -096.35756257 
111  30.58708231 -096.35723090 
111  30.58710737 -096.35719701 102 
111  30.58760451 -096.35698652 
111  30.58805908 -096.35645847 
111  30.58880833 -096.35727701 
111  30.58904439 -096.35754230 
111  30.58909058 -096.35759595 
111  30.58922658 -096.35774796 
111  30.58928303 -096.35780758 
111  30.58953033 -096.35806474 
111  30.58966792 -096.35789700 
111  30.58976286 -096.35799834 
111  30.58955634 -096.35827154 
111  30.58975181 -096.35849969 
111  30.58973898 -096.35851460 
111  30.59007638 -096.35888529 
111  30.59017005 -096.35877228 
111  30.59022137 -096.35883055 
111  30.59019839 -096.35886049 
111  30.59025986 -096.35893190 
111  30.59031490 -096.35899803 
111  30.59048823 -096.35880075 
111  30.59105767 -096.35890887 
111  30.59107167 -096.35878774 
111  30.59109033 -096.35879235 
111  30.59115331 -096.35880861 
111  30.59121396 -096.35881945 
111  30.59112408 -096.35935456 
111  30.59168009 -096.35948111 
111  30.59174395 -096.35909707 
111  30.59186104 -096.35912359 
111  30.59184124 -096.35887004 
111  30.59188203 -096.35886615 
111  30.59189136 -096.35899081 
111  30.59191702 -096.35904771 
112  30.59191702 -096.35904771  30.59201757 -096.35907274 
111  30.59210130 -096.35894745 
111  30.59229025 -096.35899081 
111  30.59223426 -096.35932759 
111  30.59222027 -096.35941431 
111  30.59293170 -096.35959226 
111  30.59295862 -096.35945212 
111  30.59318637 -096.35949561 
111  30.59316942 -096.35965549 
111  30.59323473 -096.35966904 
111  30.59376192 -096.35978285 
111  30.59364762 -096.36042081 
111  30.59312658 -096.36030785 102 
111  30.59311810 -096.36036119 
112  30.59311810 -096.36036119  30.59310854 -096.36040561 102 
111  30.59316683 -096.36044324 
111  30.59295615 -096.36039447 102 
112  30.59301779 -096.36033951  30.59302895 -096.36029694 
111  30.59301779 -096.36033951 102 
111  30.59303179 -096.36026093 
111  30.59180173 -096.36000697 
111  30.59035302 -096.35969457 
111  30.59015210 -096.35963282 
111  30.58997310 -096.35944853 
113  30.58922128 -096.35861690 
111  30.59082858 -096.35916127 
111  30.59084619 -096.35904809 
111  30.59042060 -096.35895591 
113  30.59040007 -096.35906588 
110   1 0.00   0.00 Runway filet
111  30.59297827 -096.36225743 
111  30.59289812 -096.36236245 
112  30.59285547 -096.36222624  30.59279498 -096.36218164 
113  30.59285547 -096.36222624 
110   1 0.00   0.00 Runway filet
111  30.58782680 -096.36107715 
111  30.58784584 -096.36118928 
112  30.58769983 -096.36106080  30.58762282 -096.36102094 
113  30.58769983 -096.36106080 
110   1 0.00   0.00 Runway filet
111  30.58836770 -096.36120834 
112  30.58836770 -096.36120834  30.58831051 -096.36122428 
111  30.58830204 -096.36130321 
113  30.58826295 -096.36118238 
110   1 0.00   0.00 Runway filet
111  30.58825328 -096.36071119 
111  30.58811629 -096.36068523 
111  30.58807274 -096.36053851 
114  30.58807274 -096.36053851  30.58810782 -096.36061912 
110   1 0.00   0.00 Runway filet
111  30.58763807 -096.36044191 
111  30.58766752 -096.36058684 
111  30.58753630 -096.36055405 
114  30.58753630 -096.36055405  30.58760798 -096.36056202 
110   1 0.00   0.00 Runway filet
112  30.59335467 -096.36174132  30.59340237 -096.36168997 
111  30.59335467 -096.36174132 
111  30.59327118 -096.36185863 
113  30.59312658 -096.36182584 
110   1 0.00   0.00 Runway filet
111  30.59380005 -096.36183958 
112  30.59380005 -096.36183958  30.59376980 -096.36193013 
111  30.59385267 -096.36199202 
113  30.59371272 -096.36195788 
110   1 0.00   0.00 Runway filet
111  30.59341855 -096.36235257 
111  30.59357238 -096.36239014 
112  30.59333471 -096.36247222  30.59324513 -096.36255196 
113  30.59333471 -096.36247222 
110   1 0.00   0.00 Runway filet
111  30.58969348 -096.36743817 
111  30.58974261 -096.36760413 
112  30.58958754 -096.36757674  30.58951727 -096.36761888 
113  30.58958754 -096.36757674 
110   1 0.00   0.00 Runway filet
111  30.59008567 -096.36691148 
112  30.59008567 -096.36691148  30.59002436 -096.36702821 
111  30.59004186 -096.36721174 
113  30.58998200 -096.36705005 
110   1 0.00   0.00 Runway filet
111  30.58954916 -096.36694907 
111  30.58944402 -096.36707522 
112  30.58944402 -096.36707522  30.58948881 -096.36700090 
113  30.58949317 -096.36678097 
110   1 0.00   0.00 Runway filet
111  30.58983964 -096.36653730 
111  30.58979977 -096.36640926 
112  30.58991674 -096.36644501  30.58995641 -096.36641380 
113  30.58991674 -096.36644501 
110   1 0.00 168.90 Pad
111  30.59048823 -096.35880075 
111  30.59050632 -096.35866907 
111  30.59107167 -096.35878774 
113  30.59105767 -096.35890887 
110   1 0.00 168.90 Pad
111  30.59040007 -096.35906588 
111  30.59042060 -096.35895591 
111  30.59084619 -096.35904809 
113  30.59082858 -096.35916127 
110   1 0.00 168.90 Pad
111  30.59112408 -096.35935456 
111  30.59121396 -096.35881945 
111  30.59176451 -096.35896595 
111  30.59174395 -096.35909707 
113  30.59168009 -096.35948111 
110   1 0.00  51.00 Pad
111  30.59365659 -096.36682797 
111  30.59354194 -096.36671877 
111  30.59341270 -096.36690140 
111  30.59339484 -096.36688109 
111  30.59326805 -096.36675596 
111  30.59338734 -096.36657374 
111  30.59334979 -096.36652755 
111  30.59334979 -096.36643773 
111  30.59343153 -096.36632737 
111  30.59351999 -096.36631956 
111  30.59355340 -096.36635304 
111  30.59368816 -096.36617596 
111  30.59383396 -096.36630941 
111  30.59369852 -096.36650706 
113  30.59381136 -096.36662040 
110   1 0.00   0.00 Pad
111  30.58263740 -096.36192711 
111  30.58269905 -096.36194020 
111  30.58263532 -096.36235475 
111  30.58205857 -096.36222150 
111  30.58212861 -096.36185256 
113  30.58213528 -096.36179609 
110   1 0.00  45.00 Pad
111  30.58880833 -096.35727701 
111  30.58895103 -096.35711007 
111  30.58918325 -096.35737288 
113  30.58904439 -096.35754230 
110   1 0.00  45.00 Pad
111  30.58908767 -096.35759637 
111  30.58921194 -096.35744461 
111  30.58935652 -096.35759775 
113  30.58922628 -096.35774629 
110   1 0.00  45.00 Pad
111  30.58928303 -096.35780758 
111  30.58933446 -096.35773892 
111  30.58937762 -096.35778555 
111  30.58945473 -096.35769373 
111  30.58965513 -096.35791981 
113  30.58953033 -096.35806474 
110   1 0.00   0.00 Pad
111  30.59019839 -096.35886049 
111  30.59022137 -096.35883055 
111  30.59027445 -096.35876009 
111  30.59039910 -096.35890719 
111  30.59031490 -096.35899803 
113  30.59025986 -096.35893190 
110   1 0.00 168.90 Pad
111  30.59229025 -096.35899081 
111  30.59229798 -096.35895632 
111  30.59251076 -096.35900264 
111  30.59245062 -096.35937971 
113  30.59223426 -096.35932759 
110   1 0.00   0.00 Road
111  30.59703884 -096.36458157 
112  30.59675470 -096.36457657  30.59664826 -096.36462790 
111  30.59675470 -096.36457657 
112  30.59675470 -096.36457657  30.59663220 -096.36460923 
112  30.59655237 -096.36472660  30.59651421 -096.36477793 
111  30.59655237 -096.36472660 
111  30.59643613 -096.36494666 
111  30.59601196 -096.36549178 
112  30.59553317 -096.36571270  30.59533335 -096.36572157 
111  30.59553317 -096.36571270 
112  30.59553317 -096.36571270  30.59523916 -096.36570663 
111  30.59496584 -096.36540676 
112  30.59496584 -096.36540676  30.59488189 -096.36530667 
112  30.59450089 -096.36524673  30.59433742 -096.36529806 
111  30.59450089 -096.36524673 
111  30.59397246 -096.36539748 
111  30.59388992 -096.36530160 
111  30.59449457 -096.36512670 
112  30.59449457 -096.36512670  30.59465142 -096.36509590 
112  30.59503700 -096.36534175  30.59518502 -096.36553423 
111  30.59503700 -096.36534175 
112  30.59552777 -096.36560182  30.59575974 -096.36560952 
111  30.59552777 -096.36560182 
112  30.59552777 -096.36560182  30.59568904 -096.36559668 
111  30.59596258 -096.36539176 
111  30.59635003 -096.36492920 
111  30.59647488 -096.36468415 
112  30.59673748 -096.36448910  30.59691823 -096.36445877 
111  30.59673748 -096.36448910 
112  30.59673748 -096.36448910  30.59691622 -096.36441677 
113  30.59703884 -096.36447910 
130 Airport Boundary
111  30.59154098 -096.35745302 
111  30.59149427 -096.35820179 
111  30.59433990 -096.35952381 
111  30.59680575 -096.36060707 
111  30.60015945 -096.36296455 
112  30.60015945 -096.36296455  30.60064242 -096.36332269 
111  30.60098153 -096.36418002 
111  30.60033695 -096.36585128 
111  30.59708430 -096.36466589 
112  30.59708430 -096.36466589  30.59687337 -096.36460463 
111  30.59687878 -096.36477441 
111  30.59771954 -096.36572939 
111  30.59570791 -096.36815760 
111  30.59415098 -096.36996875 
111  30.59301128 -096.37104310 
111  30.59369323 -096.37281287 
111  30.59325416 -096.37358333 
111  30.59327285 -096.37403910 
111  30.59119897 -096.37447317 
111  30.59057307 -096.37424528 
111  30.58996586 -096.37253073 
111  30.58684322 -096.37272601 
111  30.58551668 -096.37464666 
111  30.58364833 -096.37320346 
111  30.58763389 -096.36676169 
111  30.58556171 -096.36454211 
111  30.58539355 -096.36305224 
111  30.58181885 -096.36241792 
111  30.58039559 -096.36182204 
111  30.57721950 -096.36124861 
111  30.57381477 -096.35997276 
111  30.57308904 -096.35919263 
111  30.57339786 -096.35836767 
111  30.57312764 -096.35818833 
111  30.57262581 -096.35808969 
111  30.57275706 -096.35749787 
111  30.57413131 -096.35708539 
111  30.57506548 -096.35713022 
111  30.57531254 -096.35691501 
111  30.57678451 -096.35674461 
112  30.57834405 -096.35689706  30.57883535 -096.35706751 
111  30.57834405 -096.35689706 
111  30.58221643 -096.35775791 
111  30.58296974 -096.35766823 
112  30.58341753 -096.35817044  30.58388969 -096.35828161 
111  30.58341753 -096.35817044 
111  30.58500023 -096.35842154 
111  30.58528353 -096.35873578 
111  30.58601161 -096.35886097 
111  30.58649800 -096.35868161 
111  30.58578000 -096.35640376 
111  30.58757296 -096.35563238 
112  30.58894140 -096.35588237  30.58947098 -096.35636413 
113  30.58894140 -096.35588237 
120 WS Circle
111  30.59157206 -096.36268135  21 
112  30.59143988 -096.36251311  30.59131491 -096.36250988  21 
111  30.59129668 -096.36266253  21 
114  30.59142253 -096.36282691  30.59155306 -096.36283175  21 
120 TL
112  30.59085035 -096.36321830  30.59068821 -096.36307275  51 
116  30.59043984 -096.36336149  30.59043615 -096.36356412 
120 TL
111  30.59049751 -096.36371078  51 
112  30.59026646 -096.36361053  30.59010098 -096.36372492 
111  30.59026646 -096.36361053  51 
111  30.59037496 -096.36342923 
112  30.59037496 -096.36342923  30.59041252 -096.36335258  51 
115  30.59042027 -096.36324604 
120 TL
112  30.59013752 -096.36265017  30.59025767 -096.36264421  51 
111  30.59028353 -096.36242242 
112  30.59028353 -096.36242242  30.59033701 -096.36265296  51 
111  30.59043733 -096.36281783 
111  30.59037403 -096.36296596  51 
116  30.59013752 -096.36265017  30.59002585 -096.36256196 
120 TL
111  30.58243301 -096.36167507  51 
115  30.58255473 -096.36090309 
120 TL
111  30.58369781 -096.35989569  51 
111  30.58301806 -096.35974077 
112  30.58301806 -096.35974077  30.58284118 -096.35970797  51 
111  30.58287240 -096.35942748  51 
112  30.58260154 -096.35964650  30.58244845 -096.35961542 
111  30.58260154 -096.35964650  51 
111  30.58218149 -096.35955028 
111  30.58287240 -096.35942748  51 
111  30.58297505 -096.35886369  51 
112  30.58327751 -096.35868012  30.58347236 -096.35870459 
111  30.58327751 -096.35868012 
111  30.58283561 -096.35842639 
112  30.58283561 -096.35842639  30.58303046 -096.35861296  51 
115  30.58297505 -096.35886369 
120 TL
111  30.59365769 -096.36028673  51 
111  30.59317048 -096.36016870  51 
111  30.59303913 -096.36013685  51 
111  30.59183007 -096.35984409  51 
111  30.59067789 -096.35956515 
112  30.59067789 -096.35956515  30.59056734 -096.35954374  51 
111  30.59045855 -096.35977230  51 
112  30.59035290 -096.35948619  30.59024603 -096.35945337 
111  30.59035290 -096.35948619 
111  30.59181898 -096.35952348  51 
111  30.59309340 -096.35982294  51 
111  30.59334250 -096.35980450  51 
111  30.59373213 -096.35989155 
111  30.59310845 -096.36050077 
112  30.59310845 -096.36050077  30.59306774 -096.36048122  51 
111  30.59306115 -096.36039976  51 
112  30.59297459 -096.36046993  30.59291627 -096.36046538 
111  30.59297459 -096.36046993 
111  30.59306115 -096.36039976  51 
111  30.59308998 -096.36022655  51 
112  30.59317048 -096.36016870  30.59322997 -096.36017188 
111  30.59317048 -096.36016870 
111  30.59303913 -096.36013685 
112  30.59303913 -096.36013685  30.59308375 -096.36016504  51 
111  30.59308998 -096.36022655  51 
111  30.59313591 -096.35995080  51 
112  30.59309340 -096.35982294  30.59303377 -096.35980360 
111  30.59309340 -096.35982294 
111  30.59334250 -096.35980450  51 
116  30.59313591 -096.35995080  30.59308044 -096.36008129 
120 TL
111  30.58907761 -096.35873313  51 
111  30.58813711 -096.35768683 
112  30.58813711 -096.35768683  30.58796551 -096.35761777  51 
111  30.58794749 -096.35780397 
111  30.58813711 -096.35768683  51 
115  30.58781019 -096.35732321 
120 TL
112  30.58844798 -096.35909419  30.58832502 -096.35908477  51 
111  30.58826532 -096.35891971  51 
112  30.58815628 -096.35913271  30.58800388 -096.35919014 
111  30.58815628 -096.35913271 
111  30.58826532 -096.35891971  51 
111  30.58794749 -096.35780397  51 
111  30.58781019 -096.35732321  51 
111  30.58770913 -096.35721077  51 
112  30.58747432 -096.35715785  30.58733287 -096.35720082 
111  30.58747432 -096.35715785  51 
115  30.58708530 -096.35730441 
120 TL
111  30.59026646 -096.36361053  51 
111  30.58946627 -096.36488153  51 
112  30.58914324 -096.36484627  30.58906831 -096.36464080 
111  30.58914324 -096.36484627  51 
111  30.58896549 -096.36424273 
111  30.58894803 -096.36424968  51 
111  30.58912946 -096.36486730 
112  30.58912946 -096.36486730  30.58921544 -096.36527541  51 
111  30.58903692 -096.36556331  51 
112  30.58935328 -096.36562880  30.58946998 -096.36583142 
111  30.58935328 -096.36562880  51 
111  30.58952809 -096.36622264 
111  30.58954564 -096.36621556  51 
111  30.58937574 -096.36563838 
112  30.58937574 -096.36563838  30.58925659 -096.36523741  51 
111  30.58946627 -096.36488153 
111  30.58903692 -096.36556331  51 
111  30.58495294 -096.37205059 
112  30.58495294 -096.37205059  30.58475709 -096.37239529  51 
111  30.58496404 -096.37266915  51 
115  30.58522245 -096.37292326 
120 TL
112  30.59324232 -096.36526026  30.59313423 -096.36538441  51 
111  30.59299139 -096.36529498  51 
112  30.59296882 -096.36562910  30.59288898 -096.36577180 
111  30.59296882 -096.36562910 
111  30.59299139 -096.36529498  51 
111  30.59203786 -096.36437025  51 
112  30.59170302 -096.36437988  30.59159246 -096.36451220 
111  30.59170302 -096.36437988  51 
111  30.59140698 -096.36478435 
111  30.59138081 -096.36475817  51 
111  30.59167598 -096.36435501 
112  30.59167598 -096.36435501  30.59177760 -096.36420063  51 
111  30.59164159 -096.36398553  51 
112  30.59196991 -096.36395436  30.59209498 -096.36380129 
111  30.59196991 -096.36395436  51 
111  30.59235284 -096.36343130 
111  30.59237946 -096.36345706  51 
111  30.59199448 -096.36398287 
112  30.59199448 -096.36398287  30.59190068 -096.36413206  51 
111  30.59203786 -096.36437025 
111  30.59164159 -096.36398553  51 
111  30.59085035 -096.36321830  51 
111  30.59043733 -096.36281783  51 
111  30.59013752 -096.36265017  51 
111  30.58881388 -096.36236619  51 
112  30.58851890 -096.36272376  30.58859084 -096.36302953 
111  30.58851890 -096.36272376  51 
111  30.58871230 -096.36338255 
111  30.58850663 -096.36239436 
111  30.58821912 -096.36170482  51 
111  30.58833206 -096.36208851 
112  30.58833206 -096.36208851  30.58839583 -096.36229933  51 
111  30.58867382 -096.36233530  51 
115  30.58881388 -096.36236619 
120 TL
111  30.59149456 -096.37249459  51 
112  30.59176682 -096.37259217  30.59192481 -096.37256158 
111  30.59176682 -096.37259217  51 
111  30.59182764 -096.37255791  51 
112  30.59191743 -096.37229607  30.59190163 -096.37209113 
111  30.59191743 -096.37229607  51 
111  30.59119174 -096.36791403  51 
111  30.59109958 -096.36735450  51 
111  30.59087796 -096.36601655  51 
112  30.59056916 -096.36592634  30.59041479 -096.36608716 
111  30.59056916 -096.36592634  51 
111  30.59024670 -096.36636636 
111  30.59023268 -096.36632592  51 
111  30.59054159 -096.36590309 
112  30.59054159 -096.36590309  30.59079916 -096.36555612  51 
111  30.59073796 -096.36517325  51 
112  30.59102715 -096.36524086  30.59118237 -096.36508784 
111  30.59102715 -096.36524086  51 
111  30.59131555 -096.36484814 
111  30.59134102 -096.36487427  51 
111  30.59105127 -096.36526889 
112  30.59105127 -096.36526889  30.59082810 -096.36557785  51 
111  30.59087796 -096.36601655 
111  30.59073796 -096.36517325  51 
111  30.59049751 -096.36371078  51 
111  30.59043984 -096.36336149  51 
111  30.59042027 -096.36324604  51 
111  30.59037403 -096.36296596  51 
111  30.59028353 -096.36242242  51 
111  30.59015863 -096.36167192  51 
112  30.58999111 -096.36136405  30.58985231 -096.36131696 
111  30.58999111 -096.36136405  51 
111  30.58948576 -096.36124972 
111  30.58949268 -096.36121367  51 
111  30.58999693 -096.36132754 
112  30.58999693 -096.36132754  30.59011853 -096.36134609  51 
111  30.59024066 -096.36107463  51 
112  30.59038890 -096.36141770  30.59053508 -096.36146051 
111  30.59038890 -096.36141770  51 
111  30.59079105 -096.36150884 
111  30.59078267 -096.36154547  51 
111  30.59038261 -096.36145354 
112  30.59038261 -096.36145354  30.59019590 -096.36142215  51 
111  30.59015863 -096.36167192 
111  30.59024066 -096.36107463  51 
111  30.59041050 -096.36006864  51 
112  30.59059021 -096.35992474  30.59070465 -096.35993868 
111  30.59059021 -096.35992474 
111  30.59032739 -096.35986461 
112  30.59032739 -096.35986461  30.59042891 -096.35990213  51 
115  30.59041050 -096.36006864 
120 TL
112  30.59109958 -096.36735450  30.59113674 -096.36753062  51 
111  30.59138783 -096.36757349  51 
112  30.59119174 -096.36791403  30.59122741 -096.36814195 
111  30.59119174 -096.36791403 
111  30.59138783 -096.36757349  51 
111  30.59148035 -096.36753767  51 
112  30.59164998 -096.36740779  30.59169612 -096.36734804 
111  30.59164998 -096.36740779  51 
111  30.59296882 -096.36562910  51 
111  30.59324232 -096.36526026  51 
111  30.59390218 -096.36437019  51 
112  30.59423373 -096.36427288  30.59446752 -096.36432226 
111  30.59423373 -096.36427288  51 
111  30.59601162 -096.36462544  51 
112  30.59630846 -096.36439704  30.59635751 -096.36411783 
111  30.59630846 -096.36439704  51 
111  30.59652108 -096.36317017 
112  30.59652108 -096.36317017  30.59656849 -096.36288336  51 
111  30.59640706 -096.36282238  51 
111  30.59578254 -096.36268081 
111  30.59578918 -096.36264640  51 
111  30.59641202 -096.36278833  51 
112  30.59662295 -096.36260287  30.59665401 -096.36242622 
111  30.59662295 -096.36260287  51 
111  30.59670169 -096.36214090  51 
112  30.59660916 -096.36197071  30.59650798 -096.36190223 
111  30.59660916 -096.36197071  51 
111  30.59512774 -096.36096350  51 
111  30.59456209 -096.36083199 
111  30.59408737 -096.36072452  51 
111  30.59310845 -096.36050077  51 
111  30.59297459 -096.36046993  51 
111  30.59059021 -096.35992474  51 
111  30.59032739 -096.35986461  51 
111  30.58998814 -096.35971235  51 
111  30.58941305 -096.35909206  51 
112  30.58917404 -096.35899802  30.58902297 -096.35900010 
111  30.58917404 -096.35899802  51 
111  30.58844798 -096.35909419  51 
111  30.58815628 -096.35913271  51 
111  30.58774252 -096.35918760  51 
112  30.58756377 -096.35947753  30.58761495 -096.35968317 
111  30.58756377 -096.35947753  51 
111  30.58774700 -096.36010100 
111  30.58772950 -096.36010720  51 
111  30.58754691 -096.35948630 
112  30.58754691 -096.35948630  30.58747392 -096.35924849  51 
111  30.58722561 -096.35925655  51 
112  30.58740250 -096.35899517  30.58736688 -096.35882965 
111  30.58740250 -096.35899517  51 
111  30.58720770 -096.35833400 
111  30.58722572 -096.35832695  51 
111  30.58742037 -096.35898949 
112  30.58742037 -096.35898949  30.58748670 -096.35918498  51 
111  30.58774252 -096.35918760 
111  30.58722561 -096.35925655  51 
111  30.58636642 -096.35936972  51 
111  30.58327751 -096.35868012  51 
111  30.58283561 -096.35842639  51 
111  30.57836046 -096.35740256  51 
112  30.57802867 -096.35757672  30.57797600 -096.35784920 
111  30.57802867 -096.35757672  51 
111  30.57791087 -096.35830526 
112  30.57791087 -096.35830526  30.57788215 -096.35855549  51 
111  30.57807390 -096.35861615  51 
111  30.57855712 -096.35872626 
111  30.58217067 -096.35958749  51 
111  30.58259192 -096.35968308 
112  30.58259192 -096.35968308  30.58278795 -096.35973740  51 
111  30.58276769 -096.36007726  51 
112  30.58300827 -096.35977796  30.58317013 -096.35980303 
111  30.58300827 -096.35977796  51 
111  30.58368909 -096.35993251 
111  30.58276769 -096.36007726  51 
111  30.58265540 -096.36074306 
112  30.58265540 -096.36074306  30.58262117 -096.36095410  51 
111  30.58282220 -096.36099973  51 
111  30.58796875 -096.36217810  51 
112  30.58823310 -096.36181982  30.58821691 -096.36151481 
111  30.58823310 -096.36181982  51 
111  30.58807884 -096.36129495 
111  30.58820985 -096.36213190 
111  30.58860931 -096.36309678  51 
111  30.58840299 -096.36239486  51 
112  30.58826826 -096.36224597  30.58817295 -096.36222090 
111  30.58826826 -096.36224597  51 
115  30.58796875 -096.36217810 
120 TL
111  30.59256465 -096.36643298  51 
111  30.59307284 -096.36643604 
112  30.59307284 -096.36643604  30.59323007 -096.36643747  51 
112  30.59315255 -096.36627209  30.59311938 -096.36626353 
111  30.59315255 -096.36627209  51 
111  30.59302996 -096.36623528 
111  30.59284903 -096.36596803  51 
111  30.59338355 -096.36599250 
112  30.59338355 -096.36599250  30.59347273 -096.36599721  51 
112  30.59341251 -096.36585791  30.59334901 -096.36583594 
111  30.59341251 -096.36585791  51 
115  30.59329014 -096.36578547 
120 Taxi boundry
111  30.59206674 -096.36697348  58 
115  30.59368448 -096.36476679 
120 Taxi boundry
111  30.59190203 -096.36015059  58 
111  30.59033461 -096.35979245  58 
112  30.59002603 -096.35966342  30.58994495 -096.35960378 
111  30.59002603 -096.35966342  58 
111  30.58940708 -096.35899166 
112  30.58940708 -096.35899166  30.58928952 -096.35888963  58 
115  30.58904048 -096.35894127 
120 RH
111  30.59650669 -096.36361563  54 
111  30.59637453 -096.36358837 
111  30.59239380 -096.36461914  54 
111  30.59230593 -096.36474447 
111  30.59105059 -096.36663650  54 
111  30.59091881 -096.36666303 
111  30.59150508 -096.37021433  54 
115  30.59164203 -096.37018421 
120 RH
111  30.59648925 -096.36198236  54 
111  30.59655046 -096.36185944 
111  30.59513046 -096.36089506  54 
115  30.59509860 -096.36104311 
120 RH
111  30.57789626 -096.35779646  54 
111  30.57808292 -096.35783501 
111  30.58283009 -096.35892975  54 
111  30.58308543 -096.35898842 
111  30.58676561 -096.35939510  54 
115  30.58674830 -096.35924321 
120 RH
111  30.59135973 -096.36361945  54 
111  30.59127657 -096.36373870 
111  30.59069907 -096.36452681  54 
111  30.59056041 -096.36455866 
111  30.58983111 -096.36445633  54 
111  30.58970868 -096.36436023 
111  30.58915537 -096.36252036  54 
111  30.58918024 -096.36237462 
111  30.59013489 -096.36224766  54 
115  30.59031624 -096.36221673 
120 RH
111  30.58751309 -096.36215288  54 
111  30.58754217 -096.36199468 
111  30.58550058 -096.36182884  55 
111  30.58366312 -096.36139970 
111  30.58282332 -096.36051757  54 
115  30.58256901 -096.36046371 
120 RH
111  30.58876273 -096.36612641  54 
111  30.58865519 -096.36603680 
111  30.58480708 -096.37245755  54 
115  30.58493697 -096.37243529 
120 RH
111  30.59349999 -096.36066953  54 
111  30.59352637 -096.36052379 
111  30.59026159 -096.36055281  54 
111  30.59038751 -096.36057984 
111  30.58814877 -096.35903197  54 
111  30.58820705 -096.35909738  54 
111  30.58822042 -096.35920764 
111  30.58760451 -096.35698652  54 
111  30.58773991 -096.35715381  54 
115  30.58764796 -096.35727968 
14   30.59032141 -096.35890292   60 0 TWR
15   30.59010253 -096.35903303 137.19 FBO
15   30.59265809 -096.35994098 256.29 GA Parking
15   30.59155039 -096.37007366 279.62 Hold Short Rwy 10
15   30.59646155 -096.36186805 326.21 Hold Short Rwy 16 @ A
15   30.59642217 -096.36373983  78.34 Hold Short Rwy 16 @ F
15   30.59342727 -096.36057328 348.47 Hold Short Rwy 22
15   30.58778276 -096.35729170 139.60 Hold Short Rwy 28
15   30.57801261 -096.35768177 256.44 Hold Short Rwy 34
15   30.58487511 -096.37229155 260.77 Hold Short Rwy 4
15   30.58517482 -096.36224264  79.77 Remote Ramp on Twy H
15   30.59296664 -096.36643422   0.00 Terminal Gate 1
15   30.59318354 -096.36598173   0.00 Terminal Gate 2
18   30.59030965 -096.35847949 1 BCN
19   30.58568756 -096.37175448 0 WS
19   30.59148222 -096.37136567 0 WS
19   30.59589056 -096.36382704 0 WS
19   30.59458126 -096.36156021 0 WS
19   30.59145246 -096.36267281 1 WS
19   30.58753483 -096.35771967 0 WS
19   30.58123344 -096.35854700 1 WS
20   30.59388044 -096.36261348 348.90  0 4 {@B}1{@@,@B}6
20   30.59119265 -096.36200926 348.90  0 4 {@B}2{@@,@B}5
20   30.58850486 -096.36139315 348.90  0 4 {@B}3{@@,@B}4
20   30.58581450 -096.36079491 348.90  0 4 {@B}4{@@,@B}3
20   30.58313619 -096.36016014 348.90  0 4 {@B}5{@@,@B}2{@Y}H{^r}
20   30.58043251 -096.35956503 348.90  0 4 {@B}6{@@,@B}1
20   30.59516373 -096.36077873 151.97  0 2 {@L}A{@R}22-4{@@,@Y,safety}{@L}A
20   30.58756226 -096.35694514 229.90  0 2 {@L}A{@R}28-10{@@,@Y,safety}{@L}A
20   30.58761954 -096.35732770 142.13  0 2 {@L}A{@R}28-10{@@,@Y,safety}{@L}A
20   30.59645243 -096.36205075 330.56  0 2 {@L}A{@R}34-16{@@,@Y,safety}{@L}A
20   30.59348307 -096.36076403 348.90  0 2 {@L}A{@R}4-22{@@,@Y,safety}{@L}A
20   30.59062027 -096.36010268 168.90  0 2 {@L}A{@Y}B{^r}
20   30.58933303 -096.35921955 137.73  0 2 {@L}A{@Y}C{^r}
20   30.59039908 -096.36220068  99.93  0 2 {@L}B{@R}16-34{@@,@Y,safety}{@L}B
20   30.59111266 -096.36662706  99.25  0 2 {@L}B{@R}22-4{@@,@Y,safety}{@L}B
20   30.59139856 -096.37024317 282.68  0 2 {@L}B{@R}28-10{@@,@Y,safety}{@L}B
20   30.59019583 -096.36053985 258.90  0 2 {@L}B{@R}34-16{@@,@Y,safety}{@L}B
20   30.59049872 -096.36456781 283.20  0 2 {@L}B{@R}4-22{@@,@Y,safety}{@L}B
20   30.59007465 -096.36225235 277.49  0 2 {@L}B{@Y,^l}H{^r}
20   30.59123192 -096.36719545 283.39  0 2 {@L}B{@Y}G{^r}
20   30.58677411 -096.35947509  10.02  0 2 {@L}C{@R}10-28{@@,@Y,safety}{@L}C
20   30.58811508 -096.35899987 228.72  0 2 {@L}C{@R}28-10{@@,@Y,safety}{@L}C
20   30.58822696 -096.35928300 187.12  0 2 {@L}C{@R}28-10{@@,@Y,safety}{@L}C
20   30.57784259 -096.35778136 258.90  0 2 {@L}C{@R}34-16{@@,@Y,safety}{@L}C
20   30.58341050 -096.35891581 168.90  0 2 {@L}C{@Y}C1{^r}
20   30.58804618 -096.35901201   7.75  0 2 {@L}C{@Y}D{^r}
20   30.58277227 -096.35891311 258.90  0 2 {@L}C1{@R}34-16{@@,@Y,safety}{@L}C1
20   30.58812139 -096.35882048 288.90  0 2 {@L}D{@Y,^l}C{^r}
20   30.58812774 -096.35796447 108.90  0 2 {@L}D{@Y,^ld}A{^ru}
20   30.58883445 -096.36617684  53.49  0 2 {@L}E{@R}10-28{@@,@Y,safety}{@L}E
20   30.58965170 -096.36431690 235.86  0 2 {@L}E{@R}28-10{@@,@Y,safety}{@L}E
20   30.59655631 -096.36362618  78.90  0 2 {@L}F{@R}16-34{@@,@Y,safety}{@L}F
20   30.59143186 -096.36731646 203.31  0 2 {@L}G{@Y,^l}B{^r}
20   30.59281737 -096.36559809  50.89  0 2 {@L}G{@Y}H{^r}
20   30.58748931 -096.36224253 348.90  0 2 {@L}H{@R}10-28{@@,@Y,safety}{@L}H
20   30.58289910 -096.36053365  78.90  0 2 {@L}H{@R}16-34{@@,@Y,safety}{@L}H
20   30.59243476 -096.36454734 144.69  0 2 {@L}H{@R}22-4{@@,@Y,safety}{@L}H
20   30.58919530 -096.36228106 168.90  0 2 {@L}H{@R}28-10{@@,@Y,safety}{@L}H
20   30.59123721 -096.36379176 324.92  0 2 {@L}H{@R}4-22{@@,@Y,safety}{@L}H
20   30.59003560 -096.36292994 349.18  0 2 {@L}H{@Y,^l}B{^r}{@@,@L}H
20   30.59301872 -096.36508309 320.82  0 2 {@L}H{@Y}F{^r}
20   30.59441983 -096.36114439  49.60  0 2 {@Y,^l}A
20   30.58726295 -096.35754989 108.90  0 2 {@Y,^l}A
20   30.59051998 -096.36021375  78.90  0 2 {@Y,^l}A{@L}B
20   30.58914613 -096.35916962   7.78  0 2 {@Y,^l}A{@L}C
20   30.59048625 -096.36113438 168.90  0 2 {@Y,^l}B
20   30.58994281 -096.36167477 348.90  0 2 {@Y,^l}B
20   30.59070621 -096.36619450  49.60  0 2 {@Y,^l}B
20   30.59110661 -096.36566992 229.60  0 2 {@Y,^l}B
20   30.59023015 -096.36000449 342.75  0 2 {@Y,^l}B{@L}A
20   30.58704963 -096.35893936 288.90  0 2 {@Y,^l}C
20   30.58789369 -096.35954072 108.90  0 2 {@Y,^l}C
20   30.57836089 -096.35836110 168.90  0 2 {@Y,^l}C
20   30.58891783 -096.35879965 314.52  0 2 {@Y,^l}C{@L}A
20   30.58326307 -096.35946529 168.90  0 2 {@Y,^l}C1
20   30.58268842 -096.35862901 348.90  0 2 {@Y,^l}C1{@L}C
20   30.58851069 -096.35892335 187.78  0 2 {@Y,^l}D{@L}C
20   30.58893154 -096.36519967 288.90  0 2 {@Y,^l}E
20   30.58956556 -096.36535201 108.90  0 2 {@Y,^l}E
20   30.59018161 -096.36314768 281.23  0 2 {@Y,^l}E{@L}B{@@,@L}B{@Y}H{^r}
20   30.59615081 -096.36309097 348.90  0 2 {@Y,^l}F
20   30.59134411 -096.36803413 102.60  0 2 {@Y,^l}G{@L}B
20   30.59281521 -096.36537665 320.82  0 2 {@Y,^l}G{@L}H
20   30.59185514 -096.36465274  49.60  0 2 {@Y,^l}H
20   30.59220399 -096.36413833 229.60  0 2 {@Y,^l}H
20   30.58794028 -096.36180886 288.90  0 2 {@Y,^l}H
20   30.58883931 -096.36288322 108.90  0 2 {@Y,^l}H
20   30.58242919 -096.35998444 348.90  0 2 {@Y,^l}H
20   30.59318615 -096.36506904 226.73  0 2 {@Y,^l}H{@L}F
20   30.59030059 -096.36384774  54.30  0 2 {@Y,^ld}B{^r}{@L}E{@Y}H{^u}{@@,@L}E
20   30.59065008 -096.36368076 100.00  0 2 {@Y,^ld}H{@L}B{@Y}E{^r}{@@,@L}B
20   30.59078587 -096.36338372 136.68  0 2 {@Y,^lu}B{^rd}{@L}H{@Y}E{^r}{@@,@L}H
20   30.59376950 -096.36099061  49.60  0 2 {@Y}A{^r}
20   30.59640132 -096.36247774 348.90  0 2 {@Y}A{^r}
20   30.59039636 -096.36178192 168.90  0 2 {@Y}B{^r}
20   30.59001585 -096.36100770 348.90  0 2 {@Y}B{^r}
20   30.59092672 -096.36491895 229.60  0 2 {@Y}B{^r}
20   30.59054771 -096.36542825  49.60  0 2 {@Y}B{^r}
20   30.59160633 -096.37218975 288.90  0 2 {@Y}B{^r}
20   30.58767625 -096.35883545 288.90  0 2 {@Y}C{^r}
20   30.58728235 -096.35961547 108.90  0 2 {@Y}C{^r}
20   30.58254516 -096.35930543 348.90  0 2 {@Y}C1{^r}
20   30.58935017 -096.36464676 288.90  0 2 {@Y}E{^r}
20   30.58913470 -096.36580806 108.90  0 2 {@Y}E{^r}
20   30.59177851 -096.36372236 229.60  0 2 {@Y}H{^r}
20   30.59143912 -096.36420405  49.60  0 2 {@Y}H{^r}
20   30.58858373 -096.36194982 288.90  0 2 {@Y}H{^r}
20   30.58816149 -096.36257092 108.90  0 2 {@Y}H{^r}
50 12685 ATIS
51 11850 CTAF
51 12295 UNICOM
53 12870 GND
54 11850 TWR
1      340 0 1 72R  El Paisano
100   15.24   3   0 0.25 0 0 0 08   30.03337267 -096.68770014    0.00    0.00 1  0 0 0 26   30.03373621 -096.68169486    0.00    0.00 1  0 0 0
100   15.24   3   0 0.25 0 0 0 02   30.03139724 -096.68591282    0.00    0.00 1  0 0 0 20   30.03571164 -096.68348218    0.00    0.00 1  0 0 0
19   30.03136415 -096.68619584 1 WS
19   30.03356832 -096.68787475 1 WS
19   30.03354055 -096.68152026 1 WS
19   30.03574472 -096.68319915 1 WS
1        8 0 1 TA35 Faust Farm
100   27.43   3   0 0.25 0 0 0 16   30.27524009 -096.35569440    0.00    0.00 1  0 0 0 34   30.27018323 -096.35423450    0.00    0.00 1  0 0 0
19   30.27556921 -096.35534751 1 WS
19   30.26985411 -096.35458137 1 WS
1      250 0 1 65TA Flying C Ranch
100    9.14   1   0 0.25 0 0 0 16   30.34672467 -096.30818432    0.00    0.00 2  0 0 0 34   30.33980477 -096.30618514    0.00    0.00 2  0 0 0
110   1 0.30 166.00 Default taxiway for RWY 16
111  30.34671526 -096.30822805   3 
111  30.34666495 -096.30846189   3 
111  30.33974507 -096.30646255   3 
111  30.33979538 -096.30622873 
112  30.33987522 -096.30625180  30.33983476 -096.30624279   3 
111  30.33982281 -096.30629830   3 
112  30.33980688 -096.30637231  30.33979494 -096.30642782   3 
111  30.33983486 -096.30643936   3 
111  30.34319500 -096.30741019   3 
111  30.34323536 -096.30722262 
111  30.34327528 -096.30723416   3 
111  30.34323492 -096.30742173   3 
112  30.34659506 -096.30839255  30.34663498 -096.30840409   3 
111  30.34664692 -096.30834858   3 
112  30.34666285 -096.30827456  30.34667480 -096.30821905   3 
113  30.34663542 -096.30820498 
120 Default hold RWY 16 (near)
111  30.34669481 -096.30832310   4 
115  30.34665489 -096.30831157 
120 Default hold RWY 16 (centre)
111  30.34325483 -096.30732921   4 
115  30.34321491 -096.30731767 
120 Default hold RWY 16 (far)
111  30.33981485 -096.30633530   4 
115  30.33977493 -096.30632377 
19   30.34683437 -096.30806861 1 WS
19   30.33969506 -096.30630084 1 WS
1      505 0 1 03T  Gay Hill Farm
100   27.43   3   0 0.25 0 0 0 11   30.26385482 -096.50295776    0.00    0.00 1  0 0 0 29   30.26157018 -096.49753448    0.00    0.00 1  0 0 0
19   30.26429586 -096.50302673 1 WS
19   30.26112913 -096.49746554 1 WS
1      485 0 1 KGYB GIDDINGS LEE CO
100   22.86   1   0 0.25 0 2 0 17   30.17473900 -096.98065000    0.00    0.00 2  0 0 0 35   30.16379400 -096.97938600    0.00    0.00 2  0 0 0
110   1 0.30 174.30 Default taxiway for RWY 17
111  30.17472900 -096.98076581   3 102 
111  30.17467768 -096.98136038   3 102 
111  30.16373269 -096.98009616   3 102 
111  30.16378401 -096.97950165 
112  30.16398871 -096.97952529  30.16388614 -096.97951606   3 102 
111  30.16387388 -096.97965812   3 102 
112  30.16385752 -096.97984753  30.16384526 -096.97998959   3 102 
111  30.16394761 -096.98000141   3 102 
111  30.16916423 -096.98060397   3 102 
111  30.16920533 -096.98012782 
111  30.16930768 -096.98013964   3 102 
111  30.16926658 -096.98061579   3 102 
112  30.17448319 -096.98121834  30.17458555 -096.98123016   3 102 
111  30.17459781 -096.98108808   3 102 
112  30.17461417 -096.98089865  30.17462643 -096.98075658   3 102 
113  30.17452429 -096.98074217 
120 Default hold RWY 17 (near)
111  30.17470834 -096.98100519   4 
115  30.17460599 -096.98099337 
120 Default hold RWY 17 (centre)
111  30.16928702 -096.98037901   4 
115  30.16918467 -096.98036719 
120 Default hold RWY 17 (far)
111  30.16386570 -096.97975283   4 
115  30.16376335 -096.97974101 
18   30.16933794 -096.97919078 1 BCN
19   30.17497423 -096.98032003 1 WS
19   30.16355877 -096.97971593 1 WS
50 11922 AWOS 3
51 12305 CTAF/UNICOM
55 13215 HOUSTON CNTR
1      474 0 1 KRCK H H COFFIELD RGNL
100   15.24   1   0 0.25 0 1 0 17   30.63583300 -096.98972200    0.00    0.00 2  0 0 0 35   30.62750000 -096.98972200    0.00    0.00 2  0 0 0
110   1 0.30 180.00 Default taxiway for RWY 17
111  30.63583300 -096.98979908   3 102 
111  30.63583300 -096.99020019   3 102 
111  30.62750000 -096.99020015   3 102 
111  30.62750000 -096.98979908 
112  30.62763715 -096.98979908  30.62756857 -096.98980169   3 102 
111  30.62756857 -096.98989732   3 102 
112  30.62756857 -096.99002483  30.62756857 -096.99012046   3 102 
111  30.62763715 -096.99012046   3 102 
111  30.63163221 -096.99012048   3 102 
111  30.63163221 -096.98979908 
111  30.63170079 -096.98979908   3 102 
111  30.63170079 -096.99012048   3 102 
112  30.63569585 -096.99012049  30.63576443 -096.99012049   3 102 
111  30.63576443 -096.99002485   3 102 
112  30.63576443 -096.98989734  30.63576443 -096.98980170   3 102 
113  30.63569585 -096.98979908 
120 Default hold RWY 17 (near)
111  30.63583300 -096.98996110   4 
115  30.63576443 -096.98996110 
120 Default hold RWY 17 (centre)
111  30.63170079 -096.98996109   4 
115  30.63163221 -096.98996109 
120 Default hold RWY 17 (far)
111  30.62756857 -096.98996108   4 
115  30.62750000 -096.98996108 
18   30.63166916 -096.98916413 1 BCN
19   30.63597015 -096.98948290 1 WS
19   30.62736285 -096.98996107 1 WS
51 12290 CTAF
1      285 0 1 KLHB HEARNE MUNI
100   22.86   1   0 0.25 0 2 0 18   30.87732800 -096.62222800    0.00  347.47 2  0 0 0 36   30.86633300 -096.62222800    0.00  658.37 2  0 0 0
110   1 0.30 180.00 Default taxiway for RWY 18
111  30.87732800 -096.62234523   3 102 
111  30.87732800 -096.62294709   3 102 
111  30.86633300 -096.62294701   3 102 
111  30.86633300 -096.62234521 
112  30.86653872 -096.62234521  30.86643586 -096.62234783   3 102 
111  30.86643586 -096.62249164   3 102 
112  30.86643586 -096.62268337  30.86643586 -096.62282717   3 102 
111  30.86653872 -096.62282717   3 102 
111  30.87177907 -096.62282721   3 102 
111  30.87177907 -096.62234522 
111  30.87188193 -096.62234522   3 102 
111  30.87188193 -096.62282721   3 102 
112  30.87712228 -096.62282724  30.87722514 -096.62282724   3 102 
111  30.87722514 -096.62268342   3 102 
112  30.87722514 -096.62249167  30.87722514 -096.62234785   3 102 
113  30.87712228 -096.62234523 
120 Default hold RWY 18 (near)
111  30.87732800 -096.62258754   4 
115  30.87722514 -096.62258754 
120 Default hold RWY 18 (centre)
111  30.87188193 -096.62258752   4 
115  30.87177907 -096.62258752 
120 Default hold RWY 18 (far)
111  30.86643586 -096.62258750   4 
115  30.86633300 -096.62258750 
18   30.87183107 -096.62139071 1 BCN
19   30.87753372 -096.62187005 1 WS
19   30.86612728 -096.62258590 1 WS
50 11867 AWOS 3
51 12290 CTAF
1      260 0 1 35R  Hempstead
100   15.24   3   0 0.25 0 0 0 17   30.12578444 -096.08696279    0.00    0.00 1  0 0 0 35   30.11742778 -096.08628721    0.00    0.00 1  0 0 0
19   30.12593560 -096.08673658 1 WS
19   30.11727662 -096.08651340 1 WS
1      460 0 1 XS17 Hensley Ranch
100   45.72   3   0 0.25 0 0 0 17   30.71387240 -096.90231585    0.00    0.00 1  0 0 0 35   30.70429536 -096.90153693    0.00    0.00 1  0 0 0
19   30.71432589 -096.90163312 1 WS
19   30.70384187 -096.90221959 1 WS
1      285 0 1 46T  K Ranch
100   12.19   4   0 0.25 0 0 0 06   30.72879415 -096.13835611    0.00    0.00 1  0 0 0 24   30.73437251 -096.12378001    0.00    0.00 1  0 0 0
19   30.72889987 -096.13855060 1 WS
19   30.73426678 -096.12358552 1 WS
1      228 0 1 60R  NAVASOTA MUNI
100   18.29   1   0 0.25 0 2 0 17   30.37628300 -096.11342500    0.00    0.00 2  0 0 1 35   30.36747800 -096.11310600    0.00    0.00 2  0 0 1
21   30.37449194 -096.11306639  1 178.21   3.00 17  VASI
21   30.36926906 -096.11346458  1 358.21   3.00 35  VASI
110   1 0.30 178.21 Default taxiway for RWY 17
111  30.37628050 -096.11351773   3 102 
111  30.37626757 -096.11399702   3 102 
111  30.36746257 -096.11367794   3 102 
111  30.36747550 -096.11319869 
112  30.36764000 -096.11320465  30.36755768 -096.11320428   3 102 
111  30.36755459 -096.11331867   3 102 
112  30.36755048 -096.11347120  30.36754739 -096.11358559   3 102 
111  30.36762964 -096.11358857   3 102 
111  30.37182652 -096.11374066   3 102 
111  30.37183688 -096.11335673 
111  30.37191912 -096.11335971   3 102 
111  30.37190876 -096.11374364   3 102 
112  30.37610564 -096.11389572  30.37618789 -096.11389870   3 102 
111  30.37619098 -096.11378430   3 102 
112  30.37619509 -096.11363176  30.37619818 -096.11351736   3 102 
113  30.37611600 -096.11351177 
120 Default hold RWY 17 (near)
111  30.37627529 -096.11371101   4 
115  30.37619304 -096.11370803 
120 Default hold RWY 17 (centre)
111  30.37191391 -096.11355298   4 
115  30.37183167 -096.11355000 
120 Default hold RWY 17 (far)
111  30.36755254 -096.11339493   4 
115  30.36747029 -096.11339195 
18   30.37190067 -096.11259823 1 BCN
19   30.37645521 -096.11314495 1 WS
19   30.36730579 -096.11338602 1 WS
51 12290 CTAF
1      350 0 1 60TX P-K Ranch
100   12.19   1   0 0.25 0 1 0 16   30.03834570 -096.26495416    0.00    0.00 2  0 0 0 34   30.02876430 -096.26219474    0.00    0.00 2  0 0 0
110   1 0.30 166.00 Default taxiway for RWY 16
111  30.03833297 -096.26501313   3 102 
111  30.03826607 -096.26532309   3 102 
111  30.02868470 -096.26256336   3 102 
111  30.02875160 -096.26225343 
112  30.02885806 -096.26228410  30.02880429 -096.26227128   3 102 
111  30.02878836 -096.26234506   3 102 
112  30.02876712 -096.26244343  30.02875120 -096.26251721   3 102 
111  30.02880443 -096.26253255   3 102 
111  30.03346204 -096.26387408   3 102 
111  30.03351567 -096.26362561 
111  30.03356890 -096.26364094   3 102 
111  30.03351527 -096.26388941   3 102 
112  30.03817288 -096.26523094  30.03822611 -096.26524627   3 102 
111  30.03824203 -096.26517249   3 102 
112  30.03826327 -096.26507410  30.03827920 -096.26500032   3 102 
113  30.03822651 -096.26498247 
120 Default hold RWY 16 (near)
111  30.03830588 -096.26513863   4 
115  30.03825265 -096.26512329 
120 Default hold RWY 16 (centre)
111  30.03354181 -096.26376644   4 
115  30.03348858 -096.26375111 
120 Default hold RWY 16 (far)
111  30.02877774 -096.26239425   4 
115  30.02872451 -096.26237892 
18   30.03364790 -096.26314399 1 BCN
19   30.03849198 -096.26480035 1 WS
19   30.02861803 -096.26234853 1 WS
1      279 0 1 93TX Putz Aero Inc
100    7.62   1   0 0.25 0 0 0 17   30.91752428 -096.68574272    0.00    0.00 2  0 0 0 35   30.91229794 -096.68531674    0.00    0.00 2  0 0 0
19   30.91759977 -096.68563029 1 WS
19   30.91222245 -096.68542917 1 WS
1      430 0 1 TX75 Sandbur Ranches - Private
100   12.19   1   0 0.25 0 1 0 04   30.96488003 -096.47177519    0.00    0.00 2  0 0 0 22   30.97011997 -096.46544705    0.00    0.00 2  0 0 0
110   1 0.30  46.00 Default taxiway for RWY 04
111  30.96484219 -096.47173257   3 102 
111  30.96464326 -096.47150853   3 102 
111  30.96988335 -096.46518072   3 102 
111  30.97008228 -096.46540478 
112  30.97000606 -096.46549682  30.97004255 -096.46544897   3 102 
111  30.96999519 -096.46539564   3 102 
112  30.96993206 -096.46532452  30.96988470 -096.46527119   3 102 
111  30.96984659 -096.46531721   3 102 
111  30.96732182 -096.46836605   3 102 
111  30.96748129 -096.46854566 
111  30.96744318 -096.46859168   3 102 
111  30.96728371 -096.46841207   3 102 
112  30.96475894 -096.47146093  30.96472083 -096.47150695   3 102 
111  30.96476819 -096.47156028   3 102 
112  30.96483132 -096.47163139  30.96487868 -096.47168473   3 102 
113  30.96491841 -096.47164053 
120 Default hold RWY 04 (near)
111  30.96476165 -096.47164186   4 
115  30.96479976 -096.47159584 
120 Default hold RWY 04 (centre)
111  30.96736264 -096.46850096   4 
115  30.96740075 -096.46845494 
120 Default hold RWY 04 (far)
111  30.96996363 -096.46536008   4 
115  30.97000174 -096.46531406 
18   30.96777624 -096.46892232 1 BCN
19   30.96492219 -096.47200056 1 WS
19   30.97007780 -096.46522167 1 WS
1      290 0 1 XS68 Sky Lane Ranch
100   12.19   3   0 0.25 0 0 0 14   30.25892551 -096.33017291    0.00    0.00 1  0 0 0 32   30.25483225 -096.32697655    0.00    0.00 1  0 0 0
19   30.25910850 -096.33008598 1 WS
19   30.25464926 -096.32706348 1 WS
1      264 0 1 83TX TEXAS A AND M FLT TEST STATION
100   45.72   2   0 0.25 0 0 0 17L  30.64416700 -096.48305600    0.00    0.00 2  0 0 0 35R  30.62500000 -096.48305600    0.00    0.00 2  0 0 0
100   45.72   2   0 0.25 0 0 0 17R  30.64416700 -096.48555600    0.00    0.00 2  0 0 0 35L  30.62500000 -096.48555600    0.00    0.00 2  0 0 0
100   91.44   2   0 0.25 0 0 0 03   30.63722200 -096.48972200    0.00    0.00 2  0 0 0 21   30.64666700 -096.48055600    0.00    0.00 2  0 0 0
100   91.44   2   0 0.25 0 0 0 13   30.64222200 -096.49138900    0.00    0.00 2  0 0 0 31   30.63416700 -096.48055600    0.00    0.00 2  0 0 0
100   91.44   2   0 0.25 0 0 0 17   30.64666700 -096.48055600    0.00    0.00 2  0 0 0 35   30.63416700 -096.48055600    0.00    0.00 2  0 0 0
110   2 0.30 180.00 Default taxiway for RWY 17R
111  30.64416700 -096.48579250  53 
111  30.64416700 -096.48699070  53 
111  30.62500000 -096.48699041  53 
111  30.62500000 -096.48579245 
112  30.62541145 -096.48579246  30.62520572 -096.48579507  53 
111  30.62520572 -096.48608195  53 
112  30.62520572 -096.48646446  30.62520572 -096.48675135  53 
111  30.62541145 -096.48675135  53 
111  30.63448064 -096.48675146  53 
111  30.63448064 -096.48579248 
111  30.63468636 -096.48579248  53 
111  30.63468636 -096.48675146  53 
112  30.64375555 -096.48675158  30.64396128 -096.48675158  53 
111  30.64396128 -096.48646464  53 
112  30.64396128 -096.48608205  30.64396128 -096.48579512  53 
113  30.64375555 -096.48579250 
120 Default hold RWY 17R (near)
111  30.64416700 -096.48627335  54 
115  30.64396128 -096.48627335 
120 Default hold RWY 17R (centre)
111  30.63468636 -096.48627328  54 
115  30.63448064 -096.48627328 
120 Default hold RWY 17R (far)
111  30.62520572 -096.48627321  54 
115  30.62500000 -096.48627321 
19   30.63738139 -096.49143618 1 WS
19   30.64369399 -096.49117466 1 WS
19   30.64748989 -096.47912125 1 WS
19   30.64457845 -096.48483865 1 WS
19   30.64457845 -096.48233865 1 WS
19   30.64650749 -096.47884166 1 WS
19   30.63269503 -096.48077048 1 WS
19   30.62458855 -096.48377320 1 WS
19   30.62458855 -096.48627320 1 WS
19   30.63334411 -096.48199054 1 WS
1      198 0 1 XS18 Tom J Moore Farm
100   45.72   3   0 0.25 0 0 0 17   30.39012426 -096.22512612    0.00    0.00 1  0 0 0 35   30.37917906 -096.22423890    0.00    0.00 1  0 0 0
19   30.39057775 -096.22444565 1 WS
19   30.37872557 -096.22491928 1 WS
1      410 0 1 0TS4 Ullrich
100   18.29   3   0 0.25 0 0 0 18   30.09434071 -096.79467982    0.00    0.00 1  0 0 0 36   30.08943039 -096.79527630    0.00    0.00 1  0 0 0
19   30.09447858 -096.79437617 1 WS
19   30.08929251 -096.79557993 1 WS
1      240 0 1 13R  Varisco
100   30.48   1   0 0.25 0 0 0 04   30.65381211 -096.54097354    0.00    0.00 2  0 0 0 22   30.65825177 -096.53562924    0.00    0.00 2  0 0 0
19   30.65391752 -096.54153515 1 WS
19   30.65814633 -096.53506761 1 WS
1      350 0 1 7TA5 Weber Ranch
100   22.86   3   0 0.25 0 0 0 16   30.59088730 -096.63514210    0.00    0.00 1  0 0 0 34   30.58340380 -096.63313514    0.00    0.00 1  0 0 0
19   30.59115686 -096.63484812 1 WS
19   30.58313424 -096.63342910 1 WS
17     386 0 1 33TS [H] Burleson County Hospital
102 H1   30.52131555 -096.71608667   0.00   18.29   18.29   2 2   0 0.25 0
19   30.52156242 -096.71580009 1 WS
17     248 0 1 7TA1 [H] Navasota Regional Hospital
102 H1   30.39242861 -096.07745667   0.00    6.10    6.10   2 2   0 0.25 0
19   30.39251090 -096.07736127 1 WS
17     320 0 1 82TX [H] St Joseph Hospital
102 H1   30.65714250 -096.34746251   0.00   15.24   15.24   2 2   0 0.25 0
19   30.65734822 -096.34722336 1 WS
17     270 0 1 0T8  [H] Texas World Speedway Helistop Nr 1
102 H1   30.54047944 -096.22245945   0.00   45.72   45.72   3 1   0 0.25 0
19   30.54109661 -096.22174286 1 WS
17     270 0 1 0T9  [H] Texas World Speedway Helistop Nr 2
102 H1   30.53964611 -096.22607056   0.00   45.72   45.72   3 1   0 0.25 0
19   30.54026328 -096.22535398 1 WS