1       80 0 1 5R7  Bayou La Batre Roy E. Ray
100   60.96   3   0 0.25 0 2 0 18   30.45738321 -088.21046715    0.00    0.00 1  0 0 0 36   30.45189939 -088.21064485    0.00    0.00 1  0 0 0
18   30.45458769 -088.20832947 1 BCN
19   30.45790861 -088.20949512 1 WS
19   30.45137399 -088.21161682 1 WS
1        5 0 0 4R9  DAUPHIN ISLAND
100   24.38   1   0 0.25 0 2 0 12   30.26275800 -088.13144200   61.57    0.00 2  0 0 0 30   30.25822500 -088.12350300   42.67    0.00 2  0 0 0
21   30.26169416 -088.12898925  1 123.47   3.00 12  VASI
21   30.25919521 -088.12579132  1 303.47   3.00 30  VASI
10   30.26238250 -088.13127900 xxx 251.90   115 0.0 0.0    82 161161  2 0 0 0.25 0
10   30.26241300 -088.13149260 xxx 121.76   128 0.0 0.0    90 161161  2 0 0 0.25 0
10   30.25862880 -088.12458800 xxx 211.76   190 0.0 0.0    47 161161  2 0 0 0.25 0
10   30.25816150 -088.12365720 xxx 211.76   190 0.0 0.0    47 161161  2 0 0 0.25 0
10   30.25809100 -088.12434390 xxx 121.76   390 0.0 0.0   150 161161  2 0 0 0.25 0
18   30.26113292 -088.12698303 1 BCN
19   30.26315359 -088.13144380 1 WS
19   30.25782940 -088.12350124 1 WS
51 12280 CTAF/UNICOM
1      212 0 1 AL94 Evans Field
100   21.34   3   0 0.25 0 0 0 18   30.81625310 -088.37716171    0.00    0.00 1  0 0 0 36   30.80912244 -088.37730663    0.00    0.00 1  0 0 0
19   30.81644005 -088.37682250 1 WS
19   30.80893549 -088.37764581 1 WS
1      130 0 1 MS98 Farmco Field
100   22.86   3   0 0.25 0 0 0 18   30.76987182 -088.59990023    0.00    0.00 1  0 0 0 36   30.76384094 -088.60014533    0.00    0.00 1  0 0 0
19   30.77006670 -088.59953454 1 WS
19   30.76364606 -088.60051099 1 WS
1      215 0 1 AL74 Grimes Field
100   30.48   3   0 0.25 0 0 0 05   30.76283513 -088.30810532    0.00    0.00 1  0 0 0 23   30.76587487 -088.30357746    0.00    0.00 1  0 0 0
19   30.76299047 -088.30865166 1 WS
19   30.76571951 -088.30303111 1 WS
1       33 1 0 KBIX KEESLER AFB
100   45.72   1   0 0.25 0 3 0 03   30.40188100 -088.93145000  487.38    0.00 2  0 0 1 21   30.41896900 -088.91741400  304.80    0.00 3  1 0 0
21   30.40716226 -088.92768651  2  35.31   3.00 03  PAPI-4L
21   30.41416069 -088.92079063  2 215.32   3.00 21  PAPI-4L
10   30.41122440 -088.92289730 xxx 124.00   700 0.0 0.0    80 161161  2 0 0 0.25 0
10   30.41024780 -088.92245480 xxx 214.97  5822 0.0 0.0    80 161161  2 0 0 0.25 0
10   30.40793040 -088.92549900 xxx 131.00   700 0.0 0.0   100 161161  2 0 0 0.25 0
10   30.40345380 -088.92860410 xxx  74.00   640 0.0 0.0   190 161161  2 0 0 0.25 0
10   30.41795540 -088.91752620 xxx 167.97   940 0.0 0.0   120 161161  2 0 0 0.25 0
10   30.41794590 -088.91875460 xxx  34.97  1000 0.0 0.0   150 161161  2 0 0 0.25 0
10   30.40372090 -088.93029020 xxx  34.97  1598 0.0 0.0   150 161161  2 0 0 0.25 0
10   30.40559580 -088.92118070 xxx 131.00  2600 0.0 0.0   600 161161  2 0 0 0.25 0
10   30.40452580 -088.92356870 xxx 131.00  4600 0.0 0.0   100 101101  2 0 0 0.25 0
10   30.41078380 -088.92141720 xxx  34.97  3200 0.0 0.0   300 161161  2 0 0 0.25 0
10   30.41564180 -088.91880040 xxx 159.00   540 0.0 0.0   190 161161  2 0 0 0.25 0
10   30.40735050 -088.92602540 xxx  90.00   700 0.0 0.0   100 161161  2 0 0 0.25 0
10   30.41628650 -088.91936490 xxx 124.97   300 0.0 0.0   160 161161  2 0 0 0.25 0
10   30.40349200 -088.92975620 xxx 124.97   300 0.0 0.0   160 161161  2 0 0 0.25 0
18   30.41125724 -088.92579624 4 BCN
19   30.40190196 -088.93230965 1 WS
19   30.41894794 -088.91655419 1 WS
52 12180 CLNC DEL
53 12180 GND
54 12075 TWR
55 12460 GULFPORT APP/DEP
55 12750 GULFPORT APP/DEP
1       42 0 1 MS66 Kennedy Executive
100   30.48   3   0 0.25 0 0 0 03   30.44405358 -088.92729816    0.00    0.00 1  0 0 0 21   30.44800808 -088.92443186    0.00    0.00 1  0 0 0
19   30.44403899 -088.92787149 1 WS
19   30.44802266 -088.92385851 1 WS
1       26 1 0 KBFM MOBILE DOWNTOWN
100   45.72   1   0 0.25 1 3 0 14   30.63308300 -088.07994200    0.00  302.06 2  0 0 1 32   30.61320300 -088.05978100    0.00  301.45 3  8 1 0
100   45.72   1   0 0.25 0 2 0 18   30.64199400 -088.06591700    0.00    0.00 2  0 0 0 36   30.62055000 -088.06590300    0.00    0.00 2  0 0 0
21   30.63199250 -088.07821301  2 138.88   3.00 14  PAPI-4L
21   30.64019438 -088.06544660  2 179.97   3.00 18  PAPI-4L
21   30.61500014 -088.06222558  2 318.89   3.00 32  PAPI-4L
21   30.62234962 -088.06637330  2 359.97   3.00 36  PAPI-4L
10   30.64162640 -088.07376860 xxx 107.00   670 0.0 0.0   300 101101  1 0 0 0.25 0
10   30.63726040 -088.07381440 xxx  54.00  1900 0.0 0.0   680 161161  2 0 0 0.25 0
10   30.63642880 -088.07794190 xxx  90.00   830 0.0 0.0   350 161161  2 0 0 0.25 0
10   30.62792210 -088.07234190 xxx  42.00  1130 0.0 0.0    90 161161  2 0 0 0.25 0
10   30.63426970 -088.07582090 xxx  54.00   900 0.0 0.0   400 161161  2 0 0 0.25 0
10   30.63577270 -088.07614900 xxx   0.00  1000 0.0 0.0   400 161161  2 0 0 0.25 0
10   30.63992500 -088.07712550 xxx  17.00   800 0.0 0.0   680 161161  2 0 0 0.25 0
10   30.64057920 -088.07002260 xxx  54.00  1500 0.0 0.0   320 101101  2 0 0 0.25 0
10   30.62849040 -088.06834410 xxx 103.00  1740 0.0 0.0    90 161161  2 0 0 0.25 0
10   30.63772580 -088.07624050 xxx 107.00  1300 0.0 0.0  1130 161161  2 0 0 0.25 0
10   30.61236950 -088.05879970 xxx 138.53   989 0.0 0.0   150 101101  2 0 0 0.25 0
10   30.63037680 -088.07195280 xxx 152.00  3600 0.0 0.0   100 161161  2 0 0 0.25 0
10   30.63254170 -088.07235720 xxx  90.00  5430 0.0 0.0   150 161161  2 0 0 0.25 0
10   30.62052540 -088.06356050 xxx 138.53  5500 0.0 0.0    90 161161  2 0 0 0.25 0
10   30.63676830 -088.07271580 xxx  54.00  6110 0.0 0.0   150 161161  2 0 0 0.25 0
10   30.63990400 -088.07396700 xxx 107.00  1390 0.0 0.0   950 161161  2 0 0 0.25 0
10   30.64001460 -088.06905360 xxx 144.00   500 0.0 0.0   150 101101  2 0 0 0.25 0
10   30.64080620 -088.07107540 xxx 107.00   600 0.0 0.0   550 101101  2 0 0 0.25 0
10   30.63228800 -088.08049770 xxx  54.00   240 0.0 0.0   225 161161  2 0 0 0.25 0
10   30.63394930 -088.08096310 xxx 138.53   991 0.0 0.0   150 101101  2 0 0 0.25 0
10   30.61376570 -088.05946350 xxx  90.00   470 0.0 0.0   200 161161  2 0 0 0.25 0
10   30.64225200 -088.07511140 xxx  17.00   490 0.0 0.0   200 101101  2 0 0 0.25 0
10   30.61424640 -088.05820470 xxx 232.15   590 0.0 0.0   230 161161  2 0 0 0.25 0
10   30.64335630 -088.07315060 xxx  17.00   660 0.0 0.0   200 101101  2 0 0 0.25 0
10   30.64164730 -088.06922910 xxx  17.00   500 0.0 0.0   400 101101  2 0 0 0.25 0
10   30.64226910 -088.07360840 xxx 107.00   710 0.0 0.0   200 101101  2 0 0 0.25 0
10   30.63426970 -088.07731630 xxx  90.00   590 0.0 0.0   370 161161  2 0 0 0.25 0
18   30.63127524 -088.06423641 1 BCN
19   30.63379882 -088.07971607 1 WS
19   30.64240580 -088.06519993 1 WS
19   30.61248722 -088.06000702 1 WS
19   30.62013820 -088.06661990 1 WS
50 13557 ATIS
51 11880 CTAF
51 12295 UNICOM
53 12170 GND
54 11880 DOWNTOWN TWR
55 11850 APP/DEP
1      219 1 0 KMOB Mobile Rgnl
100   45.72   1   1 0.25 0 3 1 14   30.70230800 -088.25400300    0.00    0.00 3  8 0 0 32   30.68330600 -088.23814700    0.00  306.93 3  8 0 0
100   45.72   1   0 0.25 0 2 1 18   30.69455800 -088.23651400    0.00    0.00 2  0 0 0 36   30.68255600 -088.23650800    0.00  182.58 2  0 0 0
21   30.70020907 -088.25167323  2 144.34   3.00 14  PAPI-4L
21   30.69275831 -088.23607502  1 179.98   3.00 18  VASI
21   30.68549851 -088.24055381  2 324.34   3.00 32  PAPI-4L
21   30.68435569 -088.23694694  1 359.98   3.00 36  VASI
10   30.69123300 -088.24668900 xxx 144.04  9177 0.0 0.0   100 161161  2 0 0 0.25 0
10   30.68560400 -088.23928800 xxx  90.00  4976 0.0 0.0   220 161161  2 0 0 0.25 0
10   30.68816400 -088.23546600 xxx 179.58  4805 0.0 0.0    60 161161  2 0 0 0.25 0
10   30.68893600 -088.23957100 xxx 140.04  4739 0.0 0.0    90 161161  2 0 0 0.25 0
10   30.68427300 -088.23709900 xxx  83.70  2189 0.0 0.0    80 161161  2 0 0 0.25 0
10   30.69384800 -088.24231700 xxx 140.00  1000 0.0 0.0  1000 161161  2 0 0 0.25 0
10   30.68347900 -088.24279800 xxx  90.00  1340 0.0 0.0   380 161161  2 0 0 0.25 0
10   30.68554900 -088.24186700 xxx  14.00  1300 0.0 0.0   100 161161  2 0 0 0.25 0
10   30.68316500 -088.23429100 xxx   0.00   770 0.0 0.0   370 161161  2 0 0 0.25 0
10   30.68432600 -088.23262000 xxx  90.00   800 0.0 0.0   290 161161  2 0 0 0.25 0
10   30.68420800 -088.24655900 xxx 360.00   900 0.0 0.0   100 161161  2 0 0 0.25 0
10   30.68184500 -088.24355300 xxx 321.80   543 0.0 0.0   360 161161  2 0 0 0.25 0
10   30.68444400 -088.24491900 xxx   0.00   800 0.0 0.0   100 161161  2 0 0 0.25 0
10   30.68262900 -088.24655900 xxx  90.00   500 0.0 0.0   400 161161  2 0 0 0.25 0
10   30.68277500 -088.24497200 xxx   0.00   670 0.0 0.0   226 161161  2 0 0 0.25 0
10   30.68253100 -088.24391200 xxx   0.00   400 0.0 0.0   470 161161  2 0 0 0.25 0
10   30.69389000 -088.24552900 xxx  84.00   766 0.0 0.0   100 161161  2 0 0 0.25 0
10   30.68194400 -088.23646500 xxx 179.58   599 0.0 0.0   150 101101  2 0 0 0.25 0
10   30.69574700 -088.24092100 xxx 140.00   500 0.0 0.0   180 101101  1 0 0 0.25 0
10   30.68129500 -088.23614500 xxx 236.41   550 0.0 0.0   120 161161  2 0 0 0.25 0
10   30.70171900 -088.25463100 xxx  54.04   560 0.0 0.0    90 161161  2 0 0 0.25 0
10   30.68349600 -088.24541500 xxx  41.00   500 0.0 0.0   100 161161  2 0 0 0.25 0
10   30.68285900 -088.23563400 xxx  90.00   540 0.0 0.0    60 161161  2 0 0 0.25 0
10   30.68095200 -088.23749500 xxx  96.30   471 0.0 0.0   100 161161  2 0 0 0.25 0
10   30.69330000 -088.24741400 xxx  50.04   480 0.0 0.0    90 161161  2 0 0 0.25 0
10   30.69149400 -088.24591100 xxx  54.04   470 0.0 0.0    90 161161  2 0 0 0.25 0
10   30.68304800 -088.23883100 xxx  54.04   460 0.0 0.0    90 161161  2 0 0 0.25 0
10   30.69879900 -088.25211300 xxx  50.04   440 0.0 0.0    90 161161  2 0 0 0.25 0
10   30.69515400 -088.24076100 xxx  50.00   380 0.0 0.0   100 101101  2 0 0 0.25 0
10   30.69599000 -088.24157000 xxx  50.00   380 0.0 0.0   100 101101  2 0 0 0.25 0
10   30.68500700 -088.23149100 xxx   0.00   340 0.0 0.0    90 161161  2 0 0 0.25 0
10   30.68878000 -088.23593100 xxx  90.00   300 0.0 0.0    90 161161  2 0 0 0.25 0
10   30.69462000 -088.23597700 xxx  89.58   300 0.0 0.0    90 161161  2 0 0 0.25 0
14   30.69380800 -088.24607100    0 0 ATC Tower
18   30.68357900 -088.23281300 1 BCN
19   30.68357700 -088.23923700 1 WS
19   30.69418900 -088.23604200 1 WS
19   30.68217200 -088.23594800 1 WS
19   30.70140300 -088.25421300 1 WS
50 12475 ATIS
51 11830 CTAF
51 12295 UNICOM
52 11985 CLNC DEL
53 12190 GND
54 11830 TWR
55 12100 APP/DEP
55 11850 APP/DEP
1       20 0 1 5R2  OCEAN SPRINGS
100   15.24   1   0 0.25 0 2 0 17   30.39444400 -088.75440600    0.00    0.00 2  0 0 1 35   30.38486400 -088.75335000    0.00    0.00 2  0 0 1
110   1 0.30 174.57 Default taxiway for RWY 17
111  30.39443772 -088.75448255   3 102 
111  30.39440505 -088.75488086   3 102 
111  30.38482505 -088.75382472   3 102 
111  30.38485772 -088.75342644 
112  30.38499426 -088.75344149  30.38492578 -088.75343656   3 102 
111  30.38491799 -088.75353152   3 102 
112  30.38490760 -088.75365814  30.38489981 -088.75375310   3 102 
111  30.38496808 -088.75376063   3 102 
111  30.38958741 -088.75426989   3 102 
111  30.38961359 -088.75395073 
111  30.38968186 -088.75395825   3 102 
111  30.38965568 -088.75427741   3 102 
112  30.39427501 -088.75478667  30.39434327 -088.75479419   3 102 
111  30.39435106 -088.75469922   3 102 
112  30.39436145 -088.75457259  30.39436924 -088.75447761   3 102 
113  30.39430119 -088.75446750 
120 Default hold RWY 17 (near)
111  30.39442453 -088.75464343   4 
115  30.39435626 -088.75463590 
120 Default hold RWY 17 (centre)
111  30.38966867 -088.75411913   4 
115  30.38960040 -088.75411161 
120 Default hold RWY 17 (far)
111  30.38491280 -088.75359483   4 
115  30.38484453 -088.75358731 
18   30.38969986 -088.75332401 1 BCN
19   30.39460000 -088.75418362 1 WS
19   30.38470800 -088.75357236 1 WS
51 12270 CTAF/UNICOM
1       38 0 1 MS75 Roberts Realty
100   30.48   3   0 0.25 0 0 0 15   30.45203815 -088.91783362    0.00    0.00 1  0 0 0 33   30.44835685 -088.91556306    0.00    0.00 1  0 0 0
19   30.45247351 -088.91756158 1 WS
19   30.44792150 -088.91583509 1 WS
1      150 0 1 S26  Skywest Airpark
100   33.53   3   0 0.25 0 1 0 11   30.68473647 -088.37562703    0.00    0.00 1  0 0 0 29   30.68231241 -088.36828409    0.00    0.00 1  0 0 0
18   30.68451035 -088.37151546 1 BCN
19   30.68526713 -088.37576600 1 WS
19   30.68178174 -088.36814516 1 WS
1      133 0 0 2R5  ST ELMO
100   24.38   1   0 0.25 0 2 0 06   30.49911100 -088.28059200    0.00    0.00 2  0 0 0 24   30.50470600 -088.26965800    0.00    0.00 2  0 0 0
10   30.50096510 -088.27451320 xxx 151.83   180 0.0 0.0   140 161161  2 0 0 0.25 0
10   30.50133510 -088.27494050 xxx 151.83   300 0.0 0.0    30 161161  2 0 0 0.25 0
18   30.50256867 -088.27558131 1 BCN
19   30.49928194 -088.28100604 1 WS
19   30.50453502 -088.26924395 1 WS
51 12290 CTAF
55 11850 MOBILE APP/DEP
55 12100 MOBILE APP/DEP
1       17 1 0 KPQL TRENT LOTT INTL
100   30.48   1   0 0.25 0 2 0 17   30.47145300 -088.53171400    0.00    0.00 3  8 0 0 35   30.45411100 -088.52674200    0.00    0.00 2  0 0 0
10   30.45439530 -088.52603150 xxx  75.77   500 0.0 0.0    70 161161  2 0 0 0.25 0
10   30.47147750 -088.53104400 xxx  75.77   500 0.0 0.0    80 161161  2 0 0 0.25 0
10   30.46202090 -088.52743530 xxx  75.77  1000 0.0 0.0    70 161161  2 0 0 0.25 0
10   30.46314810 -088.52583310 xxx 165.77  1200 0.0 0.0   400 161161  2 0 0 0.25 0
10   30.46309280 -088.52784730 xxx 165.77  6500 0.0 0.0    70 161161  2 0 0 0.25 0
18   30.46301307 -088.52814649 1 BCN
19   30.47181801 -088.53132692 1 WS
19   30.45374601 -088.52712903 1 WS
50 13517 ATIS
51 11857 CTAF
51 12280 UNICOM
52 12172 CLD
53 12172 GND
54 11857 TWR
55 12100 MOBILE APP/DEP
17      14 0 1 MS87 [H] Ben L. Briggs
102 H1   30.37047722 -088.55696056   0.00    6.10    6.10   2 2   0 0.25 0
19   30.37055951 -088.55686518 1 WS
17       8 0 1 AL67 [H] Exxon
102 H1   30.53075000 -088.10999945   0.00   12.19   12.19   2 2   0 0.25 0
19   30.53091458 -088.10980838 1 WS
17      34 0 1 2AL4 [H] Exxon Gas Plant
102 H1   30.43111111 -088.17916667   0.00   27.43   15.24   2 2   0 0.25 0
19   30.43137169 -088.17892808 1 WS
17      18 0 1 MS67 [H] Gulf Coast Community Hosp-Emerg
102 H1   30.39075361 -088.99753389   0.00    9.14    9.14   2 2   0 0.25 0
19   30.39087704 -088.99739079 1 WS
17      40 0 1 AL47 [H] Lemoyne
102 H1   30.97184833 -088.02638778   0.00    9.14    9.14   2 2   0 0.25 0
19   30.97197176 -088.02624382 1 WS
17      22 0 1 MS60 [H] Lundys
102 H1   30.45464166 -088.93753223   0.00   18.29   18.29   3 1   0 0.25 0
19   30.45488853 -088.93724585 1 WS
17       0 0 1 41M  [H] Midstream Fuel Service
101   45.72 0 13   30.53117158 -088.10480387 31   30.52199452 -088.09297169
102 H1   30.52658305 -088.09888778   0.00   15.24    9.14   2 2   0 0.25 0
19   30.53190555 -088.10467946 1 WS
19   30.52126056 -088.09309618 1 WS
19   30.52673391 -088.09874448 1 WS
17      20 0 1 MS78 [H] Pascagoula Refinery Pad Nr 1
102 H1   30.32936666 -088.50834667   0.00   12.19   12.19   2 2   0 0.25 0
19   30.32953124 -088.50815599 1 WS
17      20 0 1 MS19 [H] Pascagoula Refinery Pad Nr 2
102 H1   30.35492194 -088.49140167   0.00   12.19   12.19   1 2   0 0.25 0
19   30.35508652 -088.49121094 1 WS
17      20 0 1 MS02 [H] Pascagoula Refinery Pad Nr 3
102 H1   30.34881083 -088.47806778   0.00   12.19   12.19   2 2   0 0.25 0
19   30.34897541 -088.47787707 1 WS
17     210 0 1 AL82 [H] Providence Hospital
102 H1   30.67935694 -088.20000334   0.00   15.24   15.24   1 2   0 0.25 0
19   30.67956266 -088.19976414 1 WS
17      16 0 1 MS72 [H] Singing River Hospital
102 H1   30.37613888 -088.53105556   0.00   15.24   15.24   2 2   0 0.25 0
19   30.37634460 -088.53081710 1 WS
17      88 0 1 2AL9 [H] Usa Knollwood Hospital
102 H1   30.61888888 -088.17027778   0.00   15.24   15.24   2 2   0 0.25 0
19   30.61909460 -088.17003873 1 WS
17      28 0 1 AL52 [H] Usa Medical Center
102 H1   30.71157805 -088.10777834   0.00   18.29   18.29   2 2   0 0.25 0
19   30.71182492 -088.10749120 1 WS
17      27 0 1 MS97 [H] Va Hospital
102 H1   30.41492000 -088.94281000   0.00   18.29   18.29   2 2   0 0.25 0
19   30.41516687 -088.94252374 1 WS