1      100 0 1 7FD9 AH Farm
100   19.81   3   0 0.25 0 0 0 18   30.62711575 -083.28692541    0.00    0.00 1  0 0 0 36   30.62163313 -083.28670293    0.00    0.00 1  0 0 0
19   30.62730323 -083.28662363 1 WS
19   30.62144565 -083.28700470 1 WS
1      100 0 1 1FD2 Bass Limited
100   45.72   3   0 0.25 0 0 0 09   30.61927939 -083.30719027    0.00    0.00 1  0 0 0 27   30.61946893 -083.30088307    0.00    0.00 1  0 0 0
19   30.61988181 -083.30769314 1 WS
19   30.61886648 -083.30038024 1 WS
1      150 0 1 FA11 Bird Field
100   30.48   3   0 0.25 0 0 0 03   30.61946371 -083.26114648    0.00    0.00 1  0 0 0 21   30.62539739 -083.25748020    0.00    0.00 1  0 0 0
19   30.61941468 -083.26171826 1 WS
19   30.62544641 -083.25690838 1 WS
1       95 0 1 FD95 Blue Springs
100   15.24   3   0 0.25 0 0 0 18   30.48683568 -083.24999858    0.00    0.00 1  0 0 0 36   30.48025654 -083.24973198    0.00    0.00 1  0 0 0
19   30.48697993 -083.24976555 1 WS
19   30.48011229 -083.24996500 1 WS
1      210 0 1 66GA Comanche Landing
100   30.48   3   0 0.25 0 0 0 06   30.78581481 -083.22450236    0.00    0.00 1  0 0 0 24   30.78959407 -083.21746210    0.00    0.00 1  0 0 0
19   30.78601837 -083.22502694 1 WS
19   30.78939049 -083.21693752 1 WS
1       90 0 1 FD42 Cooksey Brothers
100   30.48   3   0 0.25 0 0 0 09   30.21127792 -083.06011783    0.00    0.00 1  0 0 0 27   30.21194762 -083.04903551    0.00    0.00 1  0 0 0
19   30.21166921 -083.06046771 1 WS
19   30.21155629 -083.04868568 1 WS
1       69 0 1 FD69 Crews Hay
100   22.86   3   0 0.25 0 0 0 09   30.08650875 -083.02002660    0.00    0.00 1  0 0 0 27   30.08672069 -083.01301230    0.00    0.00 1  0 0 0
19   30.08680859 -083.02027661 1 WS
19   30.08642083 -083.01276231 1 WS
1      150 0 1 9FL8 Finlayson Farm
100   30.48   3   0 0.25 0 0 0 09   30.61644724 -083.65715778    0.00    0.00 1  0 0 0 27   30.61673442 -083.64760168    0.00    0.00 1  0 0 0
19   30.61684886 -083.65749303 1 WS
19   30.61633278 -083.64726648 1 WS
1       93 0 1 FL08 Florida Sheriffs Boys Ranch
100   30.48   3   0 0.25 0 0 0 18   30.41796412 -083.01662297    0.00    0.00 1  0 0 0 36   30.41302976 -083.01642315    0.00    0.00 1  0 0 0
19   30.41825261 -083.01615724 1 WS
19   30.41274127 -083.01688885 1 WS
1       40 0 1 4FD2 Flying F Farms
100   30.48   3   0 0.25 0 0 0 09   30.05372235 -083.02254220    0.00    0.00 1  0 0 0 27   30.05395209 -083.01494114    0.00    0.00 1  0 0 0
19   30.05412397 -083.02287551 1 WS
19   30.05355045 -083.01460786 1 WS
1       90 0 1 07FD Flying G Ranch
100   45.72   3   0 0.25 0 0 0 18   30.42071456 -083.28397494    0.00    0.00 1  0 0 0 36   30.41526932 -083.28353340    0.00    0.00 1  0 0 0
19   30.42116805 -083.28329426 1 WS
19   30.41481583 -083.28421403 1 WS
1      220 0 1 4FD1 Foxcreek Plantation
100   30.48   3   0 0.25 0 0 0 09   30.65785164 -083.87567596    0.00    0.00 1  0 0 0 27   30.65810058 -083.85909738    0.00    0.00 1  0 0 0
19   30.65825821 -083.87600316 1 WS
19   30.65769397 -083.85877025 1 WS
1      120 0 1 74FL Jefferson Landings
100   30.48   3   0 0.25 0 0 0 18   30.59341091 -083.70829217    0.00    0.00 1  0 0 0 36   30.57588297 -083.70758117    0.00    0.00 1  0 0 0
19   30.59369940 -083.70782560 1 WS
19   30.57559448 -083.70804765 1 WS
1       90 0 1 FL09 Kittyhawk Estates
100   45.72   3   0 0.25 0 0 0 11   30.33993219 -083.14823337    0.00    0.00 1  0 0 0 29   30.33772835 -083.14037441    0.00    0.00 1  0 0 0
19   30.34064629 -083.14846582 1 WS
19   30.33701423 -083.14014202 1 WS
1       51 0 1 FA29 Lumar Field
100   30.48   3   0 0.25 0 0 0 03   30.12796161 -083.55113626    0.00    0.00 1  0 0 0 21   30.13370505 -083.54775264    0.00    0.00 1  0 0 0
19   30.12790400 -083.55170411 1 WS
19   30.13376265 -083.54718476 1 WS
1      150 0 1 99FL Madison County
100   30.48   3   0 0.25 0 1 0 09   30.44730864 -083.31517488    0.00    0.00 1  0 0 0 27   30.44756136 -083.30678014    0.00    0.00 1  0 0 0
18   30.44839446 -083.31101638 1 BCN
19   30.44771026 -083.31550953 1 WS
19   30.44715972 -083.30644552 1 WS
1      233 1 1 KVAD MOODY AFB
100   45.72   2   0 0.25 0 3 0 18L  30.98183100 -083.19080600    0.00  304.80 3  1 0 0 36R  30.95626400 -083.19105600    0.00  304.80 2  1 0 0
100   45.72   1   0 0.25 0 3 0 18R  30.97927800 -083.19521900    0.00  304.80 2  8 0 0 36L  30.95727800 -083.19535800    0.00  304.80 2 10 0 0
21   30.97548877 -083.19039716  2 180.48   3.00 18L PAPI-4L
21   30.97747598 -083.19475951  2 180.31   3.00 18R PAPI-4L
21   30.95908002 -083.19581740  2   0.31   3.00 36L PAPI-4L
21   30.95806717 -083.19150916  2   0.48   3.00 36R PAPI-4L
110   2 0.30 180.48 Default taxiway for RWY 18L
111  30.98183271 -083.19104333  53 102 
111  30.98184135 -083.19224570  53 102 
111  30.95627435 -083.19249538  53 102 
111  30.95626571 -083.19129333 
112  30.95667714 -083.19128930  30.95647145 -083.19129394  53 102 
111  30.95647352 -083.19158180  53 102 
112  30.95647628 -083.19196562  30.95647835 -083.19225348  53 102 
111  30.95668406 -083.19225147  53 102 
111  30.96895327 -083.19213163  53 102 
111  30.96894635 -083.19116933 
111  30.96915207 -083.19116732  53 102 
111  30.96915899 -083.19212962  53 102 
112  30.98142820 -083.19200976  30.98163391 -083.19200776  53 102 
111  30.98163184 -083.19171982  53 102 
112  30.98162908 -083.19133590  30.98162701 -083.19104796  53 102 
113  30.98142128 -083.19104734 
110   1 0.30 180.31 Default taxiway for RWY 18R
111  30.97927910 -083.19545632   3 102 
111  30.97928469 -083.19665869   3 102 
111  30.95728469 -083.19679739   3 102 
111  30.95727910 -083.19559530 
112  30.95769054 -083.19559270  30.95748483 -083.19559662   3 102 
111  30.95748617 -083.19588450   3 102 
112  30.95748796 -083.19626833  30.95748929 -083.19655620   3 102 
111  30.95769501 -083.19655490   3 102 
111  30.96818071 -083.19648877   3 102 
111  30.96817624 -083.19552647 
111  30.96838196 -083.19552517   3 102 
111  30.96838643 -083.19648747   3 102 
112  30.97887213 -083.19642134  30.97907785 -083.19642004   3 102 
111  30.97907652 -083.19613210   3 102 
112  30.97907473 -083.19574819  30.97907339 -083.19546025   3 102 
113  30.97886766 -083.19545892 
120 Default hold RWY 18L (near)
111  30.98183618 -083.19152585  54 
115  30.98163046 -083.19152786 
120 Default hold RWY 18R (near)
111  30.97928134 -083.19593884   4 
115  30.97907562 -083.19594014 
120 Default hold RWY 18L (centre)
111  30.96915554 -083.19164978  54 
115  30.96894982 -083.19165179 
120 Default hold RWY 18R (centre)
111  30.96838420 -083.19600763   4 
115  30.96817848 -083.19600893 
120 Default hold RWY 18L (far)
111  30.95647490 -083.19177371  54 
115  30.95626918 -083.19177573 
120 Default hold RWY 18R (far)
111  30.95748706 -083.19607641   4 
115  30.95728134 -083.19607771 
18   30.96827101 -083.19360907 4 BCN
19   30.97968610 -083.19449655 1 WS
19   30.98223725 -083.19008213 1 WS
19   30.95686990 -083.19608028 1 WS
19   30.95585774 -083.19177967 1 WS
53 12062 GND
54 12845 TWR
55 11952 VALDOSTA APP
55 12660 VALDOSTA APP
55 12792 VALDOSTA APP
56 12660 VALDOSTA DEP
1      200 0 1 0GA8 Paso Fino Farm
100   30.48   3   0 0.25 0 0 0 03   30.88350825 -083.41824112    0.00    0.00 1  0 0 0 21   30.89077397 -083.41373944    0.00    0.00 1  0 0 0
19   30.88345922 -083.41881447 1 WS
19   30.89082299 -083.41316604 1 WS
1       45 0 1 40J  PERRY FOLEY
100   30.48   1   0 0.25 0 2 0 18   30.07614400 -083.58498300    0.00    0.00 2  0 0 1 36   30.06243600 -083.58519200    0.00    0.00 2  0 0 1
100   45.72   1   0 0.25 0 2 0 12   30.07570000 -083.58428100    0.00    0.00 2  0 0 1 30   30.06906100 -083.57133300    0.00   91.44 2  0 0 1
100   45.72   1   0 0.25 0 0 0 06   30.06294700 -083.58446900    0.00   91.44 2  0 0 0 24   30.06891700 -083.57245300    0.00   91.44 2  0 0 0
21   30.07512996 -083.58225378  2 120.64   3.00 12  PAPI-4L
21   30.07433988 -083.58462321  2 180.76   3.00 18  PAPI-4L
21   30.06963124 -083.57336001  2 300.65   3.00 30  PAPI-4L
21   30.06424012 -083.58555176  2   0.76   3.00 36  PAPI-4L
110   1 0.30  60.14 Default taxiway for RWY 06
111  30.06277054 -083.58435194   3 
111  30.06187655 -083.58375887   3 
111  30.06784710 -083.57174355   3 
111  30.06874109 -083.57233665 
112  30.06853622 -083.57274893  30.06863670 -083.57254150   3 
111  30.06842261 -083.57239946   3 
112  30.06813716 -083.57221008  30.06792307 -083.57206805   3 
111  30.06782064 -083.57227419   3 
111  30.06509145 -083.57776650   3 
111  30.06580703 -083.57824123 
111  30.06570460 -083.57844737   3 
111  30.06498902 -083.57797264   3 
112  30.06225983 -083.58346494  30.06215739 -083.58367108   3 
111  30.06237148 -083.58381311   3 
112  30.06265693 -083.58400248  30.06287102 -083.58414450   3 
113  30.06297541 -083.58393966 
110   1 0.30 120.64 Default taxiway for RWY 12
111  30.07552494 -083.58440084   3 102 
111  30.07463803 -083.58500802   3 102 
111  30.06799966 -083.57205910   3 102 
111  30.06888657 -083.57145197 
112  30.06909629 -083.57186104  30.06898949 -083.57165782   3 102 
111  30.06877710 -083.57180322   3 102 
112  30.06849391 -083.57199707  30.06828151 -083.57214247   3 102 
111  30.06838637 -083.57234701   3 102 
111  30.07144341 -083.57831013   3 102 
111  30.07215333 -083.57782414 
111  30.07225819 -083.57802867   3 102 
111  30.07154827 -083.57851466   3 102 
112  30.07460531 -083.58447778  30.07471016 -083.58468232   3 102 
111  30.07492256 -083.58453691   3 102 
112  30.07520575 -083.58434304  30.07541814 -083.58419764   3 102 
113  30.07531523 -083.58399177 
110   1 0.30 180.76 Default taxiway for RWY 18
111  30.07614578 -083.58513887   3 102 
111  30.07615486 -083.58593384   3 102 
111  30.06244686 -083.58614274   3 102 
111  30.06243778 -083.58534788 
112  30.06271205 -083.58534370  30.06257495 -083.58534839   3 102 
111  30.06257712 -083.58553854   3 102 
112  30.06258002 -083.58579206  30.06258219 -083.58598220   3 102 
111  30.06271932 -083.58598011   3 102 
111  30.06923048 -083.58588087   3 102 
111  30.06922321 -083.58524442 
111  30.06936035 -083.58524233   3 102 
111  30.06936762 -083.58587879   3 102 
112  30.07587878 -083.58577955  30.07601591 -083.58577746   3 102 
111  30.07601374 -083.58558729   3 102 
112  30.07601084 -083.58533373  30.07600867 -083.58514356   3 102 
113  30.07587151 -083.58514305 
120 Default hold RWY 06 (near)
111  30.06241177 -083.58411394   4 
115  30.06251420 -083.58390779 
120 Default hold RWY 12 (near)
111  30.07516901 -083.58464451   4 
115  30.07506415 -083.58443998 
120 Default hold RWY 18 (near)
111  30.07614943 -083.58545842   4 
115  30.07601229 -083.58546051 
120 Default hold RWY 06 (centre)
111  30.06534583 -083.57820935   4 
115  30.06544826 -083.57800321 
120 Default hold RWY 12 (centre)
111  30.07190226 -083.57827233   4 
115  30.07179740 -083.57806780 
120 Default hold RWY 18 (centre)
111  30.06936400 -083.58556186   4 
115  30.06922686 -083.58556395 
120 Default hold RWY 06 (far)
111  30.06827988 -083.57230477   4 
115  30.06838232 -083.57209863 
120 Default hold RWY 12 (far)
111  30.06863550 -083.57190015   4 
115  30.06853064 -083.57169561 
120 Default hold RWY 18 (far)
111  30.06257857 -083.58566530   4 
115  30.06244143 -083.58566739 
18   30.06927996 -083.58397823 1 BCN
19   30.06327736 -083.58523634 1 WS
19   30.07644070 -083.58432656 1 WS
19   30.07641284 -083.58450340 1 WS
19   30.06216716 -083.58567153 1 WS
19   30.06832030 -083.57128754 1 WS
19   30.06858657 -083.57168565 1 WS
50 11837 AWOS 1
51 12280 CTAF/UNICOM
1      100 0 1 20FD Pratt Ranch
100   30.48   3   0 0.25 0 0 0 17   30.42960485 -083.57700022    0.00    0.00 1  0 0 0 35   30.42136791 -083.57496980    0.00    0.00 1  0 0 0
19   30.42995870 -083.57659961 1 WS
19   30.42101407 -083.57537038 1 WS
1      185 0 1 4J5  QUITMAN BROOKS CO
100   22.86   1   0 0.25 0 2 0 09   30.80618400 -083.59226100    0.00    0.00 2  0 0 0 27   30.80532100 -083.58083900    0.00    0.00 2  0 0 0
21   30.80632606 -083.59014285  2  95.02   3.00 09  PAPI-4L
21   30.80517912 -083.58295714  2 275.03   3.00 27  PAPI-4L
110   1 0.30  95.02 Default taxiway for RWY 09
111  30.80608377 -083.59227126   3 102 
111  30.80556920 -083.59232393   3 102 
111  30.80470670 -083.58090183   3 102 
111  30.80522127 -083.58084916 
112  30.80523929 -083.58108776  30.80522804 -083.58096869   3 102 
111  30.80510508 -083.58098127   3 102 
112  30.80494114 -083.58099806  30.80481818 -083.58101064   3 102 
111  30.80482719 -083.58112994   3 102 
111  30.80523592 -083.58654274   3 102 
111  30.80564802 -083.58650056 
111  30.80565702 -083.58661986   3 102 
111  30.80524492 -083.58666204   3 102 
112  30.80565365 -083.59207484  30.80566266 -083.59219414   3 102 
111  30.80578562 -083.59218156   3 102 
112  30.80594956 -083.59216477  30.80607252 -083.59215219   3 102 
113  30.80606575 -083.59203266 
120 Default hold RWY 09 (near)
111  30.80587660 -083.59229246   4 
115  30.80586759 -083.59217316 
120 Default hold RWY 09 (centre)
111  30.80544985 -083.58664106   4 
115  30.80544085 -083.58652176 
120 Default hold RWY 09 (far)
111  30.80502311 -083.58098966   4 
115  30.80501410 -083.58087036 
18   30.80646870 -083.58647727 1 BCN
19   30.80650805 -083.59246827 1 WS
19   30.80499693 -083.58063177 1 WS
51 12290 CTAF
1      100 0 1 7FD8 Rocky Ford
100   30.48   3   0 0.25 0 0 0 03   30.49915424 -083.39131299    0.00    0.00 1  0 0 0 21   30.50293242 -083.38898147    0.00    0.00 1  0 0 0
19   30.49910521 -083.39188407 1 WS
19   30.50298144 -083.38841037 1 WS
1      211 0 1 1GA5 Shilo Farms
100   22.86   3   0 0.25 0 0 0 17   30.93552381 -083.38460362    0.00    0.00 1  0 0 0 35   30.92653563 -083.38237638    0.00    0.00 1  0 0 0
19   30.93578892 -083.38430315 1 WS
19   30.92627053 -083.38267682 1 WS
1       50 0 1 9FL0 Suwannee Belle
100   45.72   3   0 0.25 0 0 0 36   30.08833470 -083.08524460    0.00    0.00 1  0 0 0 18   30.09655862 -083.08557652    0.00    0.00 1  0 0 0
19   30.08790196 -083.08594086 1 WS
19   30.09699136 -083.08488021 1 WS
1      104 0 1 24J  SUWANNEE CO
100   22.86   1   0 0.25 0 2 0 07   30.29813900 -083.03066700    0.00    0.00 2  0 0 0 25   30.30211100 -083.01872200    0.00    0.00 2  0 0 0
110   1 0.30  68.93 Default taxiway for RWY 07
111  30.29804511 -083.03062511   3 102 
111  30.29756308 -083.03041006   3 102 
111  30.30153562 -083.01846553   3 102 
111  30.30201765 -083.01868059 
112  30.30194370 -083.01890294  30.30197858 -083.01879084   3 102 
111  30.30186340 -083.01873945   3 102 
112  30.30170982 -083.01867093  30.30159464 -083.01861954   3 102 
111  30.30155766 -083.01873071   3 102 
111  30.29966383 -083.02442504   3 102 
111  30.30004987 -083.02459727 
111  30.30001289 -083.02470844   3 102 
111  30.29962685 -083.02453621   3 102 
112  30.29773302 -083.03023055  30.29769604 -083.03034172   3 102 
111  30.29781122 -083.03039310   3 102 
112  30.29796480 -083.03046162  30.29807998 -083.03051301   3 102 
113  30.29811906 -083.03040277 
120 Default hold RWY 07 (near)
111  30.29785104 -083.03053853   4 
115  30.29788801 -083.03042736 
120 Default hold RWY 07 (centre)
111  30.29981882 -083.02462186   4 
115  30.29985580 -083.02451069 
120 Default hold RWY 07 (far)
111  30.30178661 -083.01870519   4 
115  30.30182358 -083.01859401 
18   30.30079537 -083.02499554 1 BCN
19   30.29835173 -083.03101724 1 WS
19   30.30189824 -083.01837177 1 WS
50 11822 AWOS 3
51 12280 CTAF/UNICOM
1       50 0 1 FL18 Suwannee Farms
100   30.48   3   0 0.25 0 0 0 09   30.09037832 -083.05869489    0.00    0.00 1  0 0 0 27   30.09062722 -083.05045735    0.00    0.00 1  0 0 0
19   30.09077994 -083.05902833 1 WS
19   30.09022558 -083.05012394 1 WS
1       45 0 1 FD50 The Trails
100   22.86   3   0 0.25 0 0 0 18   30.11377161 -083.18893563    0.00    0.00 1  0 0 0 36   30.10445115 -083.18855939    0.00    0.00 1  0 0 0
19   30.11398793 -083.18858900 1 WS
19   30.10423483 -083.18890599 1 WS
1      264 0 1 KTVI THOMASVILLE RGNL
100   30.48   1   0 0.25 0 2 0 04   30.89520800 -083.88755000    0.00    0.00 2 10 0 0 22   30.90679100 -083.87627800    0.00    0.00 2 10 0 1
100   30.48   1   0 0.25 0 1 0 14   30.90734200 -083.88606400    0.00    0.00 2  0 0 0 32   30.89794200 -083.87443900    0.00    0.00 2  0 0 0
21   30.89680439 -083.88650552  2  39.86   3.00 04  PAPI-4L
21   30.90519470 -083.87732281  2 219.87   3.00 22  PAPI-4L
110   1 0.30  39.86 Default taxiway for RWY 04
111  30.89512154 -083.88742933   3 102 
111  30.89468060 -083.88681388   3 102 
111  30.90626409 -083.87554315   3 102 
111  30.90670503 -083.87615867 
112  30.90649447 -083.87636354  30.90659831 -083.87625910   3 102 
111  30.90649283 -083.87611186   3 102 
112  30.90635219 -083.87591554  30.90624671 -083.87576830   3 102 
111  30.90614143 -083.87587073   3 102 
111  30.90061288 -083.88124999   3 102 
111  30.90096592 -083.88174278 
111  30.90086065 -083.88184522   3 102 
111  30.90050761 -083.88135243   3 102 
112  30.89497906 -083.88673170  30.89487378 -083.88683414   3 102 
111  30.89497926 -083.88698136   3 102 
112  30.89511990 -083.88717766  30.89522538 -083.88732488   3 102 
113  30.89533210 -083.88722446 
110   1 0.30 133.30 Default taxiway for RWY 14
111  30.90724382 -083.88617182   3 102 
111  30.90674310 -083.88672173   3 102 
111  30.89734362 -083.87509553   3 102 
111  30.89784434 -083.87454567 
112  30.89803245 -083.87477834  30.89793676 -083.87466381   3 102 
111  30.89781698 -083.87479535   3 102 
112  30.89765728 -083.87497072  30.89753750 -083.87510226   3 102 
111  30.89763155 -083.87521859   3 102 
111  30.90209615 -083.88074084   3 102 
111  30.90249705 -083.88030058 
111  30.90259111 -083.88041692   3 102 
111  30.90219021 -083.88085718   3 102 
112  30.90665481 -083.88637944  30.90674886 -083.88649577   3 102 
111  30.90686864 -083.88636422   3 102 
112  30.90702834 -083.88618883  30.90714812 -083.88605728   3 102 
113  30.90705571 -083.88593915 
120 Default hold RWY 04 (near)
111  30.89494430 -083.88718194   4 
115  30.89504958 -083.88707951 
120 Default hold RWY 14 (near)
111  30.90704255 -083.88639287   4 
115  30.90694849 -083.88627653 
120 Default hold RWY 04 (centre)
111  30.90068341 -083.88159782   4 
115  30.90078868 -083.88149538 
120 Default hold RWY 14 (centre)
111  30.90238984 -083.88063795   4 
115  30.90229578 -083.88052161 
120 Default hold RWY 04 (far)
111  30.90642251 -083.87601370   4 
115  30.90652779 -083.87591126 
120 Default hold RWY 14 (far)
111  30.89773713 -083.87488303   4 
115  30.89764307 -083.87476669 
18   30.90334170 -083.87948450 1 BCN
19   30.89526114 -083.88812293 1 WS
19   30.90782956 -083.88596780 1 WS
19   30.90673781 -083.87570501 1 WS
19   30.89745445 -083.87453524 1 WS
50 11917 AWOS 3
51 12307 CTAF/UNICOM
55 11952 VALDOSTA APP/DEP
1      203 1 1 KVLD VALDOSTA RGNL
100   45.72   1   0 0.25 0 3 0 17   30.79046400 -083.27521700    0.00    0.00 2  0 0 1 35   30.77335800 -083.27201700    0.00    0.00 3  8 0 0
100   30.48   1   0 0.25 0 2 0 04   30.77788600 -083.28517200    0.00    0.00 2  0 0 1 22   30.79036400 -083.27474200    0.00    0.00 2  0 0 1
100   22.86   1   0 0.25 0 2 0 13   30.78395000 -083.28184400    0.00    0.00 2  0 0 0 31   30.77809700 -083.27245600    0.00    0.00 2  0 0 0
21   30.77954348 -083.28426701  2  35.68   3.00 04  PAPI-4L
21   30.78875103 -083.27442052  2 170.87   3.00 17  PAPI-4L
21   30.78870660 -083.27564730  2 215.69   3.00 22  PAPI-4L
21   30.77623073 -083.27299838  1 350.87   3.00 35  VASI
110   1 0.30  35.68 Default taxiway for RWY 04
111  30.77780732 -083.28504446   3 102 
111  30.77740605 -083.28439399   3 102 
111  30.78988447 -083.27396524   3 102 
111  30.79028574 -083.27461579 
112  30.79006293 -083.27480200  30.79017302 -083.27470678   3 102 
111  30.79007703 -083.27455115   3 102 
112  30.78994904 -083.27434366  30.78985305 -083.27418804   3 102 
111  30.78974165 -083.27428114   3 102 
111  30.78378095 -083.27926274   3 102 
111  30.78410223 -083.27978357 
111  30.78399083 -083.27987668   3 102 
111  30.78366955 -083.27935585   3 102 
112  30.77770885 -083.28433745  30.77759745 -083.28443055   3 102 
111  30.77769344 -083.28458615   3 102 
112  30.77782143 -083.28479362  30.77791742 -083.28494922   3 102 
113  30.77803013 -083.28485825 
110   1 0.30 125.97 Default taxiway for RWY 13
111  30.78386857 -083.28191278   3 102 
111  30.78345048 -083.28226591   3 102 
111  30.77759782 -083.27287731   3 102 
111  30.77801591 -083.27252421 
112  30.77813673 -083.27271802  30.77807450 -083.27262265   3 102 
111  30.77797459 -083.27270703   3 102 
112  30.77784139 -083.27281953  30.77774148 -083.27290391   3 102 
111  30.77780189 -083.27300081   3 102 
111  30.78057719 -083.27745284   3 102 
111  30.78091203 -083.27717004 
111  30.78097244 -083.27726695   3 102 
111  30.78063760 -083.27754975   3 102 
112  30.78341291 -083.28200178  30.78347332 -083.28209868   3 102 
111  30.78357323 -083.28201430   3 102 
112  30.78370643 -083.28190179  30.78380634 -083.28181741   3 102 
113  30.78374775 -083.28171897 
110   1 0.30 170.87 Default taxiway for RWY 17
111  30.79043171 -083.27545086   3 102 
111  30.79026812 -083.27663567   3 102 
111  30.77316216 -083.27343485   3 102 
111  30.77332575 -083.27225025 
112  30.77373198 -083.27232626  30.77352851 -083.27229083   3 102 
111  30.77348934 -083.27257452   3 102 
112  30.77343710 -083.27295276  30.77339793 -083.27323645   3 102 
111  30.77360104 -083.27327446   3 102 
111  30.78164623 -083.27477983   3 102 
111  30.78177717 -083.27383155 
111  30.78198029 -083.27386956   3 102 
111  30.78184935 -083.27481784   3 102 
112  30.78989454 -083.27632321  30.79009765 -083.27636122   3 102 
111  30.79013682 -083.27607749   3 102 
112  30.79018906 -083.27569918  30.79022823 -083.27541544   3 102 
113  30.79002548 -083.27537485 
120 Default hold RWY 04 (near)
111  30.77764602 -083.28478300   4 
115  30.77775743 -083.28468989 
120 Default hold RWY 13 (near)
111  30.78370024 -083.28205495   4 
115  30.78363983 -083.28195804 
120 Default hold RWY 17 (near)
111  30.79036606 -083.27592633   4 
115  30.79016294 -083.27588833 
120 Default hold RWY 04 (centre)
111  30.78382953 -083.27961520   4 
115  30.78394093 -083.27952209 
120 Default hold RWY 13 (centre)
111  30.78080411 -083.27740912   4 
115  30.78074370 -083.27731221 
120 Default hold RWY 17 (centre)
111  30.78191464 -083.27434499   4 
115  30.78171152 -083.27430698 
120 Default hold RWY 04 (far)
111  30.79001303 -083.27444741   4 
115  30.79012444 -083.27435430 
120 Default hold RWY 13 (far)
111  30.77790799 -083.27276328   4 
115  30.77784758 -083.27266637 
120 Default hold RWY 17 (far)
111  30.77346322 -083.27276364   4 
115  30.77326010 -083.27272564 
18   30.78213997 -083.27196182 1 BCN
19   30.77790317 -083.28574721 1 WS
19   30.78431947 -083.28182779 1 WS
19   30.79096817 -083.27458367 1 WS
19   30.79034679 -083.27416671 1 WS
19   30.77772753 -083.27247224 1 WS
19   30.77285384 -083.27265023 1 WS
50 12622 ASOS
51 12090 CTAF
51 12295 UNICOM
53 12170 GND
54 12090 TWR
55 11952 APP/DEP
55 12660 APP/DEP
17      26 0 1 FD21 [H] Doctors Hospital
102 H1   30.12799055 -083.57987028   0.00   15.24   15.24   2 2   0 0.25 0
19   30.12819627 -083.57963242 1 WS
17     285 0 1 GA43 [H] Remington Ave
102 H1   30.84963666 -083.95072473   0.00   15.24   15.24   2 2   0 0.25 0
19   30.84984238 -083.95048510 1 WS
17      94 0 1 9FL9 [H] Suwannee Hospital Emergency
102 H1   30.29133444 -083.00402028   0.00    9.14    9.14   2 2   0 0.25 0
19   30.29145787 -083.00387733 1 WS