1     1637 0 1 WX12 Apa Uping (Pertamina)
100   17.98   4   0 0.00 0 0 0 16   03.07484908  115.83393421    0.00    0.00 1  0 0 0 34   03.07201892  115.83496579    0.00    0.00 1  0 0 0
14   03.07327300  115.83400600    6 0 ATC Tower
19   03.07351500  115.83467200 0 WS
1     2605 0 0 WX38 Berian Baru (MAF)
100   14.02   3   0 0.50 0 0 0 06   03.92318995  115.83848990    0.00    0.00 0  0 0 0 24   03.92535005  115.84224010    0.00    0.00 0  0 0 0
14   03.92440636  115.84015116    5 0 Viewpoint
19   03.92403246  115.84035398 0 Windsock
1     2550 0 0 WX44 Binuang (MAF)
100   20.12   4   0 0.25 0 0 0 07   03.71552609  115.85224981    0.00    0.00 0  0 0 0 25   03.71402991  115.84900619    0.00    0.00 0  0 0 0
100   20.12   4   0 0.00 0 0 0 17   03.77509449  115.85611198    0.00    0.00 0  0 0 0 35   03.77154218  115.85642344    0.00    0.00 0  0 0 0
14   03.77348583  115.85601806    5 0 Binuang Viewpoint
15   03.77357270  115.85624186 355.00 Binuang Start
19   03.77374559  115.85643130 0 Binuang Windsock
1     3000 0 0 WT83 Buduk Kubul (MAF)
100   22.86   3   0 0.00 0 0 0 01   03.79629141  115.70608169    0.00    0.00 0  0 0 0 19   03.80031459  115.70672031    0.00    0.00 0  0 0 0
14   03.80021062  115.70640991    6 0 Viewpoint Buduk Kubul
19   03.79655546  115.70636089 0 Windsock
1     3366 0 1 WZ67 Lembudud (Pertamina)
100   20.12   4   0 0.00 0 0 0 03   03.78119506  115.63209396    0.00    0.00 1  0 0 0 21   03.78547094  115.63456804    0.00    0.00 1  0 0 0
14   03.78306900  115.63378800    6 0 ATC Tower
19   03.78346500  115.63310200 0 WS
1     1470 0 0 WBLB Long Banga
100   18.90   1   0 0.00 0 0 0 9    03.20234550  115.39942901    0.00    0.00 2  0 0 0 27   03.20217507  115.40434911    0.00    0.00 2  0 0 0
110   1 0.00  92.00 Turn09
111  03.20242120  115.39963511 
112  03.20242120  115.39963511  03.20242334  115.39961542 
112  03.20249647  115.39959308  03.20249898  115.39957733 
112  03.20250047  115.39944680  03.20249904  115.39943248 
112  03.20243030  115.39943198  03.20242082  115.39943157 
113  03.20243030  115.39943198 
110   1 0.00  92.00 Turn27
111  03.20225968  115.40435197 
112  03.20225968  115.40435197  03.20226356  115.40435206 
112  03.20233607  115.40433825  03.20233857  115.40432644 
112  03.20234095  115.40418134  03.20233988  115.40416451 
112  03.20226572  115.40413943  03.20226429  115.40411831 
113  03.20226572  115.40413943 
110   1 0.00 182.00 Long Bonga Ramp
111  03.20218655  115.40170044 
112  03.20209283  115.40181091  03.20203980  115.40180886 
112  03.20195371  115.40180209  03.20191496  115.40179596 
112  03.20186699  115.40172609  03.20186699  115.40168524 
111  03.20186880  115.40160123 
111  03.20159779  115.40159581 
111  03.20158672  115.40213087 
111  03.20186157  115.40214103 
112  03.20186801  115.40199390  03.20187005  115.40195100 
112  03.20195371  115.40193781  03.20198125  115.40193781 
112  03.20208380  115.40194324  03.20213887  115.40194732 
113  03.20217413  115.40207352 
130 Long Bonga Boundary
111  03.20215851  115.39936929 
111  03.20206216  115.40154268 
111  03.20147077  115.40152341 
111  03.20143975  115.40220100 
111  03.20205366  115.40221310 
111  03.20196283  115.40440459 
111  03.20237043  115.40441698 
113  03.20255480  115.39937287 
120 hold
111  03.20195371  115.40180209   4 
115  03.20195371  115.40193781 
120 taxiline1
111  03.20225634  115.40184411   1 
112  03.20221249  115.40189621  03.20217374  115.40189314   1 
112  03.20190960  115.40186761  03.20186370  115.40186250   1 
112  03.20180251  115.40194728  03.20178008  115.40198099   1 
112  03.20167401  115.40199937  03.20162914  115.40195545   1 
115  03.20164648  115.40184411 
120 taxiline2
112  03.20221249  115.40189621  03.20225124  115.40189927   1 
115  03.20225124  115.40194830 
14   03.20155849  115.40180410    6 0 Long Bonga Viewpoint
15   03.20164546  115.40187884 268.66 Long Bonga Start
19   03.20206971  115.40174197 0 Long Bonga Windsock
1     3120 0 0 WALB Long Bawang/Yuvai Semaring (Local Gov)
100   22.86  14   0 0.00 0 0 0 04   03.89720744  115.68806772    0.00  309.07 1  0 0 0 22   03.90569625  115.69471531    0.00    0.00 1  0 0 0
110  14 0.00   0.00 Long Bawan Ramp
111  03.90258350  115.69239121 
112  03.90260042  115.69256076  03.90256130  115.69260846 
111  03.90249895  115.69268329 
112  03.90228841  115.69293755  03.90226440  115.69296445 
112  03.90217375  115.69296770  03.90214391  115.69294348 
111  03.90191625  115.69275858 
111  03.90169258  115.69302987 
111  03.90250080  115.69369861 
111  03.90265304  115.69351775 
112  03.90258917  115.69339955  03.90259340  115.69335709 
111  03.90261545  115.69332936 
112  03.90235419  115.69311082  03.90233515  115.69309449 
112  03.90235043  115.69305242  03.90236597  115.69303471 
111  03.90259394  115.69275929 
112  03.90269627  115.69263610  03.90273535  115.69259196 
113  03.90285792  115.69261726 
130 Long Bawan Boundary
111  03.89487389  115.68570813 
111  03.89422217  115.68622709 
111  03.90178058  115.69210902 
111  03.90077267  115.69331009 
111  03.90185892  115.69421836 
111  03.90253182  115.69373415 
111  03.90267968  115.69375159 
111  03.90313660  115.69316726 
111  03.90550169  115.69504600 
113  03.90595392  115.69448464 
120 Long Bawan Hold
111  03.90249895  115.69268329   4 
115  03.90259394  115.69275929 
120 Long Bawan Taxiline1
112  03.90267501  115.69235508  03.90274851  115.69241292   1 
112  03.90272340  115.69250761  03.90269618  115.69254145   1 
115  03.90231942  115.69299498 
120 Long Bawan Taxiline1a
112  03.90287805  115.69251405  03.90280291  115.69245566   1 
116  03.90272340  115.69250761  03.90269618  115.69254145 
14   03.90180746  115.69377665   10 0 Long Bawang Viewpoint
15   03.90203355  115.69324774  38.00 Long Bawan Ramp Start
19   03.90550195  115.69423693 0 Long Bawang Windsock N
19   03.89739897  115.68849587 0 Long Bawang Windsock S
1     2965 0 0 WZ80 Long Layu
100   25.91   3   0 0.00 0 0 0 01   03.60940942  115.69883851    0.00    0.00 0  0 0 0 19   03.61428258  115.69969949    0.00    0.00 0  0 0 0
14   03.61279994  115.69918740    6 0 Long Layu Viewpoint
15   03.61275578  115.69943010  10.00 Long Layu Start
19   03.61277445  115.69961359 0 Long Layu Windsock
1     1583 0 0 WBGF Long Lellang
100   17.98   1   0 0.00 0 0 0 4    03.41902807  115.15146329    0.00    0.00 1  0 0 0 22   03.42441682  115.15623899    0.00    0.00 1  0 0 0
110   1 0.00  41.50 Turn04
111  03.41927170  115.15157200 
112  03.41927170  115.15157200  03.41921486  115.15151571 
112  03.41922211  115.15141543  03.41918291  115.15137943 
111  03.41913789  115.15134067 
113  03.41908182  115.15140252 
110   1 0.00  41.50 Turn22
111  03.42447121  115.15617733 
111  03.42451371  115.15612777 
112  03.42440369  115.15602930  03.42436805  115.15599685 
112  03.42426574  115.15599788  03.42421337  115.15595785 
113  03.42426574  115.15599788 
110   1 0.00 131.50 Long Lellang Ramp
111  03.42119255  115.15243076  20 
111  03.42094806  115.15270706  20 
112  03.42106028  115.15281144  03.42108395  115.15283516  20 
112  03.42105431  115.15290784  03.42103064  115.15293568  20 
112  03.42097825  115.15299228  03.42094635  115.15302115  20 
111  03.42087184  115.15299315 
111  03.42111058  115.15320516  20 
112  03.42109350  115.15308362  03.42112129  115.15304857  20 
112  03.42116083  115.15300640  03.42118656  115.15297856  20 
112  03.42125905  115.15299120  03.42128376  115.15301285  20 
111  03.42136248  115.15308167  20 
113  03.42160789  115.15280618  20 
130 Long Lellang Boundary
111  03.42135327  115.15212831 
111  03.42080825  115.15270553 
111  03.41860760  115.15078875 
111  03.41828485  115.15114676 
111  03.42458475  115.15668682 
111  03.42487990  115.15632852 
111  03.42137407  115.15320862 
113  03.42189263  115.15261632 
120 hold
111  03.42116083  115.15300640   4 
115  03.42105431  115.15290784 
14   03.42157171  115.15264726    8 0 Long Lellang Viewpoint
15   03.42120703  115.15257602  41.50 Long Lellang Start
19   03.42120521  115.15314411 0 Long Lellang Windsock
1     2635 0 0 WXW2 Long Padi (MAF)
100   20.12   4   0 0.00 0 0 0 07   03.71386262  115.84864277    0.00    0.00 0  0 0 0 25   03.71569338  115.85261324    0.00    0.00 0  0 0 0
14   03.71488814  115.85031520    5 0 Long Padi Viewpoint
15   03.71470139  115.85045786  65.20 Long Padi Start
19   03.71460883  115.85060202 0 Long Padi Windsock
1     2874 0 0 WZ86 Long Rungan (Pertamina)
100   24.99   4   0 0.50 0 0 0 03   03.59786768  115.84039252    0.00    0.00 0  0 0 0 21   03.60098432  115.84219548    0.00    0.00 0  0 0 0
14   03.59957311  115.84105263    5 0 Viewpoint
19   03.59934141  115.84150958 0 Windsock
1      640 0 0 WBGI Long Seridan
100   17.07   1   0 0.00 0 0 0 4    03.97424711  115.06586635    0.00    0.00 2  0 0 0 22   03.97824612  115.06880803    0.00    0.00 2  0 0 0
110  14 0.00   0.00 Turn04
111  03.97420265  115.06592717 
112  03.97420265  115.06592717  03.97419321  115.06593989 
112  03.97416745  115.06599029  03.97416796  115.06599699 
112  03.97428913  115.06608136  03.97431278  115.06609269 
112  03.97442697  115.06608908  03.97449379  115.06611793 
113  03.97442697  115.06608908 
110   1 0.00  36.30 Turn22
111  03.97801243  115.06872683 
112  03.97801243  115.06872683  03.97802925  115.06874838 
112  03.97803897  115.06881316  03.97805158  115.06884689 
112  03.97812101  115.06889787  03.97813923  115.06890958 
112  03.97820152  115.06886881  03.97822635  115.06885072 
113  03.97820152  115.06886881 
110   1 0.00  36.30 Long Seridan Ramp
111  03.97710392  115.06805398 
112  03.97713457  115.06819303  03.97711360  115.06822052 
111  03.97704585  115.06831106 
111  03.97741685  115.06857139 
112  03.97750234  115.06845982  03.97752492  115.06843557 
113  03.97764751  115.06845174 
130 Long Seridan Boundary
111  03.97404268  115.06563502 
111  03.97385334  115.06586388 
111  03.97444361  115.06622671 
111  03.97689378  115.06804643 
111  03.97681025  115.06817482 
111  03.97742762  115.06862439 
111  03.97750632  115.06851532 
111  03.97856991  115.06930796 
111  03.97885277  115.06900654 
111  03.97638590  115.06719239 
111  03.97441020  115.06572433 
113  03.97431554  115.06572991 
120 taxiline
111  03.97741355  115.06820136   1 
116  03.97734940  115.06821264  03.97732743  115.06824224 
120 taxiline
111  03.97733873  115.06814674   1 
112  03.97734940  115.06821264  03.97732743  115.06824224   1 
115  03.97728370  115.06830139 
14   03.97724838  115.06858046    6 0 Long Seridan Viewpoint
15   03.97716144  115.06830656  36.30 Long Seridan Start
19   03.97747550  115.06805578 0 Long Seridan Windsock
1     3060 0 0 WZ90 Long Umung (MAF)
100   21.03   3   0 0.00 0 0 0 06   03.96690141  115.76708231    0.00    0.00 0  0 0 0 24   03.96838922  115.76949127    0.00    0.00 0  0 0 0
110  12 0.00   0.00 Long Umung Roads
112  03.96687047  115.76622151  03.96688020  115.76610766 
112  03.96696113  115.76606264  03.96698871  115.76604475 
112  03.96717122  115.76594339  03.96721341  115.76589460 
112  03.96719069  115.76587472  03.96716148  115.76589586 
112  03.96695057  115.76603800  03.96690676  115.76606077 
112  03.96685400  115.76622418  03.96684751  115.76632990 
112  03.96694051  115.76675173  03.96695717  115.76680766 
112  03.96695348  115.76684362  03.96694349  115.76686115 
112  03.96678714  115.76708855  03.96677132  115.76711276 
112  03.96679096  115.76718195  03.96680678  115.76720699 
111  03.96713842  115.76775238 
111  03.96712773  115.76810994 
112  03.96642549  115.76809739  03.96629159  115.76808873 
111  03.96572590  115.76804970 
111  03.96572689  115.76807555 
112  03.96642302  115.76812108  03.96655476  115.76812757 
111  03.96712286  115.76813548 
111  03.96705644  115.76934941 
112  03.96856342  115.76962729  03.96861221  115.76963845 
112  03.96863089  115.76958881  03.96861629  115.76956279 
111  03.96863089  115.76958881 
112  03.96863089  115.76958881  03.96861654  115.76956368 
112  03.96819075  115.76892361  03.96809532  115.76877567 
111  03.96779542  115.76828472 
112  03.96784640  115.76831545  03.96786469  115.76832156 
112  03.96840940  115.76844696  03.96851546  115.76847384 
111  03.96912760  115.76867922 
111  03.96913118  115.76866438 
112  03.96841591  115.76843363  03.96831229  115.76840552 
112  03.96784723  115.76829677  03.96782163  115.76828944 
111  03.96776671  115.76824011 
112  03.96720754  115.76726412  03.96718256  115.76722238 
112  03.96702846  115.76697847  03.96701098  115.76693841 
114  03.96695564  115.76674607  03.96693565  115.76666845 
112  03.96701226  115.76698565  03.96702641  115.76702321 
112  03.96719144  115.76726890  03.96721809  115.76731230 
111  03.96774407  115.76823823 
112  03.96748722  115.76820207  03.96743530  115.76819882 
111  03.96714610  115.76811456 
111  03.96715684  115.76774855 
112  03.96680525  115.76717744  03.96679193  115.76715825 
112  03.96680010  115.76709456  03.96681592  115.76706702 
112  03.96695829  115.76686445  03.96696246  115.76685944 
114  03.96697195  115.76686662  03.96697528  115.76687831 
112  03.96749433  115.76822428  03.96754626  115.76823079 
111  03.96775639  115.76825931 
112  03.96817034  115.76892489  03.96826968  115.76908128 
112  03.96860940  115.76958619  03.96862373  115.76961289 
111  03.96860940  115.76958619 
112  03.96860940  115.76958619  03.96861589  115.76959920 
112  03.96857188  115.76960920  03.96854592  115.76960269 
111  03.96707511  115.76933515 
113  03.96714269  115.76813544 
14   03.96820862  115.76892817    6 0 Long Umung Viewpoint
15   03.96807795  115.76900176  58.20 Long Umung Start
19   03.96837360  115.76906992 0 Long Umung Windsock
1     2920 0 0 WW59 Pa Upan (MAF)
100   25.91   3   0 0.00 0 0 0 12   03.56262781  115.75086438    0.00    0.00 0  0 0 0 30   03.56019343  115.75609503    0.00    0.00 0  0 0 0
14   03.56204149  115.75166879    6 0 Pa Upan Viewpoint
15   03.56218904  115.75182551 115.00 Pa Upan Start
19   03.56227587  115.75221674 0 Pa Upan Windsock