1      640 0 0 SDNQ Fazenda Agua Limpa
100   20.12   3   0 0.00 0 0 0 09  -09.97099082 -067.49117883    0.00    0.00 0  0 0 0 27  -09.96956474 -067.48215451    0.00    0.00 0  0 0 0
130 Airport Boundary
111 -09.96857470 -067.48086563 
111 -09.97044645 -067.49271018 
111 -09.97198086 -067.49246771 
113 -09.97010911 -067.48062315 
19  -09.97051473 -067.48662923 0 Windsock
1      699 0 0 SWKB Fazenda Campina
100   17.98   3   0 0.00 0 0 0 13  -09.14085594 -067.44856087    0.00    0.00 0  0 0 0 31  -09.14414406 -067.44310579    0.00    0.00 0  0 0 0
130 Airport Boundary
111 -09.14422019 -067.44149134 
111 -09.13946390 -067.44938214 
111 -09.14077981 -067.45017532 
113 -09.14553609 -067.44228452 
19  -09.14268919 -067.44594737 0 Windsock
1      634 1 0 SBRB Presidente Medici
100   45.11   1   0 0.25 0 1 1 06  -09.87446400 -067.90237200    0.00   36.58 2  8 0 0 24  -09.86385000 -067.88577200    0.00   54.86 2  8 0 0
21  -09.87314786 -067.90106107  2  57.02   3.00 06  PAPI-4L
10  -09.86745200 -067.89383700 xxx  57.02   700 0.0 0.0   400 161161  1 0 0 0.35 0
10  -09.86739500 -067.89225800 xxx  95.00   450 0.0 0.0    74 161161  1 0 0 0.35 0
10  -09.86885400 -067.89448500 xxx  20.00   450 0.0 0.0    74 161161  1 0 0 0.35 0
10  -09.86342000 -067.88598600 xxx 147.02   200 0.0 0.0   300 161161  1 0 0 0.35 0
10  -09.87480200 -067.90202300 xxx 147.02   200 0.0 0.0   300 161161  1 0 0 0.35 0
14  -09.86824700 -067.89503500    0 0 ATC Tower
15  -09.86733400 -067.89387500 330.00 Gate 1
18  -09.86847600 -067.89453100 1 BCN
19  -09.86453100 -067.88532300 1 WS
19  -09.87378300 -067.90282400 1 WS
54 11870 RIO BRANCO TWR
55 11990 RIO BRANCO APP