1      285 0 0 SNGS Aeroclube de Alagoas
100   21.03   1   0 0.00 0 0 0 14  -09.58583202 -035.76101914    0.00    0.00 1  0 0 0 32  -09.58916798 -035.75453642    0.00    0.00 1  0 0 0
130 Airport Boundary
111 -09.58919120 -035.75278427 
111 -09.58441978 -035.76205651 
111 -09.58580880 -035.76277129 
113 -09.59058022 -035.75349905 
19  -09.58784943 -035.75795759 0 Windsock
1      387 0 0 SNML Manduca Leao
100   17.98   4   0 0.00 0 0 0 11  -09.54466496 -035.83400220    0.00    0.00 0  0 0 0 29  -09.54422393 -035.82488668    0.00    0.00 0  0 0 0
130 Airport Boundary
111 -09.54338025 -035.82335518 
111 -09.54397308 -035.83560800 
111 -09.54550863 -035.83553370 
113 -09.54491580 -035.82328088 
19  -09.54480984 -035.82942676 0 Windsock
1      302 0 0 SNWZ Uruba
100   29.87   3   0 0.00 0 0 0 13  -09.48405353 -035.96193702    0.00    0.00 0  0 0 0 31  -09.48594647 -035.95584076    0.00    0.00 0  0 0 0
130 Airport Boundary
111 -09.48562560 -035.95409856 
111 -09.48280230 -035.96319107 
111 -09.48437440 -035.96367922 
113 -09.48719770 -035.95458671 
19  -09.48545304 -035.95902956 0 Windsock
1      387 1 0 SBMO Zumbi Dos Palmares
100   45.11   1   0 0.25 0 1 1 12  -09.50863300 -035.80331700    0.00   64.01 3  0 0 0 30  -09.51298300 -035.78003600    0.00   64.01 2  0 0 0
21  -09.50885039 -035.80011705  1 100.73   3.00 12  VASI
10  -09.51016000 -035.80274600 xxx 100.84  1000 0.0 0.0   300 161161  1 0 0 0.35 0
10  -09.50978100 -035.80040700 xxx  70.00   780 0.0 0.0   120 161161  1 0 0 0.35 0
10  -09.50914400 -035.80379100 xxx 190.84   300 0.0 0.0   120 161161  1 0 0 0.35 0
10  -09.51200000 -035.78324500 xxx 190.84   150 0.0 0.0   200 161161  1 0 0 0.35 0
10  -09.51060500 -035.79061500 xxx 190.84   150 0.0 0.0   200 161161  1 0 0 0.35 0
14  -09.51080000 -035.80124700    0 0 ATC Tower
15  -09.51016600 -035.80347800 192.00 Ramp
18  -09.50968200 -035.79328500 1 BCN
19  -09.51313600 -035.78374900 1 WS
19  -09.50782200 -035.80313100 1 WS
54 11825 MACEIO TWR
55 11925 MACEIO APP
17      57 0 0 SIAZ [H] Atlantida
102 H1  -09.62500000 -035.70083333  87.33   17.98   17.98   3 0   0 0.00 0
130 Heliport Boundary
111 -09.62483715 -035.70101211 
111 -09.62517878 -035.70099618 
111 -09.62516285 -035.70065455 
113 -09.62482122 -035.70067048 
19  -09.62486827 -035.70071334 0 Windsock
17       2 0 0 SSZI [H] Condominio Laguna
102 H1  -09.70277778 -035.80055556  27.30   19.51   19.51   1 0   0 0.00 1
130 Heliport Boundary
111 -09.70285420 -035.80079503 
111 -09.70301725 -035.80047913 
111 -09.70270135 -035.80031608 
113 -09.70253830 -035.80063198 
18  -09.70249597 -035.80110947 3 BCN
19  -09.70259893 -035.80061263 1 Windsock
17       0 0 0 SJVG [H] Jacarecica
102 H1  -09.60472222 -035.67972222 127.33   19.51   19.51   2 0   0 0.00 1
130 Heliport Boundary
111 -09.60447309 -035.67975577 
111 -09.60475577 -035.67997135 
111 -09.60497135 -035.67968867 
113 -09.60468867 -035.67947309 
18  -09.60423365 -035.67934433 3 BCN
19  -09.60469717 -035.67953617 1 Windsock
17      69 0 0 SJEZ [H] Republica dos Palmares
102 H1  -09.65972222 -035.74055556  97.22   20.12   20.12   2 0   0 0.00 1
130 Heliport Boundary
111 -09.65952103 -035.74071151 
111 -09.65987817 -035.74075675 
111 -09.65992342 -035.74039961 
113 -09.65956627 -035.74035436 
18  -09.65909362 -035.74047478 3 BCN
19  -09.65960526 -035.74040466 0 Windsock
17       5 0 0 SJUM [H] Umuarama
102 H1  -09.74888889 -035.82194444  67.30   17.98   17.98   3 0   0 0.00 0
130 Heliport Boundary
111 -09.74879712 -035.82216819 
111 -09.74911263 -035.82203621 
111 -09.74898065 -035.82172070 
113 -09.74866514 -035.82185268 
19  -09.74872402 -035.82187683 0 Windsock