1      587 1 1 SCLN Linares
100   14.33   2   0 0.25 0 2 0 18  -35.85722450 -071.54746388    0.00    0.00 2 10 0 0 36  -35.86611070 -071.54920052    0.00    0.00 2 10 0 0
21  -35.85903903 -071.54752433  1 189.00   3.00 18  VASI
21  -35.86429618 -071.54914001  1   9.00   3.00 36  VASI
110   2 0.30 189.00 Default taxiway for RWY 18
111 -35.85721477 -071.54753969  53 102 
111 -35.85716400 -071.54793521  53 102 
111 -35.86605021 -071.54967171  53 102 
111 -35.86610098 -071.54927615 
112 -35.86597365 -071.54925126 -35.86603697 -071.54926644  53 102 
111 -35.86602487 -071.54936072  53 102 
112 -35.86600873 -071.54948642 -35.86599663 -071.54958069  53 102 
111 -35.86593296 -071.54956825  53 102 
111 -35.86164902 -071.54873111  53 102 
111 -35.86168971 -071.54841414 
111 -35.86162604 -071.54840170  53 102 
111 -35.86158535 -071.54871867  53 102 
112 -35.85730141 -071.54788153 -35.85723775 -071.54786909  53 102 
111 -35.85724985 -071.54777483  53 102 
112 -35.85726599 -071.54764914 -35.85727809 -071.54755487  53 102 
113 -35.85734210 -071.54756457 
120 Default hold RWY 18 (near)
111 -35.85719425 -071.54769954  54 
115 -35.85725792 -071.54771198 
120 Default hold RWY 18 (centre)
111 -35.86160552 -071.54856156  54 
115 -35.86166919 -071.54857400 
120 Default hold RWY 18 (far)
111 -35.86601680 -071.54942357  54 
115 -35.86608046 -071.54943602 
18  -35.86173797 -071.54778391 1 BCN
19  -35.85712720 -071.54720501 1 WS
19  -35.86620799 -071.54945943 1 WS
1      371 0 1 SCTL PANGUILEMO
100   24.38   1   0 0.25 0 0 0 03  -35.38173900 -071.60553900    0.00    0.00 2  0 0 0 21  -35.37391400 -071.59782500    0.00   30.48 2  0 0 0
110   1 0.30  38.79 Default taxiway for RWY 03
111 -35.38180633 -071.60543626   3 
111 -35.38215145 -071.60490968   3 
111 -35.37432670 -071.59719499   3 
111 -35.37398158 -071.59772152 
112 -35.37415261 -071.59789015 -35.37406850 -071.59780369   3 
111 -35.37415099 -071.59767784   3 
112 -35.37426098 -071.59751004 -35.37434347 -071.59738419   3 
111 -35.37442899 -071.59746850   3 
111 -35.37812757 -071.60111506   3 
111 -35.37785119 -071.60153674 
111 -35.37793671 -071.60162105   3 
111 -35.37821309 -071.60119937   3 
112 -35.38191168 -071.60484594 -35.38199719 -071.60493026   3 
111 -35.38191470 -071.60505612   3 
112 -35.38180471 -071.60522394 -35.38172222 -071.60534980   3 
113 -35.38163530 -071.60526763 
120 Default hold RWY 03 (near)
111 -35.38194522 -071.60522434   4 
115 -35.38185970 -071.60514003 
120 Default hold RWY 03 (centre)
111 -35.37807560 -071.60140913   4 
115 -35.37799008 -071.60132483 
120 Default hold RWY 03 (far)
111 -35.37420598 -071.59759394   4 
115 -35.37412047 -071.59750962 
19  -35.38170381 -071.60602229 1 WS
19  -35.37394916 -071.59734176 1 WS