1      270 0 0 YCOH COHUNA
100   20.12   1   0 0.25 0 0 0 15  -35.82298911  144.21213644    0.00    0.00 1  0 0 0 33  -35.83105035  144.21593424    0.00    0.00 1  0 0 0
100   29.87   3   0 0.25 0 0 0 3   -35.82498054  144.20930544    0.00    0.00 0  0 0 0 21  -35.82149447  144.21209247    0.00    0.00 0  0 0 0
110   1 0.25   0.00 New Taxiway 25
111 -35.82657909  144.21390084 
112 -35.82643503  144.21398445 -35.82640114  144.21407851 
111 -35.82637148  144.21424051 
111 -35.82644774  144.21426664 
111 -35.82638419  144.21455928 
111 -35.82685450  144.21516024 
111 -35.82683331  144.21520727 
111 -35.82638419  144.21466379 
111 -35.82603675  144.21451225 
111 -35.82615115  144.21410464 
111 -35.82625708  144.21415690 
111 -35.82633334  144.21391129 
112 -35.82629945  144.21379632 -35.82626555  144.21375974 
113 -35.82629521  144.21376497 
110   5 0.25   0.00 New Taxiway 26
111 -35.82563535  144.21454936 
111 -35.82567008  144.21441373 
112 -35.82576848  144.21432807 -35.82584661  144.21434948 
111 -35.82608391  144.21442444 
111 -35.82607813  144.21447441 
111 -35.82583793  144.21438875 
112 -35.82575401  144.21442444 -35.82574243  144.21446727 
113 -35.82573375  144.21457791 
110   1 0.25   0.00 New Taxiway 24
112 -35.82676305  144.21461583 -35.82676305  144.21457748  20 
112 -35.82682762  144.21454798 -35.82685154  144.21454503  20 
112 -35.82689937  144.21463057 -35.82689698  144.21468367  20 
114 -35.82682045  144.21471317 -35.82678935  144.21471022  20 
110   4 0.25   0.00 New Taxiway 23
111 -35.82227378  144.21221504 
111 -35.82244302  144.21149943 
111 -35.82361562  144.21202123 
112 -35.82383322  144.21191687 -35.82392993  144.21176778 
112 -35.82417170  144.21135034 -35.82425632  144.21135034 
112 -35.82425632  144.21158888 -35.82409917  144.21193178 
112 -35.82392993  144.21214050 -35.82392993  144.21217032 
111 -35.83121765  144.21573666 
112 -35.83137453  144.21586905 -35.83136628  144.21596070 
112 -35.83139105  144.21610327 -35.83134976  144.21618473 
112 -35.83119288  144.21615418 -35.83115986  144.21620510 
112 -35.83108555  144.21633749 -35.83099472  144.21630694 
112 -35.83061491  144.21610327 -35.83057363  144.21607272 
111 -35.83050757  144.21599125 
111 -35.82868284  144.21512566 
112 -35.82838559  144.21508493 -35.82834431  144.21507474 
112 -35.82735350  144.21453502 -35.82732873  144.21453502 
112 -35.82660214  144.21421934 -35.82658562  144.21431099 
112 -35.82649480  144.21465722 -35.82650306  144.21470814 
111 -35.82687461  144.21519694 
112 -35.82628838  144.21517658 -35.82614802  144.21515621 
112 -35.82555841  144.21462703 -35.82547666  144.21453742 
112 -35.82554201  144.21449460 -35.82555531  144.21446180 
112 -35.82578136  144.21428140 -35.82579466  144.21426500 
111 -35.82590104  144.21392060 
112 -35.82612710  144.21396980 -35.82619359  144.21396980 
111 -35.82629997  144.21398620 
113 -35.82632656  144.21393700 
110   3 0.25   0.00 New Taxiway 22
111 -35.83133856  144.21405277 
111 -35.83229598  144.21441356 
111 -35.83244226  144.21679156 
112 -35.83203003  144.21728356 -35.83179068  144.21739836 
112 -35.83144494  144.21705396 -35.83136515  144.21692276 
111 -35.83119229  144.21674236 
112 -35.82805406  144.21552876 -35.82790779  144.21551236 
112 -35.82595305  144.21526636 -35.82585996  144.21516796 
112 -35.82466625  144.21384682 -35.82452118  144.21368283 
112 -35.82395301  144.21336975 -35.82354200  144.21342938 
112 -35.82279250  144.21341448 -35.82271997  144.21333993 
111 -35.82114844  144.21175964 
112 -35.82123306  144.21114839 -35.82130559  144.21098440 
111 -35.82153527  144.20980663 
111 -35.82550036  144.20912084 
111 -35.82467833  144.21058187 
112 -35.82419479  144.21165528 -35.82415852  144.21178945 
112 -35.82392884  144.21216216 -35.82388048  144.21225162 
111 -35.82394092  144.21251997 
113 -35.83072151  144.21568779 
14  -35.82614969  144.21428906    6 0 New Tower Viewpoint 30
15  -35.82638383  144.21434746 346.80 New Ramp Start 29
19  -35.82682762  144.21463057 0 New Windsock 28
1      316 0 0 YDLQ Deniliquin
100   29.87   1   0 1.00 0 1 0 06  -35.56105138  144.94029312    0.00    0.00 2  0 0 0 24  -35.55661562  144.95259754    0.00    0.00 2  0 0 0
100   29.87   4   0 1.00 0 0 0 12  -35.55250494  144.94276459    0.00    0.00 2  0 0 0 30  -35.55672194  144.94693659    0.00    0.00 2  0 0 0
110   1 0.25   0.00 New Taxiway 11
111 -35.55693820  144.95207361 
111 -35.55673452  144.95265542 
111 -35.55637881  144.95248617   1 
111 -35.55649068  144.95218292   1 
113 -35.55669723  144.95197841 
110   1 0.25   0.00 New Taxiway 10
111 -35.56070121  144.94087389 
111 -35.56093070  144.94023563 
111 -35.56128928  144.94043310   1 
111 -35.56113725  144.94077868   1 
113 -35.56093931  144.94099378 
110   1 0.25   0.00 New Taxiway 9
112 -35.55536647  144.95014849 -35.55540569  144.95015097   1 
112 -35.55542278  144.95022141 -35.55542278  144.95026837   1 
112 -35.55536044  144.95027579 -35.55532625  144.95027455   1 
114 -35.55531017  144.95021152 -35.55531017  144.95017321   1 
110   1 0.25   0.00 New Taxiway 2
111 -35.55263901  144.94759711 
111 -35.55347783  144.94886377 
112 -35.55378651  144.94893781 -35.55393897  144.94885036 
111 -35.55393897  144.94885036 
112 -35.55393897  144.94868171 -35.55388307  144.94858176 
111 -35.55377127  144.94837563 
111 -35.55419816  144.94799459 
111 -35.55402029  144.94766353 
111 -35.55389832  144.94773224 
111 -35.55371536  144.94738244 
111 -35.55394914  144.94713258 
111 -35.55418291  144.94751986 
111 -35.55409143  144.94759482 
111 -35.55490456  144.94896280   1 102 
111 -35.55521964  144.94913770   1 102 
112 -35.55529079  144.94925014 -35.55528571  144.94931885   1 102 
111 -35.55528571  144.94941255   1 102 
112 -35.55544325  144.94969988 -35.55560079  144.94978733   1 102 
111 -35.55701908  144.95051266   1 102 
112 -35.55725581  144.95040941 -35.55739709  144.95026862 
111 -35.55739709  144.95026862 
111 -35.55707636  144.95122134 
111 -35.55703817  144.95103831   1 102 
112 -35.55693890  144.95069570 -35.55680526  144.95061592   1 102 
111 -35.55508317  144.94968473   1 102 
112 -35.55491308  144.94973167 -35.55488184  144.94981273   1 102 
111 -35.55486796  144.94985113 
111 -35.55493044  144.94988953 
111 -35.55481013  144.95016033 
111 -35.55465305  144.95004108 
111 -35.55433889  144.95079067 
111 -35.55408741  144.95063985 
111 -35.55398396  144.95096835 
111 -35.55339273  144.95071229 
111 -35.55375545  144.94959534 
112 -35.55356628  144.94923768 -35.55356208  144.94914476 
111 -35.55357468  144.94906732 
111 -35.55345708  144.94890213 
113 -35.55260276  144.94763533 
112 -35.55383273  144.94926736 -35.55383273  144.94933787 
111 -35.55389793  144.94936993 
111 -35.55423174  144.94934429 
111 -35.55422913  144.94909426 
112 -35.55417958  144.94902695 -35.55413003  144.94895963 
111 -35.55400224  144.94899810 
113 -35.55383273  144.94914555 
110   4 0.25  66.10 New Taxiway 1
111 -35.55052060  144.94156608 
111 -35.55139210  144.94073594 
111 -35.55795668  144.94726310 
111 -35.56201062  144.93645698 
111 -35.56198939  144.93616997 
111 -35.56279609  144.93603951 
111 -35.56294469  144.93695273 
111 -35.56285977  144.93692664 
111 -35.55888948  144.94803294 
112 -35.55898852  144.94834280 -35.55909656  144.94842026 
111 -35.56465393  144.95393058 
111 -35.56488744  144.95493516 
111 -35.56409349  144.95516477 
111 -35.55856193  144.94957863 
112 -35.55818380  144.94985529 -35.55803975  144.95025368 
111 -35.55578000  144.95653973 
111 -35.55460484  144.95675158 
111 -35.55671018  144.95083105 
111 -35.55554753  144.95017646 
112 -35.55546437  144.95026732 -35.55545051  144.95032979 
111 -35.55536735  144.95060804 
112 -35.55525184  144.95064212 -35.55514096  144.95059669 
111 -35.55514096  144.95059669 
111 -35.55469442  144.95192246 
111 -35.55450503  144.95184763 
111 -35.55449826  144.95166472 
111 -35.55443738  144.95153170 
111 -35.55416682  144.95137373 
111 -35.55416005  144.95194740 
111 -35.55340676  144.95164622 
111 -35.55346628  144.95150904 
111 -35.55352581  144.95123467 
111 -35.55345884  144.95120723 
111 -35.55345884  144.95111578 
111 -35.55331747  144.95100603 
111 -35.55333235  144.95095116 
111 -35.55297500  144.95075672 
112 -35.55266249  144.95034517 -35.55263273  144.95007995 
111 -35.55254119  144.94910930 
112 -35.55246929  144.94877055 -35.55244532  144.94874109 
111 -35.55241322  144.94865038 
112 -35.55237886  144.94847205 -35.55238268  144.94843450 
111 -35.55238877  144.94842960 
112 -35.55233967  144.94835918 -35.55226600  144.94836924 
111 -35.55105241  144.94860110 
111 -35.55103791  144.94851199 
111 -35.55235147  144.94830241 
111 -35.55263329  144.94806391 
111 -35.55266824  144.94773382 
111 -35.55277189  144.94788219 
111 -35.55274879  144.94806959 
111 -35.55247159  144.94829673 
112 -35.55243463  144.94849548 -35.55245773  144.94859201 
111 -35.55253165  144.94875101 
112 -35.55257785  144.94894408 -35.55257785  144.94896679 
111 -35.55261943  144.94934725 
112 -35.55268873  144.94939836 -35.55271645  144.94939836 
111 -35.55301213  144.94936429 
111 -35.55301213  144.94940404 
111 -35.55265639  144.94947786 
112 -35.55263329  144.94953465 -35.55263791  144.94957440 
111 -35.55267025  144.94986400 
112 -35.55274879  144.94991511 -35.55280885  144.94990943 
111 -35.55312764  144.94989239 
111 -35.55312764  144.94994918 
111 -35.55277189  144.94998893 
112 -35.55269335  144.95006843 -35.55269797  144.95011953 
111 -35.55273031  144.95034100 
112 -35.55282271  144.95055678 -35.55292435  144.95066467 
111 -35.55303061  144.95072146 
111 -35.55334940  144.95088046 
111 -35.55341408  144.95073849 
111 -35.55398034  144.95096881 
111 -35.55408278  144.95063351 
111 -35.55433434  144.95079154 
111 -35.55466363  144.95002743 
111 -35.55481483  144.95016165 
111 -35.55493663  144.94989321 
111 -35.55486943  144.94985708 
111 -35.55490280  144.94896544 
111 -35.55449017  144.94825131 
111 -35.55458690  144.94826045 
111 -35.55629079  144.94750137 
114 -35.55629079  144.94709897 -35.55611966  144.94694349 
111 -35.55497533  144.94875317 
112 -35.55606470  144.94963691 -35.55615185  144.94971725 
111 -35.55647867  144.94975742 
112 -35.55684905  144.94989132 -35.55693620  144.94990471 
111 -35.55709961  144.94974403 
112 -35.55752447  144.94861927 -35.55757894  144.94852554 
111 -35.55747000  144.94831130 
111 -35.55654403  144.94774892 
113 -35.55480103  144.94837825 
112 -35.55648997  144.95251230 -35.55647977  144.95255132 
111 -35.55650646  144.95257032 
112 -35.55672412  144.95267484 -35.55674113  144.95267902 
111 -35.55675473  144.95266090 
112 -35.56118395  144.94038217 -35.56119013  144.94036063 
111 -35.56117674  144.94034163 
112 -35.56093970  144.94021621 -35.56093249  144.94020861 
113 -35.56091187  144.94023268 
120 Linear Feature 5
111 -35.55662034  144.95051591   4 
115 -35.55667914  144.95034038 
120 Linear Feature 4
111 -35.55403253  144.94815310   3 
111 -35.55460274  144.94910817   3 
115 -35.55446857  144.94995330 
14  -35.55428882  144.94970161    6 0 New Tower Viewpoint 8
15  -35.55444460  144.94862639 145.19 New Ramp Start 7
19  -35.55536547  144.95021276 1 New Windsock 5
19  -35.56010043  144.93977799 0 New Windsock 6
51 11900 CTAF
1      287 0 0 YGBW GUNBOWER
100   49.99   4   0 0.25 0 0 0 14  -35.96340571  144.37798720    0.00    0.00 0  0 0 0 32  -35.96903000  144.38344600    0.00    0.00 0  0 0 0
110   4 0.25   0.00 New Taxiway 21
112 -35.96845958  144.38325947 -35.96809365  144.38314547 
111 -35.96802901  144.38305312 
112 -35.96692169  144.38198493 -35.96674068  144.38182341 
111 -35.96643359  144.38196760 
112 -35.96519172  144.38410242 -35.96517212  144.38414278 
111 -35.96522438  144.38430419 
111 -35.96517866  144.38441718 
111 -35.96502841  144.38427998 
112 -35.96643287  144.38189106 -35.96655045  144.38172965 
111 -35.96636102  144.38141490 
112 -35.96396053  144.37899363 -35.96391023  144.37894924 
111 -35.96380964  144.37858526 
112 -35.96387431  144.37867404 -35.96387431  144.37872730 
111 -35.96397490  144.37895812 
111 -35.96731895  144.38229715 
112 -35.96811590  144.38306388 -35.96824655  144.38316880 
113 -35.96844905  144.38320108 
14  -35.96643579  144.38215999    6 0 New Tower Viewpoint 19
15  -35.96652274  144.38178401 213.04 New Ramp Start 18
19  -35.96682705  144.38094610 0 New Windsock 20
1      235 0 0 YMOM MOULAMEIN
100  121.01  15   0 0.00 0 0 0 1   -35.06392447  144.01670742    0.00    0.00 0  0 0 0 19  -35.05484305  144.01924757    0.00    0.00 0  0 0 0
100  106.07  15   0 0.00 0 0 0 9   -35.06276653  144.00802815    0.00    0.00 0  0 0 0 27  -35.06550368  144.02832341    0.00    0.00 0  0 0 0
100   86.87  15   0 0.00 0 0 0 5   -35.06387795  144.01240769    0.00    0.00 0  0 0 0 23  -35.05748354  144.02348181    0.00    0.00 0  0 0 0
110   4 0.25   0.00 New Taxiway 15
111 -35.06357984  144.01275094 
112 -35.06358974  144.01252118 -35.06360953  144.01246071 
112 -35.06380750  144.01236397 -35.06385700  144.01238816 
112 -35.06391639  144.01263001 -35.06387679  144.01275094 
112 -35.06371842  144.01282349 -35.06367882  144.01285977 
111 -35.05768250  144.02319409 
112 -35.05769150  144.02344692 -35.05765550  144.02350189 
112 -35.05752052  144.02358983 -35.05747553  144.02357884 
111 -35.05744853  144.02356785 
112 -35.05718944  144.02371377 -35.05707246  144.02371377 
112 -35.05521682  144.02386650 -35.05508593  144.02386650 
111 -35.05491413  144.02383652 
111 -35.05467004  144.02397173 
112 -35.05490058  144.02442597 -35.05510137  144.02470760 
112 -35.05676424  144.02671009 -35.05704482  144.02718136 
112 -35.05892114  144.03099439 -35.05907896  144.03120860 
112 -35.05978039  144.03157277 -35.06025386  144.03178698 
111 -35.06122779  144.03230223 
112 -35.06105804  144.03240591 -35.06101561  144.03237999 
111 -35.05921205  144.03149871 
112 -35.05829967  144.03149871 -35.05798139  144.03157647 
111 -35.05556180  144.03238901 
112 -35.05528644  144.03231820 -35.05586614  144.03212345 
112 -35.05764870  144.03159234 -35.05805448  144.03145071 
112 -35.05872113  144.03132678 -35.05880809  144.03132678 
112 -35.05882258  144.03099041 -35.05854722  144.03047700 
112 -35.05675017  144.02691854 -35.05667771  144.02683002 
112 -35.05470589  144.02432192 -35.05440286  144.02356551 
112 -35.05427112  144.02206878 -35.05419207  144.02119971 
111 -35.05378334  144.01814732 
112 -35.05268337  144.01625843 -35.05199788  144.01577161 
111 -35.05041967  144.01491479 
112 -35.05041967  144.01470059 -35.05072256  144.01487585 
111 -35.05265149  144.01610265 
112 -35.05349640  144.01703736 -35.05370364  144.01744629 
112 -35.05392682  144.01816680 -35.05395870  144.01849784 
112 -35.05450037  144.02314861 -35.05455976  144.02343880 
111 -35.05461915  144.02387410 
112 -35.05492600  144.02371691 -35.05495570  144.02369273 
112 -35.05498539  144.02314861 -35.05496559  144.02288260 
112 -35.05490620  144.02215711 -35.05487651  144.02181855 
112 -35.05475773  144.02060940 -35.05472803  144.02019829 
112 -35.05480722  144.01972672 -35.05484681  144.01955744 
112 -35.05502499  144.01886822 -35.05503488  144.01875940 
112 -35.05511407  144.01860221 -35.05511407  144.01863848 
112 -35.05484681  144.01978718 -35.05482702  144.01989600 
112 -35.05479732  144.02025874 -35.05479732  144.02047639 
112 -35.05495570  144.02203619 -35.05495570  144.02214502 
111 -35.05498539  144.02236266 
111 -35.05714326  144.02169763 
112 -35.05684631  144.02145580 -35.05663844  144.02120188 
111 -35.05554961  144.01953325 
112 -35.05563869  144.01949698 -35.05569808  144.01958162 
112 -35.05662854  144.02093587 -35.05670773  144.02105678 
112 -35.05697499  144.02146789 -35.05705417  144.02154044 
112 -35.05731154  144.02161299 -35.05743032  144.02155253 
113 -35.05866225  144.02121704 
111 -35.05498824  144.02243879 
111 -35.05506814  144.02342986 
112 -35.05506199  144.02368514 -35.05501897  144.02373770 
111 -35.05498209  144.02381278 
111 -35.05520950  144.02382779 
111 -35.05717013  144.02367012 
112 -35.05731149  144.02359504 -35.05732993  144.02355750 
111 -35.05737295  144.02352747 
112 -35.05733608  144.02338481 -35.05736681  144.02324216 
112 -35.05748973  144.02317459 -35.05753275  144.02316708 
111 -35.05759421  144.02315957 
113 -35.05857875  144.02140465 
110   3 0.25   0.00 New Taxiway 13
111 -35.06327652  144.00791103 
111 -35.06597908  144.02820053 
111 -35.06503853  144.02839528 
111 -35.06357239  144.01750145 
111 -35.06104548  144.01820836 
111 -35.05782416  144.02376935 
111 -35.05718761  144.02318026 
111 -35.05990741  144.01853825 
111 -35.05498863  144.01988137 
111 -35.05473787  144.01858537 
111 -35.06083330  144.01691236 
111 -35.06295513  144.01316576 
113 -35.06233787  144.00817030 
111 -35.06316126  144.01448439 
111 -35.06194879  144.01658683 
113 -35.06339034  144.01618409 
14  -35.05706885  144.02131020    6 0 New Tower Viewpoint 28
15  -35.05738233  144.02168266 203.53 New Ramp Start 26
19  -35.05732981  144.02145310 0 New Windsock 27