1       64 1 1 SNBI Bacabal
100   29.87   1   0 0.25 0 0 0 10  -04.22855000 -044.82717800    0.00   57.61 2  0 0 0 28  -04.22688100 -044.81287200    0.00   55.17 2  0 0 0
110   1 0.30  83.33 Default taxiway for RWY 10
111 -04.22868126 -044.82716260   3 
111 -04.22935098 -044.82708405   3 
111 -04.22768211 -044.81277802   3 
111 -04.22701239 -044.81285657 
112 -04.22704362 -044.81312429 -04.22703025 -044.81299017   3 
111 -04.22719044 -044.81297138   3 
112 -04.22740403 -044.81294633 -04.22756423 -044.81292754   3 
111 -04.22757984 -044.81306140   3 
111 -04.22837524 -044.81987976   3 
111 -04.22783902 -044.81994265 
111 -04.22785463 -044.82007651   3 
111 -04.22839085 -044.82001362   3 
112 -04.22918625 -044.82683199 -04.22920186 -044.82696585   3 
111 -04.22904166 -044.82698464   3 
112 -04.22882807 -044.82700969 -04.22866788 -044.82702848   3 
113 -04.22865003 -044.82689488 
120 Default hold RWY 10 (near)
111 -04.22895049 -044.82713103   4 
115 -04.22893487 -044.82699717 
120 Default hold RWY 10 (centre)
111 -04.22812386 -044.82004494   4 
115 -04.22810825 -044.81991108 
120 Default hold RWY 10 (far)
111 -04.22729724 -044.81295886   4 
115 -04.22728162 -044.81282500 
19  -04.22818074 -044.82749269 1 WS
19  -04.22725025 -044.81255730 1 WS
1      154 1 1 SNOA Coroata
100   13.72   2   0 0.25 0 2 0 11  -04.14090748 -044.11983890    0.00    0.00 2 10 0 0 29  -04.14075832 -044.11127070    0.00    0.00 2 10 0 0
21  -04.14064341 -044.11803868  1  89.00   3.00 11  VASI
21  -04.14102241 -044.11307092  1 269.00   3.00 29  VASI
110   2 0.30  89.00 Default taxiway for RWY 11
111 -04.14096694 -044.11983786  53 102 
111 -04.14127773 -044.11983242  53 102 
111 -04.14112862 -044.11126422  53 102 
111 -04.14081783 -044.11126966 
112 -04.14081998 -044.11139340 -04.14082115 -044.11133149  53 102 
111 -04.14089520 -044.11133020  53 102 
112 -04.14099393 -044.11132847 -04.14106798 -044.11132717  53 102 
111 -04.14106906 -044.11138904  53 102 
111 -04.14114092 -044.11551846  53 102 
111 -04.14089184 -044.11552282 
111 -04.14089292 -044.11558469  53 102 
111 -04.14114200 -044.11558033  53 102 
112 -04.14121387 -044.11970976 -04.14121494 -044.11977163  53 102 
111 -04.14114089 -044.11977293  53 102 
112 -04.14104216 -044.11977466 -04.14096811 -044.11977595  53 102 
113 -04.14096479 -044.11971412 
120 Default hold RWY 11 (near)
111 -04.14109260 -044.11983566  54 
115 -04.14109152 -044.11977379 
120 Default hold RWY 11 (centre)
111 -04.14101858 -044.11558249  54 
115 -04.14101750 -044.11552062 
120 Default hold RWY 11 (far)
111 -04.14094456 -044.11132933  54 
115 -04.14094349 -044.11126746 
18  -04.14040232 -044.11556234 1 BCN
19  -04.14072588 -044.11996585 1 WS
19  -04.14093992 -044.11114374 1 WS
1      190 0 1 SNXH ITAPICURU
100   28.96   1   0 0.25 0 0 0 09  -04.51589700 -044.02788600    0.00  100.58 2  0 0 0 27  -04.51068900 -044.01245600    0.00  100.58 2  0 0 0
110   1 0.30  71.30 Default taxiway for RWY 09
111 -04.51601828 -044.02784481   3 
111 -04.51663746 -044.02763453   3 
111 -04.51142962 -044.01220442   3 
111 -04.51081044 -044.01241470 
112 -04.51089401 -044.01266229 -04.51085436 -044.01253777   3 
111 -04.51100245 -044.01248747   3 
112 -04.51119991 -044.01242041 -04.51134800 -044.01237012   3 
111 -04.51138978 -044.01249392   3 
111 -04.51388924 -044.01989949   3 
111 -04.51339347 -044.02006786 
111 -04.51343525 -044.02019165   3 
111 -04.51393102 -044.02002328   3 
112 -04.51643049 -044.02742885 -04.51647227 -044.02755265   3 
111 -04.51632418 -044.02760294   3 
112 -04.51612672 -044.02767000 -04.51597863 -044.02772030   3 
113 -04.51593472 -044.02759722 
120 Default hold RWY 09 (near)
111 -04.51626723 -044.02776026   4 
115 -04.51622545 -044.02763647 
120 Default hold RWY 09 (centre)
111 -04.51368420 -044.02010710   4 
115 -04.51364242 -044.01998331 
120 Default hold RWY 09 (far)
111 -04.51110118 -044.01245394   4 
115 -04.51105939 -044.01233015 
19  -04.51561163 -044.02825889 1 WS
19  -04.51097436 -044.01208311 1 WS