1     1048 1 1 FCBB MAYA MAYA
100   45.11   1   0 0.25 0 3 0 05  -04.26127200  015.24162500    0.00   83.82 2  7 0 0 23  -04.24212500  015.26443300    0.00   83.82 2  0 0 0
21  -04.24359087  015.26331124  2 229.91   3.00 23  PAPI-4L
10  -04.26069740  015.24149320 xxx  80.00   151 0.0 0.0   100 101101  1 0 0 0.25 0
10  -04.25678400  015.25119690 xxx  96.00   100 0.0 0.0   100 161161  1 0 0 0.25 0
10  -04.25320010  015.25529480 xxx 161.00   100 0.0 0.0   130 161161  1 0 0 0.25 0
10  -04.25353190  015.25526050 xxx  25.00   100 0.0 0.0   130 161161  1 0 0 0.25 0
10  -04.25333740  015.25530620 xxx 185.00   100 0.0 0.0   130 161161  1 0 0 0.25 0
10  -04.25727560  015.25111680 xxx 181.00   130 0.0 0.0   100 161161  1 0 0 0.25 0
10  -04.25473020  015.25424860 xxx   0.00   130 0.0 0.0   110 101101  1 0 0 0.25 0
10  -04.25510410  015.24930570 xxx 100.00   140 0.0 0.0   100 161161  1 0 0 0.25 0
10  -04.25488660  015.24956890 xxx   0.00   150 0.0 0.0   100 161161  1 0 0 0.25 0
10  -04.24229670  015.26488020 xxx  30.00   151 0.0 0.0   100 101101  1 0 0 0.25 0
10  -04.24243780  015.26437090 xxx 110.00   151 0.0 0.0   100 101101  1 0 0 0.25 0
10  -04.26134590  015.24108700 xxx 350.00   151 0.0 0.0   100 101101  1 0 0 0.25 0
10  -04.26081900  015.24124810 xxx  50.00   151 0.0 0.0   100 101101  1 0 0 0.25 0
10  -04.26104120  015.24110700 xxx  20.00   151 0.0 0.0   100 101101  1 0 0 0.25 0
10  -04.24201250  015.26493930 xxx 350.00   151 0.0 0.0   100 101101  1 0 0 0.25 0
10  -04.24245830  015.26467610 xxx  70.00   151 0.0 0.0   100 101101  1 0 0 0.25 0
10  -04.24906440  015.26317410 xxx  49.91   181 0.0 0.0    90 101101  1 0 0 0.25 0
10  -04.24926610  015.26284980 xxx  49.91   230 0.0 0.0   130 101101  1 0 0 0.25 0
10  -04.24223520  015.26469520 xxx  50.00   300 0.0 0.0   100 101101  1 0 0 0.25 0
10  -04.26104160  015.24139020 xxx  47.00   310 0.0 0.0   130 101101  1 0 0 0.25 0
10  -04.25602960  015.25031380 xxx 140.00  1200 0.0 0.0   130 101101  1 0 0 0.25 0
10  -04.26075790  015.24177650 xxx 108.00   151 0.0 0.0   100 101101  1 0 0 0.25 0
10  -04.24732020  015.25302890 xxx  49.91  2000 0.0 0.0   200 101101  1 0 0 0.25 0
10  -04.24748180  015.26156810 xxx 140.00  1600 0.0 0.0   100 101101  1 0 0 0.25 0
10  -04.25095940  015.25343800 xxx 140.00  2100 0.0 0.0   130 161161  1 0 0 0.25 0
10  -04.25526760  015.25327400 xxx  49.91  1900 0.0 0.0   130 161161  1 0 0 0.25 0
10  -04.25713250  015.25197320 xxx  49.91  2400 0.0 0.0   300 101101  2 0 0 0.25 0
14  -04.24936770  015.26315980   30 0 ATC Tower
15  -04.25623040  015.25300120 130.00 Ramp
18  -04.25061260  015.25211061 4 BCN
19  -04.26106757  015.24092032 1 WS
19  -04.24232941  015.26513766 1 WS
54 12110 BRAZZAVILLE TWR
54 11870 BRAZZAVILLE TWR
1     1027 1 1 FZAA NDJILI INTL
100   60.05   2   0 0.25 0 2 0 06  -04.39716700  015.42672200    0.00    0.00 2  2 0 0 24  -04.37433300  015.46241700    0.00   67.06 3  2 0 0
21  -04.37699094  015.45913178  2 237.32   3.00 24  PAPI-4L
10  -04.38882400  015.44335270 xxx  50.00   300 0.0 0.0   100 161161  1 0 0 0.25 0
10  -04.38380910  015.45117190 xxx  63.00   400 0.0 0.0   100 161161  1 0 0 0.25 0
10  -04.39121630  015.44137190 xxx  57.22  1160 0.0 0.0   420 161161  2 0 0 0.25 0
10  -04.38610360  015.44693370 xxx 147.20   400 0.0 0.0   200 101101  2 0 0 0.25 0
10  -04.38787130  015.44267850 xxx 147.63   600 0.0 0.0   200 161161  2 0 0 0.25 0
10  -04.38292170  015.45048050 xxx 147.63   600 0.0 0.0   200 161161  2 0 0 0.25 0
10  -04.38939570  015.44272230 xxx  29.00   800 0.0 0.0   180 161161  2 0 0 0.25 0
10  -04.38315730  015.45248990 xxx  71.00  1200 0.0 0.0   180 161161  2 0 0 0.25 0
10  -04.38704680  015.44752600 xxx  57.22  1360 0.0 0.0   580 101101  2 0 0 0.25 0
10  -04.38622190  015.44705300 xxx  57.22  3520 0.0 0.0   200 161161  2 0 0 0.25 0
10  -04.38248630  015.45457650 xxx  57.22   700 0.0 0.0   350 161161  2 0 0 0.25 0
18  -04.38416115  015.44354430 1 BCN
19  -04.39677771  015.42582761 1 WS
19  -04.37472224  015.46331137 1 WS
53 12190 GND
54 11810 TWR
54 12810 A/G
54 11810 A/G
55 11970 APP
55 12050 APP
1      915 1 1 FZAB NDOLO
100   29.87   1   0 0.25 0 0 0 08  -04.32918300  015.32016900  313.94    0.00 2  0 0 0 26  -04.32419400  015.33451100    0.00    0.00 2  0 0 0
110   1 0.30  70.77 Default taxiway for RWY 08
111 -04.32930778  015.32021265   3 
111 -04.32994444  015.32043538   3 
111 -04.32495558  015.33477747   3 
111 -04.32431892  015.33455474 
112 -04.32440746  015.33430021 -04.32436532  015.33442823   3 
111 -04.32451760  015.33448150   3 
112 -04.32472065  015.33455254 -04.32487294  015.33460581   3 
111 -04.32491721  015.33447854   3 
111 -04.32730096  015.32762566   3 
111 -04.32679121  015.32744733 
111 -04.32683548  015.32732006   3 
111 -04.32734523  015.32749839   3 
112 -04.32972899  015.32064552 -04.32977326  015.32051825   3 
111 -04.32962097  015.32046498   3 
112 -04.32941792  015.32039394 -04.32926564  015.32034067   3 
113 -04.32921924  015.32046719 
120 Default hold RWY 08 (near)
111 -04.32956372  015.32030219   4 
115 -04.32951945  015.32042946 
120 Default hold RWY 08 (centre)
111 -04.32709142  015.32740960   4 
115 -04.32704715  015.32753687 
120 Default hold RWY 08 (far)
111 -04.32461913  015.33451702   4 
115 -04.32457486  015.33464428 
19  -04.32889082  015.31978127 1 WS
19  -04.32448617  015.33489873 1 WS
54 11830 TWR