1     3019 1 1 SASJ JUJUY
100   39.93   1   0 0.25 0 2 0 15  -24.38116700 -065.10508300    0.00   30.48 2  0 0 0 33  -24.40430600 -065.09058300    0.00   30.48 3  1 0 0
110   1 0.30 150.29 Default taxiway for RWY 15
111 -24.38125493 -065.10525218   3 102 
111 -24.38170128 -065.10611095   3 102 
111 -24.40484097 -065.09161380   3 102 
111 -24.40439462 -065.09075487 
112 -24.40408253 -065.09095040 -24.40423969 -065.09085478   3 102 
111 -24.40434654 -065.09106040   3 102 
112 -24.40448902 -065.09133457 -24.40459587 -065.09154020   3 102 
111 -24.40443983 -065.09163797   3 102 
111 -24.39326010 -065.09864215   3 102 
111 -24.39290280 -065.09795465 
111 -24.39274675 -065.09805240   3 102 
111 -24.39310405 -065.09873991   3 102 
112 -24.38192432 -065.10574410 -24.38176828 -065.10584186   3 102 
111 -24.38166143 -065.10563627   3 102 
112 -24.38151895 -065.10536215 -24.38141210 -065.10515656   3 102 
113 -24.38156702 -065.10505665 
120 Default hold RWY 15 (near)
111 -24.38143414 -065.10559697   4 
115 -24.38159019 -065.10549921 
120 Default hold RWY 15 (centre)
111 -24.39292596 -065.09839723   4 
115 -24.39308201 -065.09829947 
120 Default hold RWY 15 (far)
111 -24.40441778 -065.09119749   4 
115 -24.40457383 -065.09109973 
18  -24.39211320 -065.09663687 1 BCN
19  -24.38058845 -065.10476586 1 WS
19  -24.40488458 -065.09090013 1 WS
54 11870 TWR/APP
54 11850 TWR/APP
1     4049 0 1 SA39 JUJUY AEROCLUB
100   24.38   1   0 0.25 0 0 0 11  -24.23476900 -065.27484400    0.00    0.00 2  0 0 0 29  -24.23817200 -065.26326100    0.00  294.13 2  0 0 0
110   1 0.30 107.86 Default taxiway for RWY 11
111 -24.23487129 -065.27488015   3 
111 -24.23539559 -065.27506542   3 
111 -24.23879903 -065.26348274   3 
111 -24.23827473 -065.26329746 
112 -24.23820743 -065.26352651 -24.23824322 -065.26341273   3 
111 -24.23836854 -065.26345702   3 
112 -24.23853563 -065.26351607 -24.23866095 -065.26356035   3 
111 -24.23862730 -065.26367488   3 
111 -24.23700970 -065.26917991   3 
111 -24.23658983 -065.26903154 
111 -24.23655618 -065.26914607   3 
111 -24.23697605 -065.26929444   3 
112 -24.23535846 -065.27479947 -24.23532481 -065.27491400   3 
111 -24.23519949 -065.27486971   3 
112 -24.23503240 -065.27481067 -24.23490708 -065.27476638   3 
113 -24.23493859 -065.27465110 
120 Default hold RWY 11 (near)
111 -24.23508229 -065.27495471   4 
115 -24.23511594 -065.27484019 
120 Default hold RWY 11 (centre)
111 -24.23676718 -065.26922063   4 
115 -24.23680083 -065.26910610 
120 Default hold RWY 11 (far)
111 -24.23845208 -065.26348654   4 
115 -24.23848573 -065.26337202 
19  -24.23438841 -065.27496234 1 WS
19  -24.23855259 -065.26314263 1 WS
1     3904 0 0 SA7P JUJUY PUERTA DE AVALOS
100   29.87   4   0 0.00 0 0 0 10  -24.31351057 -065.25224071    0.00    0.00 0  0 0 0 28  -24.31537832 -065.24164818    0.00    0.00 0  0 0 0
19  -24.31306362 -065.25244624 1 WS
19  -24.31582525 -065.24144261 1 WS
1     4088 1 1 SASA SALTA
100   45.11   1   0 0.25 0 3 0 02  -24.87283300 -065.48993600    0.00   28.96 3 10 0 0 20  -24.84637200 -065.48414700    0.00   28.96 2  0 0 0
100   29.87   1   0 0.25 0 2 0 06  -24.85809400 -065.48957200    0.00    0.00 2  0 0 0 24  -24.84482800 -065.47080800    0.00    0.00 2  0 0 0
21  -24.87123600 -065.49003712  2  11.23   3.00 02  PAPI-4L
21  -24.84821547 -065.48409972  2 191.23   3.00 20  PAPI-4L
110   1 0.30  11.23 Default taxiway for RWY 02
111 -24.87287209 -065.48971898   3 102 
111 -24.87307015 -065.48861930   3 102 
111 -24.84660926 -065.48282934   3 102 
111 -24.84641120 -065.48392879 
112 -24.84680939 -065.48401592 -24.84661074 -065.48396993   3 102 
111 -24.84665817 -065.48370664   3 102 
112 -24.84672141 -065.48335560 -24.84676884 -065.48309231   3 102 
111 -24.84696793 -065.48313587   3 102 
111 -24.85970064 -065.48592197   3 102 
111 -24.85954210 -065.48680211 
111 -24.85974119 -065.48684566   3 102 
111 -24.85989973 -065.48596552   3 102 
112 -24.87263244 -065.48875162 -24.87283153 -065.48879518   3 102 
111 -24.87278410 -065.48905852   3 102 
112 -24.87272086 -065.48940964 -24.87267343 -065.48967298   3 102 
113 -24.87247390 -065.48963185 
110   1 0.30  52.08 Default taxiway for RWY 06
111 -24.85819825 -065.48948249   3 102 
111 -24.85873018 -065.48902580   3 102 
111 -24.84546535 -065.47025984   3 102 
111 -24.84493342 -065.47071649 
112 -24.84509862 -065.47095020 -24.84501780 -065.47083182   3 102 
111 -24.84514503 -065.47072259   3 102 
112 -24.84531468 -065.47057695 -24.84544192 -065.47046772   3 102 
111 -24.84552452 -065.47058458   3 102 
111 -24.85195044 -065.47967542   3 102 
111 -24.85152454 -065.48004106 
111 -24.85160714 -065.48015791   3 102 
111 -24.85203304 -065.47979227   3 102 
112 -24.85845895 -065.48888312 -24.85854155 -065.48899997   3 102 
111 -24.85841431 -065.48910921   3 102 
112 -24.85824466 -065.48925486 -24.85811743 -065.48936411   3 102 
113 -24.85803305 -065.48924878 
120 Default hold RWY 02 (near)
111 -24.87295158 -065.48927765   4 
115 -24.87275248 -065.48923408 
120 Default hold RWY 06 (near)
111 -24.85841209 -065.48929890   4 
115 -24.85832949 -065.48918204 
120 Default hold RWY 02 (centre)
111 -24.85982068 -065.48640438   4 
115 -24.85962159 -065.48636082 
120 Default hold RWY 06 (centre)
111 -24.85182098 -065.47997433   4 
115 -24.85173838 -065.47985748 
120 Default hold RWY 02 (far)
111 -24.84668979 -065.48353112   4 
115 -24.84649069 -065.48348755 
120 Default hold RWY 06 (far)
111 -24.84522986 -065.47064977   4 
115 -24.84514726 -065.47053292 
18  -24.85072019 -065.48082734 1 BCN
19  -24.87311261 -065.49068148 1 WS
19  -24.85794111 -065.49007881 1 WS
19  -24.84609236 -065.48340169 1 WS
19  -24.84498082 -065.47030122 1 WS
54 12885 TWR/APP
54 11840 TWR/APP
1     4136 0 0 SA74 SALTA GENERAL BELGRANO
100   49.99   3   0 0.00 0 0 0 14  -24.74154191 -065.42248982    0.00    0.00 0  0 0 0 32  -24.75012475 -065.41528796    0.00    0.00 0  0 0 0
100   49.99   3   0 0.00 0 0 0 04  -24.74995310 -065.42234578    0.00    0.00 0  0 0 0 22  -24.74171357 -065.41543200    0.00    0.00 0  0 0 0
19  -24.74990189 -065.42323701 1 WS
19  -24.74077513 -065.42219908 1 WS
19  -24.74176474 -065.41454083 1 WS
19  -24.75089155 -065.41557869 1 WS