1     2641 1 1 SSYA Arapoti
100   22.86   1   0 0.25 0 0 0 05  -24.10926100 -049.79258600    0.00    0.00 2  0 0 0 23  -24.09848600 -049.78556900    0.00    0.00 2  0 0 0
110   1 0.30  30.73 Default taxiway for RWY 05
111 -24.10931241 -049.79249125   3 
111 -24.10957638 -049.79200479   3 
111 -24.09880154 -049.78498725   3 
111 -24.09853757 -049.78547367 
112 -24.09871441 -049.78558884 -24.09862714 -049.78552914   3 
111 -24.09869022 -049.78541291   3 
112 -24.09877432 -049.78525793 -24.09883739 -049.78514170   3 
111 -24.09892581 -049.78519928   3 
111 -24.10409218 -049.78856409   3 
111 -24.10388078 -049.78895366 
111 -24.10396920 -049.78901125   3 
111 -24.10418060 -049.78862168   3 
112 -24.10934697 -049.79198649 -24.10943539 -049.79204407   3 
111 -24.10937232 -049.79216031   3 
112 -24.10928822 -049.79231530 -24.10922514 -049.79243154   3 
113 -24.10913557 -049.79237608 
120 Default hold RWY 05 (near)
111 -24.10941869 -049.79229540   4 
115 -24.10933027 -049.79223781 
120 Default hold RWY 05 (centre)
111 -24.10407548 -049.78881541   4 
115 -24.10398706 -049.78875782 
120 Default hold RWY 05 (far)
111 -24.09873227 -049.78533542   4 
115 -24.09864385 -049.78527783 
19  -24.10928085 -049.79299048 1 WS
19  -24.09846613 -049.78516455 1 WS
1     3314 1 1 SSQT Castro
100   20.42   2   0 0.25 0 2 0 05  -24.81285856 -049.96411068    0.00    0.00 2 10 0 0 23  -24.80214304 -049.95644452    0.00    0.00 2 10 0 0
21  -24.81120592 -049.96327354  1  33.00   3.00 05  VASI
21  -24.80379572 -049.95728147  1 213.00   3.00 23  VASI
110   2 0.30  33.00 Default taxiway for RWY 05
111 -24.81290738 -049.96402786  53 102 
111 -24.81315885 -049.96360127  53 102 
111 -24.80244353 -049.95593449  53 102 
111 -24.80219206 -049.95636104 
112 -24.80234618 -049.95647132 -24.80227035 -049.95641411  53 102 
111 -24.80233041 -049.95631223  53 102 
112 -24.80241049 -049.95617640 -24.80247054 -049.95607453  53 102 
111 -24.80254760 -049.95612967  53 102 
111 -24.80771261 -049.95982521  53 102 
111 -24.80751119 -049.96016688 
111 -24.80758825 -049.96022202  53 102 
111 -24.80778967 -049.95988035  53 102 
112 -24.81295467 -049.96357589 -24.81303174 -049.96363103  53 102 
111 -24.81297169 -049.96373291  53 102 
112 -24.81289161 -049.96386876 -24.81283155 -049.96397064  53 102 
113 -24.81275325 -049.96391758 
120 Default hold RWY 05 (near)
111 -24.81300871 -049.96385597  54 
115 -24.81293165 -049.96380083 
120 Default hold RWY 05 (centre)
111 -24.80768958 -049.96005015  54 
115 -24.80761252 -049.95999501 
120 Default hold RWY 05 (far)
111 -24.80237045 -049.95624432  54 
115 -24.80229339 -049.95618918 
18  -24.80715122 -049.96087046 1 BCN
19  -24.81286329 -049.96447440 1 WS
19  -24.80213830 -049.95608083 1 WS
1     2598 0 0 SDID Itarare
100   29.87   4   0 0.00 0 0 0 15  -24.13305842 -049.33087923    0.00    0.00 0  0 0 0 33  -24.13749714 -049.32578743    0.00    0.00 0  0 0 0
130 Airport Boundary
111 -24.13794230 -049.32405890 
111 -24.13140676 -049.33155600 
111 -24.13261326 -049.33260775 
113 -24.13914879 -049.32511065 
19  -24.13560755 -049.32862080 0 Windsock
1     3501 1 1 SSIS Pirai Do Sul
100   13.41   2   0 0.25 0 2 0 14  -24.53975505 -049.92506651    0.00    0.00 2 10 0 0 32  -24.54302395 -049.91660069    0.00    0.00 2 10 0 0
21  -24.54024542 -049.92314588  1 113.00   3.00 14  VASI
21  -24.54253368 -049.91852140  1 293.00   3.00 32  VASI
110   2 0.30 113.00 Default taxiway for RWY 14
111 -24.53980853 -049.92509147  53 102 
111 -24.54008834 -049.92522204  53 102 
111 -24.54335748 -049.91675645  53 102 
111 -24.54307767 -049.91662587 
112 -24.54303051 -049.91674800 -24.54305616 -049.91668789  53 102 
111 -24.54312281 -049.91671900  53 102 
112 -24.54321169 -049.91676048 -24.54327835 -049.91679158  53 102 
111 -24.54325477 -049.91685265  53 102 
111 -24.54167915 -049.92093279  53 102 
111 -24.54145489 -049.92082814 
111 -24.54143131 -049.92088920  53 102 
111 -24.54165557 -049.92099385  53 102 
112 -24.54007995 -049.92507399 -24.54005637 -049.92513506  53 102 
111 -24.53998971 -049.92510395  53 102 
112 -24.53990083 -049.92506248 -24.53983418 -049.92503137  53 102 
113 -24.53985569 -049.92496934 
120 Default hold RWY 14 (near)
111 -24.53992169 -049.92514428  54 
115 -24.53994527 -049.92508322 
120 Default hold RWY 14 (centre)
111 -24.54154447 -049.92094201  54 
115 -24.54156805 -049.92088095 
120 Default hold RWY 14 (far)
111 -24.54316725 -049.91673974  54 
115 -24.54319083 -049.91667868 
18  -24.54100066 -049.92065222 1 BCN
19  -24.53954125 -049.92511087 1 WS
19  -24.54323775 -049.91655632 1 WS