1     3900 0 0 FYAN Aranos
100   10.06   4   0 0.00 0 0 0 18  -24.12150000  019.11420000    0.00    0.00 0  0 0 0 36  -24.13680000  019.11420000    0.00    0.00 0  0 0 0
19  -24.12140948  019.11434726 1 WS
19  -24.13689052  019.11405272 1 WS
1     3580 0 0 FYMS Masbieker
100   10.06   4   0 0.00 0 0 0 13  -24.69130000  019.85390000    0.00    0.00 0  0 0 0 31  -24.69420000  019.85770000    0.00    0.00 0  0 0 0
19  -24.69113886  019.85391886 1 WS
19  -24.69436114  019.85768114 1 WS
1     3600 0 0 FYSE Soetgras
100   10.06   5   0 0.00 0 0 0 01  -24.50920000  019.87010000    0.00    0.00 0  0 0 0 19  -24.49860000  019.87210000    0.00    0.00 0  0 0 0
19  -24.50926647  019.86993758 1 WS
19  -24.49853353  019.87226240 1 WS