1     3500 0 0 FB44 Mabutsane
100 1000.05  15   0 0.00 0 0 0 18  -24.37880000  023.55000000    0.00    0.00 0  0 0 0 36  -24.38780000  023.55000000    0.00    0.00 0  0 0 0
19  -24.36980028  023.56481852 1 WS
19  -24.39679972  023.53517832 1 WS
1     3500 0 0 FB48 Morwamosu
100 1000.05  15   0 0.00 0 0 0 18  -24.09550000  023.06670000    0.00    0.00 0  0 0 0 36  -24.10450000  023.06670000    0.00    0.00 0  0 0 0
19  -24.08650028  023.08148558 1 WS
19  -24.11349972  023.05191130 1 WS
1     3600 0 0 FB49 Motokwe
100   24.99   4   0 0.00 0 0 0 04  -24.05320000  023.29700000    0.00    0.00 0  0 0 0 22  -24.04680000  023.30300000    0.00    0.00 0  0 0 0
19  -24.05315144  023.29655915 1 WS
19  -24.04684854  023.30344083 1 WS
1     3600 0 0 FB68 Sekuma
100 1000.05  15   0 0.00 0 0 0 18  -24.51220000  023.91670000    0.00    0.00 0  0 0 0 36  -24.52120000  023.91670000    0.00    0.00 0  0 0 0
19  -24.50320028  023.93153420 1 WS
19  -24.53019972  023.90186261 1 WS