1      300 0 0 YBIE Bedourie
100   29.87   1   0 0.25 0 1 0 14  -24.34049430  139.45601704    0.00    0.00 1  0 0 0 32  -24.35170600  139.46428700    0.00   88.09 1  0 0 0
110   1 0.25   0.00 New Taxiway 15
112 -24.34923522  139.46114307 -24.34927151  139.46113922  20 
112 -24.34931834  139.46122789 -24.34932068  139.46128187  20 
112 -24.34924224  139.46129600 -24.34921297  139.46129472  20 
114 -24.34917550  139.46122789 -24.34917433  139.46119191  20 
110   3 0.25   0.00 New Taxiway 14
111 -24.35501580  139.46894672 
111 -24.35527501  139.46858703 
111 -24.35631186  139.46851187 
111 -24.35665911  139.46879103 
111 -24.35666400  139.46920441 
111 -24.35642924  139.46956409 
111 -24.35537772  139.46965536 
113 -24.35503047  139.46932788 
110   1 0.25   0.00 New Taxiway 9
111 -24.35136626  139.46288618   1 
111 -24.35256758  139.46375661   1 
111 -24.35253437  139.46380801 
111 -24.35264452  139.46388003 
111 -24.35276287  139.46365268 
111 -24.35305877  139.46388653 
112 -24.35302326  139.46395798 -24.35301734  139.46399046 
112 -24.35298775  139.46407490 -24.35298183  139.46408140 
111 -24.35291674  139.46413337 
112 -24.35297592  139.46419183 -24.35298183  139.46419832 
111 -24.35623909  139.46641372 
112 -24.35655878  139.46634918 -24.35663962  139.46626448 
111 -24.35666901  139.46626851 
111 -24.35700605  139.46967463 
111 -24.35693935  139.46968439 
111 -24.35672594  139.46717583 
112 -24.35634801  139.46662433 -24.35596564  139.46633150 
111 -24.35289160  139.46419828 
111 -24.35286463  139.46423926 
111 -24.35262610  139.46409582 
111 -24.35268833  139.46398654 
112 -24.35267796  139.46393645 -24.35264892  139.46390686 
111 -24.35251825  139.46383628   1 102 
111 -24.35234816  139.46408444   1 102 
111 -24.35216143  139.46398237   1 102 
112 -24.35199624  139.46396697 -24.35195417  139.46398408   1 102 
112 -24.35185911  139.46406961 -24.35183729  139.46410553   1 102 
111 -24.35179210  139.46417395 
111 -24.35177807  139.46421671 
111 -24.35148550  139.46397589 
111 -24.35154170  139.46398746   1 102 
112 -24.35175362  139.46397075 -24.35179811  139.46391292   1 102 
111 -24.35191050  139.46373171   1 102 
113 -24.35118708  139.46320405   1 102 
120 Linear Feature 13
111 -24.35245094  139.46385136   2 
112 -24.35246414  139.46378306 -24.35244528  139.46374167   2 
112 -24.35238872  139.46373546 -24.35236609  139.46374374   2 
112 -24.35230386  139.46382446 -24.35227746  139.46384515   2 
115 -24.35227747  139.46384515 
120 Linear Feature 12
111 -24.35249301  139.46385087   1 
111 -24.35202161  139.46386122   1 
112 -24.35187453  139.46393987 -24.35182739  139.46400403   1 
111 -24.35178968  139.46406198   1 
112 -24.35166900  139.46410545 -24.35159358  139.46410959   1 
115 -24.35159358  139.46410959 
120 Linear Feature 11
111 -24.35185083  139.46383106   4 
115 -24.35201375  139.46395546 
120 Linear Feature 10
111 -24.35211152  139.46342385   1 
115 -24.35191353  139.46372811 
14  -24.35250597  139.46400404    6 0 New Tower Viewpoint 6
15  -24.35167332  139.46316551  64.80 New Ramp Start 5
18  -24.34557478  139.46100825 1 BCN
19  -24.34924809  139.46122661 1 New Windsock 7
51 12670 CTAF
1      307 0 0 YUNY CLUNY
100   93.88   4   0 0.25 0 0 0 6   -24.51412290  139.61144278    0.00    0.00 0  0 0 0 24  -24.50934701  139.62344103    0.00    0.00 0  0 0 0
110   4 0.25   0.00 New Taxiway 3
111 -24.51255599  139.61619506 
112 -24.51259736  139.61627690 -24.51263873  139.61635874 
112 -24.51282902  139.61640420 -24.51293245  139.61642239 
112 -24.51334613  139.61638602 -24.51350333  139.61645421 
112 -24.51322203  139.61651332 -24.51317238  139.61652241 
112 -24.51320548  139.61682249 -24.51323444  139.61690433 
112 -24.51348265  139.61709074 -24.51354470  139.61716803 
112 -24.51333786  139.61722259 -24.51329649  139.61719531 
112 -24.51317652  139.61729533 -24.51309792  139.61732261 
112 -24.51296968  139.61708164 -24.51291176  139.61698616 
112 -24.51280834  139.61674520 -24.51271733  139.61659516 
113 -24.51249394  139.61642693 
14  -24.51320134  139.61605411    6 0 New Tower Viewpoint 9
15  -24.51293245  139.61679521 283.13 New Ramp Start 7
19  -24.51265941  139.61708164 0 New Windsock 8
1      277 0 0 YGLE GLENGYLE
100  106.99   4   0 0.00 0 0 0 15  -24.80470522  139.59977518    0.00    0.00 0  0 0 0 33  -24.79320867  139.59398408    0.00    0.00 0  0 0 0
110   4 0.25   0.00 New Taxiway 4
111 -24.79466919  139.59425192 
112 -24.79525361  139.59418233 -24.79547475  139.59421713 
112 -24.79634349  139.59435632 -24.79658042  139.59433892 
112 -24.79670678  139.59477390 -24.79686473  139.59493049 
112 -24.79722803  139.59470430 -24.79743336  139.59463471 
112 -24.79776507  139.59513928 -24.79778086  139.59540027 
113 -24.79779666  139.59574825 
110   4 0.25   0.00 New Taxiway 3
111 -24.80844703  139.60741861 
112 -24.80792919  139.60753746 -24.80773500  139.60754934 
112 -24.80586860  139.60665800 -24.80497316  139.60611132 
111 -24.80421947  139.60524958 
112 -24.79224365  139.59436690 -24.79158025  139.59386236 
112 -24.78989759  139.59315258 -24.78906506  139.59287240 
112 -24.78686810  139.59317805 -24.78622058  139.59325447 
112 -24.78411612  139.59452802 -24.78369985  139.59475725 
111 -24.78205791  139.59559780 
111 -24.78182666  139.59567421 
111 -24.78194229  139.59554686 
112 -24.78450398  139.59414005 -24.78465115  139.59407058 
112 -24.78681657  139.59302855 -24.78708988  139.59300539 
111 -24.78677453  139.59272752 
112 -24.78532390  139.59147708 -24.78526083  139.59145392 
112 -24.78507162  139.59191705 -24.78505060  139.59198652 
111 -24.78475627  139.59249596 
111 -24.78460910  139.59249596 
111 -24.78471422  139.59212546 
111 -24.78519776  139.59138445 
112 -24.78494548  139.59115289 -24.78481934  139.59101395 
111 -24.78471422  139.59122236 
112 -24.78450398  139.59184758 -24.78437784  139.59212546 
112 -24.78420966  139.59180127 -24.78406249  139.59170864 
111 -24.78393635  139.59163917 
112 -24.78433580  139.59106027 -24.78475627  139.59059714 
111 -24.78513469  139.59106027 
111 -24.78734216  139.59284330 
112 -24.78797287  139.59282014 -24.78837232  139.59277383 
112 -24.78988601  139.59307486 -24.79129459  139.59339905 
111 -24.79219245  139.59414336 
112 -24.79219245  139.59235010 -24.79211613  139.59106119 
112 -24.79094596  139.58820319 -24.79046263  139.58711042 
111 -24.78898720  139.58506499 
111 -24.78908895  139.58489687 
112 -24.79160736  139.58912784 -24.79242139  139.59075298 
112 -24.79272538  139.59413577 -24.79280170  139.59452805 
111 -24.79305608  139.59486429 
112 -24.79842360  139.59971173 -24.79984816  139.60097263 
112 -24.80558566  139.60605733 -24.80633278  139.60665065 
113 -24.80779226  139.60716742 
14  -24.79774927  139.59529587    6 0 New Tower Viewpoint 5
15  -24.79697530  139.59503489   0.00 New Ramp Start 4
19  -24.79650144  139.59639202 0 New Windsock 6
1      307 0 0 YSAG SANDRINGHAM STATION
100   49.99   4   0 0.25 0 0 0 12  -24.05003909  139.06931657    0.00    0.00 0  0 0 0 30  -24.05964900  139.08656000    0.00    0.00 0  0 0 0
110   3 0.25   0.00 New Taxiway 7
111 -24.05251947  139.06288866 
111 -24.05218043  139.06363849 
111 -24.05168848  139.06333273 
113 -24.05206076  139.06250283 
110   4 0.25   0.00 New Taxiway 4
111 -24.04433015  139.06810054 
111 -24.05064630  139.06475668 
112 -24.05079804  139.06456975 -24.05079804  139.06446591 
111 -24.05021712  139.05865487 
112 -24.05040680  139.05880025 -24.05044473  139.05927794 
111 -24.05076718  139.06228948 
111 -24.05150691  139.06270486 
112 -24.05165865  139.06197794 -24.05173452  139.06185333 
112 -24.05192419  139.06181179 -24.05192419  139.06206102 
111 -24.05148794  139.06339025 
112 -24.05289153  139.06399256 -24.05321398  139.06426256 
111 -24.05565675  139.06698942 
112 -24.05601886  139.06782021 -24.05603610  139.06802791 
112 -24.05632923  139.06974612 -24.05643269  139.06999158 
112 -24.05670858  139.07091678 -24.05670858  139.07121888 
112 -24.05594989  139.07216296 -24.05543259  139.07231401 
111 -24.05450146  139.07246506 
112 -24.05360482  139.07201190 -24.05325996  139.07157763 
112 -24.05175981  139.06895310 -24.05151841  139.06823560 
112 -24.05101836  139.06610199 -24.05098387  139.06581877 
112 -24.05082868  139.06500687 -24.05082868  139.06496910 
111 -24.05081144  139.06478029 
111 -24.05058528  139.06494617 
111 -24.05008541  139.06777412 
112 -24.05005764  139.06862554 -24.05011318  139.06889922 
111 -24.05025204  139.06926411 
111 -24.04996752  139.06947184 
112 -24.04981578  139.06880721 -24.04979682  139.06864105 
112 -24.04989165  139.06778950 -24.04992959  139.06747796 
111 -24.05040378  139.06500638 
111 -24.04442421  139.06846058 
113 -24.04308890  139.06903173 
111 -24.05137921  139.06363783 
112 -24.05095170  139.06502664 -24.05093745  139.06521390 
112 -24.05113695  139.06610336 -24.05122246  139.06646226 
112 -24.05182098  139.06892779 -24.05196348  139.06923988 
112 -24.05371630  139.07195508 -24.05401556  139.07218915 
112 -24.05450007  139.07237640 -24.05478508  139.07232959 
112 -24.05589543  139.07207676 -24.05599276  139.07204479 
112 -24.05662543  139.07092564 -24.05658649  139.07017954 
112 -24.05623610  139.06973188 -24.05610956  139.06933752 
112 -24.05592463  139.06784532 -24.05581756  139.06763215 
112 -24.05553530  139.06701396 -24.05522383  139.06659827 
111 -24.05285791  139.06407699 
114 -24.05153869  139.06351323 -24.05144216  139.06352204 
111 -24.05077106  139.06259747 
111 -24.05087078  139.06460671 
111 -24.05090402  139.06479599 
113 -24.05146245  139.06297602 
14  -24.04981188  139.07009370    6 0 New Tower Viewpoint 14
15  -24.05008393  139.06907231   0.00 New Ramp Start 12
19  -24.04995438  139.07054766 0 New Windsock 13