1      397 0 0 YAST ANGLESTONE
100  123.14   4   0 0.25 0 0 0 2   -24.61923938  149.74920324    0.00    0.00 0  0 0 0 20  -24.63167407  149.74192048    0.00    0.00 0  0 0 0
14  -24.63119974  149.74175402    6 0 New Tower Viewpoint 35
15  -24.63138836  149.74198454   0.00 New Ramp Start 33
19  -24.63031954  149.74163876 0 New Windsock 34
1      348 0 0 YBAB BARALABA
100   49.99   4   0 0.25 0 0 0 9   -24.18990195  149.82086750    0.00    0.00 0  0 0 0 27  -24.19111500  149.83015500    0.00    0.00 0  0 0 0
14  -24.19029561  149.82118959    6 0 New Tower Viewpoint 6
15  -24.19004385  149.82111074   0.00 New Ramp Start 4
19  -24.18934250  149.82107131 0 New Windsock 5
1      482 0 0 YMOU Moura
100   17.98   1   0 0.25 0 0 0 16  -24.60244751  149.99299392    0.00   50.90 0  0 0 0 34  -24.61666203  149.99590795    0.00    0.00 0  0 0 0
110   3 1.00   0.00 New Taxiway 7
112 -24.60507609  149.99271588 -24.60529219  149.99275685 
112 -24.60537956  149.99271730 -24.60538634  149.99270240 
112 -24.60594861  149.99216593 -24.60598926  149.99209143 
112 -24.60588764  149.99183064 -24.60590797  149.99174868 
112 -24.60647024  149.99189770 -24.60661250  149.99197966 
112 -24.60649733  149.99217339 -24.60644991  149.99229260 
112 -24.60641604  149.99235221 -24.60644314  149.99244162 
112 -24.60710703  149.99315691 -24.60715445  149.99320161 
112 -24.61334150  149.99453859 -24.61355199  149.99461575 
111 -24.61334150  149.99466719 
112 -24.60178196  149.99222958 -24.60162327  149.99219686 
113 -24.60178196  149.99204414 
112 -24.60609187  149.99228897 -24.60606642  149.99230017 
112 -24.60563380  149.99272561 -24.60554218  149.99283757 
112 -24.60564906  149.99284876 -24.60573050  149.99285996 
112 -24.60654994  149.99307268 -24.60662628  149.99309507 
112 -24.60660084  149.99295512 -24.60659066  149.99291034 
113 -24.60618348  149.99230576 
110   1 0.00   0.00 New Taxiway 7
111 -24.60967165  149.99452496 
111 -24.61057066  149.99470259 
112 -24.61063055  149.99473426 -24.61033710  149.99467391 
111 -24.61020919  149.99488319 
112 -24.61014855  149.99539216 -24.61013701  149.99556136 
111 -24.61023700  149.99565020 
111 -24.61035623  149.99579826 
111 -24.61032546  149.99605207 
111 -24.60986780  149.99599708 
112 -24.61001394  149.99485915 -24.61002163  149.99468994 
113 -24.60971310  149.99454184 
110   2 1.00   0.00 New Taxiway 4
111 -24.61047663  149.99607194 
111 -24.61055909  149.99606445 
111 -24.61056212  149.99607610 
113 -24.61047436  149.99608192 
110   2 1.00   0.00 New Taxiway 3
111 -24.61033970  149.99602950 
111 -24.61043275  149.99605446 
111 -24.61043275  149.99606777 
113 -24.61033743  149.99604447 
110   1 1.00   0.00 New Taxiway 1
111 -24.61035363  149.99584533 
112 -24.61047333  149.99594461 -24.61060481  149.99598778 
112 -24.61074020  149.99609569 -24.61076571  149.99617555 
112 -24.61077749  149.99628347 -24.61077553  149.99629210 
112 -24.61085598  149.99640434 -24.61091485  149.99641945 
111 -24.61182102  149.99657913 
112 -24.61220329  149.99656085 -24.61231252  149.99653734 
112 -24.61251671  149.99654518 -24.61256895  149.99656607 
111 -24.61561288  149.99717826 
112 -24.61617232  149.99749287 -24.61637843  149.99763630 
111 -24.61736743  149.99780461 
112 -24.61764001  149.99743774 -24.61766435  149.99719302 
111 -24.61779780  149.99622375 
112 -24.61792504  149.99591584 -24.61795558  149.99583187 
111 -24.61817444  149.99547357 
112 -24.61820498  149.99550156 -24.61816935  149.99555754 
111 -24.61789960  149.99608379 
112 -24.61782325  149.99630773 -24.61780289  149.99643090 
111 -24.61766547  149.99752259 
112 -24.61734482  149.99784730 -24.61716159  149.99783050 
111 -24.61631671  149.99760656 
112 -24.61599606  149.99741622 -24.61593498  149.99737143 
112 -24.61558888  149.99720908 -24.61553289  149.99719788 
111 -24.61248823  149.99656268 
112 -24.61222276  149.99663915 -24.61215008  149.99672953 
112 -24.61209319  149.99698328 -24.61208055  149.99709452 
111 -24.61205211  149.99726137 
112 -24.61212796  149.99745255 -24.61214376  149.99746646 
111 -24.61188145  149.99740389 
112 -24.61195730  149.99733089 -24.61198258  149.99729960 
112 -24.61202367  149.99713275 -24.61202999  149.99707018 
112 -24.61204895  149.99687900 -24.61204895  149.99687205 
112 -24.61185617  149.99663915 -24.61172344  149.99661482 
111 -24.61085098  149.99645364 
112 -24.61075368  149.99635731 -24.61075368  149.99631094 
112 -24.61068070  149.99608440 -24.61065151  149.99604872 
112 -24.61054004  149.99599966 -24.61050385  149.99598934 
112 -24.61035508  149.99595396 -24.61035106  149.99595396 
111 -24.61032157  149.99594954 
113 -24.61026930  149.99586109 
110   1 1.00   0.00 New Taxiway 6
112 -24.61170334  149.99621355 -24.61175085  149.99621630  22 
112 -24.61177086  149.99631533 -24.61177086  149.99637035  22 
112 -24.61168645  149.99638273 -24.61164956  149.99638135  22 
114 -24.61162143  149.99629608 -24.61162330  149.99625069  22 
110   1 1.00   0.00 New Taxiway 5
112 -24.61154390  149.99620942 -24.61157891  149.99620873  22 
112 -24.61158954  149.99628920 -24.61158829  149.99631258  22 
112 -24.61152952  149.99633940 -24.61150888  149.99633803  22 
114 -24.61149200  149.99627544 -24.61149450  149.99625069  22 
110   3 1.00   0.00 New Taxiway 2
111 -24.61055972  149.99599287 
112 -24.61054766  149.99612407 -24.61054364  149.99614766 
112 -24.61051683  149.99615355 -24.61051147  149.99616829 
111 -24.61049137  149.99623905 
112 -24.61038683  149.99620367 -24.61037208  149.99619925 
112 -24.61035734  149.99615797 -24.61035734  149.99614618 
113 -24.61036136  149.99593832 
14  -24.61039388  149.99599858    6 0 New Tower Viewpoint 3
15  -24.60179400  149.99214053 169.77 Glider Launch 16
15  -24.61329200  149.99459077 345.96 Glider Launch 34
15  -24.61025116  149.99598609 284.04 Terminal
19  -24.61169396  149.99630433 0 New Windsock 1
51 12670 CTAF
1      431 0 0 YOBM OOMBABEER
100   25.91   4   0 0.25 0 0 0 10  -24.52824241  149.55284502    0.00    0.00 0  0 0 0 28  -24.52980118  149.55867375    0.00    0.00 0  0 0 0
110   4 0.25   0.00 New Taxiway 5
112 -24.53209249  149.56143125 -24.53204127  149.56119976 
112 -24.53141427  149.55974150 -24.53135166  149.55966017 
112 -24.53102389  149.55921091 -24.53100323  149.55918063 
112 -24.53095502  149.55921091 -24.53092747  149.55924119 
112 -24.53073463  149.55921848 -24.53068642  149.55921848 
112 -24.53028667  149.55955967 -24.53005182  149.55966792 
112 -24.52937757  149.55960131 -24.52916544  149.55956800 
112 -24.52828665  149.55896012 -24.52813513  149.55882688 
112 -24.52715785  149.55788592 -24.52691542  149.55766941 
112 -24.52559885  149.55618389 -24.52534885  149.55586330 
112 -24.52514885  149.55496565 -24.52513218  149.55476414 
111 -24.52509051  149.55455346 
112 -24.52419884  149.55565263 -24.52407384  149.55579918 
111 -24.52417384  149.55558851 
112 -24.52506003  149.55453088 -24.52526003  149.55430189 
112 -24.52519336  149.55414617 -24.52521003  149.55391718 
111 -24.52544352  149.55324563 
112 -24.52522382  149.55313738 -24.52513291  149.55307909 
112 -24.52532231  149.55215478 -24.52532989  149.55190497 
112 -24.52562534  149.55222973 -24.52570868  149.55233798 
111 -24.52570868  149.55237961 
112 -24.52603444  149.55206318 -24.52617080  149.55190497 
112 -24.52608747  149.55210482 -24.52604959  149.55217144 
111 -24.52599656  149.55230467 
111 -24.52616323  149.55241292 
111 -24.52586777  149.55307077 
112 -24.52601171  149.55331225 -24.52607232  149.55337054 
112 -24.52672384  149.55338720 -24.52711021  149.55337887 
112 -24.52744263  149.55301308 -24.52747929  149.55296270 
111 -24.52750679  149.55250928 
112 -24.52753429  149.55202564 -24.52758929  149.55188458 
112 -24.52772680  149.55180397 -24.52771763  149.55176366 
112 -24.52772680  149.55164275 -24.52780930  149.55164275 
112 -24.52806597  149.55154199 -24.52808430  149.55156215 
111 -24.52812087  149.55176109 
111 -24.52844171  149.55159988 
112 -24.52857921  149.55177117 -24.52860671  149.55177117 
112 -24.52933088  149.55139836 -24.52940422  149.55135805 
112 -24.52972505  149.55099532 -24.52988089  149.55082402 
112 -24.53041256  149.55048144 -24.53058673  149.55037060 
112 -24.53149424  149.54974589 -24.53175091  149.54963505 
112 -24.53275925  149.54939323 -24.53307092  149.54940331 
112 -24.53249342  149.54953429 -24.53220925  149.54958467 
112 -24.53159507  149.54983657 -24.53110923  149.55005825 
112 -24.53042427  149.55062726 -24.53021140  149.55075113 
112 -24.52942251  149.55145310 -24.52924094  149.55167333 
112 -24.52874366  149.55234622 -24.52872699  149.55236454 
112 -24.52866032  149.55250194 -24.52864366  149.55252942 
112 -24.52843532  149.55297825 -24.52841866  149.55306985 
112 -24.52830199  149.55320725 -24.52830199  149.55323473 
112 -24.52811032  149.55313397 -24.52805199  149.55310649 
111 -24.52798532  149.55295077 
112 -24.52705801  149.55339713 -24.52685310  149.55350349 
112 -24.52648948  149.55347941 -24.52625463  149.55345443 
112 -24.52589856  149.55356268 -24.52576220  149.55361264 
112 -24.52550462  149.55400401 -24.52542129  149.55417055 
112 -24.52518644  149.55468683 -24.52515613  149.55487835 
112 -24.52538341  149.55561946 -24.52548947  149.55601083 
112 -24.52614543  149.55670709 -24.52629695  149.55685092 
112 -24.52756418  149.55813027 -24.52777768  149.55833466 
112 -24.52815085  149.55870125 -24.52827002  149.55882216 
112 -24.52867336  149.55912444 -24.52887503  149.55928565 
112 -24.52954420  149.55953755 -24.52972754  149.55960808 
111 -24.52981004  149.55949724 
111 -24.53067171  149.55911436 
112 -24.53068088  149.55901360 -24.53068088  149.55897330 
111 -24.53051588  149.55879193 
112 -24.52997504  149.55863072 -24.52993837  149.55861057 
111 -24.52981920  149.55861057 
112 -24.52967254  149.55782465 -24.52970004  149.55783472 
112 -24.52985587  149.55804632 -24.52989254  149.55810677 
112 -24.52992004  149.55843928 -24.52993837  149.55851988 
112 -24.53008504  149.55862064 -24.53016754  149.55866095 
112 -24.53051588  149.55873148 -24.53063505  149.55874155 
112 -24.53073588  149.55887254 -24.53074505  149.55890277 
111 -24.53084588  149.55900353 
111 -24.53099255  149.55910428 
112 -24.53147839  149.55969876 -24.53156089  149.55981967 
112 -24.53190006  149.56076680 -24.53195506  149.56090787 
113 -24.53218423  149.56154265 
111 -24.52919600  149.55163812 
111 -24.52852933  149.55188543 
111 -24.52811266  149.55217855 
111 -24.52771266  149.55276477 
111 -24.52787932  149.55288385 
114 -24.52843766  149.55253578 -24.52862100  149.55233426 
111 -24.52860433  149.55245334 
112 -24.52808766  149.55289301 -24.52805433  149.55290217 
114 -24.52826266  149.55301209 -24.52829600  149.55300293 
111 -24.52766084  149.55284320 
111 -24.52752827  149.55304532 
113 -24.52776774  149.55295601 
111 -24.52576277  149.55302595 
112 -24.52556355  149.55330123 -24.52551233  149.55333877 
112 -24.52537572  149.55353897 -24.52537572  149.55362656 
112 -24.52541557  149.55373291 -24.52546679  149.55373917 
112 -24.52556925  149.55376419 -24.52560340  149.55370163 
112 -24.52581969  149.55348266 -24.52583676  149.55347015 
114 -24.52588799  149.55326995 -24.52589368  149.55323241 
111 -24.52535296  149.55377045 
112 -24.52525619  149.55409578 -24.52525050  149.55415208 
111 -24.52525050  149.55425844 
112 -24.52538711  149.55403321 -24.52540418  149.55400819 
113 -24.52551233  149.55384553 
14  -24.52816455  149.55257421    6 0 New Tower Viewpoint 10
15  -24.52837116  149.55296648   0.00 New Ramp Start 8
19  -24.52809567  149.55343445 0 New Windsock 9
1      491 0 0 YTMA THALMERA
100   20.12   3   0 0.25 0 0 0 9   -24.64894515  149.61967288    0.00    0.00 0  0 0 0 27  -24.65042154  149.63130161    0.00    0.00 0  0 0 0
110   4 0.25   0.00 New Taxiway 2
112 -24.65129601  149.62907309 -24.65136984  149.62903461 
111 -24.65149418  149.62915004 
112 -24.65156024  149.62909874 -24.65159909  149.62906454 
112 -24.65184778  149.62905598 -24.65192938  149.62905598 
111 -24.65193717  149.62925332 
112 -24.65209543  149.63235086 -24.65208710  149.63250665 
111 -24.65215373  149.63273576 
111 -24.65337815  149.62992231 
111 -24.65340313  149.63000479 
112 -24.65225368  149.63262579 -24.65216206  149.63275409 
112 -24.65220371  149.63296487 -24.65220371  149.63301069 
112 -24.65245359  149.63329478 -24.65249524  149.63332227 
112 -24.65296168  149.63328562 -24.65311994  149.63323980 
112 -24.65356139  149.63334977 -24.65366967  149.63345058 
112 -24.65351142  149.63365219 -24.65346144  149.63369801 
111 -24.65339481  149.63371634 
111 -24.65336149  149.63390879 
112 -24.65349476  149.63398211 -24.65354473  149.63402793 
112 -24.65344478  149.63421121 -24.65337815  149.63422954 
112 -24.65291798  149.63411788 -24.65281720  149.63410780 
112 -24.65265228  149.63402716 -24.65262479  149.63393643 
112 -24.65249652  149.63349288 -24.65244154  149.63334167 
112 -24.65236825  149.63346264 -24.65233160  149.63348280 
112 -24.65102136  149.63346144 -24.65079420  149.63342812 
112 -24.65024901  149.63319485 -24.65019600  149.63319485 
111 -24.64951119  149.63340109 
111 -24.64626244  149.63367659 
112 -24.64558617  149.63383515 -24.64536444  149.63392053 
112 -24.64527575  149.63376197 -24.64525358  149.63366439 
111 -24.64528684  149.63331067 
111 -24.64620465  149.63360495 
112 -24.64992438  149.63324973 -24.65017780  149.63315868 
112 -24.65060048  149.63280795 -24.65064994  149.63266415 
112 -24.65056162  149.63220941 -24.65054043  149.63200342 
112 -24.65050890  149.63137848 -24.65051408  149.63129881 
112 -24.65056579  149.63106551 -24.65057614  149.63100861 
112 -24.65064854  149.63050216 -24.65065372  149.63038835 
112 -24.65061234  149.63020057 -24.65058648  149.63003555 
112 -24.65059683  149.62977948 -24.65059683  149.62966568 
112 -24.65064854  149.62957463 -24.65068475  149.62950066 
112 -24.65086576  149.62942099 -24.65094851  149.62939823 
112 -24.65099506  149.62919907 -24.65102609  149.62913078 
113 -24.65117090  149.62915354 
111 -24.65135041  149.62916287 
112 -24.65119887  149.62925692 -24.65110172  149.62932533 
111 -24.65093852  149.62945359 
112 -24.65072093  149.62960322 -24.65068984  149.62963743 
112 -24.65066653  149.62982554 -24.65067041  149.62994952 
112 -24.65070538  149.63035995 -24.65071704  149.63046256 
112 -24.65072481  149.63077038 -24.65070538  149.63087726 
112 -24.65058269  149.63147107 -24.65057880  149.63173614 
112 -24.65061766  149.63206961 -24.65062932  149.63214657 
112 -24.65072755  149.63260370 -24.65080526  149.63267210 
112 -24.65096846  149.63274478 -24.65106949  149.63274906 
112 -24.65149303  149.63277044 -24.65159017  149.63281746 
112 -24.65192434  149.63283884 -24.65198651  149.63276616 
112 -24.65206423  149.63259515 -24.65204480  149.63252674 
111 -24.65202926  149.63200088 
111 -24.65186120  149.62937413 
112 -24.65172956  149.62916204 -24.65171545  149.62914652 
112 -24.65163082  149.62914134 -24.65157910  149.62919307 
114 -24.65148037  149.62924481 -24.65144275  149.62922929 
111 -24.65035712  149.63317134 
112 -24.65143424  149.63342529 -24.65187021  149.63341589 
111 -24.65236140  149.63339956 
112 -24.65236140  149.63325730 -24.65222176  149.63316057 
112 -24.65204075  149.63297848 -24.65194248  149.63297279 
112 -24.65142012  149.63286467 -24.65122359  149.63286467 
114 -24.65085639  149.63288174 -24.65070123  149.63295002 
111 -24.65067537  149.63261998 
112 -24.65069089  149.63274517 -24.65069089  149.63276793 
111 -24.65066503  149.63286467 
111 -24.65084087  149.63277931 
112 -24.65076329  149.63274517 -24.65073226  149.63272241 
113 -24.65069089  149.63264843 
111 -24.65274545  149.63345792 
112 -24.65267036  149.63368514 -24.65273293  149.63380908 
112 -24.65285809  149.63393990 -24.65290816  149.63394678 
111 -24.65329615  149.63393990 
111 -24.65330241  149.63370580 
112 -24.65338376  149.63351301 -24.65336499  149.63343038 
114 -24.65327738  149.63336841 -24.65310841  149.63341661 
110   3 0.25   0.00 New Taxiway 1
111 -24.64990181  149.62684488 
112 -24.65022534  149.62734475 -24.65027353  149.62766285 
112 -24.65039744  149.62869290 -24.65042497  149.62876863 
112 -24.65057641  149.62906401 -24.65058330  149.62913218 
112 -24.65061815  149.62980998 -24.65061189  149.63000965 
112 -24.65067447  149.63042277 -24.65067447  149.63058114 
112 -24.65058131  149.63116225 -24.65054511  149.63128743 
112 -24.65047270  149.63127605 -24.65041581  149.63122484 
113 -24.65037444  149.63111672 
14  -24.65040302  149.62808698    6 0 New Tower Viewpoint 3
15  -24.65042574  149.62897008 318.37 New Ramp Start 1
19  -24.65031973  149.62828693 0 New Windsock 2
1      770 0 0 YTUG TRUGANINNIE
100   22.86   4   0 0.25 0 0 0 8   -24.49382768  149.20765049    0.00    0.00 0  0 0 0 26  -24.49290530  149.21947358    0.00    0.00 0  0 0 0
110   4 0.25   0.00 New Taxiway 26
111 -24.49363811  149.21062613 
112 -24.49377580  149.21124646 -24.49375515  149.21162471 
112 -24.49365188  149.21264599 -24.49363123  149.21296372 
112 -24.49352108  149.21396987 -24.49341782  149.21408334 
113 -24.49332832  149.21449185 
110   4 0.25  85.10 New Taxiway 25
112 -24.49300908  149.21947708 -24.49300150  149.21950205 
112 -24.49286919  149.21950356 -24.49277075  149.21949524 
112 -24.49272531  149.21939539 -24.49266473  149.21932049 
112 -24.49273288  149.21908749 -24.49277832  149.21887114 
113 -24.49292978  149.21872967 
110   4 0.25  85.10 New Taxiway 24
111 -24.49363025  149.20956765 
112 -24.49350829  149.20864171 -24.49353047  149.20830057 
112 -24.49357482  149.20783760 -24.49357482  149.20777669 
112 -24.49365243  149.20754520 -24.49374113  149.20754520 
114 -24.49391352  149.20771240 -24.49391352  149.20786370 
14  -24.49441605  149.21236608    6 0 New Tower Viewpoint 55
15  -24.49367254  149.21174575  87.71 New Ramp Start 53
19  -24.49303918  149.21392448 0 New Windsock 54
1      689 0 0 YWBA WOORABINDA
100   21.03   1   0 0.25 0 0 0 1   -24.11948845  149.47524523    0.00    0.00 1  0 0 0 19  -24.10890845  149.47768915    0.00    0.00 1  0 0 0
110   1 0.25   0.00 New Taxiway 7
111 -24.10942558  149.47764463 
112 -24.10916360  149.47780409 -24.10908355  149.47784793 
111 -24.10893801  149.47784793 
111 -24.10887615  149.47753700 
112 -24.10911266  149.47748120 -24.10925820  149.47745329 
113 -24.10939283  149.47750113 
110   1 0.25   0.00 New Taxiway 6
111 -24.11889433  149.47529086 
112 -24.11919203  149.47514919 -24.11925518  149.47511954 
111 -24.11945966  149.47504705 
111 -24.11952883  149.47537982 
111 -24.11908077  149.47542924 
113 -24.11895748  149.47542924 
110   4 0.25   0.00 New Taxiway 5
111 -24.11940170  149.47533462 
112 -24.11951377  149.47564598 -24.11960182  149.47569422 
111 -24.11965786  149.47569422 
111 -24.12076653  149.47543549 
111 -24.12077054  149.47548811 
112 -24.11931658  149.47580891 -24.11929111  149.47580891 
111 -24.11917468  149.47579695 
113 -24.11912374  149.47538235 
14  -24.11890338  149.47571554    6 0 New Tower Viewpoint 6
15  -24.11931283  149.47564319 282.09 New Ramp Start 4
19  -24.11929963  149.47466879 0 New Windsock 5