1      175 0 1 CYCC CORNWALL RGNL
100   30.48   1   0 0.25 0 2 0 10   45.09222200 -074.57000000    0.00    0.00 2  0 0 1 28   45.09333300 -074.55666700    0.00    0.00 2  0 0 1
21   45.09273914 -074.56751932  1  83.26   3.00 10  VASI
21   45.09281616 -074.55914785  1 263.27   3.00 28  VASI
110   1 0.30  83.26 Default taxiway for RWY 10
111  45.09208803 -074.56997759   3 102 
111  45.09140479 -074.56986327   3 102 
111  45.09251657 -074.55653053   3 102 
111  45.09319981 -074.55664485 
112  45.09316763 -074.55703071  45.09318149 -074.55683740   3 102 
111  45.09301805 -074.55681005   3 102 
112  45.09280012 -074.55677359  45.09263668 -074.55674625   3 102 
111  45.09262059 -074.55693918   3 102 
111  45.09210492 -074.56312322   3 102 
111  45.09265196 -074.56321475 
111  45.09263587 -074.56340768   3 102 
111  45.09208883 -074.56331615   3 102 
112  45.09157317 -074.56950020  45.09155708 -074.56969313   3 102 
111  45.09172052 -074.56972047   3 102 
112  45.09193845 -074.56975694  45.09210189 -074.56978428   3 102 
113  45.09212021 -074.56959173 
120 Default hold RWY 10 (near)
111  45.09181339 -074.56993164   4 
115  45.09182948 -074.56973871 
120 Default hold RWY 10 (centre)
111  45.09236123 -074.56336172   4 
115  45.09237732 -074.56316879 
120 Default hold RWY 10 (far)
111  45.09290908 -074.55679182   4 
115  45.09292517 -074.55659889 
18   45.09373109 -074.56349573 1 BCN
19   45.09259843 -074.57045422 1 WS
19   45.09295652 -074.55621286 1 WS
51 12277 CTAF/UNICOM
55 13525 BOSTON CNTR
1      221 0 0 SE4  Lachute
100   30.48   1   0 0.25 0 2 0 10   45.63972200 -074.37750000  272.80    0.00 2  0 0 0 28   45.63805600 -074.36194400   64.01    0.00 2  0 0 0
10   45.64096500 -074.36412800 xxx  86.00   600 0.0 0.0   100 101101  1 0 0 0.25 0
10   45.64178100 -074.36423500 xxx 176.00   500 0.0 0.0    50 101101  1 0 0 0.25 0
10   45.64101800 -074.36277000 xxx 176.00   500 0.0 0.0   100 101101  1 0 0 0.25 0
18   45.63983881 -074.36951677 1 BCN
19   45.64017022 -074.37779875 1 WS
19   45.63760774 -074.36164538 1 WS
51 12300 CTAF/UNICOM
56 13285 MONTREAL DEP
1      160 0 0 CSS3 Montreal Les Cedres
100   22.86   1   0 0.25 0 1 0 07   45.34517500 -074.08148100    0.00    0.00 2  0 0 0 25   45.34982500 -074.07185300    0.00    0.00 2  0 0 0
110   1 0.30  55.50 Default taxiway for RWY 07
111  45.34509208 -074.08139992   3 102 
111  45.34466637 -074.08098363   3 102 
111  45.34931677 -074.07135638   3 102 
111  45.34974248 -074.07177270 
112  45.34962596 -074.07201393  45.34968237 -074.07189150   3 102 
111  45.34958064 -074.07179201   3 102 
112  45.34944501 -074.07165937  45.34934329 -074.07155989   3 102 
111  45.34928503 -074.07168051   3 102 
111  45.34710548 -074.07619259   3 102 
111  45.34744641 -074.07652600 
111  45.34738815 -074.07664661   3 102 
111  45.34704722 -074.07631321   3 102 
112  45.34486767 -074.08082529  45.34480941 -074.08094591   3 102 
111  45.34491113 -074.08104539   3 102 
112  45.34504676 -074.08117802  45.34514849 -074.08127749   3 102 
113  45.34520860 -074.08115869 
120 Default hold RWY 07 (near)
111  45.34492069 -074.08123231   4 
115  45.34497895 -074.08111170 
120 Default hold RWY 07 (centre)
111  45.34721676 -074.07647900   4 
115  45.34727502 -074.07635839 
120 Default hold RWY 07 (far)
111  45.34951283 -074.07172569   4 
115  45.34957109 -074.07160508 
18   45.34809153 -074.07724854 1 BCN
19   45.34531166 -074.08196981 1 WS
19   45.34968830 -074.07136417 1 WS
51 12350 CTAF/UNICOM
1      270 1 0 CYMX Montreal Mirabel Intl
100   60.96   2   0 0.25 1 3 1 06   45.67111100 -074.02166700    0.00    0.00 3  2 1 0 24   45.69416700 -073.98833300    0.00    0.00 3  5 0 0
100   60.96   2   0 0.25 0 0 1 11   45.67083300 -074.09000000    0.00    0.00 3  0 0 0 29   45.66611100 -074.04361100    0.00    0.00 2  0 0 0
10   45.67230200 -074.06039400 xxx 278.00  9155 0.0 0.0    75 161161  1 0 0 0.25 0
10   45.67275600 -074.05439800 xxx 278.00  6000 0.0 0.0    75 161161  1 0 0 0.25 0
10   45.68030500 -074.01825700 xxx 225.00  5560 0.0 0.0   100 161161  1 0 0 0.25 0
10   45.68095000 -074.01903500 xxx 225.00  5460 0.0 0.0   100 161161  1 0 0 0.25 0
10   45.67278700 -074.03446200 xxx  69.00  4665 0.0 0.0   100 161161  1 0 0 0.25 0
10   45.67374400 -074.03455400 xxx  69.00  4395 0.0 0.0    75 161161  1 0 0 0.25 0
10   45.68049200 -074.02473400 xxx 225.00  3000 0.0 0.0  1275 101101  1 0 0 0.25 0
10   45.69316500 -073.99715400 xxx 242.00  3300 0.0 0.0    75 161161  1 0 0 0.25 0
10   45.67018100 -074.06115700 xxx  69.00  3300 0.0 0.0    75 161161  1 0 0 0.25 0
10   45.66941100 -074.05352800 xxx  69.00  3300 0.0 0.0    75 161161  1 0 0 0.25 0
10   45.67342000 -074.08371700 xxx  81.00  2900 0.0 0.0    75 161161  1 0 0 0.25 0
10   45.68835800 -074.00669100 xxx 225.00  2800 0.0 0.0    75 161161  1 0 0 0.25 0
10   45.67429700 -074.04415900 xxx 188.00  2600 0.0 0.0    75 161161  1 0 0 0.25 0
10   45.67056300 -074.07062500 xxx  69.00  2400 0.0 0.0    75 161161  1 0 0 0.25 0
10   45.68537500 -074.00421900 xxx  71.00  2360 0.0 0.0    75 161161  1 0 0 0.25 0
10   45.68134700 -074.01004000 xxx 199.00  2360 0.0 0.0    75 161161  1 0 0 0.25 0
10   45.67738000 -074.01557900 xxx  71.00  2300 0.0 0.0   100 161161  1 0 0 0.25 0
10   45.68519600 -074.00413500 xxx 199.00  2200 0.0 0.0   100 161161  1 0 0 0.25 0
10   45.67394300 -074.02516200 xxx 334.00  2200 0.0 0.0   100 161161  1 0 0 0.25 0
10   45.66980400 -074.06304900 xxx 310.00  2200 0.0 0.0   100 161161  1 0 0 0.25 0
10   45.68154500 -074.00921600 xxx  71.00  2060 0.0 0.0   100 161161  1 0 0 0.25 0
10   45.66913200 -074.04319800 xxx 188.00  1900 0.0 0.0   130 161161  1 0 0 0.25 0
10   45.67863800 -074.01944700 xxx 135.00  1660 0.0 0.0   100 161161  1 0 0 0.25 0
10   45.68203400 -074.02677200 xxx  45.00  1300 0.0 0.0   400 161161  1 0 0 0.25 0
10   45.67622800 -074.08159600 xxx  98.00  1050 0.0 0.0   600 101101  1 0 0 0.25 0
10   45.67293500 -074.02780900 xxx  69.00  1500 0.0 0.0    95 161161  1 0 0 0.25 0
10   45.67290500 -074.02786300 xxx  69.00  1000 0.0 0.0   500 161161  1 0 0 0.25 0
10   45.67624300 -074.05367300 xxx 188.00  1000 0.0 0.0   475 161161  1 0 0 0.25 0
10   45.67794000 -074.04457900 xxx 188.00   800 0.0 0.0   650 101101  1 0 0 0.25 0
10   45.68802300 -073.99897800 xxx 199.00  1200 0.0 0.0   100 161161  1 0 0 0.25 0
10   45.67542300 -074.08174100 xxx  85.00  1020 0.0 0.0   250 161161  1 0 0 0.25 0
10   45.67036100 -074.07669800 xxx 310.00  1190 0.0 0.0    75 161161  1 0 0 0.25 0
10   45.66962400 -074.06887100 xxx 310.00  1190 0.0 0.0    75 161161  1 0 0 0.25 0
10   45.68532900 -074.01001000 xxx 135.00  1100 0.0 0.0    75 161161  1 0 0 0.25 0
10   45.67330900 -074.03133400 xxx 160.00  1000 0.0 0.0   100 161161  1 0 0 0.25 0
10   45.68174000 -074.01689100 xxx 135.00   940 0.0 0.0   105 161161  1 0 0 0.25 0
10   45.67744100 -074.02331500 xxx 134.00   920 0.0 0.0   100 161161  1 0 0 0.25 0
10   45.69458400 -073.99025000 xxx 130.00   800 0.0 0.0   175 161161  1 0 0 0.25 0
10   45.67272200 -074.06613200 xxx 188.00   800 0.0 0.0    75 161161  1 0 0 0.25 0
10   45.67385500 -074.05417600 xxx 188.00   800 0.0 0.0    75 161161  1 0 0 0.25 0
10   45.67198600 -074.08974500 xxx   0.00   700 0.0 0.0   150 161161  1 0 0 0.25 0
10   45.66805300 -074.04297600 xxx   8.00   630 0.0 0.0   200 161161  1 0 0 0.25 0
10   45.68073700 -074.01429000 xxx  96.00   720 0.0 0.0   100 161161  1 0 0 0.25 0
10   45.67242800 -074.09012600 xxx 188.00   410 0.0 0.0   390 161161  1 0 0 0.25 0
10   45.67460600 -074.08200100 xxx 188.00   725 0.0 0.0    75 161161  1 0 0 0.25 0
10   45.67857000 -074.02748900 xxx  45.00   200 0.0 0.0   600 161161  2 0 0 0.25 0
10   45.68062200 -074.02472700 xxx  45.00   200 0.0 0.0   600 161161  2 0 0 0.25 0
10   45.68252200 -074.02194200 xxx  45.00   200 0.0 0.0   600 161161  2 0 0 0.25 0
10   45.67650200 -074.02088200 xxx  99.00   640 0.0 0.0   100 161161  1 0 0 0.25 0
10   45.67150500 -074.02271300 xxx 122.00   500 0.0 0.0   200 161161  1 0 0 0.25 0
10   45.66814000 -074.04287000 xxx   8.00   300 0.0 0.0   400 161161  1 0 0 0.25 0
10   45.67181800 -074.02356700 xxx 120.00   500 0.0 0.0   140 161161  1 0 0 0.25 0
10   45.67206600 -074.02350600 xxx 136.00   500 0.0 0.0   100 161161  1 0 0 0.25 0
10   45.66725900 -074.04295300 xxx  42.00   500 0.0 0.0   100 161161  1 0 0 0.25 0
10   45.67169600 -074.09023300 xxx 140.00   400 0.0 0.0   180 161161  1 0 0 0.25 0
10   45.66884600 -074.04261800 xxx 327.00   400 0.0 0.0   100 161161  1 0 0 0.25 0
10   45.67159700 -074.02388000 xxx 135.00   300 0.0 0.0   200 161161  1 0 0 0.25 0
10   45.69132600 -074.00119800 xxx  94.00   400 0.0 0.0   100 161161  1 0 0 0.25 0
10   45.68846100 -074.00289900 xxx 169.00   380 0.0 0.0   100 161161  1 0 0 0.25 0
10   45.68927400 -074.00346400 xxx 139.00   380 0.0 0.0   100 161161  1 0 0 0.25 0
10   45.67225600 -074.02446700 xxx 180.00   400 0.0 0.0    75 161161  1 0 0 0.25 0
10   45.67206600 -074.07101400 xxx   8.00   380 0.0 0.0    75 161161  1 0 0 0.25 0
10   45.67185200 -074.07867400 xxx 160.00   380 0.0 0.0    75 161161  1 0 0 0.25 0
10   45.67279800 -074.07879600 xxx   8.00   380 0.0 0.0    75 161161  1 0 0 0.25 0
10   45.67112000 -074.07088500 xxx 160.00   380 0.0 0.0    75 161161  1 0 0 0.25 0
10   45.68995700 -073.99835200 xxx 169.00   340 0.0 0.0   100 161161  1 0 0 0.25 0
10   45.69115100 -073.99987000 xxx 109.00   340 0.0 0.0   100 161161  1 0 0 0.25 0
10   45.69070100 -073.99888600 xxx 139.00   340 0.0 0.0   100 161161  1 0 0 0.25 0
10   45.67129500 -074.02315500 xxx  90.00   300 0.0 0.0   135 161161  1 0 0 0.25 0
10   45.68249900 -074.01862300 xxx 135.00   100 0.0 0.0   330 161161  1 0 0 0.25 0
10   45.67362200 -074.07827800 xxx  40.00   350 0.0 0.0    75 161161  1 0 0 0.25 0
10   45.67286700 -074.07048800 xxx  40.00   350 0.0 0.0    75 161161  1 0 0 0.25 0
10   45.67537300 -074.08365600 xxx   9.00   300 0.0 0.0   100 161161  1 0 0 0.25 0
10   45.67259200 -074.03707900 xxx 160.00   300 0.0 0.0    95 161161  1 0 0 0.25 0
10   45.66643900 -074.04381600 xxx  18.00   200 0.0 0.0   150 161161  1 0 0 0.25 0
10   45.68973200 -074.00421100 xxx 119.00   200 0.0 0.0   100 161161  1 0 0 0.25 0
14   45.67606000 -074.03439300  300 0 ATC Tower
15   45.68006500 -074.02536000  45.00 Gate
18   45.68341400 -074.00610400 1 BCN
19   45.67188600 -074.02276600 1 WS
19   45.69339400 -073.98722100 1 WS
19   45.66502400 -074.04383900 1 WS
50 12570 ATIS
52 12180 MIRABEL CLNC DEL
53 12180 MIRABEL GND
54 11910 MIRABEL TWR
55 13415 VFR ADVSY
55 12465 APP
56 12465 DEP