1      440 0 1 ME06 Flying Ed
100    9.14   3   0 0.25 0 0 0 15   45.02952916 -067.31225885    0.00    0.00 1  0 0 0 33   45.02617916 -067.30661005    0.00    0.00 1  0 0 0
100    9.14   3   0 0.25 0 0 0 02   45.02703127 -067.30943445    0.00    0.00 1  0 0 0 20   45.02867705 -067.30943445    0.00    0.00 1  0 0 0
19   45.02694898 -067.30960909 1 WS
19   45.02967661 -067.31223579 1 WS
19   45.02603171 -067.30663312 1 WS
19   45.02875934 -067.30925980 1 WS
1      200 0 1 66B  Gillespie Fld
100   15.24   3   0 0.25 0 0 0 16   45.03540562 -067.35180574    0.00    0.00 1  0 0 0 34   45.03141326 -067.34706538    0.00    0.00 1  0 0 0
19   45.03564292 -067.35170750 1 WS
19   45.03117597 -067.34716364 1 WS
1      266 0 1 KPNN PRINCETON MUNI
100   30.48   1   0 0.25 0 2 0 15   45.20409400 -067.57340800    0.00    0.00 2  0 0 0 33   45.19666700 -067.56196400    0.00    0.00 2  0 0 0
100   45.72   1   0 0.25 0 0 0 06   45.19665000 -067.56593600    0.00    0.00 2  0 0 0 24   45.20523100 -067.55627200  153.62    0.00 2  0 0 0
21   45.20310141 -067.57123266  1 132.64   3.00 15  VASI
110   1 0.30 132.64 Default taxiway for RWY 15
111  45.20399477 -067.57353770   3 102 
111  45.20348868 -067.57419916   3 102 
111  45.19606225 -067.56275357   3 102 
111  45.19656834 -067.56209219 
112  45.19675416 -067.56237856  45.19665959 -067.56223753   3 102 
111  45.19653853 -067.56239575   3 102 
112  45.19637711 -067.56260670  45.19625605 -067.56276491   3 102 
111  45.19634896 -067.56290810   3 102 
111  45.19982990 -067.56827292   3 102 
111  45.20023510 -067.56774335 
111  45.20032801 -067.56788654   3 102 
111  45.19992281 -067.56841611   3 102 
112  45.20340376 -067.57378093  45.20349666 -067.57392411   3 102 
111  45.20361772 -067.57376588   3 102 
112  45.20377914 -067.57355490  45.20390020 -067.57339667   3 102 
113  45.20380896 -067.57325133 
110   1 0.30  38.43 Default taxiway for RWY 06
111  45.19652353 -067.56570981   3 
111  45.19588278 -067.56456383   3 
111  45.20446419 -067.55490108   3 
111  45.20510494 -067.55604723 
112  45.20478262 -067.55641015  45.20494238 -067.55622619   3 
111  45.20478894 -067.55595171   3 
112  45.20458434 -067.55558575  45.20443090 -067.55531127   3 
111  45.20426974 -067.55549274   3 
111  45.20038193 -067.55987043   3 
111  45.20089481 -067.56078779 
111  45.20073366 -067.56096925   3 
111  45.20022078 -067.56005190   3 
112  45.19633296 -067.56442959  45.19617181 -067.56461106   3 
111  45.19632525 -067.56488549   3 
112  45.19652985 -067.56525141  45.19668329 -067.56552584   3 
113  45.19684584 -067.56534688 
120 Default hold RWY 15 (near)
111  45.20379134 -067.57380358   4 
115  45.20369843 -067.57366039 
120 Default hold RWY 06 (near)
111  45.19626639 -067.56524991   4 
115  45.19642755 -067.56506845 
120 Default hold RWY 15 (centre)
111  45.20012458 -067.56815241   4 
115  45.20003167 -067.56800922 
120 Default hold RWY 06 (centre)
111  45.20047652 -067.56050932   4 
115  45.20063767 -067.56032786 
120 Default hold RWY 15 (far)
111  45.19645782 -067.56250122   4 
115  45.19636491 -067.56235804 
120 Default hold RWY 06 (far)
111  45.20468664 -067.55576873   4 
115  45.20484780 -067.55558727 
18   45.20108765 -067.56676330 1 BCN
19   45.19671130 -067.56698500 1 WS
19   45.20458247 -067.57329879 1 WS
19   45.20516961 -067.55522284 1 WS
19   45.19617854 -067.56207329 1 WS
51 12280 CTAF/UNICOM
1       96 0 1 CCS3 ST STEPHEN
100   22.86   1   0 0.25 0 1 0 14   45.20944700 -067.25555300    0.00    0.00 2  0 0 0 32   45.20527500 -067.24527800    0.00    0.00 2  0 0 0
110   1 0.30 119.95 Default taxiway for RWY 14
111  45.20935982 -067.25562430   3 102 
111  45.20891225 -067.25599037   3 102 
111  45.20474071 -067.24571459   3 102 
111  45.20518828 -067.24534855 
112  45.20529099 -067.24560155  45.20523770 -067.24547664   3 102 
111  45.20513075 -067.24556411   3 102 
112  45.20498815 -067.24568073  45.20488120 -067.24576820   3 102 
111  45.20493255 -067.24589470   3 102 
111  45.20688993 -067.25071633   3 102 
111  45.20724837 -067.25042317 
111  45.20729973 -067.25054968   3 102 
111  45.20694129 -067.25084284   3 102 
112  45.20889867 -067.25566446  45.20895002 -067.25579097   3 102 
111  45.20905697 -067.25570350   3 102 
112  45.20919957 -067.25558687  45.20930652 -067.25549939   3 102 
113  45.20925711 -067.25537129 
120 Default hold RWY 14 (near)
111  45.20917963 -067.25577168   4 
115  45.20912827 -067.25564518 
120 Default hold RWY 14 (centre)
111  45.20711954 -067.25069706   4 
115  45.20706818 -067.25057055 
120 Default hold RWY 14 (far)
111  45.20505945 -067.24562242   4 
115  45.20500809 -067.24549592 
18   45.20798396 -067.24990597 1 BCN
19   45.20981589 -067.25558830 1 WS
19   45.20490610 -067.24524277 1 WS
51 12280 CTAF/UNICOM
17     153 0 1 ME83 [H] Georgia-Pacific Corporation
102 H1   45.16062972 -067.41082778   0.00   12.19   12.19   2 2   0 0.25 0
19   45.16079430 -067.41059437 1 WS
17     385 0 1 ME82 [H] Vanceboro
102 H1   45.56951111 -067.42833195   0.00   12.19   12.19   1 2   0 0.25 0
19   45.56967569 -067.42809685 1 WS