1     1859 1 0 LFDE Egletons
100   17.98   1   0 0.00 0 1 0 7    45.41943833  002.06275871  128.02    0.00 4  0 0 0 25   45.42189956  002.07257710  128.02    0.00 4  0 0 0
100   45.11   3   0 0.00 0 0 0 7R   45.41959770  002.06471876    0.00    0.00 0  0 0 0 25L  45.42148928  002.07225591    0.00    0.00 0  0 0 0
102 H1   45.42056616  002.07104015  70.30   14.94   14.94   1 0   0 0.00 1
110   1 0.00  70.30 TaxiPkg
112  45.41936662  002.06279841  45.41932700  002.06281722 102 
112  45.41917663  002.06291338  45.41913407  002.06294473 102 
112  45.41910371  002.06309518  45.41911545  002.06324360 102 
112  45.41936310  002.06548020  45.41937312  002.06555808 102 
112  45.41943359  002.06587372  45.41947384  002.06605094 102 
112  45.42000549  002.06813687  45.42005831  002.06835218 102 
112  45.41997690  002.06848687  45.41991234  002.06851823 102 
111  45.41971001  002.06862412 
111  45.41998595  002.06996872 102 
112  45.42026994  002.06985471  45.42036743  002.06981317 102 
112  45.42047235  002.06999927  45.42050515  002.07013037 102 
112  45.42055500  002.07032115  45.42055845  002.07033372 
111  45.42055500  002.07032115 
112  45.42055500  002.07032115  45.42054431  002.07032652 
112  45.42023615  002.07045886  45.42019545  002.07047499 
112  45.42016772  002.07045313  45.42015972  002.07041892 
111  45.42012167  002.07024976 
111  45.41990932  002.07033558 
111  45.41998813  002.07066962 
111  45.42058200  002.07042750 102 
112  45.42110734  002.07250051  45.42118511  002.07278063 102 
112  45.42139725  002.07282795  45.42152050  002.07276942 102 
111  45.42182422  002.07261531 
111  45.42177740  002.07238357 102 
112  45.42170578  002.07255898  45.42161108  002.07261029 102 
112  45.42140039  002.07271063  45.42131675  002.07274826 102 
112  45.42117328  002.07247154  45.42111312  002.07223950 102 
112  45.41949338  002.06584126  45.41945659  002.06568790 102 
112  45.41942440  002.06546213  45.41941438  002.06536867 102 
112  45.41920076  002.06330895  45.41918902  002.06319189 102 
112  45.41924742  002.06307935  45.41930757  002.06304172 102 
112  45.41938475  002.06305967  45.41942877  002.06309311 102 
113  45.41946405  002.06318193 
110   1 0.00  70.30 Gendarmes
111  45.42040836  002.07096034 
111  45.42028635  002.07101792 
112  45.42023404  002.07082071  45.42021162  002.07073158 
112  45.42016037  002.07074702  45.42011738  002.07076536 
111  45.41992158  002.07085177 
111  45.42011275  002.07147846 
111  45.42049552  002.07128928 
111  45.42045339  002.07113285 
111  45.42053798  002.07108621 
111  45.42052374  002.07103540 
113  45.42043904  002.07107892 
120 LinearW
112  45.41948780  002.06295649  45.41947722  002.06291482   1 
112  45.41941258  002.06289944  45.41938396  002.06291185   1 
112  45.41923036  002.06298594  45.41919364  002.06300189 
111  45.41923036  002.06298594 
112  45.41923036  002.06298594  45.41919631  002.06300134   1 
112  45.41915157  002.06312277  45.41915540  002.06320319   1 
115  45.41915915  002.06324153 
120 StopW1
111  45.41938828  002.06563633   2 
115  45.41944488  002.06561513 
120 StopW2
111  45.41912122  002.06324866   4 
115  45.41919269  002.06323775 
120 LinearE
112  45.42183736  002.07232934  45.42186315  002.07243219   1 
112  45.42177531  002.07258429  45.42167810  002.07263141   1 
112  45.42141854  002.07275992  45.42125919  002.07283416   1 
116  45.42115397  002.07253432  45.42111889  002.07240439 
120 StopE1
111  45.42082097  002.07111145   2 
115  45.42076622  002.07113543 
120 StopE2
111  45.42154655  002.07264849   4 
115  45.42157115  002.07273594 
120 LinearCentre
111  45.41915916  002.06324152   1 
112  45.41939404  002.06547166  45.41942250  002.06570277   1 
112  45.41946282  002.06585891  45.41949128  002.06597243   1 
116  45.42115396  002.07253431  45.42124291  002.07283894 
120 LimitPkg
111  45.42003868  002.06827654  20 
115  45.42045933  002.06994251 
120 LinearPkgW
111  45.41990222  002.06956684  20 
111  45.42022179  002.06940358  20 
115  45.42032186  002.06981518 
120 LinearDerche
111  45.42007328  002.06961256  20 
115  45.41993281  002.06967241 
120 StopFaux
111  45.42035460  002.07040921  20 
115  45.42037443  002.07050703 
14   45.41968956  002.06864467   19 0 VueTour
15   45.42025229  002.06981233 224.17 DepartDerche
15   45.42298775  002.05953414 152.40 DepartHydravion
15   45.42011087  002.07028925  64.70 DepartPouloux
15   45.41995317  002.06850758  92.28 DepartTour
18   45.42100776  002.07081488 1 BCN
19   45.42015403  002.07019016 0 MancheAir
1     3218 0 1 LFHQ Saint Flour Coltines
100   29.87   1   0 0.25 0 0 0 01   45.06985300  002.99149200    0.00    0.00 2  0 0 0 19   45.08151900  002.99412800    0.00    0.00 2  0 0 0
110   1 0.30   9.07 Default taxiway for RWY 01
111  45.06983218  002.99167679   3 
111  45.06972594  002.99261960   3 
111  45.08139197  002.99525529   3 
111  45.08149821  002.99431229 
112  45.08123276  002.99425232  45.08136512  002.99428545   3 
111  45.08133971  002.99451102   3 
112  45.08130583  002.99481177  45.08128042  002.99503734   3 
111  45.08114770  002.99500735   3 
111  45.07564650  002.99376449   3 
111  45.07573156  002.99300953 
111  45.07559883  002.99297955   3 
111  45.07551377  002.99373451   3 
112  45.07001257  002.99249164  45.06987985  002.99246165   3 
111  45.06990526  002.99223613   3 
112  45.06993914  002.99193544  45.06996455  002.99170991   3 
113  45.07009763  002.99173676 
120 Default hold RWY 01 (near)
111  45.06978947  002.99205580   4 
115  45.06992220  002.99208578 
120 Default hold RWY 01 (centre)
111  45.07555612  002.99335860   4 
115  45.07568885  002.99338858 
120 Default hold RWY 01 (far)
111  45.08132277  002.99466140   4 
115  45.08145550  002.99469138 
19   45.06965108  002.99086823 1 WS
19   45.08172091  002.99475191 1 WS
54 12005 ST FLOUR INFO
1     2410 0 0 LFCU Ussel Thalamy
100   29.87   1   0 0.00 0 1 0 10   45.53690164  002.41629793    0.00    0.00 2  0 0 0 28   45.53495964  002.43324708    0.00    0.00 2  0 0 0
100   39.93   3   0 0.00 0 0 0 10R  45.53625611  002.41869142    0.00    0.00 0  0 0 0 28L  45.53495461  002.43004342    0.00    0.00 0  0 0 0
110   1 0.00  90.00 TaxiwayPkg
111  45.53656753  002.42031931 102 
112  45.53668475  002.42017857  45.53676853  002.42017368 102 
112  45.53690260  002.42016417  45.53697783  002.42016173 102 
112  45.53711396  002.41992521  45.53717039  002.41980804 102 
111  45.53732225  002.41950456 
112  45.53745054  002.41941287  45.53754204  002.41941287 
111  45.53764418  002.41941262 
111  45.53764769  002.41862521 
111  45.53735049  002.41862433 
111  45.53734915  002.41918825 
112  45.53727607  002.41942065  45.53719071  002.41958969 102 
112  45.53701299  002.41992659  45.53696894  002.42000128 102 
112  45.53685972  002.42003599  45.53680465  002.42003599 102 
112  45.53671312  002.42002648  45.53663326  002.42001468 102 
113  45.53660751  002.41995100 
110   1 0.00  90.00 PkgRoute
112  45.53837089  002.41817285  45.53828739  002.41816918 
112  45.53785810  002.41817023  45.53771422  002.41817023 
111  45.53785810  002.41817023 
112  45.53785810  002.41817023  45.53776493  002.41817376 
112  45.53764647  002.41853172  45.53764647  002.41874563 
112  45.53764217  002.41943856  45.53764088  002.41949358 
112  45.53761628  002.41967103  45.53761499  002.41981041 
112  45.53761616  002.42016547  45.53761616  002.42032319 
112  45.53783300  002.42044297  45.53797174  002.42044480 
112  45.53832453  002.42044048  45.53850309  002.42044048 
112  45.53849159  002.42003089  45.53849544  002.41988417 
114  45.53850940  002.41845078  45.53851325  002.41826372 
112  45.53845203  002.41845335  45.53845331  002.41854688 
112  45.53843790  002.42003425  45.53843147  002.42019014 
112  45.53831714  002.42035703  45.53821951  002.42035336 
112  45.53784312  002.42035520  45.53775962  002.42035520 
112  45.53769025  002.42020481  45.53769282  002.42008927 
111  45.53769025  002.42020481 
112  45.53769025  002.42020481  45.53773521  002.42020298 
111  45.53773007  002.42020298 
111  45.53772879  002.41992604 
111  45.53767713  002.41992720 
111  45.53767456  002.41974207 
111  45.53770695  002.41973898 
112  45.53771080  002.41941069  45.53771156  002.41937914 
112  45.53775705  002.41934283  45.53778931  002.41932687 
111  45.53779015  002.41928512 
111  45.53772927  002.41928434 
111  45.53772919  002.41851554 
112  45.53769667  002.41851754  45.53766987  002.41852020 
111  45.53769667  002.41851754 
112  45.53769667  002.41851754  45.53769502  002.41839676 
112  45.53785085  002.41824178  45.53792686  002.41824663 
111  45.53785085  002.41824178 
112  45.53785085  002.41824178  45.53797418  002.41824178 
114  45.53831971  002.41824060  45.53843790  002.41824427 
120 Linear1
111  45.53733289  002.41939998   1 
112  45.53707341  002.41990905  45.53702085  002.42000575   1 
112  45.53688223  002.42009556  45.53680651  002.42009712   1 
112  45.53661889  002.42009465  45.53646417  002.42009232   1 
115  45.53644947  002.42024707 
120 Linear2
111  45.53649077  002.41988252   1 
116  45.53661888  002.42009459  45.53675119  002.42009643 
120 Stop
111  45.53714573  002.41985558   4 
115  45.53708702  002.41979626 
14   45.53781335  002.41953132   32 0 TourAeroclub
15   45.53739788  002.41907658  63.39 DepartAVT
15   45.53772777  002.41855266  95.59 DepartPkg
19   45.53758176  002.42065207 0 MancheAir