1      247 0 1 OR61 Apple Valley
100   18.29   3   0 0.25 0 0 0 11   45.68057742 -123.18999078    0.00    0.00 1  0 0 0 29   45.67631368 -123.18245478    0.00    0.00 1  0 0 0
19   45.68087285 -123.18995149 1 WS
19   45.67601825 -123.18249409 1 WS
1      700 0 1 30OR Bero Field
100   18.29   3   0 0.25 0 0 0 10   45.80340927 -123.28218119    0.00    0.00 1  0 0 0 28   45.80181349 -123.27805159    0.00    0.00 1  0 0 0
19   45.80370498 -123.28221601 1 WS
19   45.80151779 -123.27801681 1 WS
1      220 0 1 5OR2 Bushnell
100   15.24   3   0 0.25 0 0 0 07   45.10313501 -123.42764649    0.00    0.00 1  0 0 0 25   45.10320443 -123.42201241    0.00    0.00 1  0 0 0
19   45.10333830 -123.42784587 1 WS
19   45.10300113 -123.42181305 1 WS
1      670 0 1 OR27 Chadwick
100   15.24   3   0 0.25 0 0 0 11   45.63457857 -123.17029262    0.00    0.00 1  0 0 0 29   45.63175753 -123.16548462    0.00    0.00 1  0 0 0
19   45.63482432 -123.17025377 1 WS
19   45.63151178 -123.16552349 1 WS
1      190 0 1 17S  Chehalem Airpark
100   15.24   3   0 0.25 0 2 0 07   45.32367334 -123.05870451    0.00    0.00 1  0 0 0 25   45.32378220 -123.04983439    0.00    0.00 1  0 0 0
18   45.32420772 -123.05428137 1 BCN
19   45.32387663 -123.05890466 1 WS
19   45.32357890 -123.04963427 1 WS
1      300 0 1 69OR Dick Fisher
100   13.72   3   0 0.25 0 0 0 18   45.41364574 -123.13623906    0.00    0.00 1  0 0 0 36   45.41158370 -123.13730818    0.00    0.00 1  0 0 0
19   45.41369887 -123.13593291 1 WS
19   45.41153056 -123.13761432 1 WS
1      448 0 1 OR05 Flying M
100   12.19   3   0 0.25 0 0 0 07   45.36200554 -123.35981060    0.00    0.00 1  0 0 0 25   45.36210722 -123.35151996    0.00    0.00 1  0 0 0
19   45.36216817 -123.35997083 1 WS
19   45.36194458 -123.35135975 1 WS
1      245 0 1 70OR Goodin Creek
100   22.86   3   0 0.25 0 0 0 01   45.40763963 -123.15051123    0.00    0.00 1  0 0 0 19   45.41147813 -123.14748045    0.00    0.00 1  0 0 0
19   45.40760863 -123.15103602 1 WS
19   45.41150911 -123.14695562 1 WS
1      850 0 1 06OR Hayden Mountain
100   24.38   5   0 0.25 0 0 0 36   45.46381823 -123.08018665    0.00    0.00 1  0 0 0 18   45.46641177 -123.07891335    0.00    0.00 1  0 0 0
19   45.46371791 -123.08073225 1 WS
19   45.46651209 -123.07836771 1 WS
1      500 0 1 6OR8 Holce & Oblack
100   15.24   3   0 0.25 0 0 0 15   45.97419258 -123.35115223    0.00    0.00 1  0 0 0 33   45.96880742 -123.34964611    0.00    0.00 1  0 0 0
19   45.97436647 -123.35089932 1 WS
19   45.96863354 -123.34989901 1 WS
1      160 0 1 OR90 Lafayette Airstrip
100   21.34   3   0 0.25 0 0 0 03   45.24185365 -123.13296233    0.00    0.00 1  0 0 0 21   45.24671245 -123.12502379    0.00    0.00 1  0 0 0
19   45.24194503 -123.13343650 1 WS
19   45.24662103 -123.12454960 1 WS
1      435 0 1 98OR Mach O Acres
100   15.24   3   0 0.25 0 0 0 17   45.20076349 -123.36971196    0.00    0.00 1  0 0 0 35   45.19724151 -123.37050360    0.00    0.00 1  0 0 0
19   45.20086677 -123.36939314 1 WS
19   45.19713823 -123.37082240 1 WS
1      163 0 0 KMMV MC MINNVILLE MUNI
100   46.02   1   0 0.00 0 3 0 04   45.19175600 -123.14818101    0.00  305.11 2  0 0 1 22   45.19980800 -123.13051101    0.00    0.00 3  8 0 0
100   46.02   1   0 0.00 0 0 0 17   45.19929400 -123.13105800    0.00    0.00 2  0 0 0 35   45.18653600 -123.13291900    0.00    0.00 2  0 0 0
21   45.19323241 -123.14598837  2  57.11   3.00 04  PAPI-4L
21   45.19790852 -123.13362540  2 237.12   3.00 22  PAPI-4L
110   1 0.00 135.00 New Taxiway 8
111  45.19969660 -123.13954170 
111  45.19960737 -123.13978762 
111  45.19930445 -123.13950361 
113  45.19940871 -123.13929256 
110   1 0.00   0.00 New Taxiway 5
111  45.19749079 -123.14161652 
111  45.19742420 -123.14161785 
111  45.19742217 -123.14096238 
113  45.19749466 -123.14096683 
110   1 0.00   0.00 New Taxiway 5
111  45.19747131 -123.14259774 
111  45.19729776 -123.14260086 
111  45.19729836 -123.14245834 
113  45.19747351 -123.14245917 
110   1 0.00   0.00 New Taxiway 5
111  45.19746592 -123.14292050 
111  45.19729762 -123.14292497 
111  45.19729822 -123.14278245 
113  45.19746834 -123.14278305 
110   1 0.00   0.00 New Taxiway 1
111  45.19929476 -123.13109966 
111  45.19927031 -123.13076822 
113  45.19945546 -123.13074321 
110   1 0.00   0.00 New Taxiway 2
111  45.19385260 -123.14306216   1 
112  45.19380402 -123.14283247  45.19373303 -123.14272834 
111  45.19380402 -123.14283247 
112  45.19380402 -123.14283247  45.19378807 -123.14281096   1 
112  45.18713635 -123.13340674  45.18712494 -123.13339056 
111  45.18713635 -123.13340674 
112  45.18713635 -123.13340674  45.18695123 -123.13321629   1 
111  45.18665259 -123.13319286 
111  45.18727342 -123.13310360   1 
112  45.18725326 -123.13332095  45.18732081 -123.13343796 
111  45.18725326 -123.13332095 
112  45.18725326 -123.13332095  45.18728835 -123.13336949   1 
112  45.19386904 -123.14264463  45.19389297 -123.14267632 
111  45.19386904 -123.14264463 
112  45.19386904 -123.14264463  45.19395119 -123.14272498   1 
113  45.19405414 -123.14261656 
110   1 0.00   0.00 West Taxiway
112  45.19215850 -123.14782145  45.19212774 -123.14789273 
111  45.19215850 -123.14782145 
112  45.19215850 -123.14782145  45.19207442 -123.14802367   1 102 
112  45.19214841 -123.14829350  45.19217434 -123.14832255 
111  45.19214841 -123.14829350 
112  45.19214841 -123.14829350  45.19224394 -123.14840000   1 102 
112  45.19239426 -123.14851137  45.19242156 -123.14853654 
111  45.19239426 -123.14851137 
112  45.19239426 -123.14851137  45.19266584 -123.14865986   1 102 
111  45.19291890 -123.14826838   1 102 
111  45.19523032 -123.14326081   1 102 
112  45.19514664 -123.14307995  45.19499878 -123.14313935 
111  45.19514664 -123.14307995 
112  45.19514664 -123.14307995  45.19511934 -123.14309544   1 102 
111  45.19407878 -123.14360809 
112  45.19440571 -123.14289332  45.19441412 -123.14287540 
111  45.19440571 -123.14289332 
112  45.19440571 -123.14289332  45.19427873 -123.14322824   1 102 
111  45.19453176 -123.14317276   1 102 
112  45.19528426 -123.14276958  45.19532396 -123.14274804 
111  45.19528426 -123.14276958 
112  45.19528426 -123.14276958  45.19554325 -123.14256488   1 102 
111  45.19570143 -123.14220146   1 102 
111  45.19692941 -123.13951977 
111  45.19703921 -123.13964616   1 102 
111  45.19638271 -123.14107075 102 
112  45.19641843 -123.14122011  45.19647537 -123.14128859 
111  45.19641843 -123.14122011 
112  45.19641843 -123.14122011  45.19644642 -123.14124750 102 
111  45.19736325 -123.14208437 102 
112  45.19748812 -123.14197951  45.19749109 -123.14177038 
111  45.19748812 -123.14197951 
112  45.19748812 -123.14197951  45.19748862 -123.14196817 102 
112  45.19749079 -123.14161652  45.19749070 -123.14156419 
112  45.19749457 -123.14096700  45.19749527 -123.14082693 
111  45.19749457 -123.14096700 
112  45.19749457 -123.14096700  45.19749516 -123.14094438 102 
111  45.19749470 -123.14083628 102 
111  45.19828903 -123.14085634 102 
111  45.19827018 -123.14226030 102 
111  45.19854343 -123.14226699 102 
111  45.19853690 -123.14284308 102 
111  45.19830498 -123.14284195 102 
111  45.19827184 -123.14467769 102 
111  45.19744733 -123.14465018 102 
111  45.19746592 -123.14292050 
111  45.19746834 -123.14278305 102 
111  45.19747131 -123.14259774 
111  45.19747351 -123.14245917 102 
111  45.19747796 -123.14233609 102 
112  45.19636103 -123.14133541  45.19634462 -123.14132086 
111  45.19636103 -123.14133541 
112  45.19636103 -123.14133541  45.19629022 -123.14127337 102 
111  45.19625413 -123.14134386   1 102 
111  45.19578022 -123.14237963   1 102 
112  45.19556821 -123.14282689  45.19553663 -123.14287827 
111  45.19556821 -123.14282689 
112  45.19556821 -123.14282689  45.19555820 -123.14284766   1 102 
111  45.19302583 -123.14834565   1 102 
112  45.19232176 -123.14869964  45.19190016 -123.14850529 
111  45.19232176 -123.14869964 
112  45.19232176 -123.14869964  45.19230126 -123.14867848   1 102 
113  45.19192089 -123.14834799 
110   1 0.00   0.00 East Taxiway
111  45.19692941 -123.13951977   1 102 
111  45.19740393 -123.13837829   1 102 
112  45.19736293 -123.13804115  45.19725439 -123.13793283 
111  45.19736293 -123.13804115 
112  45.19736293 -123.13804115  45.19733702 -123.13801631   1 102 
111  45.19698406 -123.13758389   1 102 
112  45.19681412 -123.13761574  45.19671826 -123.13773737 
111  45.19681412 -123.13761574 
112  45.19681412 -123.13761574  45.19683555 -123.13756932 
112  45.19703700 -123.13713429  45.19701114 -123.13719865 
111  45.19703700 -123.13713429 
112  45.19703700 -123.13713429  45.19694643 -123.13734106   1 102 
111  45.19704101 -123.13743919   1 102 
112  45.19751976 -123.13777982  45.19754146 -123.13779970 
111  45.19751976 -123.13777982 
112  45.19751976 -123.13777982  45.19766955 -123.13789934   1 102 
111  45.19793406 -123.13731017   1 102 
111  45.19968905 -123.13344382   1 102 
112  45.19991519 -123.13294238  45.19993517 -123.13289702 
111  45.19991519 -123.13294238 
112  45.19991519 -123.13294238  45.19998312 -123.13279210   1 102 
111  45.19998586 -123.13247438   1 102 
112  45.19993404 -123.13163196  45.19993004 -123.13158659 
111  45.19993404 -123.13163196 
112  45.19993404 -123.13163196  45.19989607 -123.13116410   1 102 
111  45.19956956 -123.13156649 
111  45.19997702 -123.13067094   1 102 
112  45.20003884 -123.13118481  45.20007499 -123.13146834 
111  45.20003884 -123.13118481 
112  45.20003884 -123.13118481  45.20004070 -123.13120598   1 102 
112  45.20018627 -123.13330797  45.20018957 -123.13337827 
111  45.20018627 -123.13330797 
112  45.20018627 -123.13330797  45.20019497 -123.13342316   1 102 
111  45.20016784 -123.13350672   1 102 
111  45.19986338 -123.13417980   1 102 
112  45.19971251 -123.13433892  45.19964445 -123.13436047 
111  45.19971251 -123.13433892 
112  45.19971251 -123.13433892  45.19966930 -123.13435052   1 102 
112  45.19952147 -123.13438617  45.19948877 -123.13439777 
111  45.19952147 -123.13438617 
112  45.19952147 -123.13438617  45.19944556 -123.13440440   1 102 
111  45.19942385 -123.13444999   1 102 
111  45.19836995 -123.13680492   1 102 
111  45.19856784 -123.13701506   1 102 
111  45.19897509 -123.13611108   1 102 
111  45.19937466 -123.13652378   1 102 
111  45.19891347 -123.13752921   1 102 
111  45.19913020 -123.13775947   1 102 
111  45.19941950 -123.13768872   1 102 
111  45.19956552 -123.13737452   1 102 
111  45.19999983 -123.13777537   1 
111  45.19984350 -123.13812667   1 
111  45.19959140 -123.13790230   1 102 
111  45.19948499 -123.13813923   1 102 
111  45.19886294 -123.13956716   1 102 
111  45.19903846 -123.13974454   1 102 
111  45.19853874 -123.14090451   1 102 
111  45.19761513 -123.14002987   1 102 
111  45.19767622 -123.13988834   1 102 
111  45.19737996 -123.13957794   1 102 
112  45.19749147 -123.13933148  45.19750996 -123.13929111 
111  45.19749147 -123.13933148 
112  45.19749147 -123.13933148  45.19754125 -123.13896005   1 102 
111  45.19729818 -123.13907742   1 102 
113  45.19703921 -123.13964616 
111  45.19853422 -123.13827010   1 102 
112  45.19855986 -123.13812255  45.19855214 -123.13804723 
111  45.19855986 -123.13812255 
112  45.19855986 -123.13812255  45.19855793 -123.13808831   1 102 
112  45.19847172 -123.13754874  45.19846400 -123.13751313 
111  45.19847172 -123.13754874 
112  45.19847172 -123.13754874  45.19846110 -123.13746656   1 102 
112  45.19818795 -123.13733001  45.19805455 -123.13738767 
111  45.19818795 -123.13733001 
112  45.19818795 -123.13733001  45.19802095 -123.13751789   1 102 
112  45.19759917 -123.13867928  45.19758175 -123.13899034 
111  45.19759917 -123.13867928 
112  45.19759917 -123.13867928  45.19760898 -123.13886777   1 102 
112  45.19785882 -123.13891405  45.19792374 -123.13888791 
111  45.19785882 -123.13891405 
112  45.19785882 -123.13891405  45.19788250 -123.13890409   1 102 
112  45.19827286 -123.13874710  45.19829763 -123.13873773 
111  45.19827286 -123.13874710 
112  45.19827286 -123.13874710  45.19833066 -123.13873304   1 102 
113  45.19835662 -123.13866019   1 102 
110   3 0.00   0.00 Glider Ramp
111  45.19031896 -123.13208509 
111  45.19021632 -123.13070392 
111  45.19205338 -123.13040760 
113  45.19201090 -123.13183900 
130 Airport Boundary 17
111  45.19821285 -123.14488967 
111  45.19690201 -123.14395963 
111  45.19105877 -123.15412625 
111  45.18862594 -123.15040643 
111  45.18380471 -123.13098851 
111  45.20123446 -123.12807223 
111  45.20144552 -123.13064182 
111  45.20050127 -123.13496117 
113  45.20057903 -123.13857112 
120 Linear Feature 4
111  45.18730467 -123.13356382  20 
115  45.18730556 -123.13345229 
120 Linear Feature 3
111  45.18734530 -123.13350868  20 
115  45.18726228 -123.13350993 
120 Linear Feature 2
111  45.19360692 -123.14249738  20 
115  45.19360853 -123.14238458 
120 Linear Feature 1
111  45.19364707 -123.14243927  20 
115  45.19356758 -123.14244041 
120 Linear Feature 3
111  45.19845180 -123.13726164   1 
112  45.19861667 -123.13717388  45.19867006 -123.13705715 
111  45.19861667 -123.13717388 
112  45.19861667 -123.13717388  45.19862866 -123.13714682   1 
115  45.19899962 -123.13632831 
120 Linear Feature 1
112  45.19743404 -123.13791053  45.19758971 -123.13805253   1 
115  45.19754569 -123.13835082 
120 Taxi Line
111  45.19640292 -123.14129416   1 
116  45.19633047 -123.14101218  45.19638030 -123.14082720 
120 Taxi Line
111  45.19748133 -123.14225070   1 
111  45.19640292 -123.14129416   1 
116  45.19620279 -123.14129016  45.19614125 -123.14140030 
120 Taxi Line
111  45.19431597 -123.14256304   1 
112  45.19449794 -123.14329609  45.19500943 -123.14321103 
111  45.19449794 -123.14329609 
112  45.19449794 -123.14329609  45.19459984 -123.14324789   1 
116  45.19552030 -123.14277885  45.19555782 -123.14275094 
120 Taxi Line
111  45.19699638 -123.13750232   1 
116  45.19659367 -123.13757074  45.19640879 -123.13787190 
120 Taxi Line
111  45.19777351 -123.13784623   1 
112  45.19743404 -123.13791053  45.19724856 -123.13778144 
111  45.19743404 -123.13791053 
112  45.19743404 -123.13791053  45.19742069 -123.13789790   1 
112  45.19699638 -123.13750232  45.19692132 -123.13743647 
111  45.19699638 -123.13750232 
112  45.19699638 -123.13750232  45.19676848 -123.13729510   1 
115  45.19692044 -123.13685438 
120 Taxi Line
111  45.19836140 -123.13717736   1 
116  45.19804698 -123.13726843  45.19792133 -123.13746396 
120 Taxi Line
111  45.19756038 -123.13893462   1 
116  45.19748055 -123.13850949  45.19755081 -123.13829731 
120 Taxi Line
112  45.19722125 -123.13906001  45.19734763 -123.13883253   1 
112  45.19756038 -123.13893462  45.19757235 -123.13894561   1 
112  45.19762384 -123.13899833  45.19763634 -123.13901311 
111  45.19762384 -123.13899833 
112  45.19762384 -123.13899833  45.19771026 -123.13905404   1 
112  45.19781971 -123.13901840  45.19783640 -123.13901220 
111  45.19781971 -123.13901840 
112  45.19781971 -123.13901840  45.19785309 -123.13900600   1 
112  45.19825774 -123.13887962  45.19828316 -123.13886940 
111  45.19825774 -123.13887962 
112  45.19825774 -123.13887962  45.19834247 -123.13884715   1 
111  45.19839776 -123.13874747   1 
111  45.19858630 -123.13831933   1 
112  45.19860890 -123.13805606  45.19859810 -123.13789695 
111  45.19860890 -123.13805606 
112  45.19860890 -123.13805606  45.19860657 -123.13802390   1 
112  45.19845180 -123.13726164  45.19842999 -123.13724254   1 
112  45.19836140 -123.13717736  45.19835790 -123.13716693 
111  45.19836140 -123.13717736 
112  45.19836140 -123.13717736  45.19835441 -123.13715651   1 
116  45.19829408 -123.13673375  45.19835864 -123.13645486 
120 Taxi Line
112  45.19943108 -123.13424876  45.19946799 -123.13415050   1 
112  45.19986212 -123.13402045  45.19994381 -123.13387894 
111  45.19986212 -123.13402045 
112  45.19986212 -123.13402045  45.19988977 -123.13395427   1 
112  45.20009876 -123.13349146  45.20010626 -123.13347856 
111  45.20009876 -123.13349146 
112  45.20009876 -123.13349146  45.20011128 -123.13346144   1 
112  45.20012446 -123.13334521  45.20012571 -123.13330485 
111  45.20012446 -123.13334521 
112  45.20012446 -123.13334521  45.20013687 -123.13322372   1 
115  45.20008172 -123.13275328 
120 Taxi Line
111  45.19206966 -123.14749335   1 
112  45.19201429 -123.14830755  45.19220715 -123.14855199 
111  45.19201429 -123.14830755 
112  45.19201429 -123.14830755  45.19203200 -123.14832077   1 
112  45.19233412 -123.14858773  45.19237649 -123.14862981 
111  45.19233412 -123.14858773 
112  45.19233412 -123.14858773  45.19272051 -123.14879454   1 
111  45.19298339 -123.14830000   1 
111  45.19552030 -123.14277885   1 
111  45.19572394 -123.14233900   1 
111  45.19722125 -123.13906001   1 
111  45.19748055 -123.13850949   1 
111  45.19754569 -123.13835082   1 
111  45.19777351 -123.13784623   1 
111  45.19804698 -123.13726843   1 
111  45.19829408 -123.13673375   1 
112  45.19943108 -123.13424876  45.19987862 -123.13329964   1 
112  45.20008172 -123.13275328  45.20007917 -123.13256929 
111  45.20008172 -123.13275328 
112  45.20008172 -123.13275328  45.20005884 -123.13239131   1 
111  45.19998445 -123.13140785   1 
116  45.19937265 -123.13147577  45.19885237 -123.13223818 
120 Linear Feature 4
111  45.19846574 -123.13727535   1 
112  45.19872014 -123.13752042  45.19874231 -123.13754338 
111  45.19872014 -123.13752042 
112  45.19872014 -123.13752042  45.19879864 -123.13758165   1 
111  45.19886995 -123.13744388   1 
115  45.19926895 -123.13658040 
120 Linear Feature 27
111  45.20008678 -123.13187205   4 
115  45.19995052 -123.13188518 
120 Linear Feature 26
111  45.19736122 -123.13766516   4 
115  45.19725049 -123.13790828 
120 Linear Feature 25
111  45.19235498 -123.14847959   4 
115  45.19227942 -123.14866148 
120 Linear Feature 24
111  45.19484578 -123.14300571   4 
115  45.19489496 -123.14320494 
120 Linear Feature 23
111  45.19352638 -123.14243990   4 
115  45.19362332 -123.14229886 
120 Linear Feature 22
111  45.18740475 -123.13353449   4 
115  45.18732104 -123.13366674 
14   45.19919716 -123.13888331   82 0 McMinnville Tower
15   45.19890042 -123.13933128 146.02 Ramp Start
18   45.19907804 -123.13913460 1 McMinnville Beacon
19   45.19672672 -123.13385301 0 New Windsock 1
50 13567 ASOS
51 12300 CTAF/UNICOM
52 11835 PORTLAND CLNC DEL
55 12600 PORTLAND APP/DEP
1      180 0 1 63OR Mountaindale
100   30.48   4   0 0.25 0 0 0 17   45.61960955 -123.04487911    0.00    0.00 1  0 0 0 35   45.61339655 -123.04644535    0.00    0.00 1  0 0 0
19   45.61980823 -123.04423167 1 WS
19   45.61319786 -123.04709271 1 WS
1       22 0 1 3S7  Nehalem Bay State
100   15.24   1   0 0.25 0 0 0 15   45.70133570 -123.93065798    0.00    0.00 2  0 0 0 33   45.69498762 -123.92905536    0.00    0.00 2  0 0 0
19   45.70150650 -123.93040199 1 WS
19   45.69481683 -123.92931133 1 WS
1      210 0 1 1OR4 North Plains
100   60.96   3   0 0.25 0 0 0 09   45.60494176 -123.02851288    0.00    0.00 1  0 0 0 27   45.60306546 -123.02114436    0.00    0.00 1  0 0 0
19   45.60590265 -123.02884752 1 WS
19   45.60210455 -123.02080986 1 WS
1      185 0 1 OR81 Olinger Strip
100   24.38   3   0 0.25 0 1 0 07   45.55978963 -123.02346703    0.00    0.00 1  0 0 0 25   45.55988537 -123.01563297    0.00    0.00 1  0 0 0
18   45.56060542 -123.01956914 1 BCN
19   45.56011490 -123.02378862 1 WS
19   45.55956008 -123.01531143 1 WS
1        5 0 1 KPFC Pacific City State
100    9.14   1   0 0.25 0 0 0 14   45.20222557 -123.96364577    0.00    0.00 2  0 0 0 32   45.19742665 -123.96103147    0.00    0.00 2  0 0 0
19   45.20234663 -123.96352407 1 WS
19   45.19730560 -123.96115315 1 WS
1      230 0 1 64OR Plum Valley
100   15.24   3   0 0.25 0 0 0 07   45.03372888 -123.17678672    0.00    0.00 1  0 0 0 25   45.03372888 -123.16785940    0.00    0.00 1  0 0 0
19   45.03393459 -123.17698081 1 WS
19   45.03352315 -123.16766535 1 WS
1      490 0 1 73OR Ribbon Ridge
100   15.24   3   0 0.25 0 0 0 16   45.37217682 -123.06510445    0.00    0.00 1  0 0 0 34   45.36861094 -123.06510445    0.00    0.00 1  0 0 0
19   45.37231397 -123.06481160 1 WS
19   45.36847379 -123.06539728 1 WS
1      200 0 1 OG02 Rieben
100    9.14   3   0 0.25 0 0 0 09   45.61085824 -123.08240989    0.00    0.00 1  0 0 0 27   45.60969730 -123.07759011    0.00    0.00 1  0 0 0
19   45.61100174 -123.08246368 1 WS
19   45.60955380 -123.07753634 1 WS
1      215 0 1 44S  Sheridan
100    9.14   5   0 0.25 0 0 0 07   45.10256896 -123.42296543    0.00    0.00 1  0 0 0 25   45.10265992 -123.41558291    0.00    0.00 1  0 0 0
19   45.10269094 -123.42308506 1 WS
19   45.10253793 -123.41546330 1 WS
1      174 0 1 4S4  Skyport
100   18.29   3   0 0.25 0 0 0 16   45.58535742 -123.05288501    0.00    0.00 1  0 0 0 34   45.57987146 -123.05288501    0.00    0.00 1  0 0 0
19   45.58552200 -123.05253226 1 WS
19   45.57970688 -123.05323772 1 WS
1      180 0 1 74OR Stan Jost
100   24.38   3   0 0.25 0 0 0 15   45.32548418 -123.01943201    0.00    0.00 1  0 0 0 33   45.32197248 -123.01855133    0.00    0.00 1  0 0 0
19   45.32575744 -123.01902515 1 WS
19   45.32169922 -123.01895816 1 WS
1     1000 0 1 10OR Stevens Mountain
100   30.48   3   0 0.25 0 0 0 02   45.78822743 -123.23332316    0.00    0.00 1  0 0 0 20   45.79032867 -123.23079462    0.00    0.00 1  0 0 0
19   45.78828177 -123.23402802 1 WS
19   45.79027431 -123.23008974 1 WS
1      207 0 1 1OR3 Sunset Air Strip
100   60.96   3   0 0.25 0 0 0 06   45.59077750 -123.01543694    0.00    0.00 1  0 0 0 24   45.59223026 -123.00366308    0.00    0.00 1  0 0 0
19   45.59149258 -123.01641326 1 WS
19   45.59151508 -123.00268688 1 WS
1       36 0 0 KTMK TILLAMOOK
100   29.87   1   0 0.00 0 2 0 13   45.42430000 -123.81893730    0.00    0.00 2  0 0 1 31   45.41179400 -123.81094030    0.00    0.00 2  0 0 0
100   22.86   1   0 0.00 0 0 0 01   45.41514400 -123.81635431    0.00    0.00 2  0 0 0 19   45.42200800 -123.81057331    0.00    0.00 2  0 0 0
21   45.41684648 -123.81541850  2  30.59   3.00 01  PAPI-4L
21   45.42279526 -123.81745146  2 155.82   3.00 13  PAPI-4L
21   45.42030556 -123.81150940  2 210.59   3.00 19  PAPI-4L
21   45.41329885 -123.81242562  2 335.83   3.00 31  PAPI-4L
110   2 0.00  27.00 New Taxiway 12
111  45.42248642 -123.80320162 
111  45.42255811 -123.80314723 
111  45.42267264 -123.80350144 
113  45.42260172 -123.80354136 
110   1 0.00   0.00 New Taxiway 11
111  45.42283872 -123.80971367 
111  45.42230926 -123.80838798 
111  45.42218761 -123.80726858 
111  45.42251016 -123.80488862 
112  45.42251081 -123.80420675  45.42248486 -123.80371479 
111  45.42214307 -123.80382893 
111  45.42190616 -123.80407577 
111  45.42151181 -123.80403411 
111  45.42105777 -123.80322371 
112  45.42166183 -123.80257959  45.42173457 -123.80249425 
111  45.42166183 -123.80257959 
112  45.42166183 -123.80257959  45.42209823 -123.80218282 
111  45.42229865 -123.80264508 
111  45.42272296 -123.80389946 
112  45.42272005 -123.80495738  45.42265818 -123.80545787 
111  45.42272005 -123.80495738 
112  45.42272005 -123.80495738  45.42270409 -123.80507965 
111  45.42239412 -123.80727975 
111  45.42250048 -123.80820630 
113  45.42308035 -123.80983450 
110   1 0.00   0.00 N Taxiway
112  45.42414233 -123.81862703  45.42409973 -123.81860033 
111  45.42414233 -123.81862703 
112  45.42414233 -123.81862703  45.42421332 -123.81863270   1 102 
111  45.42425130 -123.81852560   1 102 
111  45.42489528 -123.81645271   1 102 
111  45.42489265 -123.81431569   1 102 
111  45.42313232 -123.81017378   1 102 
111  45.42307652 -123.81023222   1 102 
111  45.42301206 -123.81007842   1 102 
112  45.42287095 -123.80998035  45.42279273 -123.81003161 
111  45.42287095 -123.80998035 
112  45.42287095 -123.80998035  45.42283340 -123.81000932   1 102 
111  45.42204811 -123.81067580 
111  45.42196070 -123.81047501   1 102 
112  45.42283872 -123.80971581  45.42288409 -123.80968015 
111  45.42283872 -123.80971581 
112  45.42283872 -123.80971581  45.42300665 -123.80964833 
111  45.42308035 -123.80983663   1 102 
111  45.42320363 -123.81012225   1 102 
111  45.42493326 -123.81424040   1 102 
112  45.42503627 -123.81432853  45.42511662 -123.81433425 
111  45.42503627 -123.81432853 
112  45.42503627 -123.81432853  45.42510055 -123.81432853   1 102 
111  45.42603116 -123.81437251   1 102 
111  45.42603475 -123.81650481   1 102 
111  45.42495592 -123.81648817   1 102 
113  45.42426716 -123.81870853 
110   1 0.00   0.00 Mid Taxiway
111  45.42065594 -123.81639556   1 102 
112  45.42076769 -123.81627834  45.42080566 -123.81615482 
111  45.42076769 -123.81627834 
112  45.42076769 -123.81627834  45.42077915 -123.81624669   1 102 
112  45.42128422 -123.81463477  45.42129376 -123.81459809 
111  45.42128422 -123.81463477 
112  45.42128422 -123.81463477  45.42137291 -123.81417147   1 102 
111  45.42123568 -123.81383333   1 102 
112  45.42054463 -123.81220229  45.42052461 -123.81215746 
111  45.42054463 -123.81220229 
112  45.42054463 -123.81220229  45.42046739 -123.81206235   1 102 
111  45.42039235 -123.81209883 
111  45.42061543 -123.81190929   1 102 
112  45.42059541 -123.81216380  45.42064500 -123.81233092 
111  45.42059541 -123.81216380 
112  45.42059541 -123.81216380  45.42064309 -123.81227657   1 102 
111  45.42128319 -123.81379379   1 102 
112  45.42134033 -123.81465943  45.42124401 -123.81520425 
111  45.42134033 -123.81465943 
112  45.42134033 -123.81465943  45.42132221 -123.81472057   1 102 
112  45.42083369 -123.81631994  45.42082652 -123.81634341 
111  45.42083369 -123.81631994 
112  45.42083369 -123.81631994  45.42079929 -123.81642303   1 102 
113  45.42082397 -123.81650323 
110   1 0.00   0.00 SW Taxiway
111  45.41512999 -123.81620028   1 102 
112  45.41333888 -123.81340374  45.41332553 -123.81338744 
111  45.41333888 -123.81340374 
112  45.41333888 -123.81340374  45.41318725 -123.81319725   1 102 
111  45.41305913 -123.81311742   1 102 
112  45.41201833 -123.81243698  45.41196640 -123.81240246 
111  45.41201833 -123.81243698 
112  45.41201833 -123.81243698  45.41141856 -123.81190771   1 102 
111  45.41174144 -123.81111207 
112  45.41191742 -123.81122867  45.41200736 -123.81128313 
111  45.41191742 -123.81122867 
112  45.41191742 -123.81122867  45.41186570 -123.81120625   1 102 
112  45.41197744 -123.81221277  45.41240022 -123.81276611 
111  45.41197744 -123.81221277 
112  45.41197744 -123.81221277  45.41201471 -123.81225965   1 102 
111  45.41309971 -123.81296114   1 102 
112  45.41342678 -123.81330766  45.41361942 -123.81355626 
111  45.41342678 -123.81330766 
112  45.41342678 -123.81330766  45.41345062 -123.81334163   1 102 
112  45.41509690 -123.81588773  45.41511230 -123.81590966 
111  45.41509690 -123.81588773 
112  45.41509690 -123.81588773  45.41520585 -123.81603282   1 102 
113  45.41538439 -123.81598606 
110   2 0.00 358.00 N Ramp
111  45.42535373 -123.81434474 
111  45.42537248 -123.81345004 
111  45.42571494 -123.81346651 
113  45.42569067 -123.81435822 
110   1 0.00   0.00 West Ramp
111  45.42424286 -123.81911176   1 102 
111  45.42408097 -123.81965207   1 102 
112  45.42357391 -123.81985647  45.42324361 -123.81967987 
111  45.42357391 -123.81985647 
112  45.42357391 -123.81985647  45.42355671 -123.81984320   1 102 
111  45.42175450 -123.81869110   1 102 
111  45.41975484 -123.81804164   1 102 
111  45.41969998 -123.81836158   1 102 
111  45.41901032 -123.81811917   1 102 
111  45.41888417 -123.81895432   1 102 
111  45.41809018 -123.81869356   1 102 
112  45.41819407 -123.81795004  45.41820943 -123.81783468 
111  45.41819407 -123.81795004 
112  45.41819407 -123.81795004  45.41823177 -123.81758405   1 102 
111  45.41799619 -123.81747786   1 102 
112  45.41542376 -123.81663215  45.41540278 -123.81662536 
111  45.41542376 -123.81663215 
112  45.41542376 -123.81663215  45.41534556 -123.81659004   1 102 
111  45.41525225 -123.81642082 
111  45.41545896 -123.81625266   1 102 
112  45.41556970 -123.81648769  45.41576138 -123.81654746 
111  45.41556970 -123.81648769 
112  45.41556970 -123.81648769  45.41560689 -123.81650127   1 102 
111  45.41896085 -123.81759769   1 102 
112  45.41920820 -123.81748494  45.41930454 -123.81731387 
111  45.41920820 -123.81748494 
112  45.41920820 -123.81748494  45.41923473 -123.81743919   1 102 
112  45.41979442 -123.81641015  45.41980198 -123.81639558 
111  45.41979442 -123.81641015 
112  45.41979442 -123.81641015  45.41981888 -123.81636072   1 102 
111  45.41981420 -123.81628076 
111  45.41999043 -123.81639519   1 102 
112  45.41991559 -123.81645350  45.41988623 -123.81650674 
111  45.41991559 -123.81645350 
112  45.41991559 -123.81645350  45.41990847 -123.81646681   1 102 
111  45.41932273 -123.81757817   1 102 
112  45.41936898 -123.81772808  45.41944856 -123.81776588 
111  45.41936898 -123.81772808 
112  45.41936898 -123.81772808  45.41941086 -123.81774201   1 102 
111  45.42180289 -123.81852098   1 102 
112  45.42364018 -123.81969500  45.42365738 -123.81970725 
111  45.42364018 -123.81969500 
112  45.42364018 -123.81969500  45.42384581 -123.81978279   1 102 
111  45.42395887 -123.81958149   1 102 
112  45.42405846 -123.81930906  45.42407207 -123.81927129 
111  45.42405846 -123.81930906 
112  45.42405846 -123.81930906  45.42409572 -123.81915696   1 102 
113  45.42401934 -123.81896775 
110   2 0.00   0.00 Fuel Pad
111  45.41958147 -123.81831880 
111  45.41956538 -123.81843558 
111  45.41941384 -123.81838853 
113  45.41943424 -123.81826675 
130 Airport Boundary 4
111  45.42683249 -123.82112938 
111  45.41104037 -123.82051754 
111  45.41140133 -123.80708642 
111  45.41717674 -123.81065301 
111  45.42419295 -123.80396892 
113  45.42678737 -123.80891747 
120 Linear Feature 21
111  45.42064751 -123.81228724   4 
115  45.42059850 -123.81232858 
120 Linear Feature 20
111  45.42320776 -123.81013210   4 
115  45.42314208 -123.81019673 
120 Linear Feature 19
111  45.42436949 -123.81814543   4 
115  45.42442975 -123.81818434 
120 Linear Feature 18
111  45.42408617 -123.81963473   4 
115  45.42397623 -123.81953411 
120 Linear Feature 17
111  45.42088657 -123.81590348   4 
115  45.42094849 -123.81594296 
120 Linear Feature 16
111  45.41969452 -123.81687264   4 
115  45.41960010 -123.81676783 
120 Linear Feature 15
111  45.41572901 -123.81654045   4 
115  45.41569562 -123.81672132 
120 Linear Feature 14
111  45.41491762 -123.81586812   4 
115  45.41500705 -123.81574933 
120 Linear Feature 13
111  45.41176414 -123.81154061   4 
115  45.41165794 -123.81150784 
120 Linear Feature 10
111  45.42079849 -123.81631048   1 
116  45.42054662 -123.81653723  45.42039056 -123.81646720 
120 Linear Feature 9
111  45.42054387 -123.81212050   1 
116  45.42029104 -123.81201943  45.42013993 -123.81214202 
120 Linear Feature 8
112  45.42088946 -123.81675629  45.42071845 -123.81663580   1 
111  45.42079849 -123.81631048   1 
112  45.42132414 -123.81460933  45.42133033 -123.81458108 
111  45.42132414 -123.81460933 
112  45.42132414 -123.81460933  45.42135016 -123.81446454   1 
112  45.42126038 -123.81381451  45.42114884 -123.81351081 
111  45.42126038 -123.81381451 
112  45.42126038 -123.81381451  45.42124303 -123.81376860   1 
111  45.42054387 -123.81212050   1 
116  45.42059679 -123.81176183  45.42074389 -123.81163144 
120 Linear Feature 7
112  45.41544551 -123.81610048  45.41524321 -123.81623433   1 
111  45.41511732 -123.81604255   1 
111  45.41341325 -123.81340724   1 
112  45.41318968 -123.81312566  45.41305472 -123.81298583 
111  45.41318968 -123.81312566 
112  45.41318968 -123.81312566  45.41309365 -123.81302937   1 
111  45.41203910 -123.81236053   1 
112  45.41170783 -123.81152357  45.41173238 -123.81093153 
111  45.41170783 -123.81152357 
112  45.41170783 -123.81152357  45.41171799 -123.81147534   1 
111  45.41179099 -123.81117208   1 
116  45.41202397 -123.81108819  45.41219983 -123.81118334 
120 Linear Feature 6
111  45.41924840 -123.81757226   1 
116  45.41901943 -123.81771310  45.41888142 -123.81768864 
120 Linear Feature 5
111  45.41982606 -123.81648517   1 
116  45.41976482 -123.81603795  45.41959791 -123.81592094 
120 Linear Feature 4
112  45.41935511 -123.81781999  45.41917258 -123.81773210   1 
111  45.41924840 -123.81757226   1 
111  45.41982606 -123.81648517   1 
116  45.42019853 -123.81631521  45.42040850 -123.81643341 
120 Linear Feature 3
111  45.41975484 -123.81804164   8 
115  45.41799619 -123.81747786 
120 Linear Feature 2
112  45.42404253 -123.81877305  45.42419336 -123.81883225   1 
111  45.42425032 -123.81864386   1 
111  45.42492735 -123.81647121   1 
112  45.42494752 -123.81637777  45.42495060 -123.81633062 
111  45.42494752 -123.81637777 
112  45.42494752 -123.81637777  45.42494752 -123.81635145   1 
111  45.42494798 -123.81443703   1 
112  45.42492753 -123.81431254  45.42490646 -123.81426134 
111  45.42492753 -123.81431254 
112  45.42492753 -123.81431254  45.42491390 -123.81428076   1 
112  45.42316372 -123.81014174  45.42314194 -123.81010296 
111  45.42316372 -123.81014174 
112  45.42316372 -123.81014174  45.42306337 -123.80991268   1 
112  45.42274638 -123.80994009  45.42252683 -123.81012623   1 
115  45.42209317 -123.81049849 
120 Linear Feature 1
111  45.41544551 -123.81610048   1 
112  45.41536324 -123.81637498  45.41541963 -123.81652556 
111  45.41536324 -123.81637498 
112  45.41536324 -123.81637498  45.41544506 -123.81653801   1 
111  45.41552323 -123.81656840   1 
111  45.41901943 -123.81771310   1 
111  45.41935511 -123.81781999   1 
111  45.42167765 -123.81857486   1 
112  45.42187180 -123.81866275  45.42199235 -123.81873338 
111  45.42187180 -123.81866275 
112  45.42187180 -123.81866275  45.42189433 -123.81867559   1 
111  45.42360282 -123.81977439   1 
112  45.42402923 -123.81959343  45.42418808 -123.81923867 
111  45.42402923 -123.81959343 
112  45.42402923 -123.81959343  45.42404275 -123.81955811   1 
111  45.42418527 -123.81910223   1 
116  45.42404253 -123.81877305  45.42385617 -123.81866029 
14   45.41897354 -123.81881770   82 0 Tillamook tower
15   45.42577972 -123.81506362 180.00 North Ramp Start
15   45.41855554 -123.81859383 345.00 West Ramp Start
18   45.41843431 -123.81371629 1 BCN
19   45.41868272 -123.81692628 0 Tillamook Windsock
50 12000 AWOS 3
51 12280 CTAF/UNICOM
55 12420 SEATTLE APP/DEP
1      165 0 1 OR59 Trivelpiece
100   12.19   3   0 0.25 0 0 0 07   45.33147221 -123.20958690    0.00    0.00 1  0 0 0 25   45.33153445 -123.20451534    0.00    0.00 1  0 0 0
19   45.33163484 -123.20974704 1 WS
19   45.33137181 -123.20435521 1 WS
1      647 0 1 05S  Vernonia Airfield
100   13.72   3   0 0.25 0 0 0 09   45.85287936 -123.24694519    0.00    0.00 1  0 0 0 27   45.85012118 -123.23606537    0.00    0.00 1  0 0 0
19   45.85309427 -123.24702150 1 WS
19   45.84990627 -123.23598911 1 WS
1      190 0 1 OR95 Vineyard
100   18.29   3   0 0.25 0 0 0 09   45.05064316 -123.23785086    0.00    0.00 1  0 0 0 27   45.04903572 -123.23124304    0.00    0.00 1  0 0 0
19   45.05093016 -123.23795738 1 WS
19   45.04874871 -123.23113656 1 WS
1      360 0 1 OR42 Vons Airstrip
100   15.24   3   0 0.25 0 0 0 09   45.29272782 -123.30481722    0.00    0.00 1  0 0 0 27   45.29138828 -123.29928724    0.00    0.00 1  0 0 0
19   45.29296699 -123.30490636 1 WS
19   45.29114911 -123.29919812 1 WS
17      10 0 1 OR63 [H] Seaside
102 H1   45.84149638 -123.92680362   0.00   15.24   15.24   3 1   0 0.25 0
19   45.84170210 -123.92650831 1 WS
17       3 0 1 6OR3 [H] Tillamook County General Hospital
102 H1   45.45538222 -123.85401417   0.00   24.38   24.38   1 2   0 0.25 0
19   45.45571138 -123.85354492 1 WS
17     234 0 1 3OR6 [H] Western Div Service Center
102 H1   45.45400277 -123.15538584   0.00   15.24   15.24   1 2   0 0.25 0
19   45.45420849 -123.15509257 1 WS