1      396 0 1 M50  BOARDMAN
100   30.48   1   0 0.25 0 2 0 04   45.81214400 -119.82778900    0.00    0.00 2  0 0 0 22   45.81750600 -119.81321100    0.00    0.00 2  0 0 0
110   1 0.30  62.17 Default taxiway for RWY 04
111  45.81202470 -119.82769866   3 102 
111  45.81141626 -119.82723789   3 102 
111  45.81677919 -119.81266124   3 102 
111  45.81738763 -119.81312205 
112  45.81725958 -119.81347008  45.81732162 -119.81329456   3 102 
111  45.81717607 -119.81318433   3 102 
112  45.81698201 -119.81303735  45.81683646 -119.81292712   3 102 
111  45.81677243 -119.81310113   3 102 
111  45.81425102 -119.81995442   3 102 
111  45.81473817 -119.82032335 
111  45.81467415 -119.82049736   3 102 
111  45.81418700 -119.82012843   3 102 
112  45.81166559 -119.82698171  45.81160157 -119.82715573   3 102 
111  45.81174712 -119.82726595   3 102 
112  45.81194118 -119.82741292  45.81208673 -119.82752314   3 102 
113  45.81215274 -119.82735063 
120 Default hold RWY 04 (near)
111  45.81178013 -119.82751345   4 
115  45.81184415 -119.82733944 
120 Default hold RWY 04 (centre)
111  45.81442958 -119.82031214   4 
115  45.81449360 -119.82013813 
120 Default hold RWY 04 (far)
111  45.81707904 -119.81311084   4 
115  45.81714306 -119.81293682 
18   45.81567425 -119.82114433 1 BCN
19   45.81237983 -119.82841258 1 WS
19   45.81727010 -119.81258742 1 WS
51 12290 CTAF
1      533 0 1 OR88 Cheney Ranch
100   30.48   3   0 0.25 0 2 0 14   45.66834881 -119.97473277    0.00    0.00 1  0 0 0 32   45.66135785 -119.97089279    0.00    0.00 1  0 0 0
18   45.66519738 -119.97153016 1 BCN
19   45.66875235 -119.97432378 1 WS
19   45.66095433 -119.97130176 1 WS
1      640 0 1 WA76 COLUMBIA CREST WINERY
100    9.14   1   0 0.25 0 0 0 07   45.95611100 -119.62722200    0.00    0.00 2  0 0 0 25   45.95638900 -119.61305600    0.00    0.00 2  0 0 0
110   1 0.30  88.38 Default taxiway for RWY 07
111  45.95607212 -119.62722042   3 
111  45.95586423 -119.62721195   3 
111  45.95614311 -119.61304602   3 
111  45.95635100 -119.61305449 
112  45.95634867 -119.61317281  45.95634758 -119.61311355   3 
111  45.95629823 -119.61311154   3 
112  45.95623242 -119.61310886  45.95618307 -119.61310685   3 
111  45.95618191 -119.61316601   3 
111  45.95604538 -119.62010108   3 
111  45.95621214 -119.62010788 
111  45.95621098 -119.62016704   3 
111  45.95604422 -119.62016024   3 
112  45.95590769 -119.62709530  45.95590652 -119.62715446   3 
111  45.95595587 -119.62715647   3 
112  45.95602168 -119.62715915  45.95607103 -119.62716116   3 
113  45.95607445 -119.62710210 
120 Default hold RWY 07 (near)
111  45.95598762 -119.62721697   4 
115  45.95598878 -119.62715781 
120 Default hold RWY 07 (centre)
111  45.95612648 -119.62016359   4 
115  45.95612764 -119.62010443 
120 Default hold RWY 07 (far)
111  45.95626533 -119.61311020   4 
115  45.95626650 -119.61305104 
19   45.95623205 -119.62734535 1 WS
19   45.95626792 -119.61293269 1 WS
1      644 0 1 KHRI HERMISTON MUNI
100   22.86   1   0 0.25 0 2 0 04   45.82535300 -119.26698100    0.00    0.00 2  0 0 0 22   45.83108100 -119.25134700    0.00    0.00 2  0 0 1
21   45.82643315 -119.26487794  1  62.26   3.00 04  VASI
21   45.83000113 -119.25345058  1 242.27   3.00 22  VASI
110   1 0.30  62.26 Default taxiway for RWY 04
111  45.82526395 -119.26691379   3 102 
111  45.82480677 -119.26656875   3 102 
111  45.83053584 -119.25093632   3 102 
111  45.83099302 -119.25128140 
112  45.83089726 -119.25154269  45.83094315 -119.25141053   3 102 
111  45.83083390 -119.25132808   3 102 
112  45.83068824 -119.25121813  45.83057899 -119.25113567   3 102 
111  45.83053111 -119.25126632   3 102 
111  45.82778627 -119.25875592   3 102 
111  45.82815242 -119.25903227 
111  45.82810454 -119.25916292   3 102 
111  45.82773839 -119.25888657   3 102 
112  45.82499356 -119.26637617  45.82494568 -119.26650682   3 102 
111  45.82505493 -119.26658927   3 102 
112  45.82520059 -119.26669920  45.82530984 -119.26678165   3 102 
113  45.82535971 -119.26665250 
120 Default hold RWY 04 (near)
111  45.82507988 -119.26677487   4 
115  45.82512776 -119.26664423 
120 Default hold RWY 04 (centre)
111  45.82792047 -119.25902399   4 
115  45.82796835 -119.25889334 
120 Default hold RWY 04 (far)
111  45.83076107 -119.25127310   4 
115  45.83080895 -119.25114246 
18   45.82885288 -119.25964681 1 BCN
19   45.82552914 -119.26744750 1 WS
19   45.83090479 -119.25088051 1 WS
50 13522 ASOS
51 12280 CTAF/UNICOM
55 13315 CHINOOK APP/DEP
1     1634 0 0 9S9  LEXINGTON
100   22.86   1   0 0.00 0 2 0 08   45.45503600 -119.69826400    0.00   60.96 2  0 0 0 26   45.45325300 -119.68226900    0.00   61.87 2  0 0 0
21   45.45502417 -119.69566869  1  99.02   3.00 08  VASI
21   45.45326520 -119.68486423  1 279.04   3.00 26  VASI
110   1 0.00   0.00 New Taxiway 93
112  45.45539400 -119.68582547  45.45539701 -119.68620276 
112  45.45515340 -119.68621990  45.45513235 -119.68621562 
112  45.45484062 -119.68582547  45.45481656 -119.68537102 
114  45.45512333 -119.68542246  45.45514739 -119.68542246 
110   1 0.00   0.00 New Taxiway 80
111  45.45325447 -119.68225701 
111  45.45422047 -119.69127881 
111  45.45425615 -119.69195395 
112  45.45421722 -119.69186609  45.45420100 -119.69179672 
111  45.45415234 -119.69176898 
111  45.45372091 -119.69183834 
112  45.45290566 -119.68411863  45.45289917 -119.68404464 
111  45.45286997 -119.68409089 
111  45.45143820 -119.68611621 
112  45.45150632 -119.68625493  45.45155498 -119.68635204 
112  45.45176583 -119.68656012  45.45181449 -119.68661098 
111  45.45202210 -119.68670809 
111  45.45215834 -119.68680982 
111  45.45207400 -119.68680057 
112  45.45206102 -119.68676820  45.45205129 -119.68675895 
112  45.45189883 -119.68669422  45.45187288 -119.68667572 
112  45.45160039 -119.68645839  45.45157120 -119.68643065 
111  45.45143820 -119.68618095 
111  45.45139603 -119.68617170 
111  45.45131818 -119.68614858 
111  45.45119167 -119.68594975 
112  45.45108138 -119.68581103  45.45104894 -119.68576941 
111  45.45101326 -119.68564457 
111  45.45098730 -119.68487698 
111  45.45084133 -119.68488160 
112  45.45086728 -119.68609073  45.45089323 -119.68627569 
112  45.45107489 -119.68651152  45.45117220 -119.68664561 
112  45.45168883 -119.68687954  45.45172127 -119.68689341 
112  45.45196131 -119.68683330  45.45202295 -119.68681480 
112  45.45222407 -119.68686567  45.45231165 -119.68694428 
111  45.45234733 -119.68726334 
112  45.45236031 -119.68816040  45.45236680 -119.68826213 
111  45.45274308 -119.69042795 
111  45.45271713 -119.69042333 
112  45.45238035 -119.68847945  45.45235765 -119.68834998 
112  45.45231872 -119.68802168  45.45231548 -119.68788296 
112  45.45230899 -119.68726155  45.45229601 -119.68695174 
112  45.45206570 -119.68686851  45.45201055 -119.68687776 
112  45.45167644 -119.68692400  45.45162778 -119.68692400 
112  45.45131312 -119.68672979  45.45123527 -119.68668817 
112  45.45096603 -119.68643385  45.45086871 -119.68628126 
111  45.45082196 -119.68607459 
112  45.45074735 -119.68401096  45.45074086 -119.68364567 
112  45.45092901 -119.68332661  45.45099064 -119.68328037 
112  45.45129556 -119.68310004  45.45136693 -119.68305380 
111  45.45130530 -119.68298906 
112  45.45097442 -119.68299831  45.45084791 -119.68300294 
111  45.45068247 -119.68318789 
111  45.45067599 -119.68327575 
111  45.45066301 -119.68373352 
112  45.45055921 -119.68383062  45.45051379 -119.68387686 
111  45.45047811 -119.68377051 
112  45.45050406 -119.68302699  45.45051704 -119.68299463 
112  45.45102957 -119.68274956  45.45115608 -119.68271256 
112  45.45146500 -119.68278656  45.45152015 -119.68278656 
112  45.45161746 -119.68262934  45.45167261 -119.68256461 
112  45.45215595 -119.68148721  45.45222082 -119.68131150 
111  45.45245762 -119.68089533 
111  45.45255818 -119.68089071 
112  45.45215147 -119.68169341  45.45213201 -119.68194773 
112  45.45149945 -119.68300200  45.45148648 -119.68305286 
111  45.45150594 -119.68308061 
111  45.45174923 -119.68315459 
111  45.45267715 -119.68225969 
113  45.45318962 -119.68215067 
111  45.45320581 -119.68249747 
112  45.45300469 -119.68244660  45.45293981 -119.68248360 
111  45.45289764 -119.68252984 
111  45.45298198 -119.68362576 
111  45.45302415 -119.68362576 
111  45.45304362 -119.68380610 
111  45.45301767 -119.68387546 
111  45.45381566 -119.69148032 
112  45.45392595 -119.69161905  45.45399407 -119.69160980 
111  45.45411085 -119.69157743 
114  45.45417248 -119.69137859  45.45416924 -119.69125837 
111  45.45277219 -119.68270286 
112  45.45262297 -119.68255951  45.45249646 -119.68267049 
111  45.45169198 -119.68345658 
111  45.45169523 -119.68381631 
111  45.45155574 -119.68393191 
111  45.45155574 -119.68451630 
111  45.45158493 -119.68455791 
111  45.45158493 -119.68511743 
111  45.45154601 -119.68515442 
111  45.45154276 -119.68557984 
112  45.45163359 -119.68561220  45.45168225 -119.68554747 
111  45.45284680 -119.68388742 
114  45.45286950 -119.68378107  45.45286950 -119.68373945 
111  45.45123145 -119.68559833 
112  45.45121523 -119.68571393  45.45120225 -119.68574167 
112  45.45115684 -119.68582490  45.45115359 -119.68588502 
111  45.45130605 -119.68605148 
111  45.45132227 -119.68603299 
111  45.45133201 -119.68599599 
112  45.45139688 -119.68592201  45.45141310 -119.68591276 
112  45.45141635 -119.68582953  45.45141310 -119.68581103 
112  45.45140661 -119.68571393  45.45140013 -119.68568156 
113  45.45139364 -119.68561220 
111  45.45138715 -119.68481224 
112  45.45140661 -119.68474288  45.45140986 -119.68473826 
112  45.45142932 -119.68472439  45.45144230 -119.68467352 
112  45.45143581 -119.68461803  45.45142932 -119.68460416 
112  45.45140013 -119.68455330  45.45139039 -119.68453480 
112  45.45138391 -119.68450243  45.45138391 -119.68445619 
112  45.45136120 -119.68445619  45.45135471 -119.68445619 
112  45.45131903 -119.68447006  45.45130930 -119.68447006 
112  45.45127362 -119.68447931  45.45120874 -119.68445619 
112  45.45116657 -119.68452093  45.45116332 -119.68453018 
112  45.45116657 -119.68459491  45.45116981 -119.68460879 
112  45.45120874 -119.68468277  45.45121847 -119.68468277 
111  45.45127037 -119.68469664 
112  45.45123145 -119.68474288  45.45122496 -119.68474751 
112  45.45118928 -119.68477063  45.45118279 -119.68478450 
111  45.45118279 -119.68496484 
111  45.45123469 -119.68490472 
113  45.45123469 -119.68480762 
120 Linear Feature 91
111  45.45282098 -119.68258990   1 
116  45.45266590 -119.68240627  45.45256960 -119.68244014 
120 Linear Feature 90
111  45.45414248 -119.69166868   1 
112  45.45425629 -119.69127289  45.45422002 -119.69094128   1 
115  45.45422002 -119.69094128 
120 Linear Feature 89
111  45.45406219 -119.69178388   4 
115  45.45404921 -119.69159357 
120 Linear Feature 88
111  45.45293666 -119.68234170   1 
112  45.45282313 -119.68259140  45.45284259 -119.68281336   1 
111  45.45293294 -119.68373317   1 
111  45.45374754 -119.69148081   1 
112  45.45391895 -119.69170310  45.45404499 -119.69168282   1 
111  45.45414129 -119.69166973   1 
112  45.45432494 -119.69193397  45.45436387 -119.69224379   1 
115  45.45436387 -119.69224379 
120 Linear Feature 87
111  45.45290098 -119.68252204   4 
115  45.45287503 -119.68221685 
120 Linear Feature 85
111  45.45314933 -119.68229083   1 
111  45.45266923 -119.68240644   1 
115  45.45176019 -119.68323414 
14   45.45103060 -119.68405621   19 0 New Tower Viewpoint 14
15   45.45109864 -119.68354838   0.00 New Ramp Start 13
18   45.45485522 -119.69010910 1 BCN
19   45.45253340 -119.68357736 1 New Windsock 11
19   45.45511731 -119.68581261 1 New Windsock 12
50 13447 AWOS
51 12290 CTAF
1      550 0 1 OR32 SIMTAG FARMS
100    9.75   1   0 0.25 0 1 0 04   45.74944400 -119.95277800    0.00    0.00 2  0 0 0 22   45.75472200 -119.93888900    0.00    0.00 2  0 0 0
110   1 0.30  61.42 Default taxiway for RWY 04
111  45.74940744 -119.95274946   3 102 
111  45.74921276 -119.95259748   3 102 
111  45.75449160 -119.93870978   3 102 
111  45.75468628 -119.93886176 
112  45.75464429 -119.93897223  45.75466331 -119.93891546   3 102 
111  45.75461706 -119.93887935   3 102 
112  45.75455540 -119.93883121  45.75450915 -119.93879510   3 102 
111  45.75448815 -119.93885033   3 102 
111  45.75190122 -119.94565610   3 102 
111  45.75205736 -119.94577799 
111  45.75203636 -119.94583322   3 102 
111  45.75188022 -119.94571133   3 102 
112  45.74929329 -119.95251711  45.74927229 -119.95257234   3 102 
111  45.74931854 -119.95260844   3 102 
112  45.74938020 -119.95265658  45.74942645 -119.95269268   3 102 
113  45.74944943 -119.95263900 
120 Default hold RWY 04 (near)
111  45.74932838 -119.95268774   4 
115  45.74934937 -119.95263251 
120 Default hold RWY 04 (centre)
111  45.75195730 -119.94577151   4 
115  45.75197830 -119.94571628 
120 Default hold RWY 04 (far)
111  45.75458623 -119.93885528   4 
115  45.75460722 -119.93880004 
18   45.75235248 -119.94604667 1 BCN
19   45.74951763 -119.95297872 1 WS
19   45.75464834 -119.93868828 1 WS
1      597 0 1 S41  Umatilla AAF
100   18.29   1   0 0.25 0 0 0 06   45.79906964 -119.40692383    0.00    0.00 2  0 0 0 24   45.80063980 -119.39533729    0.00    0.00 2  0 0 0
110   1 0.30  79.00 Default taxiway for RWY 06
111  45.79899107 -119.40690192   3 
111  45.79858498 -119.40678865   3 
111  45.80015573 -119.39520244   3 
111  45.80056182 -119.39531571 
112  45.80053040 -119.39554743  45.80054390 -119.39543095   3 
111  45.80044697 -119.39540391   3 
112  45.80031773 -119.39536786  45.80022080 -119.39534083   3 
111  45.80020509 -119.39545669   3 
111  45.79945899 -119.40096014   3 
111  45.79978430 -119.40105088 
111  45.79976859 -119.40116674   3 
111  45.79944328 -119.40107600   3 
112  45.79869717 -119.40657946  45.79868147 -119.40669532   3 
111  45.79877840 -119.40672236   3 
112  45.79890764 -119.40675840  45.79900457 -119.40678544   3 
113  45.79902248 -119.40667020 
120 Default hold RWY 06 (near)
111  45.79882731 -119.40685624   4 
115  45.79884302 -119.40674038 
120 Default hold RWY 06 (centre)
111  45.79960483 -119.40112106   4 
115  45.79962054 -119.40100520 
120 Default hold RWY 06 (far)
111  45.80038235 -119.39538589   4 
115  45.80039806 -119.39527003 
19   45.79928056 -119.40722314 1 WS
19   45.80042885 -119.39503801 1 WS
1      917 0 1 5S7  West Buttercreek
100    9.14   1   0 0.25 0 0 0 01   45.66220697 -119.38854680    0.00    0.00 2  0 0 0 19   45.66834857 -119.38367544    0.00    0.00 2  0 0 0
110   1 0.30  29.00 Default taxiway for RWY 01
111  45.66218811 -119.38849812   3 
111  45.66208729 -119.38823785   3 
111  45.66822899 -119.38336699   3 
111  45.66832981 -119.38362729 
112  45.66825784 -119.38368437  45.66829274 -119.38365301   3 
111  45.66826881 -119.38359122   3 
112  45.66823689 -119.38350882  45.66821296 -119.38344703   3 
111  45.66817697 -119.38347557   3 
111  45.66519609 -119.38583965   3 
111  45.66527696 -119.38604844 
111  45.66524097 -119.38607698   3 
111  45.66516010 -119.38586819   3 
112  45.66217921 -119.38823226  45.66214323 -119.38826080   3 
111  45.66216716 -119.38832259   3 
112  45.66219908 -119.38840498  45.66222301 -119.38846677   3 
113  45.66226008 -119.38844104 
120 Default hold RWY 01 (near)
111  45.66214713 -119.38839233   4 
115  45.66218312 -119.38836379 
120 Default hold RWY 01 (centre)
111  45.66519999 -119.38597118   4 
115  45.66523598 -119.38594264 
120 Default hold RWY 01 (far)
111  45.66825285 -119.38355002   4 
115  45.66828883 -119.38352148 
19   45.66219484 -119.38875835 1 WS
19   45.66836069 -119.38346386 1 WS
17     366 0 1 59OR [H] Mc Nary Dam
102 H1   45.93193527 -119.29668056   0.00   18.29   18.29   1 2   0 0.25 0
19   45.93218214 -119.29632561 1 WS