1     3373 0 1 MT45 Castleberry
100   12.19   3   0 0.25 0 0 0 11   45.90968640 -104.57790319    0.00    0.00 1  0 0 0 29   45.90808748 -104.57422571    0.00    0.00 1  0 0 0
19   45.90988411 -104.57791158 1 WS
19   45.90788977 -104.57421734 1 WS
1     3503 0 1 97M  EKALAKA
100   22.86   1   0 0.25 0 2 0 13   45.88194400 -104.54250000    0.00    0.00 2  0 0 0 31   45.87388900 -104.53250000    0.00    0.00 2  0 0 0
21   45.88077909 -104.54048228  2 139.16   3.00 13  PAPI-4L
21   45.87505409 -104.53451723  2 319.17   3.00 31  PAPI-4L
110   1 0.30 139.16 Default taxiway for RWY 13
111  45.88187820 -104.54260934   3 102 
111  45.88154040 -104.54317072   3 102 
111  45.87348584 -104.53316917   3 102 
111  45.87382364 -104.53260788 
112  45.87397927 -104.53280114  45.87389998 -104.53270695   3 102 
111  45.87381926 -104.53284107   3 102 
112  45.87371164 -104.53301991  45.87363092 -104.53315403   3 102 
111  45.87370874 -104.53325066   3 102 
111  45.87754148 -104.53800985   3 102 
111  45.87781201 -104.53756029 
111  45.87788983 -104.53765692   3 102 
111  45.87761930 -104.53810648   3 102 
112  45.88145203 -104.54286567  45.88152985 -104.54296230   3 102 
111  45.88161057 -104.54282816   3 102 
112  45.88171819 -104.54264930  45.88179891 -104.54251516   3 102 
113  45.88172256 -104.54241608 
120 Default hold RWY 13 (near)
111  45.88174220 -104.54283536   4 
115  45.88166438 -104.54273873 
120 Default hold RWY 13 (centre)
111  45.87775383 -104.53788292   4 
115  45.87767601 -104.53778629 
120 Default hold RWY 13 (far)
111  45.87376545 -104.53293049   4 
115  45.87368764 -104.53283386 
18   45.87838816 -104.53672015 1 BCN
19   45.88230054 -104.54235939 1 WS
19   45.87353248 -104.53264065 1 WS
51 12290 CTAF
1     3560 0 1 MT59 Gardner
100   15.24   3   0 0.25 0 0 0 13   45.26885214 -104.85895247    0.00    0.00 1  0 0 0 31   45.26556618 -104.85543421    0.00    0.00 1  0 0 0
19   45.26908548 -104.85883630 1 WS
19   45.26533285 -104.85555038 1 WS
1     3462 0 1 91U  Laird Ranch
100   18.29   3   0 0.25 0 0 0 12   45.67043687 -104.70708486    0.00    0.00 1  0 0 0 30   45.66566479 -104.69950070    0.00    0.00 1  0 0 0
19   45.67073046 -104.70702351 1 WS
19   45.66537121 -104.69956208 1 WS
1     3995 0 1 MT50 Lanning Ranch
100   30.48   3   0 0.25 0 0 0 16   45.09183804 -104.82022607    0.00    0.00 1  0 0 0 34   45.08368918 -104.81860395    0.00    0.00 1  0 0 0
19   45.09216694 -104.81970301 1 WS
19   45.08336029 -104.81912694 1 WS
1     3410 0 1 MT65 Morgan Ranche
100   91.44   3   0 0.25 0 0 0 09   45.02306517 -104.08118768    0.00    0.00 1  0 0 0 27   45.02135427 -104.06980010    0.00    0.00 1  0 0 0
19   45.02444359 -104.08196351 1 WS
19   45.01997577 -104.06902457 1 WS
1     3200 0 1 SD33 SKY RANCH FOR BOYS
100    9.14   1   0 0.25 0 1 0 11   45.50324450 -104.00865653    0.00    0.00 2  0 0 0 29   45.49674350 -103.99232147    0.00    0.00 2  0 0 0
100   15.24   5   0 0.25 0 0 0 04   45.49821578 -104.00346872    0.00    0.00 1  0 0 0 22   45.50177222 -103.99750928    0.00    0.00 1  0 0 0
110   1 0.30 119.58 Default taxiway for RWY 11
111  45.50321068 -104.00868393   3 102 
111  45.50302981 -104.00883042   3 102 
111  45.49652997 -103.99249345   3 102 
111  45.49671084 -103.99234697 
112  45.49675147 -103.99244908  45.49672920 -103.99239962   3 102 
111  45.49668626 -103.99243439   3 102 
112  45.49662901 -103.99248076  45.49658607 -103.99251553   3 102 
111  45.49660638 -103.99256658   3 102 
111  45.49980552 -104.00060743   3 102 
111  45.49995061 -104.00048992 
111  45.49997092 -104.00054097   3 102 
111  45.49982583 -104.00065848   3 102 
112  45.50302497 -104.00869933  45.50304528 -104.00875039   3 102 
111  45.50308822 -104.00871561   3 102 
112  45.50314547 -104.00866924  45.50318841 -104.00863446   3 102 
113  45.50317006 -104.00858182 
120 Default hold RWY 11 (near)
111  45.50313716 -104.00874347   4 
115  45.50311685 -104.00869242 
120 Default hold RWY 11 (centre)
111  45.49989740 -104.00060052   4 
115  45.49987709 -104.00054947 
120 Default hold RWY 11 (far)
111  45.49665764 -103.99245757   4 
115  45.49663732 -103.99240651 
18   45.50024446 -104.00028564 1 BCN
19   45.49828350 -104.00380798 1 WS
19   45.50339246 -104.00867170 1 WS
19   45.49659553 -103.99230635 1 WS
19   45.50170449 -103.99717001 1 WS