1     2785 0 1 6V5  BISON MUNI
100   18.29   1   0 0.25 0 1 0 11   45.52111100 -102.47305000    0.00    0.00 2  0 0 0 29   45.51583600 -102.46138900    0.00    0.00 2  0 0 0
110   1 0.30 122.84 Default taxiway for RWY 11
111  45.52104375 -102.47311195   3 102 
111  45.52069618 -102.47343217   3 102 
111  45.51542177 -102.46177005   3 102 
111  45.51576934 -102.46144986 
112  45.51585860 -102.46164721  45.51581208 -102.46155027   3 102 
111  45.51572912 -102.46162670   3 102 
112  45.51561850 -102.46172860  45.51553554 -102.46180503   3 102 
111  45.51558017 -102.46190371   3 102 
111  45.51810580 -102.46748808   3 102 
111  45.51838423 -102.46723157 
111  45.51842886 -102.46733024   3 102 
111  45.51815043 -102.46758675   3 102 
112  45.52067606 -102.47317113  45.52072069 -102.47326980   3 102 
111  45.52080365 -102.47319336   3 102 
112  45.52091427 -102.47309145  45.52099723 -102.47301502   3 102 
113  45.52095449 -102.47291460 
120 Default hold RWY 11 (near)
111  45.52090359 -102.47324109   4 
115  45.52085896 -102.47314241 
120 Default hold RWY 11 (centre)
111  45.51828870 -102.46745937   4 
115  45.51824407 -102.46736070 
120 Default hold RWY 11 (far)
111  45.51567381 -102.46167765   4 
115  45.51562918 -102.46157898 
18   45.51895893 -102.46677571 1 BCN
19   45.52140767 -102.47305626 1 WS
19   45.51553933 -102.46138280 1 WS
51 12290 CTAF
1     2610 0 1 SD48 Blomberg 42 Ranch - Private
100   24.38   3   0 0.25 0 0 0 14   45.20283380 -102.65267934    0.00    0.00 1  0 0 0 32   45.19713842 -102.64819900    0.00    0.00 1  0 0 0
100   15.24   3   0 0.25 0 0 0 06   45.19922704 -102.65356775    0.00    0.00 1  0 0 0 24   45.20074518 -102.64731059    0.00    0.00 1  0 0 0
19   45.19937689 -102.65384684 1 WS
19   45.20318531 -102.65242176 1 WS
19   45.19678692 -102.64845658 1 WS
19   45.20059531 -102.64703151 1 WS
1     2800 0 1 SD59 Carr
100   18.29   3   0 0.25 0 0 0 12   45.53494404 -102.81143281    0.00    0.00 1  0 0 0 30   45.53170484 -102.80611331    0.00    0.00 1  0 0 0
100   18.29   3   0 0.25 0 0 0 08   45.53336274 -102.81190521    0.00    0.00 1  0 0 0 26   45.53328614 -102.80564091    0.00    0.00 1  0 0 0
19   45.53361244 -102.81213398 1 WS
19   45.53523833 -102.81137893 1 WS
19   45.53303643 -102.80541216 1 WS
19   45.53141055 -102.80616721 1 WS
1     2467 0 1 SD88 Dunn
100   15.24   3   0 0.25 0 0 0 14   45.39080839 -102.00401730    0.00    0.00 1  0 0 0 32   45.38748271 -102.00128326    0.00    0.00 1  0 0 0
19   45.39103002 -102.00386126 1 WS
19   45.38726107 -102.00143930 1 WS
1     2582 0 1 D07  FAITH MUNI
100   18.29   1   0 0.25 0 2 0 13   45.04103600 -102.02471900    0.00    0.00 2  0 0 0 31   45.03166700 -102.01526900    0.00    0.00 2  0 0 0
21   45.03973310 -102.02291745  2 144.52   3.00 13  PAPI-4L
21   45.03297005 -102.01707005  2 324.52   3.00 31  PAPI-4L
110   1 0.30 144.52 Default taxiway for RWY 13
111  45.04098954 -102.02481124   3 102 
111  45.04074940 -102.02528798   3 102 
111  45.03138079 -102.01583634   3 102 
111  45.03162093 -102.01535967 
112  45.03175494 -102.01549487  45.03168663 -102.01542986   3 102 
111  45.03162931 -102.01554364   3 102 
112  45.03155289 -102.01569535  45.03149557 -102.01580912   3 102 
111  45.03156257 -102.01587672   3 102 
111  45.03607936 -102.02043354   3 102 
111  45.03627173 -102.02005166 
111  45.03633874 -102.02011926   3 102 
111  45.03614637 -102.02050114   3 102 
112  45.04066316 -102.02505795  45.04073016 -102.02512555   3 102 
111  45.04078748 -102.02501175   3 102 
112  45.04086390 -102.02486003  45.04092122 -102.02474623   3 102 
113  45.04085553 -102.02467604 
120 Default hold RWY 13 (near)
111  45.04089270 -102.02500349   4 
115  45.04082569 -102.02493589 
120 Default hold RWY 13 (centre)
111  45.03624190 -102.02031150   4 
115  45.03617489 -102.02024390 
120 Default hold RWY 13 (far)
111  45.03159110 -102.01561949   4 
115  45.03152409 -102.01555189 
18   45.03668657 -102.01932999 1 BCN
19   45.04131331 -102.02456971 1 WS
19   45.03138969 -102.01541831 1 WS
51 12280 CTAF
1     2756 0 1 SD60 Ike John - Private
100   30.48   3   0 0.25 0 0 0 32   45.39697579 -102.79337915    0.00    0.00 1  0 0 0 14   45.40300197 -102.79916809    0.00    0.00 1  0 0 0
19   45.39651831 -102.79364650 1 WS
19   45.40345946 -102.79890075 1 WS
1     2571 0 1 KLEM LEMMON MUNI
100   22.86   1   0 0.25 0 2 0 11   45.92274200 -102.11221100    0.00    0.00 2  0 0 0 29   45.91550300 -102.09788900    0.00    0.00 2  0 0 0
100   18.29   3   0 0.25 0 0 0 17   45.91959400 -102.10829400    0.00    0.00 1  0 0 0 35   45.91440300 -102.10894400    0.00    0.00 1  0 0 0
21   45.92192759 -102.10986347  2 126.00   3.00 11  PAPI-4L
21   45.91631770 -102.10023602  2 306.01   3.00 29  PAPI-4L
110   1 0.30 126.00 Default taxiway for RWY 11
111  45.92266060 -102.11229600   3 102 
111  45.92224267 -102.11273243   3 102 
111  45.91500456 -102.09840850   3 102 
111  45.91542249 -102.09797212 
112  45.91554340 -102.09821139  45.91548113 -102.09809366   3 102 
111  45.91538126 -102.09819794   3 102 
112  45.91524811 -102.09833697  45.91514824 -102.09844124   3 102 
111  45.91520869 -102.09856087   3 102 
111  45.91867661 -102.10542375   3 102 
111  45.91901132 -102.10507425 
111  45.91907177 -102.10519388   3 102 
111  45.91873706 -102.10554338   3 102 
112  45.92220498 -102.11240626  45.92226544 -102.11252589   3 102 
111  45.92236531 -102.11242160   3 102 
112  45.92249846 -102.11228255  45.92259833 -102.11217827   3 102 
113  45.92253969 -102.11205673 
120 Default hold RWY 11 (near)
111  45.92249233 -102.11247172   4 
115  45.92243188 -102.11235208 
120 Default hold RWY 11 (centre)
111  45.91890350 -102.10536958   4 
115  45.91884305 -102.10524995 
120 Default hold RWY 11 (far)
111  45.91531468 -102.09826745   4 
115  45.91525422 -102.09814781 
19   45.92311147 -102.11219071 1 WS
19   45.91973653 -102.10791994 1 WS
19   45.91426046 -102.10931802 1 WS
19   45.91513354 -102.09790938 1 WS
51 12280 CTAF/UNICOM