1     1985 0 1 SD31 Cottonwood Ranch
100   22.86   3   0 0.25 0 0 0 12   45.78879353 -101.05024533    0.00    0.00 1  0 0 0 30   45.78509091 -101.04391745    0.00    0.00 1  0 0 0
19   45.78916111 -101.05018816 1 WS
19   45.78472334 -101.04397466 1 WS
1     2350 0 1 1SD0 Dorsey Ranch
100   15.24   3   0 0.25 0 0 0 16   45.32654503 -101.74297012    0.00    0.00 1  0 0 0 34   45.31952163 -101.74120878    0.00    0.00 1  0 0 0
19   45.32671583 -101.74271584 1 WS
19   45.31935084 -101.74146304 1 WS
1     2341 0 1 SD15 Dupree Municipal
100   60.96   3   0 0.25 0 0 0 14   45.05283197 -101.62637453    0.00    0.00 1  0 0 0 32   45.04713079 -101.62171547    0.00    0.00 1  0 0 0
19   45.05371853 -101.62575406 1 WS
19   45.04624425 -101.62233592 1 WS
1     2440 0 1 SD47 Hunt Field
100   38.10   3   0 0.25 0 0 0 32   45.00051113 -101.21098157    0.00    0.00 1  0 0 0 14   45.00500497 -101.21543177    0.00    0.00 1  0 0 0
19   44.99993606 -101.21129768 1 WS
19   45.00558005 -101.21511567 1 WS
1     2398 0 1 SD26 Isabel Municipal
100   45.72   3   0 0.25 0 1 0 13   45.39063214 -101.44585911    0.00    0.00 1  0 0 0 31   45.38432840 -101.43832757    0.00    0.00 1  0 0 0
18   45.38840593 -101.44052238 1 BCN
19   45.39134404 -101.44556254 1 WS
19   45.38361651 -101.43862421 1 WS
1     2251 0 1 8D6  Mc Intosh Municipal
100   45.72   3   0 0.25 0 1 0 14   45.91272854 -101.34988955    0.00    0.00 1  0 0 0 32   45.90393922 -101.34259657    0.00    0.00 1  0 0 0
18   45.90905391 -101.34445042 1 BCN
19   45.91339346 -101.34941706 1 WS
19   45.90327433 -101.34306906 1 WS
1     2500 0 1 SD41 Shambo Ranch
100   22.86   3   0 0.25 0 0 0 11   45.53657395 -101.84180179    0.00    0.00 1  0 0 0 29   45.53005937 -101.82569377    0.00    0.00 1  0 0 0
19   45.53694286 -101.84183690 1 WS
19   45.52969045 -101.82565877 1 WS
1     2193 0 1 D58  Timber Lake Municipal
100   45.72   3   0 0.25 0 1 0 12   45.41789670 -101.08814045    0.00    0.00 1  0 0 0 30   45.41207830 -101.07826233    0.00    0.00 1  0 0 0
100   36.58   3   0 0.25 0 0 0 17   45.41827908 -101.08320139    0.00    0.00 1  0 0 0 35   45.41169592 -101.08320139    0.00    0.00 1  0 0 0
19   45.41863395 -101.08802437 1 WS
19   45.41860824 -101.08249798 1 WS
19   45.41134105 -101.07837852 1 WS
19   45.41136676 -101.08390471 1 WS