1     1387 0 1 MN04 Aggies Landing
100   30.48   3   0 0.25 0 0 0 17   45.77589654 -095.26310246    0.00    0.00 1  0 0 0 35   45.77125122 -095.26251978    0.00    0.00 1  0 0 0
19   45.77620565 -095.26254907 1 WS
19   45.77094211 -095.26307313 1 WS
1     1039 0 1 KBBB BENSON MUNI
100   22.86   1   0 0.25 0 2 0 14   45.33634200 -095.65519200    0.00    0.00 2  0 0 1 32   45.32751900 -095.64594200    0.00    0.00 2  0 0 1
21   45.32878944 -095.64780523  2 323.61   3.00 32  PAPI-4L
110   1 0.30 143.61 Default taxiway for RWY 14
111  45.33628230 -095.65530721   3 102 
111  45.33597581 -095.65589873   3 102 
111  45.32715318 -095.64664718   3 102 
111  45.32745967 -095.64605575 
112  45.32762527 -095.64622940  45.32754114 -095.64614515   3 102 
111  45.32746790 -095.64628648   3 102 
112  45.32737025 -095.64647491  45.32729701 -095.64661623   3 102 
111  45.32737981 -095.64670306   3 102 
111  45.33158413 -095.65111177   3 102 
111  45.33182959 -095.65063807 
111  45.33191239 -095.65072489   3 102 
111  45.33166693 -095.65119859   3 102 
112  45.33587124 -095.65560729  45.33595404 -095.65569412   3 102 
111  45.33602728 -095.65555278   3 102 
112  45.33612493 -095.65536431  45.33619817 -095.65522297   3 102 
113  45.33611670 -095.65513356 
120 Default hold RWY 14 (near)
111  45.33615890 -095.65554537   4 
115  45.33607610 -095.65545855 
120 Default hold RWY 14 (centre)
111  45.33178899 -095.65096303   4 
115  45.33170619 -095.65087621 
120 Default hold RWY 14 (far)
111  45.32741907 -095.64638069   4 
115  45.32733627 -095.64629387 
18   45.33235909 -095.64974548 1 BCN
19   45.33668988 -095.65501385 1 WS
19   45.32717114 -095.64612018 1 WS
51 12280 CTAF/UNICOM
1     1305 0 1 6D1  BROOTEN MUNI
100   18.29   1   0 0.25 0 1 0 15   45.50121700 -095.10759400    0.00    0.00 2  0 0 0 33   45.49288100 -095.10082500    0.00    0.00 2  0 0 0
110   1 0.30 150.35 Default taxiway for RWY 15
111  45.50117740 -095.10769324   3 102 
111  45.50097275 -095.10820620   3 102 
111  45.49263695 -095.10143611   3 102 
111  45.49284160 -095.10092323 
112  45.49298463 -095.10103939  45.49291200 -095.10098410   3 102 
111  45.49286315 -095.10110652   3 102 
112  45.49279802 -095.10126975  45.49274917 -095.10139217   3 102 
111  45.49282069 -095.10145025   3 102 
111  45.49680980 -095.10469009   3 102 
111  45.49697374 -095.10427920 
111  45.49704526 -095.10433728   3 102 
111  45.49688132 -095.10474817   3 102 
112  45.50087043 -095.10798801  45.50094195 -095.10804609   3 102 
111  45.50099080 -095.10792365   3 102 
112  45.50105593 -095.10776039  45.50110478 -095.10763795   3 102 
113  45.50103437 -095.10757708 
120 Default hold RWY 15 (near)
111  45.50109487 -095.10790010   4 
115  45.50102336 -095.10784202 
120 Default hold RWY 15 (centre)
111  45.49696273 -095.10454412   4 
115  45.49689121 -095.10448604 
120 Default hold RWY 15 (far)
111  45.49283058 -095.10118814   4 
115  45.49275907 -095.10113005 
18   45.49733504 -095.10349562 1 BCN
19   45.50148216 -095.10740406 1 WS
19   45.49261585 -095.10101494 1 WS
51 12290 CTAF
1     1175 0 1 6MN2 Browns - Private
100   30.48   3   0 0.25 0 0 0 36   45.54264721 -095.77985009    0.00    0.00 1  0 0 0 18   45.54838555 -095.77913325    0.00    0.00 1  0 0 0
19   45.54240982 -095.78046945 1 WS
19   45.54862294 -095.77851382 1 WS
1     1425 0 1 KAXN CHANDLER FLD
100   30.48   1   0 0.25 0 2 0 13   45.87163300 -095.40207500    0.00    0.00 2  0 0 1 31   45.86103100 -095.38902500    0.00    0.00 3 11 0 0
100   22.86   1   0 0.25 0 2 0 04   45.86259200 -095.39966900    0.00    0.00 2  0 0 1 22   45.86992200 -095.38747200    0.00    0.00 2  0 0 1
21   45.86399580 -095.39799478  2  49.20   3.00 04  PAPI-4L
21   45.87048465 -095.40002715  2 139.40   3.00 13  PAPI-4L
21   45.86851838 -095.38914676  2 229.21   3.00 22  PAPI-4L
21   45.86336377 -095.39252945  2 319.40   3.00 31  PAPI-4L
110   1 0.30  49.20 Default taxiway for RWY 04
111  45.86251584 -095.39957460   3 102 
111  45.86212480 -095.39908990   3 102 
111  45.86945545 -095.38689444   3 102 
111  45.86984649 -095.38737919 
112  45.86971206 -095.38760282  45.86977757 -095.38748889   3 102 
111  45.86968414 -095.38737306   3 102 
112  45.86955955 -095.38721861  45.86946611 -095.38710278   3 102 
111  45.86939889 -095.38721460   3 102 
111  45.86590160 -095.39303279   3 102 
111  45.86621477 -095.39342099 
111  45.86614756 -095.39353280   3 102 
111  45.86583439 -095.39314460   3 102 
112  45.86233709 -095.39896279  45.86226988 -095.39907461   3 102 
111  45.86236332 -095.39919043   3 102 
112  45.86248791 -095.39934485  45.86258134 -095.39946067   3 102 
113  45.86265026 -095.39935096 
110   1 0.30 139.40 Default taxiway for RWY 13
111  45.87154520 -095.40222209   3 102 
111  45.87109743 -095.40297229   3 102 
111  45.86049617 -095.38991962   3 102 
111  45.86094394 -095.38916958 
112  45.86115219 -095.38942598  45.86104661 -095.38930023   3 102 
111  45.86093949 -095.38947965   3 102 
112  45.86079667 -095.38971888  45.86068956 -095.38989831   3 102 
111  45.86079368 -095.39002651   3 102 
111  45.86583400 -095.39623232   3 102 
111  45.86619251 -095.39563173 
111  45.86629663 -095.39575994   3 102 
111  45.86593812 -095.39636053   3 102 
112  45.87097844 -095.40256634  45.87108256 -095.40269454   3 102 
111  45.87118967 -095.40251508   3 102 
112  45.87133249 -095.40227580  45.87143961 -095.40209635   3 102 
113  45.87133695 -095.40196569 
120 Default hold RWY 04 (near)
111  45.86235840 -095.39937945   4 
115  45.86242561 -095.39926764 
120 Default hold RWY 13 (near)
111  45.87136521 -095.40252364   4 
115  45.87126108 -095.40239544 
120 Default hold RWY 04 (centre)
111  45.86599012 -095.39333764   4 
115  45.86605733 -095.39322583 
120 Default hold RWY 13 (centre)
111  45.86611664 -095.39606146   4 
115  45.86601252 -095.39593325 
120 Default hold RWY 04 (far)
111  45.86962184 -095.38729583   4 
115  45.86968905 -095.38718402 
120 Default hold RWY 13 (far)
111  45.86086808 -095.38959927   4 
115  45.86076395 -095.38947107 
18   45.86695786 -095.39450283 1 BCN
19   45.86269014 -095.40018089 1 WS
19   45.87210904 -095.40188276 1 WS
19   45.86055498 -095.38921732 1 WS
19   45.86982381 -095.38696006 1 WS
50 11837 ASOS
51 12300 CTAF/UNICOM
1     1205 0 1 Y63  Elbow Lake Municipal
100   60.96   3   0 0.25 0 2 0 14   45.98921005 -095.99516184    0.00    0.00 1  0 0 0 32   45.98293217 -095.98883540    0.00    0.00 1  0 0 0
18   45.98717243 -095.98973481 1 BCN
19   45.99013144 -095.99464459 1 WS
19   45.98201080 -095.98935268 1 WS
1     1393 0 1 KGHW GLENWOOD MUNI
100   22.86   1   0 0.25 0 1 0 15   45.64814700 -095.32294200    0.00    0.00 2  0 0 0 33   45.63640000 -095.31755000    0.00    0.00 2  0 0 0
100   63.70   3   0 0.25 0 0 0 05   45.64440600 -095.32531100    0.00    0.00 1  0 0 0 23   45.64857200 -095.31614400    0.00    0.00 1  0 0 0
110   1 0.30 162.21 Default taxiway for RWY 15
111  45.64811625 -095.32307904   3 102 
111  45.64795840 -095.32378262   3 102 
111  45.63621153 -095.31838931   3 102 
111  45.63636938 -095.31768588 
112  45.63656526 -095.31777581  45.63646664 -095.31773391   3 102 
111  45.63642892 -095.31790200   3 102 
112  45.63637862 -095.31812612  45.63634090 -095.31829421   3 102 
111  45.63643884 -095.31833917   3 102 
111  45.64206742 -095.32092339   3 102 
111  45.64219384 -095.32035997 
111  45.64229178 -095.32040494   3 102 
111  45.64216536 -095.32096836   3 102 
112  45.64779395 -095.32355258  45.64789189 -095.32359755   3 102 
111  45.64792961 -095.32342942   3 102 
112  45.64797991 -095.32320526  45.64801763 -095.32303713   3 102 
113  45.64792037 -095.32298911 
120 Default hold RWY 15 (near)
111  45.64805270 -095.32336231   4 
115  45.64795476 -095.32331734 
120 Default hold RWY 15 (centre)
111  45.64222823 -095.32068819   4 
115  45.64213029 -095.32064322 
120 Default hold RWY 15 (far)
111  45.63640377 -095.31801406   4 
115  45.63630583 -095.31796909 
18   45.64249538 -095.31926769 1 BCN
19   45.64481331 -095.32666788 1 WS
19   45.64843676 -095.32261349 1 WS
19   45.63611025 -095.31787847 1 WS
19   45.64816458 -095.31478708 1 WS
51 12290 CTAF
1     1020 0 1 MY58 Home-Base
100   45.72   3   0 0.25 0 0 0 09   45.23916557 -095.93044407    0.00    0.00 1  0 0 0 27   45.23853443 -095.92019927    0.00    0.00 1  0 0 0
19   45.23981623 -095.93094983 1 WS
19   45.23788372 -095.91969364 1 WS
1     1050 0 1 MN11 Lorenz
100   27.43   3   0 0.25 0 0 0 17   45.30351719 -095.54538586    0.00    0.00 1  0 0 0 35   45.29640281 -095.54467860    0.00    0.00 1  0 0 0
19   45.30378929 -095.54488515 1 WS
19   45.29613071 -095.54517925 1 WS
1     1138 0 1 KMOX MORRIS MUNI
100   22.86   1   0 0.25 0 2 0 14   45.56901900 -095.97064700    0.00    0.00 2  0 0 1 32   45.56014700 -095.96146400    0.00    0.00 2  0 0 1
100   45.72   3   0 0.25 0 0 0 04   45.56570000 -095.97278300    0.00    0.00 1  0 0 0 22   45.57052200 -095.96509200    0.00    0.00 1  0 0 0
21   45.56773818 -095.96879029  2 144.07   3.00 14  PAPI-4L
21   45.56142796 -095.96332023  2 324.07   3.00 32  PAPI-4L
110   1 0.30 144.07 Default taxiway for RWY 14
111  45.56895996 -095.97076337   3 102 
111  45.56865683 -095.97136085   3 102 
111  45.55978520 -095.96217629   3 102 
111  45.56008833 -095.96157890 
112  45.56025490 -095.96175135  45.56017030 -095.96166773   3 102 
111  45.56009786 -095.96181047   3 102 
112  45.56000128 -095.96200080  45.55992885 -095.96214355   3 102 
111  45.56001213 -095.96222978   3 102 
111  45.56423973 -095.96660649   3 102 
111  45.56448250 -095.96612802 
111  45.56456579 -095.96621425   3 102 
111  45.56432302 -095.96669272   3 102 
112  45.56855061 -095.97106942  45.56863390 -095.97115564   3 102 
111  45.56870633 -095.97101287   3 102 
112  45.56880291 -095.97082251  45.56887535 -095.97067974   3 102 
113  45.56879338 -095.97059092 
120 Default hold RWY 14 (near)
111  45.56883791 -095.97100393   4 
115  45.56875462 -095.97091769 
120 Default hold RWY 14 (centre)
111  45.56444374 -095.96645479   4 
115  45.56436045 -095.96636856 
120 Default hold RWY 14 (far)
111  45.56004957 -095.96190564   4 
115  45.55996628 -095.96181942 
18   45.56500534 -095.96522405 1 BCN
19   45.56588522 -095.97380894 1 WS
19   45.56936586 -095.97046411 1 WS
19   45.57033671 -095.96406600 1 WS
19   45.55980016 -095.96164691 1 WS
51 12280 CTAF/UNICOM
1     1082 0 1 23Y  Murdock Municipal
100   45.72   3   0 0.25 0 0 0 12   45.22486814 -095.40658120    0.00    0.00 1  0 0 0 30   45.21949686 -095.39569048    0.00    0.00 1  0 0 0
19   45.22560969 -095.40655720 1 WS
19   45.21875531 -095.39571462 1 WS
1     1035 0 1 73MN Paynes
100   18.29   3   0 0.25 0 0 0 10   45.13617423 -095.52091813    0.00    0.00 1  0 0 0 28   45.13457687 -095.51246743    0.00    0.00 1  0 0 0
19   45.13645528 -095.52105293 1 WS
19   45.13429582 -095.51233267 1 WS
1     1082 0 1 MY19 Schwenk
100   32.00   3   0 0.25 0 0 0 36   45.16724102 -095.39296361    0.00    0.00 1  0 0 0 18   45.17434564 -095.39208195    0.00    0.00 1  0 0 0
19   45.16699163 -095.39360770 1 WS
19   45.17459502 -095.39143777 1 WS
1     1141 0 1 D32  Starbuck Municipal
100   62.48   3   0 0.25 0 2 0 15   45.60308295 -095.53573212    0.00    0.00 1  0 0 0 33   45.59683815 -095.53157012    0.00    0.00 1  0 0 0
18   45.60079172 -095.53110343 1 BCN
19   45.60394847 -095.53498095 1 WS
19   45.59597265 -095.53232125 1 WS
1     1126 0 1 KBDH WILLMAR MUNI
100   30.48   1   0 0.25 0 3 0 13   45.12284552 -095.13826249    0.00   60.96 2  0 0 0 31   45.11259848 -095.12257151    0.00   60.96 2  0 0 1
100   91.44   4   0 0.25 0 0 0 03   45.11426285 -095.13357410    0.00    0.00 1  0 0 0 21   45.12118115 -095.12725990    0.00    0.00 1  0 0 0
21   45.12186914 -095.13606760  2 132.78   3.00 13  PAPI-4L
21   45.11357517 -095.12476574  2 312.79   3.00 31  PAPI-4L
110   1 0.30 132.78 Default taxiway for RWY 13
111  45.12274650 -095.13839233   3 102 
111  45.12224152 -095.13905455   3 102 
111  45.11199555 -095.12336061   3 102 
111  45.11250053 -095.12269851 
112  45.11268682 -095.12298385  45.11259203 -095.12284335   3 102 
111  45.11247123 -095.12300173   3 102 
112  45.11231017 -095.12321291  45.11218937 -095.12337129   3 102 
111  45.11228251 -095.12351397   3 102 
111  45.11717263 -095.13100425   3 102 
111  45.11757694 -095.13047409 
111  45.11767009 -095.13061676   3 102 
111  45.11726578 -095.13114692   3 102 
112  45.12215590 -095.13863720  45.12224904 -095.13877987   3 102 
111  45.12236984 -095.13862146   3 102 
112  45.12253090 -095.13841024  45.12265170 -095.13825183   3 102 
113  45.12256021 -095.13810699 
120 Default hold RWY 13 (near)
111  45.12254352 -095.13865852   4 
115  45.12245037 -095.13851585 
120 Default hold RWY 13 (centre)
111  45.11746711 -095.13088293   4 
115  45.11737396 -095.13074026 
120 Default hold RWY 13 (far)
111  45.11239070 -095.12310732   4 
115  45.11229755 -095.12296465 
18   45.11842661 -095.12949221 1 BCN
19   45.11423930 -095.13567599 1 WS
19   45.12333381 -095.13815180 1 WS
19   45.12120458 -095.12515771 1 WS
19   45.11211020 -095.12268231 1 WS
51 12280 UNICOM
1     1040 0 1 2MN1 Winter Strip
100   18.29   3   0 0.25 0 0 0 18   45.04962203 -095.46402597    0.00    0.00 1  0 0 0 36   45.04251741 -095.46490571    0.00    0.00 1  0 0 0
19   45.04976446 -095.46365757 1 WS
19   45.04237497 -095.46527406 1 WS
16    1354 0 1 9MN8 [S] Whiskey Lake
101   30.48 0 05   45.96917661 -095.58276258 23   45.97693449 -095.56945966
17    1418 0 1 MY91 [H] Douglas County Hospital
102 H1   45.87357277 -095.37726001   0.00   12.80   12.80   2 2   0 0.25 0
19   45.87374558 -095.37701181 1 WS