1      880 0 1 1MI3 BLACK RIVER RANCH
100   18.29   1   0 0.25 0 0 0 09   45.19583600 -084.32923100    0.00    0.00 2  0 0 0 27   45.19583600 -084.31410300    0.00    0.00 2  0 0 0
110   1 0.30  90.00 Default taxiway for RWY 09
111  45.19575596 -084.32923099   3 
111  45.19534226 -084.32923093   3 
111  45.19534326 -084.31410293   3 
111  45.19575696 -084.31410299 
112  45.19575694 -084.31433654  45.19575470 -084.31421976   3 
111  45.19565595 -084.31421975   3 
112  45.19552429 -084.31421973  45.19542554 -084.31421972   3 
111  45.19542553 -084.31433650   3 
111  45.19542505 -084.32160856   3 
111  45.19575646 -084.32160860 
111  45.19575646 -084.32172538   3 
111  45.19542505 -084.32172534   3 
112  45.19542457 -084.32899740  45.19542456 -084.32911418   3 
111  45.19552331 -084.32911419   3 
112  45.19565497 -084.32911421  45.19575372 -084.32911422   3 
113  45.19575598 -084.32899744 
120 Default hold RWY 09 (near)
111  45.19558913 -084.32923097   4 
115  45.19558914 -084.32911420 
120 Default hold RWY 09 (centre)
111  45.19558963 -084.32172536   4 
115  45.19558963 -084.32160858 
120 Default hold RWY 09 (far)
111  45.19559012 -084.31421974   4 
115  45.19559013 -084.31410297 
19   45.19608285 -084.32946458 1 WS
19   45.19558911 -084.31386948 1 WS
1      653 0 1 6Y1  BOIS BLANC
100   22.86   1   0 0.25 0 2 0 10   45.76680600 -084.51063900   27.43    0.00 2  0 0 0 28   45.76583300 -084.49700000    0.00    0.00 2  0 0 0
21   45.76571698 -084.49961059  2 275.84   3.00 28  PAPI-4L
110   1 0.30  95.83 Default taxiway for RWY 10
111  45.76670591 -084.51065366   3 102 
111  45.76619203 -084.51072893   3 102 
111  45.76521984 -084.49708969   3 102 
111  45.76573372 -084.49701442 
112  45.76575463 -084.49730780  45.76574194 -084.49716144   3 102 
111  45.76561915 -084.49717943   3 102 
112  45.76545542 -084.49720341  45.76533263 -084.49722139   3 102 
111  45.76534308 -084.49736808   3 102 
111  45.76580304 -084.50382098   3 102 
111  45.76621459 -084.50376070 
111  45.76622504 -084.50390739   3 102 
111  45.76581349 -084.50396767   3 102 
112  45.76627345 -084.51042056  45.76628390 -084.51056725   3 102 
111  45.76640669 -084.51054927   3 102 
112  45.76657042 -084.51052529  45.76669321 -084.51050730   3 102 
113  45.76668500 -084.51036028 
120 Default hold RWY 10 (near)
111  45.76649901 -084.51068397   4 
115  45.76648855 -084.51053728 
120 Default hold RWY 10 (centre)
111  45.76601814 -084.50393770   4 
115  45.76600769 -084.50379101 
120 Default hold RWY 10 (far)
111  45.76553728 -084.49719142   4 
115  45.76552682 -084.49704473 
18   45.76703495 -084.50371607 1 BCN
19   45.76713253 -084.51088761 1 WS
19   45.76550643 -084.49675147 1 WS
51 12290 CTAF
1      657 0 1 N98  BOYNE CITY MUNI
100   22.86   1   0 0.25 0 2 0 09   45.20902800 -084.99763900  182.88    0.00 2  0 0 0 27   45.20848600 -084.98276100    0.00    0.00 2  0 0 1
21   45.20915083 -084.99273275  2  92.96   3.00 09  PAPI-4L
110   1 0.30  92.96 Default taxiway for RWY 09
111  45.20892752 -084.99764636   3 102 
111  45.20841165 -084.99768416   3 102 
111  45.20787062 -084.98280602   3 102 
111  45.20838649 -084.98276822 
112  45.20839709 -084.98305983  45.20838954 -084.98291420   3 102 
111  45.20826627 -084.98292323   3 102 
112  45.20810191 -084.98293527  45.20797864 -084.98294430   3 102 
111  45.20798394 -084.98309010   3 102 
111  45.20824120 -084.99016466   3 102 
111  45.20865435 -084.99013439 
111  45.20865965 -084.99028019   3 102 
111  45.20824650 -084.99031046   3 102 
112  45.20850377 -084.99738501  45.20850907 -084.99753082   3 102 
111  45.20863234 -084.99752179   3 102 
112  45.20879670 -084.99750975  45.20891997 -084.99750072   3 102 
113  45.20891692 -084.99735474 
120 Default hold RWY 09 (near)
111  45.20871982 -084.99766158   4 
115  45.20871452 -084.99751577 
120 Default hold RWY 09 (centre)
111  45.20845195 -084.99029541   4 
115  45.20844665 -084.99014961 
120 Default hold RWY 09 (far)
111  45.20818409 -084.98292925   4 
115  45.20817879 -084.98278344 
18   45.20947523 -084.99014827 1 BCN
19   45.20934541 -084.99790814 1 WS
19   45.20816856 -084.98249195 1 WS
51 12280 CTAF/UNICOM
1      719 0 1 KBFA BOYNE MOUNTAIN
100   18.29   1   0 0.25 0 1 0 17   45.17283100 -084.92593900   91.44    0.00 2  0 0 1 35   45.15884400 -084.92219400  152.40    0.00 2  0 0 1
110   1 0.30 169.31 Default taxiway for RWY 17
111  45.17281615 -084.92605057   3 102 
111  45.17273940 -084.92662721   3 102 
111  45.15875246 -084.92288112   3 102 
111  45.15882921 -084.92230462 
112  45.15899093 -084.92234793  45.15890965 -084.92232941   3 102 
111  45.15889133 -084.92246702   3 102 
112  45.15886691 -084.92265050  45.15884859 -084.92278811   3 102 
111  45.15892945 -084.92280976   3 102 
111  45.16572077 -084.92462864   3 102 
111  45.16578225 -084.92416676 
111  45.16586311 -084.92418842   3 102 
111  45.16580163 -084.92465031   3 102 
112  45.17259295 -084.92646919  45.17267381 -084.92649084   3 102 
111  45.17269213 -084.92635320   3 102 
112  45.17271655 -084.92616968  45.17273487 -084.92603204   3 102 
113  45.17265443 -084.92600725 
120 Default hold RWY 17 (near)
111  45.17278520 -084.92628310   4 
115  45.17270434 -084.92626144 
120 Default hold RWY 17 (centre)
111  45.16583216 -084.92442093   4 
115  45.16575130 -084.92439927 
120 Default hold RWY 17 (far)
111  45.15887912 -084.92255876   4 
115  45.15879826 -084.92253710 
18   45.16594610 -084.92326369 1 BCN
19   45.17303852 -084.92563821 1 WS
19   45.15863649 -084.92249473 1 WS
51 12280 CTAF/UNICOM
1      602 0 1 Y65  CALVIN CAMPBELL MUNI
100   15.24   1   0 0.25 0 1 0 10   45.40888900 -084.60579700    0.00    0.00 2  0 0 0 28   45.40777500 -084.59420300  182.88    0.00 2  0 0 0
110   1 0.30  97.79 Default taxiway for RWY 10
111  45.40882329 -084.60580980   3 102 
111  45.40848135 -084.60587643   3 102 
111  45.40736794 -084.59428220   3 102 
111  45.40770988 -084.59421557 
112  45.40772846 -084.59440913  45.40771694 -084.59431279   3 102 
111  45.40763541 -084.59432867   3 102 
112  45.40752670 -084.59434985  45.40744517 -084.59436574   3 102 
111  45.40745446 -084.59446252   3 102 
111  45.40798794 -084.60001769   3 102 
111  45.40826194 -084.59996430 
111  45.40827123 -084.60006107   3 102 
111  45.40799723 -084.60011446   3 102 
112  45.40853070 -084.60566964  45.40854000 -084.60576641   3 102 
111  45.40862153 -084.60575052   3 102 
112  45.40873024 -084.60572934  45.40881177 -084.60571346   3 102 
113  45.40880470 -084.60561625 
120 Default hold RWY 10 (near)
111  45.40868517 -084.60583671   4 
115  45.40867588 -084.60573993 
120 Default hold RWY 10 (centre)
111  45.40813311 -084.60008798   4 
115  45.40812382 -084.59999121 
120 Default hold RWY 10 (far)
111  45.40758105 -084.59433926   4 
115  45.40757176 -084.59424248 
18   45.40880808 -084.59990930 1 BCN
19   45.40911142 -084.60595084 1 WS
19   45.40755257 -084.59404921 1 WS
51 12290 CTAF
1      641 0 1 KSLH CHEBOYGAN CO
100   22.86   1   0 0.25 0 2 0 09   45.65418900 -084.52724200    0.00    0.00 2  0 0 1 27   45.65420600 -084.51159700    0.00    0.00 2  0 0 1
100   22.86   3   0 0.25 0 0 0 16   45.65459400 -084.51976100    0.00    0.00 1  0 0 0 34   45.65038100 -084.51801700  152.40    0.00 1  0 0 0
21   45.65449282 -084.52466777  2  89.91   3.00 09  PAPI-4L
21   45.65390253 -084.51417131  2 269.92   3.00 27  PAPI-4L
110   1 0.30  89.91 Default taxiway for RWY 09
111  45.65408839 -084.52724176   3 102 
111  45.65357183 -084.52724054   3 102 
111  45.65358990 -084.51159554   3 102 
111  45.65410646 -084.51159676 
112  45.65410612 -084.51189108  45.65410404 -084.51174392   3 102 
111  45.65398060 -084.51174363   3 102 
112  45.65381603 -084.51174324  45.65369259 -084.51174294   3 102 
111  45.65369242 -084.51189010   3 102 
111  45.65368381 -084.51934470   3 102 
111  45.65409751 -084.51934568 
111  45.65409734 -084.51949284   3 102 
111  45.65368364 -084.51949186   3 102 
112  45.65367503 -084.52694646  45.65367486 -084.52709362   3 102 
111  45.65379830 -084.52709392   3 102 
112  45.65396287 -084.52709431  45.65408631 -084.52709460   3 102 
113  45.65408873 -084.52694744 
120 Default hold RWY 09 (near)
111  45.65388042 -084.52724127   4 
115  45.65388059 -084.52709411 
120 Default hold RWY 09 (centre)
111  45.65388937 -084.51949235   4 
115  45.65388954 -084.51934519 
120 Default hold RWY 09 (far)
111  45.65389832 -084.51174343   4 
115  45.65389849 -084.51159627 
19   45.65449587 -084.52753705 1 WS
19   45.65487702 -084.51942061 1 WS
19   45.65389909 -084.51130204 1 WS
19   45.65009799 -084.51835736 1 WS
50 11817 AWOS 3
51 12280 CTAF/UNICOM
1     1328 0 1 KGLR GAYLORD RGNL
100   45.72   1   0 0.25 0 3 0 09   45.01450300 -084.71701400    0.00    0.00 2  8 0 0 27   45.01446400 -084.69157800    0.00    0.00 2  0 0 1
100   22.86   1   0 0.25 0 2 0 18   45.01564400 -084.70201900    0.00    0.00 2  0 0 0 36   45.00741700 -084.70204200    0.00    0.00 2  0 0 0
21   45.01490309 -084.71446683  2  90.12   3.00 09  PAPI-4L
21   45.01384356 -084.70159847  2 180.11   3.00 18  PAPI-4L
21   45.01406448 -084.69412534  2 270.13   3.00 27  PAPI-4L
21   45.00921744 -084.70246250  2   0.11   3.00 36  PAPI-4L
110   1 0.30  90.12 Default taxiway for RWY 09
111  45.01429953 -084.71701458   3 102 
111  45.01326866 -084.71701751   3 102 
111  45.01323248 -084.69158149   3 102 
111  45.01426335 -084.69157856 
112  45.01426418 -084.69216058  45.01426152 -084.69186958   3 102 
111  45.01401465 -084.69187028   3 102 
112  45.01368549 -084.69187121  45.01343862 -084.69187192   3 102 
111  45.01343903 -084.69216293   3 102 
111  45.01345608 -084.70415342   3 102 
111  45.01428123 -084.70415107 
111  45.01428165 -084.70444208   3 102 
111  45.01345650 -084.70444443   3 102 
112  45.01347355 -084.71643491  45.01347397 -084.71672592   3 102 
111  45.01372084 -084.71672521   3 102 
112  45.01405000 -084.71672428  45.01429687 -084.71672358   3 102 
113  45.01429870 -084.71643256 
110   1 0.30 180.11 Default taxiway for RWY 18
111  45.01564420 -084.70216133   3 102 
111  45.01564522 -084.70289205   3 102 
111  45.00741822 -084.70291492   3 102 
111  45.00741720 -084.70218430 
112  45.00762292 -084.70218374  45.00752006 -084.70218721   3 102 
111  45.00752031 -084.70236179   3 102 
112  45.00752063 -084.70259457  45.00752088 -084.70276916   3 102 
111  45.00762374 -084.70276887   3 102 
111  45.01148009 -084.70275814   3 102 
111  45.01147927 -084.70217297 
111  45.01158213 -084.70217268   3 102 
111  45.01158295 -084.70275785   3 102 
112  45.01543930 -084.70274712  45.01554216 -084.70274683   3 102 
111  45.01554191 -084.70257222   3 102 
112  45.01554159 -084.70233941  45.01554134 -084.70216480   3 102 
113  45.01543848 -084.70216190 
120 Default hold RWY 09 (near)
111  45.01388583 -084.71701576   4 
115  45.01388542 -084.71672475 
120 Default hold RWY 18 (near)
111  45.01564461 -084.70245552   4 
115  45.01554175 -084.70245581 
120 Default hold RWY 09 (centre)
111  45.01386795 -084.70444326   4 
115  45.01386753 -084.70415225 
120 Default hold RWY 18 (centre)
111  45.01158254 -084.70246685   4 
115  45.01147968 -084.70246714 
120 Default hold RWY 09 (far)
111  45.01385007 -084.69187075   4 
115  45.01384965 -084.69157974 
120 Default hold RWY 18 (far)
111  45.00752047 -084.70247818   4 
115  45.00741761 -084.70247846 
18   45.01153086 -084.70101396 1 BCN
19   45.01512100 -084.71759426 1 WS
19   45.01584911 -084.70158383 1 WS
19   45.01384587 -084.69099801 1 WS
19   45.00721189 -084.70247710 1 WS
50 11837 ASOS
51 12280 CTAF/UNICOM
1      686 0 1 KMGN HARBOR SPRINGS
100   22.86   1   0 0.25 0 2 0 10   45.42606100 -084.92171100  135.64    0.00 2  0 0 0 28   45.42485800 -084.90560800  135.64    0.00 2  0 0 0
21   45.42604075 -084.91738608  2  96.07   3.00 10  PAPI-4L
21   45.42487886 -084.90993282  2 276.08   3.00 28  PAPI-4L
110   1 0.30  96.07 Default taxiway for RWY 10
111  45.42596095 -084.92172616   3 102 
111  45.42544729 -084.92180399   3 102 
111  45.42424542 -084.90570065   3 102 
111  45.42475908 -084.90562282 
112  45.42478084 -084.90591430  45.42476772 -084.90576890   3 102 
111  45.42464498 -084.90578750   3 102 
112  45.42448133 -084.90581229  45.42435858 -084.90583089   3 102 
111  45.42436946 -084.90597663   3 102 
111  45.42494320 -084.91366395   3 102 
111  45.42535458 -084.91360162 
111  45.42536545 -084.91374736   3 102 
111  45.42495407 -084.91380969   3 102 
112  45.42552782 -084.92149701  45.42553869 -084.92164275   3 102 
111  45.42566144 -084.92162415   3 102 
112  45.42582509 -084.92159936  45.42594783 -084.92158076   3 102 
113  45.42593920 -084.92143468 
120 Default hold RWY 10 (near)
111  45.42575414 -084.92175750   4 
115  45.42574326 -084.92161176 
120 Default hold RWY 10 (centre)
111  45.42515864 -084.91377870   4 
115  45.42514777 -084.91363296 
120 Default hold RWY 10 (far)
111  45.42456315 -084.90579989   4 
115  45.42455227 -084.90565415 
18   45.42617491 -084.91355395 1 BCN
19   45.42638824 -084.92195619 1 WS
19   45.42453072 -084.90536291 1 WS
50 11992 AWOS 3
51 12280 CTAF/UNICOM
1      830 0 1 Y96  Leo E. Goetz County
100   18.29   1   0 0.25 0 2 0 15   45.37373012 -084.22799797    0.00    0.00 2  0 0 0 33   45.36796042 -084.22203093    0.00    0.00 2  0 0 0
110   1 0.30 144.00 Default taxiway for RWY 15
111  45.37368307 -084.22809015   3 102 
111  45.37343989 -084.22856657   3 102 
111  45.36767035 -084.22259886   3 102 
111  45.36791353 -084.22212249 
112  45.36804667 -084.22226021  45.36797878 -084.22219394   3 102 
111  45.36792073 -084.22230765   3 102 
112  45.36784334 -084.22245926  45.36778529 -084.22257297   3 102 
111  45.36785186 -084.22264183   3 102 
111  45.37057020 -084.22545353   3 102 
111  45.37076501 -084.22507189 
111  45.37083158 -084.22514074   3 102 
111  45.37063677 -084.22552238   3 102 
112  45.37335512 -084.22833408  45.37342169 -084.22840294   3 102 
111  45.37347974 -084.22828922   3 102 
112  45.37355713 -084.22813760  45.37361518 -084.22802388   3 102 
113  45.37354993 -084.22795243 
120 Default hold RWY 15 (near)
111  45.37358501 -084.22828227   4 
115  45.37351844 -084.22821341 
120 Default hold RWY 15 (centre)
111  45.37073352 -084.22533286   4 
115  45.37066695 -084.22526401 
120 Default hold RWY 15 (far)
111  45.36788204 -084.22238345   4 
115  45.36781547 -084.22231459 
18   45.37118385 -084.22435095 1 BCN
19   45.37400837 -084.22785139 1 WS
19   45.36768217 -084.22217753 1 WS
1      623 0 0 83D  MACKINAC CO
100   22.86   2   0 0.00 0 2 0 07   45.88972200 -084.74500000    0.00    0.00 2  0 0 1 25   45.89360000 -084.73115000    0.00    0.00 2  0 0 1
21   45.89067299 -084.74276244  2  68.08   4.00 07  PAPI-4L
21   45.89264928 -084.73338796  2 248.09   3.00 25  PAPI-4L
110   2 0.00  68.00 T
111  45.89052360 -084.74441480 102 
111  45.89228326 -084.73812414 
111  45.89243032 -084.73759856 102 
111  45.89404577 -084.73182400 
111  45.89416017 -084.73141599 102 
111  45.89423050 -084.73142397 102 
111  45.89435541 -084.73150024 102 
111  45.89425364 -084.73186968 
112  45.89425364 -084.73186968  45.89415625 -084.73181793 102 
111  45.89413031 -084.73190902 102 
111  45.89412612 -084.73190713 102 
111  45.89401641 -084.73229936 
111  45.89392775 -084.73261592 102 
111  45.89382354 -084.73298894 
111  45.89373728 -084.73329796 102 
113  45.89061120 -084.74446846 
110   1 0.00  68.00 T
111  45.89386683 -084.73334890 102 
112  45.89382518 -084.73323381  45.89377756 -084.73320714 102 
111  45.89373728 -084.73329796 
111  45.89382354 -084.73298894 102 
112  45.89386023 -084.73310842  45.89390866 -084.73313741 102 
113  45.89394762 -084.73305856 
110   2 0.00  68.00 T
111  45.89404577 -084.73182400 102 
111  45.89404098 -084.73182056 
112  45.89404098 -084.73182056  45.89408986 -084.73160930 102 
111  45.89396471 -084.73153385 102 
111  45.89396686 -084.73152575 102 
111  45.89377760 -084.73141963 102 
112  45.89360697 -084.73155036  45.89354560 -084.73173342 
111  45.89360697 -084.73155036 102 
111  45.89360052 -084.73154573 
111  45.89369166 -084.73120521 102 
111  45.89382168 -084.73128088 102 
111  45.89400134 -084.73139384 102 
111  45.89400446 -084.73138512 
112  45.89400446 -084.73138512  45.89408164 -084.73142184 102 
113  45.89416017 -084.73141599 
110   2 0.00  68.00 T
111  45.89405112 -084.73269424 102 
111  45.89404620 -084.73269168 102 
112  45.89400965 -084.73256226  45.89395803 -084.73253706 102 
111  45.89393238 -084.73261907 102 
111  45.89392775 -084.73261592 
111  45.89401641 -084.73229936 102 
111  45.89402090 -084.73230248 102 
112  45.89405270 -084.73241613  45.89409881 -084.73244926 102 
111  45.89413158 -084.73237614 102 
113  45.89413893 -084.73238128 
110   2 0.00  68.00 T
111  45.89228326 -084.73812414 102 
111  45.89227817 -084.73812012 102 
112  45.89220648 -084.73785347  45.89208469 -084.73775050 
111  45.89220648 -084.73785347 102 
111  45.89220917 -084.73784269 102 
111  45.89202670 -084.73773715 102 
112  45.89183860 -084.73787028  45.89177661 -084.73806591 
111  45.89183860 -084.73787028 102 
111  45.89182691 -084.73786468 
111  45.89198809 -084.73730066 102 
111  45.89199673 -084.73730535 
112  45.89199673 -084.73730535  45.89194670 -084.73751811 102 
111  45.89207119 -084.73760246 102 
111  45.89224677 -084.73771340 102 
111  45.89224978 -084.73770521 
112  45.89224978 -084.73770521  45.89237407 -084.73776785 102 
111  45.89242698 -084.73759696 102 
113  45.89243032 -084.73759856 
110   2 0.00 158.00 T
111  45.89061120 -084.74446846 102 
111  45.89055803 -084.74466466 
112  45.89055803 -084.74466466  45.89051526 -084.74480961 102 
111  45.89040578 -084.74486351 102 
111  45.89017966 -084.74500611 102 
111  45.89002967 -084.74509589 
112  45.89002967 -084.74509589  45.88997398 -084.74513184 102 
111  45.88990256 -084.74509953 102 
111  45.88981573 -084.74505071 
111  45.88995247 -084.74456011 102 
111  45.88996101 -084.74456392 
112  45.88996101 -084.74456392  45.88994083 -084.74489673 102 
111  45.89013152 -084.74484732 102 
111  45.89038156 -084.74469185 102 
112  45.89046633 -084.74457502  45.89048813 -084.74450429 
111  45.89046633 -084.74457502 102 
111  45.89051966 -084.74441276 102 
113  45.89052360 -084.74441480 
110   1 0.00 158.00 T
111  45.89061425 -084.74142434   3 102 
112  45.89053985 -084.74113351  45.89045586 -084.74105072 
111  45.89053985 -084.74113351   3 
111  45.88934152 -084.74041266 
111  45.88939862 -084.74019392 
111  45.88988583 -084.74050015 
112  45.88988583 -084.74050015  45.88986972 -084.74055572 
111  45.88989154 -084.74057398   3 
111  45.89006854 -084.74068061   3 
112  45.89021138 -084.74057538  45.89024947 -084.74043787   3 
111  45.89016751 -084.74034430   3 
111  45.88999812 -084.74024587 
112  45.88993532 -084.74028961  45.88991813 -084.74035290 
111  45.88993532 -084.74028961 
111  45.88945381 -084.73999158 
111  45.88951091 -084.73978651   3 
111  45.89039872 -084.74031674   3 102 
111  45.89031405 -084.74062046 
112  45.89031405 -084.74062046  45.89028768 -084.74079445   3 102 
111  45.89038023 -084.74087475   3 102 
111  45.89056864 -084.74098412 
112  45.89056864 -084.74098412  45.89064872 -084.74102902   3 102 
113  45.89077418 -084.74085834 
110   2 0.00  68.00 T
111  45.89166606 -084.73766767 
111  45.89165883 -084.73766248 
112  45.89165883 -084.73766248  45.89168948 -084.73753239  53 102 
111  45.89161671 -084.73747047 
111  45.89164919 -084.73735338  53 102 
112  45.89176482 -084.73728873  45.89179918 -084.73719199 
111  45.89176482 -084.73728873 
113  45.89177186 -084.73729458 
110   1 0.00  68.00 T
111  45.89161671 -084.73747047 102 
111  45.89146216 -084.73738338 
112  45.89146216 -084.73738338  45.89136581 -084.73734359 102 
111  45.89131171 -084.73746766 
111  45.89117947 -084.73793888 
111  45.89093084 -084.73779447 
111  45.89098198 -084.73761713 
111  45.89113538 -084.73705219 102 
113  45.89164919 -084.73735338 
110   1 0.00 125.00 Apron
111  45.89425079 -084.73468511 
111  45.89377381 -084.73367855 102 
111  45.89386683 -084.73334890 
111  45.89394762 -084.73305856 102 
111  45.89405112 -084.73269424 
111  45.89413893 -084.73238128 102 
111  45.89426729 -084.73192581 
111  45.89468334 -084.73217948 
111  45.89472940 -084.73228064 
111  45.89459756 -084.73241886 
111  45.89469168 -084.73261723 
111  45.89482317 -084.73247802 
111  45.89483345 -084.73249579 
111  45.89489802 -084.73243287 
111  45.89490735 -084.73245020 
111  45.89484036 -084.73251336 
111  45.89492173 -084.73267966 
111  45.89490353 -084.73269819 
111  45.89503396 -084.73296883 
111  45.89522735 -084.73277505 
111  45.89509678 -084.73250107 
111  45.89511294 -084.73248420 
111  45.89493093 -084.73208568 
111  45.89504731 -084.73195689 
111  45.89524410 -084.73243515 
111  45.89560998 -084.73320149 
111  45.89514361 -084.73369549 
113  45.89517083 -084.73375264 
111  45.89437819 -084.73200765 
111  45.89431861 -084.73197538 
111  45.89430299 -084.73204133 
113  45.89436231 -084.73207256 
110   2 0.00  35.00 Pad
111  45.89482317 -084.73247802 
111  45.89469168 -084.73261723 
111  45.89459756 -084.73241886 
111  45.89472940 -084.73228064 
111  45.89474705 -084.73231644 
111  45.89477369 -084.73229042 
111  45.89479549 -084.73233632 
113  45.89477127 -084.73236367 
110   2 0.00  68.00 Pad
111  45.89093084 -084.73779447 
111  45.89068023 -084.73780488 
111  45.89081600 -084.73746794 
113  45.89098198 -084.73761713 
110   1 0.00 125.00 Pad
111  45.89492466 -084.73274434 
111  45.89490353 -084.73269819 
111  45.89492173 -084.73267966 
113  45.89494318 -084.73272462 
110   1 0.00 125.00 Pad
111  45.89503396 -084.73296883 
111  45.89501776 -084.73293857 
111  45.89504291 -084.73291674 
113  45.89505913 -084.73294748 
110   2 0.00 125.00 H pad
111  45.89508443 -084.73249333 
111  45.89498287 -084.73260277 
111  45.89489071 -084.73241766 
111  45.89491516 -084.73239605 
111  45.89487755 -084.73231903 
113  45.89496218 -084.73223392 
110   2 0.00  68.00 H Pad
111  45.88939862 -084.74019392 
111  45.88945381 -084.73999158 
111  45.88993532 -084.74028961 
113  45.88987214 -084.74049520 
110   1 0.00  68.00 H Pad
111  45.89056853 -084.73775596 
111  45.89072824 -084.73735639 
111  45.89068556 -084.73731683 
111  45.89079708 -084.73702803 
111  45.89098433 -084.73719419 
111  45.89087418 -084.73747705 
111  45.89082186 -084.73743353 
113  45.89066491 -084.73784299 
110   2 0.00 125.00 H  Pad
111  45.89436231 -084.73207256 
111  45.89430299 -084.73204133 
111  45.89431861 -084.73197538 
113  45.89437819 -084.73200765 
110   2 0.00 125.00 H Pad
111  45.89522878 -084.73277805 
111  45.89505913 -084.73294748 
111  45.89504291 -084.73291674 
111  45.89501776 -084.73293857 
111  45.89492466 -084.73274434 
111  45.89494318 -084.73272462 
111  45.89492173 -084.73267966 
113  45.89509741 -084.73249715 
110   1 0.00  68.00 Shoulder
111  45.89161671 -084.73747047 
111  45.89170277 -084.73752935 
111  45.89074726 -084.74094699 
111  45.89070221 -084.74092796 
111  45.89076118 -084.74083089 
111  45.89165258 -084.73764352 
112  45.89165258 -084.73764352  45.89167403 -084.73756280 
113  45.89161224 -084.73748726 
110   1 0.00  68.00 Shoulder
111  45.89012486 -084.74482102 
111  45.89013152 -084.74484732 
112  45.89013152 -084.74484732  45.89008875 -084.74488277 
111  45.88989364 -084.74477868 
111  45.89188187 -084.73767269 
111  45.89202670 -084.73773715 
111  45.89202122 -084.73775690 
112  45.89184273 -084.73788509  45.89179420 -084.73805528 
111  45.89184273 -084.73788509 
111  45.88997208 -084.74456896 
114  45.88997208 -084.74456896  45.88996797 -084.74485024 
110   1 0.00  68.00 Shoulder
111  45.89018564 -084.74502202 
111  45.89003879 -084.74511970 
112  45.89003879 -084.74511970  45.88996844 -084.74515155 
111  45.88989903 -084.74511664 
111  45.88960938 -084.74494668 
111  45.89059863 -084.74141096 
112  45.89059863 -084.74141096  45.89061088 -084.74136489 
111  45.89059781 -084.74129149 
111  45.89065281 -084.74128659 
111  45.88962873 -084.74494363 
111  45.88981573 -084.74505071 
111  45.88990256 -084.74509953 
111  45.89002967 -084.74509589 
113  45.89017966 -084.74500611 
110   1 0.00  68.00 Shoulder
111  45.89207119 -084.73760246 
111  45.89193620 -084.73748334 
111  45.89365482 -084.73134769 
111  45.89377760 -084.73141963 
111  45.89377291 -084.73143991 
112  45.89361402 -084.73155261  45.89356785 -084.73171688 
111  45.89361402 -084.73155261 
111  45.89200211 -084.73731420 
112  45.89200211 -084.73731420  45.89197348 -084.73750485 
113  45.89207590 -084.73758040 
110   1 0.00  68.00 Shoulder
111  45.89369166 -084.73120521 
111  45.89350458 -084.73109568 
111  45.89174078 -084.73739633 
111  45.89164919 -084.73735338 
111  45.89165464 -084.73733338 
112  45.89175296 -084.73728437  45.89178340 -084.73720161 
111  45.89175296 -084.73728437 
111  45.89349060 -084.73107521 
111  45.89382467 -084.73126723 
113  45.89382168 -084.73128088 
110   1 0.00 125.00 Road
111  45.89508801 -084.73191989 
111  45.89504731 -084.73195689 
111  45.89493093 -084.73208568 
111  45.89485395 -084.73191989 
111  45.89487460 -084.73189813 
111  45.89459511 -084.73131060 
111  45.89462953 -084.73126906 
112  45.89464743 -084.73094859  45.89476171 -084.73082792 
111  45.89464743 -084.73094859 
111  45.89469236 -084.73090309 
112  45.89469236 -084.73090309  45.89472068 -084.73088155 
111  45.89470526 -084.73078242 
111  45.89481815 -084.73102574 
112  45.89472178 -084.73103365  45.89467634 -084.73107717 
111  45.89469562 -084.73120773 
113  45.89473692 -084.73117608 
110   3 0.00  68.00 WS Circle
112  45.89384449 -084.73456113  45.89375951 -084.73454417  21 106 
112  45.89372764 -084.73434237  45.89373826 -084.73423722  21 106 
112  45.89387400 -084.73416091  45.89395780 -084.73417278  21 106 
114  45.89400265 -084.73438476  45.89399085 -084.73451365  21 106 
130 Airport Boundary 2
111  45.88901287 -084.74657919 
111  45.89016637 -084.74151784 
111  45.88891256 -084.74040110 
111  45.88922602 -084.73818563 
112  45.89157063 -084.73544860  45.89215992 -084.73229635 
111  45.89157063 -084.73544860 
111  45.89357672 -084.72785787 
111  45.89478037 -084.72846126 
111  45.89496844 -084.72925379 
111  45.89524428 -084.72952397 
111  45.89533205 -084.72983017 
111  45.89523174 -084.73013637 
111  45.89531951 -084.73046059 
111  45.89567057 -084.73114504 
111  45.89592279 -084.73181156 
111  45.89632400 -084.73215380 
111  45.89644938 -084.73287430 
111  45.89614847 -084.73406314 
111  45.89547142 -084.73494576 
111  45.89419634 -084.73501404 
111  45.89357119 -084.73469416 
111  45.89253499 -084.73831132 
111  45.89295461 -084.73876654 
111  45.89224382 -084.74100305 
111  45.89177282 -084.74102766 
113  45.89012851 -084.74691720 
120 RH
111  45.89390323 -084.73133475  54 
111  45.89386603 -084.73146904 
111  45.89214521 -084.73765105  54 
111  45.89210820 -084.73778269 
111  45.89013152 -084.74484732  54 
115  45.89017966 -084.74500611 
120 RH
111  45.89027204 -084.74097153  54 
111  45.89032446 -084.74078243 
111  45.89141110 -084.73737623  54 
115  45.89145156 -084.73723929 
120 PT
111  45.89453795 -084.73317774  51 
111  45.89452430 -084.73314972  51 
111  45.89450868 -084.73311786  51 
111  45.89452430 -084.73314972  51 
115  45.89456919 -084.73310637 
120 PT
111  45.89464422 -084.73317941  51 
111  45.89463057 -084.73315140  51 
111  45.89461495 -084.73311953  51 
111  45.89463057 -084.73315140  51 
115  45.89457795 -084.73319950 
120 PT
111  45.89460749 -084.73332036  51 
111  45.89459384 -084.73329234  51 
111  45.89457822 -084.73326048  51 
111  45.89459384 -084.73329234  51 
115  45.89463873 -084.73324899 
120 PT
111  45.89471376 -084.73332204  51 
111  45.89470011 -084.73329402  51 
111  45.89468449 -084.73326216  51 
111  45.89470011 -084.73329402  51 
115  45.89464749 -084.73334212 
120 PT
111  45.89467815 -084.73346393  51 
111  45.89466450 -084.73343592  51 
111  45.89464888 -084.73340405  51 
111  45.89466450 -084.73343592  51 
115  45.89470939 -084.73339257 
120 PT
111  45.89478442 -084.73346561  51 
111  45.89477077 -084.73343760  51 
111  45.89475515 -084.73340573  51 
111  45.89477077 -084.73343760  51 
115  45.89471815 -084.73348569 
120 PT
111  45.89474769 -084.73360655  51 
111  45.89473404 -084.73357854  51 
111  45.89471842 -084.73354667  51 
111  45.89473404 -084.73357854  51 
115  45.89477893 -084.73353519 
120 PT
111  45.89485396 -084.73360823  51 
111  45.89484031 -084.73358022  51 
111  45.89482469 -084.73354835  51 
111  45.89484031 -084.73358022  51 
115  45.89478769 -084.73362831 
120 PT
111  45.89482037 -084.73375537  51 
111  45.89480672 -084.73372736  51 
111  45.89479110 -084.73369549  51 
111  45.89480672 -084.73372736  51 
115  45.89485161 -084.73368401 
120 PT
111  45.89492664 -084.73375705  51 
111  45.89491299 -084.73372904  51 
111  45.89489737 -084.73369717  51 
111  45.89491299 -084.73372904  51 
115  45.89486037 -084.73377713 
120 PT
111  45.89488991 -084.73389800  51 
111  45.89487626 -084.73386998  51 
111  45.89486064 -084.73383812  51 
111  45.89487626 -084.73386998  51 
115  45.89492115 -084.73382663 
120 PT
111  45.89499618 -084.73389967  51 
111  45.89498253 -084.73387166  51 
111  45.89496691 -084.73383979  51 
111  45.89498253 -084.73387166  51 
115  45.89492991 -084.73391976 
120 PT
111  45.89417266 -084.73354977  51 
111  45.89415901 -084.73352176  51 
111  45.89414339 -084.73348989  51 
111  45.89415901 -084.73352176  51 
115  45.89420390 -084.73347841 
120 PT
111  45.89427893 -084.73355145  51 
111  45.89426528 -084.73352344  51 
111  45.89424966 -084.73349157  51 
111  45.89426528 -084.73352344  51 
115  45.89421266 -084.73357153 
120 PT
111  45.89424220 -084.73369239  51 
111  45.89422855 -084.73366438  51 
111  45.89421292 -084.73363251  51 
111  45.89422855 -084.73366438  51 
115  45.89427343 -084.73362103 
120 PT
111  45.89434847 -084.73369407  51 
111  45.89433482 -084.73366606  51 
111  45.89431919 -084.73363419  51 
111  45.89433482 -084.73366606  51 
115  45.89428219 -084.73371415 
120 PT
111  45.89431286 -084.73383597  51 
111  45.89429921 -084.73380795  51 
111  45.89428359 -084.73377609  51 
111  45.89429921 -084.73380795  51 
115  45.89434410 -084.73376460 
120 PT
111  45.89441913 -084.73383764  51 
111  45.89440548 -084.73380963  51 
111  45.89438986 -084.73377776  51 
111  45.89440548 -084.73380963  51 
115  45.89435286 -084.73385773 
120 PT
111  45.89438240 -084.73397859  51 
111  45.89436875 -084.73395058  51 
111  45.89435313 -084.73391871  51 
111  45.89436875 -084.73395058  51 
115  45.89441364 -084.73390722 
120 PT
111  45.89448867 -084.73398027  51 
111  45.89447502 -084.73395225  51 
111  45.89445939 -084.73392039  51 
111  45.89447502 -084.73395225  51 
115  45.89442239 -084.73400035 
120 PT
111  45.89445508 -084.73412741  51 
111  45.89444143 -084.73409940  51 
111  45.89442581 -084.73406753  51 
111  45.89444143 -084.73409940  51 
115  45.89448632 -084.73405605 
120 PT
111  45.89456135 -084.73412909  51 
111  45.89454770 -084.73410107  51 
111  45.89453208 -084.73406921  51 
111  45.89454770 -084.73410107  51 
115  45.89449508 -084.73414917 
120 PT
111  45.89452462 -084.73427003  51 
111  45.89451097 -084.73424202  51 
111  45.89449535 -084.73421015  51 
111  45.89451097 -084.73424202  51 
115  45.89455586 -084.73419867 
120 PT
111  45.89463089 -084.73427171  51 
111  45.89461724 -084.73424370  51 
111  45.89460162 -084.73421183  51 
111  45.89461724 -084.73424370  51 
115  45.89456462 -084.73429179 
120 TL
111  45.89164198 -084.73742239  51 
115  45.89137881 -084.73726585 
120 TL
111  45.89005641 -084.74076251  51 
115  45.88936790 -084.74034445 
120 TL
111  45.89060734 -084.74109582  51 
115  45.89033297 -084.74092951 
120 TL
111  45.88949441 -084.73985318  51 
111  45.89017574 -084.74026732  51 
112  45.89025839 -084.74061484  45.89019918 -084.74087792 
111  45.89025839 -084.74061484 
112  45.89025839 -084.74061484  45.89022947 -084.74078100  51 
111  45.89033297 -084.74092951  51 
111  45.89005641 -084.74076251  51 
116  45.89025839 -084.74061484  45.89030382 -084.74045858 
120 TL
111  45.89052812 -084.74208356  51 
111  45.89070714 -084.74144365  51 
112  45.89060734 -084.74109582  45.89047761 -084.74099252 
111  45.89060734 -084.74109582 
112  45.89060734 -084.74109582  45.89074806 -084.74114772  51 
111  45.89083250 -084.74099853  51 
115  45.89101152 -084.74035862 
120 TL
111  45.89155873 -084.73840678  51 
111  45.89173741 -084.73776697  51 
112  45.89164198 -084.73742239  45.89151225 -084.73731908 
111  45.89164198 -084.73742239 
112  45.89164198 -084.73742239  45.89178270 -084.73747429  51 
111  45.89185613 -084.73734229  51 
115  45.89203474 -084.73670207 
120 TL
111  45.89157608 -084.73841699  51 
111  45.89175510 -084.73777682  51 
112  45.89197522 -084.73762049  45.89211962 -084.73766310 
111  45.89197522 -084.73762049 
112  45.89197522 -084.73762049  45.89185208 -084.73750513  51 
111  45.89187381 -084.73735204  51 
115  45.89205325 -084.73671233 
120 TL
111  45.89197669 -084.73762097  51 
111  45.89225362 -084.73778553 
112  45.89225362 -084.73778553  45.89239085 -084.73782869  51 
111  45.89246506 -084.73765977  51 
111  45.89234169 -084.73809946  51 
116  45.89225362 -084.73778553  45.89213734 -084.73769436 
120 TL
111  45.89410339 -084.73253408  51 
111  45.89402758 -084.73249342 
112  45.89402758 -084.73249342  45.89394175 -084.73246154  51 
111  45.89389063 -084.73256492  51 
111  45.89396533 -084.73229759  51 
116  45.89402758 -084.73249342  45.89410243 -084.73255140 
120 TL
111  45.89391420 -084.73320943  51 
111  45.89383840 -084.73316877 
112  45.89383840 -084.73316877  45.89375257 -084.73313689  51 
111  45.89370145 -084.73324027  51 
111  45.89377615 -084.73297293  51 
116  45.89383840 -084.73316877  45.89391324 -084.73322675 
120 TL
111  45.88983191 -084.74500165  51 
111  45.88988974 -084.74502934  51 
112  45.89003293 -084.74502340  45.89010816 -084.74499024 
111  45.89003293 -084.74502340  51 
111  45.89041843 -084.74477219  51 
112  45.89051715 -084.74462176  45.89054803 -084.74451499 
111  45.89051715 -084.74462176  51 
111  45.89234169 -084.73809946 
111  45.89246506 -084.73765977  51 
111  45.89370145 -084.73324027 
111  45.89377615 -084.73297293  51 
111  45.89389063 -084.73256492 
111  45.89396533 -084.73229759  51 
111  45.89409730 -084.73182446 
112  45.89409730 -084.73182446  45.89414859 -084.73163799  51 
111  45.89402792 -084.73148868  51 
111  45.89377872 -084.73133869  51 
116  45.89366307 -084.73131891  45.89359997 -084.73133080 
120 TL
111  45.89053985 -084.74113351 102 
115  45.89009698 -084.74086793 
15   45.89460033 -084.73317917  36.00 Great Lakes FBO
15   45.89402792 -084.73148868 156.81 Hold Short Rwy 25
15   45.89041945 -084.74477036 204.98 Hold Short Rwy 7
18   45.89146425 -084.73608876 1 BCN
19   45.89387308 -084.73435591 1 WS
51 12270 CTAF/UNICOM
1      740 0 1 KMCD MACKINAC ISLAND
100   22.86   1   0 0.25 0 2 0 08   45.86371400 -084.64398900    0.00    0.00 2  0 0 1 26   45.86615600 -084.63070000    0.00    0.00 2  0 0 1
21   45.86446427 -084.64160025  2  75.21   3.00 08  PAPI-4L
21   45.86540601 -084.63308904  2 255.22   3.00 26  PAPI-4L
110   1 0.00  75.21 Default taxiway for RWY 08
111  45.86361672 -084.64395212   3 102 
111  45.86311727 -084.64376279   3 102 
111  45.86556004 -084.63047436   3 102 
111  45.86605949 -084.63066370 
112  45.86600698 -084.63094934  45.86603107 -084.63080570   3 102 
111  45.86591172 -084.63076045   3 102 
112  45.86575259 -084.63070013  45.86563325 -084.63065488   3 102 
111  45.86560699 -084.63079770   3 102 
111  45.86445124 -084.63708487   3 102 
111  45.86485123 -084.63723650 
111  45.86482498 -084.63737932   3 102 
111  45.86442499 -084.63722769   3 102 
112  45.86326924 -084.64351485  45.86324298 -084.64365767   3 102 
111  45.86336232 -084.64370291   3 102 
112  45.86352145 -084.64376324  45.86364080 -084.64380848   3 102 
113  45.86366923 -084.64366648 
130 Airport Boundary 11
111  45.86389876 -084.64537601 
112  45.86268967 -084.64389605  45.86260047 -084.64240179 
111  45.86268967 -084.64389605 
111  45.86359153 -084.63938503 
111  45.86329421 -084.63924272 
111  45.86378585 -084.63635677 
111  45.86305318 -084.63603914 
111  45.86370055 -084.63311075 
111  45.86415643 -084.63318190 
111  45.86460241 -084.63069084 
111  45.86509794 -084.63086160 
111  45.86627629 -084.62579537 
111  45.86653397 -084.62590922 
111  45.86678173 -084.62538900 
111  45.86787189 -084.62622863 
111  45.86701958 -084.63122373 
111  45.86503747 -084.64210411 
111  45.86453203 -084.64342760 
113  45.86407615 -084.64520648 
120 Default hold RWY 08 (near)
111  45.86341564 -084.64387590   4 
115  45.86344189 -084.64373308 
120 Default hold RWY 08 (centre)
111  45.86462390 -084.63730309   4 
115  45.86465015 -084.63716027 
120 Default hold RWY 08 (far)
111  45.86583216 -084.63073029   4 
115  45.86585841 -084.63058747 
18   45.86562985 -084.63761035 1 BCN
19   45.86395853 -084.64438724 1 WS
19   45.86591143 -084.63030180 1 WS
50 11827 AWOS 3
51 12270 CTAF/UNICOM
1      690 0 1 Y30  Pbeaaye
100   24.38   3   0 0.25 0 0 0 01   45.52733217 -084.55735997    0.00    0.00 1  0 0 0 19   45.53491171 -084.55660337    0.00    0.00 1  0 0 0
19   45.52713623 -084.55785052 1 WS
19   45.53510765 -084.55611276 1 WS
1      720 0 0 KPLN PELLSTON RGNL ARPT OF EMMET CO
100   45.72   1   0 0.25 0 3 0 14   45.57576700 -084.80688900    0.00    0.00 2  0 0 1 32   45.56320800 -084.78881400    0.00    0.00 3  8 0 0
100   45.72   1   0 0.25 0 2 0 05   45.56739400 -084.80276100    0.00    0.00 2  0 0 1 23   45.57790800 -084.78794400    0.00  213.36 2  0 0 1
21   45.56893996 -084.80133875  1  44.61   3.00 05  VASI
21   45.57476662 -084.80468471  1 134.78   3.00 14  VASI
21   45.57636222 -084.78936695  1 224.62   3.00 23  VASI
10   45.57601900 -084.80457300 xxx  95.00   600 0.0 0.0   100 101101  1 0 0 0.25 0
10   45.57077000 -084.78653700 xxx   2.00   900 0.0 0.0   400 161161  2 0 0 0.25 0
10   45.56893900 -084.79747000 xxx  44.50  1500 0.0 0.0   100 161161  2 0 0 0.25 0
10   45.57022100 -084.79077100 xxx  92.00  2500 0.0 0.0   100 161161  2 0 0 0.25 0
10   45.57313900 -084.79946900 xxx 134.67  3000 0.0 0.0   100 161161  2 0 0 0.25 0
10   45.57054900 -084.78848300 xxx   2.00  5300 0.0 0.0   100 161161  2 0 0 0.25 0
10   45.57186100 -084.78777300 xxx  94.00   300 0.0 0.0   100 161161  2 0 0 0.25 0
10   45.56723000 -084.80082700 xxx  77.00   700 0.0 0.0   100 161161  2 0 0 0.25 0
10   45.57412000 -084.80185700 xxx  95.00   500 0.0 0.0   100 161161  2 0 0 0.25 0
10   45.56716900 -084.80232200 xxx 138.00   200 0.0 0.0   100 161161  2 0 0 0.25 0
10   45.57391000 -084.80312300 xxx  45.00   300 0.0 0.0   100 161161  2 0 0 0.25 0
10   45.57595800 -084.80610700 xxx  63.00   300 0.0 0.0   100 161161  2 0 0 0.25 0
18   45.57051182 -084.79640254 1 BCN
19   45.56753445 -084.80380136 1 WS
19   45.57649489 -084.80668518 1 WS
19   45.57776741 -084.78690348 1 WS
19   45.56248013 -084.78901800 1 WS
50 11902 ASOS
51 12300 CTAF/UNICOM
17     636 0 1 MI56 [H] North Michigan Hospitals Inc
102 H1   45.33917583 -084.97283001   0.00   30.48   22.56   1 2   0 0.25 0
19   45.33951596 -084.97239685 1 WS