1      689 1 0 KAPN ALPENA CO RGNL
100   46.02   2   0 0.00 0 3 0 01   45.06493900 -083.56137200    0.00  305.11 3  8 0 1 19   45.08962500 -083.56149200    0.00  305.11 2  0 0 1
100   29.87   2   0 0.00 0 2 0 07   45.07603300 -083.56670800    0.00    0.00 2  0 0 1 25   45.08297200 -083.54987500    0.00    0.00 2  0 0 1
21   45.06756987 -083.56195639  2 359.80   3.00 01  PAPI-4L
21   45.07722999 -083.56474631  2  59.72   3.00 07  PAPI-4L
21   45.08782655 -083.56091145  2 179.80   3.00 19  PAPI-4L
21   45.08177530 -083.55183728  2 239.73   3.00 25  PAPI-4L
110   2 0.00 143.00 xxx
111  45.09120810 -083.56920432 
111  45.08682682 -083.56452797 
111  45.08699190 -083.56421768 
113  45.09137318 -083.56889403 
110   2 0.00 100.00 xxx
111  45.06523964 -083.56408632 
111  45.06490622 -083.56140912 
111  45.06517636 -083.56134168 
113  45.06550978 -083.56401888 
110   2 0.00 174.00 xxx
111  45.06793164 -083.56459710 
111  45.06520369 -083.56419114 
111  45.06523236 -083.56380490 
113  45.06796031 -083.56421086 
110   2 0.00  90.00 xxx
111  45.06784485 -083.56574207 
111  45.06784485 -083.56146993 
111  45.06811915 -083.56146993 
113  45.06811915 -083.56574207 
110   2 0.00  59.56 xxx
111  45.07447797 -083.56604282 
111  45.07642354 -083.56135439 
111  45.07666003 -083.56155118 
113  45.07471446 -083.56623961 
110   2 0.00  34.00 xxx
111  45.07611778 -083.56644810 
111  45.07952883 -083.56318987 
111  45.07968222 -083.56351190 
113  45.07627117 -083.56677013 
110   2 0.00 170.00 xxx
111  45.07600815 -083.56660194 
111  45.06790422 -083.56457857 
111  45.06795185 -083.56419606 
113  45.07605578 -083.56621943 
110   2 0.00   0.00 xxx
111  45.07942449 -083.56309876 
111  45.08957351 -083.56309876 
111  45.08957351 -083.56348724 
113  45.07942449 -083.56348724 
110   2 0.00 120.00 xxx
111  45.08831421 -083.56352810 
111  45.08282824 -083.55007015 
111  45.08306579 -083.54987590 
113  45.08855176 -083.56333385 
110   2 0.00   0.00 xxx
111  45.07946883 -083.56351604 
111  45.08714917 -083.56351604 
111  45.08714917 -083.56506996 
113  45.07946883 -083.56506996 
110   2 0.00  90.00 xxx
111  45.08932085 -083.56732092 
111  45.08932085 -083.56149308 
111  45.08959515 -083.56149308 
113  45.08959515 -083.56732092 
130 Airport Boundary
111  45.07529780 -083.57175547 
111  45.06933120 -083.56739394 
111  45.06147674 -083.56711533 
111  45.06155474 -083.56534907 
111  45.05769399 -083.56485230 
111  45.05788898 -083.55795284 
111  45.06163273 -083.55800804 
111  45.06151574 -083.55596580 
111  45.07650672 -083.55613127 
111  45.07740366 -083.55270830 
111  45.08044546 -083.55049993 
111  45.08321427 -083.54608320 
111  45.08555411 -083.54586236 
111  45.09042878 -083.55762192 
111  45.09245665 -083.56027196 
111  45.09258139 -083.56457974 
111  45.09468725 -083.56667808 
111  45.09410229 -083.56827944 
111  45.09351733 -083.56816900 
113  45.08996857 -083.57092996 
18   45.08033100 -083.55898093 1 BCN
19   45.06452544 -083.56224379 1 WS
19   45.07624999 -083.56733723 1 WS
19   45.09003856 -083.56061982 1 WS
19   45.08275492 -083.54924576 1 WS
50 12067 ASOS
51 12135 CTAF
51 12295 UNICOM
53 12190 GND
54 12135 TWR
55 12842 APP/DEP
1      850 0 1 Y95  HILLMAN
100   18.29   1   0 0.25 0 2 0 04   45.07948600 -083.93937200    0.00    0.00 2  0 0 0 22   45.08730600 -083.93220300    0.00    0.00 2  0 0 0
100   45.72   4   0 0.25 0 0 0 18   45.08722500 -083.94094700    0.00    0.00 1  0 0 0 36   45.07946700 -083.93960300    0.00    0.00 1  0 0 0
110   1 0.30  32.91 Default taxiway for RWY 04
111  45.07944251 -083.93927684   3 102 
111  45.07921773 -083.93878500   3 102 
111  45.08703795 -083.93161690   3 102 
111  45.08726273 -083.93210881 
112  45.08712457 -083.93223545  45.08719243 -083.93216945   3 102 
111  45.08713877 -083.93205204   3 102 
112  45.08706723 -083.93189548  45.08701358 -083.93177807   3 102 
111  45.08694450 -083.93184139   3 102 
111  45.08320709 -083.93526713   3 102 
111  45.08338716 -083.93566117 
111  45.08331808 -083.93572449   3 102 
111  45.08313801 -083.93533045   3 102 
112  45.07940060 -083.93875619  45.07933152 -083.93881952   3 102 
111  45.07938517 -083.93893691   3 102 
112  45.07945671 -083.93909345  45.07951037 -083.93921085   3 102 
113  45.07958067 -083.93915020 
120 Default hold RWY 04 (near)
111  45.07935186 -083.93907850   4 
115  45.07942094 -083.93901518 
120 Default hold RWY 04 (centre)
111  45.08322743 -083.93552613   4 
115  45.08329651 -083.93546281 
120 Default hold RWY 04 (far)
111  45.08710300 -083.93197376   4 
115  45.08717208 -083.93191044 
19   45.07948198 -083.93979214 1 WS
19   45.08770834 -083.94015008 1 WS
19   45.07898367 -083.94039981 1 WS
19   45.08731000 -083.93178280 1 WS
51 12290 CTAF
1      670 0 1 KPZQ PRESQUE ISLE CO
100   22.86   1   0 0.25 0 2 0 09   45.40692200 -083.82085300   67.06    0.00 2  0 0 1 27   45.40726900 -083.80487800  115.82    0.00 2  0 0 1
21   45.40729726 -083.81744475  2  88.22   3.00 09  PAPI-4L
21   45.40688069 -083.80891120  2 268.23   3.00 27  PAPI-4L
110   1 0.30  88.22 Default taxiway for RWY 09
111  45.40682144 -083.82084855   3 102 
111  45.40630513 -083.82082573   3 102 
111  45.40665324 -083.80485083   3 102 
111  45.40716955 -083.80487365 
112  45.40716317 -083.80516653  45.40716411 -083.80501999   3 102 
111  45.40704073 -083.80501454   3 102 
112  45.40687623 -083.80500727  45.40675286 -083.80500181   3 102 
111  45.40674967 -083.80514825   3 102 
111  45.40658359 -083.81276960   3 102 
111  45.40699709 -083.81278788 
111  45.40699390 -083.81293432   3 102 
111  45.40658040 -083.81291604   3 102 
112  45.40641432 -083.82053739  45.40641113 -083.82068383   3 102 
111  45.40653450 -083.82068929   3 102 
112  45.40669900 -083.82069656  45.40682238 -083.82070201   3 102 
113  45.40682782 -083.82055567 
120 Default hold RWY 09 (near)
111  45.40661356 -083.82083936   4 
115  45.40661675 -083.82069292 
120 Default hold RWY 09 (centre)
111  45.40678602 -083.81292513   4 
115  45.40678921 -083.81277869 
120 Default hold RWY 09 (far)
111  45.40695848 -083.80501090   4 
115  45.40696167 -083.80486446 
18   45.40781433 -083.81289878 1 BCN
19   45.40722269 -083.82115946 1 WS
19   45.40696827 -083.80457162 1 WS
51 12290 CTAF
55 12842 ALPENA APP/DEP