1     1042 0 1 PCXF COLDFOOT
100   30.48   5   0 0.25 0 3 0 01   67.24755300 -150.21140000    0.00    0.00 1  0 0 0 19   67.25680600 -150.19635800    0.00    0.00 1  0 0 0
18   67.25269016 -150.20598490 1 BCN
19   67.24753967 -150.21267812 1 WS
19   67.25681920 -150.19507936 1 WS
51 12290 CTAF
1     1100 0 1 PCK  Porcupine Creek
100   12.19   5   0 0.25 0 0 0 10   67.23875673 -150.28900505    0.00    0.00 1  0 0 0 28   67.23703993 -150.28311663    0.00    0.00 1  0 0 0
19   67.23895420 -150.28897555 1 WS
19   67.23684247 -150.28314617 1 WS
1     1180 0 1 WSM  Wiseman
100   18.29   5   0 0.25 0 0 0 02   67.40273792 -150.12804702    0.00    0.00 1  0 0 0 20   67.40640874 -150.11743632    0.00    0.00 1  0 0 0
19   67.40281122 -150.12879522 1 WS
19   67.40633538 -150.11668803 1 WS