1      271 0 1 ESUH Harnosand Myran
100   30.48   3   0 0.25 0 0 0 10   62.63419881  017.97555443    0.00    0.00 1  0 0 0 28   62.63302079  017.98721037    0.00    0.00 1  0 0 0
19   62.63465955  017.97516374 1 WS
19   62.63256002  017.98760086 1 WS
1      886 1 1 ESNT SATTNA
100   24.99   1   0 0.25 0 0 0 12   62.48604400  016.98636400    0.00    0.00 2  0 0 0 30   62.47669200  017.01945600    0.00    0.00 2  0 0 0
110   1 0.30 121.44 Default taxiway for RWY 12
111  62.48594997  016.98623957   3 
111  62.48546828  016.98560217   3 
111  62.47612020  017.01870478   3 
111  62.47660189  017.01934198 
112  62.47671920  017.01892656  62.47665862  017.01913173   3 
111  62.47654347  017.01897941   3 
112  62.47638995  017.01877632  62.47627480  017.01862400   3 
111  62.47633346  017.01841629   3 
111  62.48086086  017.00238428   3 
111  62.48124660  017.00289463 
111  62.48130526  017.00268692   3 
111  62.48091952  017.00217657   3 
112  62.48544692  016.98614456  62.48550557  016.98593685   3 
111  62.48562072  016.98608922   3 
112  62.48577424  016.98629237  62.48588939  016.98644474   3 
113  62.48583266  016.98665499 
120 Default hold RWY 12 (near)
111  62.48575614  016.98598308   4 
115  62.48569748  016.98619079 
120 Default hold RWY 12 (centre)
111  62.48111143  017.00243047   4 
115  62.48105277  017.00263818 
120 Default hold RWY 12 (far)
111  62.47646671  017.01887786   4 
115  62.47640806  017.01908557 
19   62.48644917  016.98632950 1 WS
19   62.47628682  017.01949005 1 WS
54 12330 APP
54 13350 APP
1       16 1 0 ESNN Sundsvall Harnosand/Midlanda
100   45.11   1   0 0.25 0 3 1 16   62.53656400  017.43733600  149.96    0.00 3  0 0 1 34   62.51892500  017.45110800  139.90    0.00 3  3 0 0
101   30.48 0 15   62.51625349  017.43530641 33   62.51150251  017.44124959
21   62.53321157  017.44087910  2 160.19   3.00 16  PAPI-4L
21   62.52272333  017.44722053  2 340.20   3.00 34  PAPI-4L
10   62.52320900  017.44273900 xxx 160.19  1700 0.0 0.0   521 161161  1 0 0 0.25 0
10   62.52600900  017.43823800 xxx 160.19   780 0.0 0.0   520 161161  1 0 0 0.35 0
10   62.52740100  017.43667400 xxx 135.00   700 0.0 0.0   490 161161  1 0 0 0.25 0
10   62.52956000  017.44309000 xxx 120.00  1000 0.0 0.0   140 101101  1 0 0 0.25 0
10   62.52745400  017.44138700 xxx 250.19   860 0.0 0.0   150 161161  1 0 0 0.35 0
10   62.52574900  017.44393000 xxx  30.00   800 0.0 0.0   150 101101  1 0 0 0.25 0
10   62.53481700  017.43695800 xxx  20.00   797 0.0 0.0   130 161161  1 0 0 0.25 0
10   62.52636300  017.44516600 xxx  80.00   700 0.0 0.0   150 101101  1 0 0 0.25 0
10   62.53365300  017.43810100 xxx 290.00   600 0.0 0.0   130 161161  1 0 0 0.25 0
10   62.52395600  017.44515200 xxx 250.19   512 0.0 0.0   140 101101  1 0 0 0.25 0
10   62.53426400  017.43733600 xxx 160.00   400 0.0 0.0   130 161161  1 0 0 0.25 0
10   62.53412600  017.43682900 xxx 160.00   240 0.0 0.0   130 101101  1 0 0 0.25 0
10   62.53638800  017.43825000 xxx 160.19   200 0.0 0.0   100 161161  1 0 0 0.35 0
10   62.51870700  017.45049300 xxx 160.19   200 0.0 0.0   100 161161  1 0 0 0.35 0
14   62.52874400  017.44422000  120 0 ATC Tower
15   62.52527200  017.43804600  20.00 ESNN ramp
18   62.52801900  017.44587500 1 BCN
19   62.53683900  017.43899000 1 WS
19   62.51864600  017.44945000 1 WS
50 12740 ATIS
54 11810 TWR
54 12955 TWR