1      449 0 0 SA5F Juan N. Fernandez/La Madrugada
100   22.86   3   0 0.00 0 0 0 1   -38.00780399 -059.34962821    0.00    0.00 0  0 0 0 19  -37.99941823 -059.34814957    0.00    0.00 0  0 0 0
19  -38.00796547 -059.35005033 1 WS
19  -37.99925675 -059.34772750 1 WS
1      328 0 0 SA81 SAN CAYETANO
100   29.87   3   0 0.00 0 0 0 01  -38.33799350 -059.63100153    0.00    0.00 0  0 0 0 19  -38.32978428 -059.62955402    0.00    0.00 0  0 0 0
100   29.87   3   0 0.00 0 0 0 08  -38.33461264 -059.63438238    0.00    0.00 0  0 0 0 26  -38.33316514 -059.62617317    0.00    0.00 0  0 0 0
19  -38.33820452 -059.63155771 1 WS
19  -38.33427818 -059.63482946 1 WS
19  -38.33349957 -059.62572607 1 WS
19  -38.32957325 -059.62899792 1 WS