1     3132 1 1 SKUL FARFAN
100   30.48   1   0 0.25 0 0 0 01   04.08363600 -076.23608100   64.62    0.00 2  0 0 0 19   04.09307800 -076.23418900    0.00  781.81 2  0 0 0
21   04.09124738 -076.23421320  2 191.30   3.00 19  PAPI-4L
110   1 0.30  11.30 Default taxiway for RWY 01
111  04.08360956 -076.23594838   3 
111  04.08347472 -076.23527201   3 
111  04.09291672 -076.23338002   3 
111  04.09305156 -076.23405640 
112  04.09278258 -076.23411030  04.09291663 -076.23408114   3 
111  04.09288437 -076.23391934   3 
112  04.09284136 -076.23370360  04.09280911 -076.23354181   3 
111  04.09267462 -076.23356876   3 
111  04.08828985 -076.23444738   3 
111  04.08839781 -076.23498892 
111  04.08826332 -076.23501587   3 
111  04.08815536 -076.23447433   3 
112  04.08377058 -076.23535294  04.08363609 -076.23537989   3 
111  04.08366834 -076.23554169   3 
112  04.08371135 -076.23575742  04.08374361 -076.23591922   3 
113  04.08387854 -076.23589448 
120 Default hold RWY 01 (near)
111  04.08355536 -076.23567651   4 
115  04.08368985 -076.23564956 
120 Default hold RWY 01 (centre)
111  04.08820912 -076.23474399   4 
115  04.08834361 -076.23471704 
120 Default hold RWY 01 (far)
111  04.09286287 -076.23381147   4 
115  04.09299736 -076.23378452 
19   04.08344766 -076.23653939 1 WS
19   04.09326634 -076.23373060 1 WS
54 11860 TWR
55 11910 CALI APP
1     3044 0 1 SK54 SAN MARINO
100   18.29   1   0 0.25 0 0 0 17   04.38319200 -076.06798100    0.00   30.48 2  0 0 0 35   04.37070000 -076.06476700    0.00   30.48 2  0 0 0
110   1 0.30 165.61 Default taxiway for RWY 17
111  04.38317211 -076.06805876   3 
111  04.38306931 -076.06846065   3 
111  04.37057732 -076.06524660   3 
111  04.37068012 -076.06484471 
112  04.37083953 -076.06488572  04.37075927 -076.06486739   3 
111  04.37073473 -076.06496332   3 
112  04.37070202 -076.06509123  04.37067748 -076.06518715   3 
111  04.37075718 -076.06520766   3 
111  04.37680391 -076.06676343   3 
111  04.37688626 -076.06644148 
111  04.37696597 -076.06646199   3 
111  04.37688362 -076.06678394   3 
112  04.38293034 -076.06833969  04.38301005 -076.06836020   3 
111  04.38303459 -076.06826427   3 
112  04.38306730 -076.06813636  04.38309184 -076.06804043   3 
113  04.38301269 -076.06801774 
120 Default hold RWY 17 (near)
111  04.38313066 -076.06822083   4 
115  04.38305095 -076.06820032 
120 Default hold RWY 17 (centre)
111  04.37692452 -076.06662405   4 
115  04.37684481 -076.06660354 
120 Default hold RWY 17 (far)
111  04.37071838 -076.06502727   4 
115  04.37063867 -076.06500677 
19   04.38341276 -076.06778219 1 WS
19   04.37047924 -076.06496581 1 WS