1     3990 1 1 SKAR EL EDEN
100   35.97   1   0 0.25 0 2 0 02   04.44339400 -075.76868600    0.00    0.00 2  0 0 0 20   04.46215600 -075.76428900    0.00    0.00 2  0 0 0
21   04.46032148 -075.76434831  2 193.15   3.00 20  PAPI-4L
110   1 0.30  13.15 Default taxiway for RWY 02
111  04.44335769 -075.76853013   3 102 
111  04.44317308 -075.76773760   3 102 
111  04.46193509 -075.76334069   3 102 
111  04.46211970 -075.76413324 
112  04.46180452 -075.76420711  04.46196160 -075.76416797   3 102 
111  04.46191741 -075.76397828   3 102 
112  04.46185850 -075.76372537  04.46181432 -075.76353569   3 102 
111  04.46165673 -075.76357263   3 102 
111  04.45266970 -075.76567875   3 102 
111  04.45281749 -075.76631322 
111  04.45265990 -075.76635015   3 102 
111  04.45251211 -075.76571568   3 102 
112  04.44352508 -075.76782181  04.44336749 -075.76785874   3 102 
111  04.44341167 -075.76804842   3 102 
112  04.44347058 -075.76830132  04.44351477 -075.76849100   3 102 
113  04.44367287 -075.76845627 
120 Default hold RWY 02 (near)
111  04.44328354 -075.76821180   4 
115  04.44344113 -075.76817487 
120 Default hold RWY 02 (centre)
111  04.45258575 -075.76603181   4 
115  04.45274334 -075.76599488 
120 Default hold RWY 02 (far)
111  04.46188796 -075.76385183   4 
115  04.46204555 -075.76381490 
18   04.45303244 -075.76759411 1 BCN
19   04.44318928 -075.76923406 1 WS
19   04.46236072 -075.76374092 1 WS
54 11850 TWR
55 11990 PEREIRA APP
1     4416 1 1 SKPE MATECANA
100   45.11   1   0 0.25 1 2 0 08   04.80990300 -075.74819700    0.00    0.00 2  0 1 0 26   04.81544400 -075.73083900    0.00    0.00 2  0 1 0
21   04.81083396 -075.74659966  2  72.24   3.00 08  PAPI-4L
110   1 0.30  72.24 Default taxiway for RWY 08
111  04.80971184 -075.74813554   3 102 
111  04.80874318 -075.74782412   3 102 
111  04.81428440 -075.73046626   3 102 
111  04.81525306 -075.73077768 
112  04.81512921 -075.73116565  04.81518899 -075.73097098   3 102 
111  04.81495702 -075.73089641   3 102 
112  04.81464774 -075.73079697  04.81441577 -075.73072240   3 102 
111  04.81435385 -075.73091638   3 102 
111  04.81173805 -075.73911035   3 102 
111  04.81251341 -075.73935962 
111  04.81245149 -075.73955360   3 102 
111  04.81167613 -075.73930433   3 102 
112  04.80906033 -075.74749830  04.80899841 -075.74769228   3 102 
111  04.80923038 -075.74776686   3 102 
112  04.80953966 -075.74786629  04.80977163 -075.74794086   3 102 
113  04.80983569 -075.74774757 
120 Default hold RWY 08 (near)
111  04.80932309 -075.74801056   4 
115  04.80938502 -075.74781657 
120 Default hold RWY 08 (centre)
111  04.81206274 -075.73942862   4 
115  04.81212466 -075.73923464 
120 Default hold RWY 08 (far)
111  04.81480238 -075.73084669   4 
115  04.81486431 -075.73065270 
18   04.81402610 -075.73995506 1 BCN
19   04.81035906 -075.74877141 1 WS
19   04.81498793 -075.73026460 1 WS
54 11870 TWR
55 12070 PEREIRA APP
1     2999 1 1 SKIB PERALES
100   29.87   1   0 0.25 0 2 0 14   04.42694700 -075.13938600    0.00    0.00 2  0 0 0 32   04.41627200 -075.12721400    0.00    0.00 2  0 0 0
21   04.41721119 -075.12878963  2 311.34   3.00 32  PAPI-4L
110   1 0.30 131.34 Default taxiway for RWY 14
111  04.42684777 -075.13947355   3 102 
111  04.42634148 -075.13992022   3 102 
111  04.41566658 -075.12774803   3 102 
111  04.41617287 -075.12730136 
112  04.41635041 -075.12750381  04.41625995 -075.12740408   3 102 
111  04.41613885 -075.12751093   3 102 
112  04.41597738 -075.12765338  04.41585627 -075.12776022   3 102 
111  04.41594504 -075.12786144   3 102 
111  04.42106056 -075.13369448   3 102 
111  04.42146593 -075.13333685 
111  04.42155471 -075.13343807   3 102 
111  04.42114934 -075.13379570   3 102 
112  04.42626486 -075.13962874  04.42635363 -075.13972996   3 102 
111  04.42647474 -075.13962312   3 102 
112  04.42663621 -075.13948066  04.42675731 -075.13937382   3 102 
113  04.42667023 -075.13927111 
120 Default hold RWY 14 (near)
111  04.42664424 -075.13965311   4 
115  04.42655547 -075.13955189 
120 Default hold RWY 14 (centre)
111  04.42135118 -075.13361763   4 
115  04.42126240 -075.13351641 
120 Default hold RWY 14 (far)
111  04.41605811 -075.12758215   4 
115  04.41596934 -075.12748092 
18   04.42231634 -075.13267706 1 BCN
19   04.42742730 -075.13932133 1 WS
19   04.41579171 -075.12727867 1 WS
54 11830 TWR
55 11950 BOGOTA APP
1     2979 1 1 SKGO SANTA ANA
100   39.93   1   0 0.25 0 2 0 01   04.74812200 -075.95661900   30.48    0.00 2  0 0 0 19   04.76811900 -075.95494200   30.48    0.00 2  0 0 0
21   04.75022040 -075.95682330  2   4.78   3.00 01  PAPI-4L
21   04.76602060 -075.95473770  2 184.78   3.00 19  PAPI-4L
110   1 0.30   4.78 Default taxiway for RWY 01
111  04.74810722 -075.95644159   3 102 
111  04.74803222 -075.95554105   3 102 
111  04.76802922 -075.95386407   3 102 
111  04.76810422 -075.95476464 
112  04.76774614 -075.95479467  04.76792500 -075.95477740   3 102 
111  04.76790704 -075.95456180   3 102 
112  04.76788310 -075.95427434  04.76786515 -075.95405875   3 102 
111  04.76768611 -075.95407377   3 102 
111  04.75813521 -075.95487472   3 102 
111  04.75819524 -075.95559561 
111  04.75801620 -075.95561062   3 102 
111  04.75795617 -075.95488973   3 102 
112  04.74840527 -075.95569068  04.74822623 -075.95570570   3 102 
111  04.74824418 -075.95592129   3 102 
112  04.74826812 -075.95620874  04.74828608 -075.95642433   3 102 
113  04.74846530 -075.95641156 
120 Default hold RWY 01 (near)
111  04.74807711 -075.95608003   4 
115  04.74825615 -075.95606502 
120 Default hold RWY 01 (centre)
111  04.75798609 -075.95524905   4 
115  04.75816513 -075.95523404 
120 Default hold RWY 01 (far)
111  04.76789507 -075.95441807   4 
115  04.76807411 -075.95440306 
18   04.75822286 -075.95703696 1 BCN
19   04.74780869 -075.95718663 1 WS
19   04.76843230 -075.95437435 1 WS
54 11830 TWR
55 11990 PEREIRA APP