1      184 0 0 SDKA Angical
100   11.89   4   0 0.00 0 0 0 13   04.16581645 -059.83676939    0.00    0.00 0  0 0 0 31   04.16418355 -059.83323061    0.00    0.00 0  0 0 0
130 Airport Boundary
111  04.16430000 -059.83158633 
111  04.16714308 -059.83774779 
111  04.16570000 -059.83841367 
113  04.16285692 -059.83225221 
19   04.16481911 -059.83508347 0 Windsock
1      496 0 0 SJKX Cutia
100   24.99   4   0 0.00 0 0 0 10   04.16967160 -059.75220566    0.00    0.00 0  0 0 0 28   04.17032840 -059.74501656    0.00    0.00 0  0 0 0
130 Airport Boundary
111  04.17130984 -059.74365527 
111  04.17039012 -059.75372226 
111  04.16869017 -059.75356695 
113  04.16960989 -059.74349996 
19   04.16968434 -059.74858227 0 Windsock
1     1792 0 0 SJLV Morro
100   20.12   4   0 0.00 0 0 0 18   04.36026576 -059.97082121    0.00    0.00 0  0 0 0 36   04.35417869 -059.96917879    0.00    0.00 0  0 0 0
130 Airport Boundary
111  04.35300350 -059.96800178 
111  04.36187350 -059.97039509 
111  04.36144094 -059.97199822 
113  04.35257095 -059.96960491 
19   04.35715180 -059.97026101 0 Windsock
1     1792 0 0 SJLX Mutum
100   20.12   4   0 0.00 0 0 0 09   04.45228789 -059.85672021    0.00    0.00 0  0 0 0 27   04.45382322 -059.85105757    0.00    0.00 0  0 0 0
130 Airport Boundary
111  04.45500477 -059.84988089 
111  04.45271325 -059.85833258 
111  04.45110633 -059.85789689 
113  04.45339785 -059.84944520 
19   04.45279357 -059.85381786 0 Windsock