1       31 0 0 WBGW Lawas
100   17.07   1   0 0.00 0 0 0 1    04.84626751  115.40738339    0.00   18.90 2  0 0 0 19   04.85302101  115.40837352   49.07    0.00 2  0 0 0
110   1 0.00  98.30 Lawas Ramp
111  04.84681493  115.40685480 
111  04.84635657  115.40681715 
111  04.84633373  115.40712164 
112  04.84632068  115.40727388  04.84631579  115.40731153 
111  04.84628154  115.40731480 
111  04.84679861  115.40739338 
112  04.84675131  115.40733117  04.84675620  115.40729680 
113  04.84677170  115.40715765 
130 Lawas Boundary
111  04.84633325  115.40679170 
111  04.84630633  115.40709277 
111  04.84566017  115.40717383 
111  04.84606017  115.40763703 
111  04.85015526  115.40826235 
111  04.85314945  115.40870626 
111  04.85344176  115.40819674 
111  04.85066970  115.40775669 
111  04.84700533  115.40720857 
113  04.84685918  115.40682643 
120 hold
111  04.84633373  115.40712164  20 
115  04.84677170  115.40715765 
120 taxiline
111  04.84658493  115.40737046  20 
112  04.84642508  115.40701851  04.84637288  115.40690555  20 
116  04.84651805  115.40689082  04.84660124  115.40689900 
14   04.84668606  115.40666327    8 0 Lawas Viewpoint
15   04.84650990  115.40689246   6.08 Lawas Ramp Start
19   04.84653763  115.40758491 0 Lawas Windsock
1       14 1 1 WBGJ LIMBANG
100   29.87   1   0 0.25 0 2 0 04   04.80286400  115.00638300    0.00   57.91 2  7 0 0 22   04.81373900  115.01449200    0.00   57.91 2  7 0 0
21   04.80450695  115.00719249  2  36.61   3.00 04  PAPI-4L
21   04.81209607  115.01368247  2 216.61   3.00 22  PAPI-4L
110   1 0.30  36.61 Default taxiway for RWY 04
111  04.80278518  115.00648945   3 102 
111  04.80238303  115.00703259   3 102 
111  04.81325808  115.01514147   3 102 
111  04.81366023  115.01459832 
112  04.81344446  115.01443743  04.81355100  115.01451970   3 102 
111  04.81345481  115.01464962   3 102 
112  04.81332655  115.01482284  04.81323036  115.01495276   3 102 
111  04.81312248  115.01487231   3 102 
111  04.80795467  115.01101899   3 102 
111  04.80827665  115.01058411 
111  04.80816876  115.01050366   3 102 
111  04.80784678  115.01093854   3 102 
112  04.80267897  115.00708522  04.80257109  115.00700477   3 102 
111  04.80266728  115.00687485   3 102 
112  04.80279554  115.00670162  04.80289173  115.00657171   3 102 
113  04.80300095  115.00665034 
120 Default hold RWY 04 (near)
111  04.80262352  115.00670780   4 
115  04.80273141  115.00678824 
120 Default hold RWY 04 (centre)
111  04.80800710  115.01072201   4 
115  04.80811499  115.01080246 
120 Default hold RWY 04 (far)
111  04.81339068  115.01473623   4 
115  04.81349857  115.01481667 
18   04.80886122  115.00967851 1 BCN
19   04.80288871  115.00589731 1 WS
19   04.81371428  115.01497769 1 WS
53 12195 GND
54 11850 TWR
54 12430 TWR
1     3300 0 0 WBKN Long Pasia
100   49.07   3   0 0.00 0 0 0 17   04.41259966  115.72432364    0.00    0.00 0  0 0 0 35   04.40670673  115.72448068    0.00    0.00 0  0 0 0
14   04.40735247  115.72478377    5 0 Long Pasia Viewpoint
15   04.40706022  115.72447810 358.50 Long Pasia Start
19   04.40744431  115.72410542 0 Long Pasia Windsock
1     2400 0 0 WBGD Long Semado
100   36.88   3   0 0.00 0 0 0 2    04.21309171  115.58927877    0.00    0.00 0  0 0 0 20   04.21726721  115.59143353    0.00    0.00 0  0 0 0
14   04.21386647  115.58928559    5 0 Long Semado Viewpoint
15   04.21339451  115.58944535  27.20 Long Semado Start
19   04.21377235  115.58996937 0 Long Semado Windsock
1     1306 0 0 WBGU Long Sukang
100   36.88   3   0 0.00 0 0 0 9    04.55282957  115.49076844    0.00    0.00 0  0 0 0 27   04.55302884  115.49774441    0.00    0.00 0  0 0 0
14   04.55310310  115.49091413    5 0 Long Sukang Viewpoint
15   04.55282703  115.49104798  88.40 Long Sukang Start
19   04.55261078  115.49126030 0 Long Sukang Windsock