1      853 0 0 SNAY Fazenda Rio Lages
100   17.98   5   0 0.00 0 0 0 10  -06.28176038 -051.75013319    0.00    0.00 0  0 0 0 28  -06.28046184 -051.74208903    0.00    0.00 0  0 0 0
130 Airport Boundary
111 -06.27945763 -051.74074595 
111 -06.28122978 -051.75172403 
111 -06.28276460 -051.75147627 
113 -06.28099244 -051.74049819 
19  -06.28139826 -051.74606476 0 Windsock
1      751 0 1 SDOW OURILANDIA DO NORTE
100   29.87   1   0 0.25 0 0 0 14  -06.76032200 -051.05460300    0.00    0.00 2  0 0 0 32  -06.76587200 -051.04529200    0.00    0.00 2  0 0 0
110   1 0.30 120.98 Default taxiway for RWY 14
111 -06.76043531 -051.05467149   3 
111 -06.76101343 -051.05502095   3 
111 -06.76656352 -051.04571006   3 
111 -06.76598540 -051.04536060 
112 -06.76584705 -051.04559269 -06.76591816 -051.04547781   3 
111 -06.76605645 -051.04556140   3 
112 -06.76624083 -051.04567285 -06.76637912 -051.04575644   3 
111 -06.76630994 -051.04587249   3 
111 -06.76370783 -051.05023782   3 
111 -06.76324494 -051.04995802 
111 -06.76317577 -051.05007407   3 
111 -06.76363866 -051.05035387   3 
112 -06.76103655 -051.05471920 -06.76096737 -051.05483524   3 
111 -06.76082908 -051.05475165   3 
112 -06.76064470 -051.05464020 -06.76050641 -051.05455661   3 
113 -06.76057366 -051.05443940 
120 Default hold RWY 14 (near)
111 -06.76066772 -051.05481197   4 
115 -06.76073689 -051.05469592 
120 Default hold RWY 14 (centre)
111 -06.76340818 -051.05021455   4 
115 -06.76347735 -051.05009850 
120 Default hold RWY 14 (far)
111 -06.76614864 -051.04561713   4 
115 -06.76621781 -051.04550109 
19  -06.75983793 -051.05462612 1 WS
19  -06.76635606 -051.04526887 1 WS
1      656 0 1 SNFX SAO FELIX DO XINGU
100   32.92   1   0 0.25 0 0 0 13  -06.63769400 -051.95865000    0.00    0.00 2  0 0 0 31  -06.64487800 -051.94604700    0.00    0.00 2  0 0 0
110   1 0.30 119.85 Default taxiway for RWY 13
111 -06.63782052 -051.95872310   3 
111 -06.63846481 -051.95909535   3 
111 -06.64564897 -051.94649253   3 
111 -06.64500468 -051.94612028 
112 -06.64485723 -051.94637895 -06.64493290 -051.94625075   3 
111 -06.64508706 -051.94633982   3 
112 -06.64529261 -051.94645858 -06.64544677 -051.94654765   3 
111 -06.64537305 -051.94667698   3 
111 -06.64196528 -051.95265504   3 
111 -06.64144946 -051.95235702 
111 -06.64137574 -051.95248636   3 
111 -06.64189156 -051.95278438   3 
112 -06.63848379 -051.95876245 -06.63841007 -051.95889178   3 
111 -06.63825591 -051.95880271   3 
112 -06.63805036 -051.95868395 -06.63789620 -051.95859488   3 
113 -06.63796797 -051.95846443 
120 Default hold RWY 13 (near)
111 -06.63807941 -051.95887267   4 
115 -06.63815314 -051.95874333 
120 Default hold RWY 13 (centre)
111 -06.64163463 -051.95263593   4 
115 -06.64170835 -051.95250659 
120 Default hold RWY 13 (far)
111 -06.64518984 -051.94639920   4 
115 -06.64526357 -051.94626986 
19  -06.63716114 -051.95868600 1 WS
19  -06.64541086 -051.94601099 1 WS