1     2038 1 1 SBCJ CARAJAS
100   45.11   1   0 0.25 0 1 0 10  -06.11883300 -050.01252800    0.00   60.35 2  0 0 0 28  -06.11675000 -049.99458300    0.00    0.00 2  0 0 0
21  -06.11825289 -050.01077365  1  83.34   3.00 10  VASI
21  -06.11733017 -049.99633732  1 263.34   3.00 28  VASI
110   1 0.30  83.34 Default taxiway for RWY 10
111 -06.11903238 -050.01250459   3 102 
111 -06.12004267 -050.01238599   3 102 
111 -06.11795997 -049.99444092   3 102 
111 -06.11694968 -049.99455952 
112 -06.11699674 -049.99496505 -06.11697544 -049.99476203   3 102 
111 -06.11721738 -049.99473363   3 102 
112 -06.11753995 -049.99469576 -06.11778189 -049.99466736   3 102 
111 -06.11780542 -049.99487012   3 102 
111 -06.11878794 -050.00333574   3 102 
111 -06.11797926 -050.00343067 
111 -06.11800280 -050.00363344   3 102 
111 -06.11881148 -050.00353851   3 102 
112 -06.11979399 -050.01200413 -06.11981753 -050.01220689   3 102 
111 -06.11957559 -050.01223529   3 102 
112 -06.11925302 -050.01227316 -06.11901108 -050.01230156   3 102 
113 -06.11898531 -050.01209906 
120 Default hold RWY 10 (near)
111 -06.11943784 -050.01245700   4 
115 -06.11941431 -050.01225423 
120 Default hold RWY 10 (centre)
111 -06.11840826 -050.00358585   4 
115 -06.11838472 -050.00338308 
120 Default hold RWY 10 (far)
111 -06.11737867 -049.99471470   4 
115 -06.11735514 -049.99451193 
18  -06.11638054 -050.00372261 1 BCN
19  -06.11827523 -050.01300453 1 WS
19  -06.11730775 -049.99410645 1 WS
54 13170 RDO
1     2257 0 1 SDLJ IGARAPE BAHIA
100   18.29   1   0 0.25 0 0 0 17  -06.04356700 -050.58056100    0.00    0.00 2  0 0 0 35  -06.05244200 -050.57970300    0.00    0.00 2  0 0 0
110   1 0.30 174.51 Default taxiway for RWY 17
111 -06.04357466 -050.58064112   3 
111 -06.04361425 -050.58105522   3 
111 -06.05248925 -050.58019724   3 
111 -06.05244966 -050.57978313 
112 -06.05228584 -050.57979897 -06.05236796 -050.57979330   3 
111 -06.05237741 -050.57989215   3 
112 -06.05239001 -050.58002394 -06.05239946 -050.58012278   3 
111 -06.05231755 -050.58013070   3 
111 -06.04808483 -050.58053990   3 
111 -06.04805312 -050.58020817 
111 -06.04797120 -050.58021609   3 
111 -06.04800291 -050.58054782   3 
112 -06.04377019 -050.58095701 -06.04368828 -050.58096493   3 
111 -06.04367883 -050.58086608   3 
112 -06.04366623 -050.58073429 -06.04365678 -050.58063545   3 
113 -06.04373848 -050.58062528 
120 Default hold RWY 17 (near)
111 -06.04359062 -050.58080811   4 
115 -06.04367253 -050.58080019 
120 Default hold RWY 17 (centre)
111 -06.04798716 -050.58038308   4 
115 -06.04806908 -050.58037516 
120 Default hold RWY 17 (far)
111 -06.05238371 -050.57995804   4 
115 -06.05246562 -050.57995012 
19  -06.04337956 -050.58032973 1 WS
19  -06.05262944 -050.57993427 1 WS
17     642 0 0 SNAK [H] Carajas
102 H1  -06.08166667 -050.07333333  80.27   27.13   27.13   2 0   0 0.00 0
130 Heliport Boundary
111 -06.08149395 -050.07357754 
111 -06.08191087 -050.07350605 
111 -06.08183938 -050.07308913 
113 -06.08142246 -050.07316062 
19  -06.08147442 -050.07319737 0 Windsock