1     1145 1 1 SNKN Currais Novos
100   21.34   2   0 0.25 0 2 0 11  -06.28079169 -036.54706374    0.00    0.00 2 10 0 0 29  -06.28032071 -036.53349506    0.00    0.00 2 10 0 0
21  -06.28046207 -036.54526349  1  88.00   3.00 11  VASI
21  -06.28065038 -036.53529530  1 268.00   3.00 29  VASI
110   2 0.30  88.00 Default taxiway for RWY 11
111 -06.28088539 -036.54706045  53 102 
111 -06.28136737 -036.54704352  53 102 
111 -06.28089656 -036.53347483  53 102 
111 -06.28041458 -036.53349176 
112 -06.28042128 -036.53368481 -06.28042018 -036.53358820  53 102 
111 -06.28053531 -036.53358416  53 102 
112 -06.28068882 -036.53357877 -06.28080396 -036.53357472  53 102 
111 -06.28080731 -036.53367125  53 102 
111 -06.28103434 -036.54021428  53 102 
111 -06.28064831 -036.54022784 
111 -06.28065166 -036.54032437  53 102 
111 -06.28103769 -036.54031081  53 102 
112 -06.28126472 -036.54685384 -06.28126807 -036.54695036  53 102 
111 -06.28115293 -036.54695441  53 102 
112 -06.28099942 -036.54695980 -06.28088429 -036.54696384  53 102 
113 -06.28087869 -036.54686740 
120 Default hold RWY 11 (near)
111 -06.28107953 -036.54705363  54 
115 -06.28107618 -036.54695710 
120 Default hold RWY 11 (centre)
111 -06.28084580 -036.54031755  54 
115 -06.28084245 -036.54022102 
120 Default hold RWY 11 (far)
111 -06.28061207 -036.53358146  54 
115 -06.28060872 -036.53348494 
18  -06.27988458 -036.54030300 1 BCN
19  -06.28051055 -036.54726690 1 WS
19  -06.28060185 -036.53329189 1 WS
1      837 1 1 SNJS Jardim Do Serido
100   15.85   2   0 0.25 0 2 0 16  -06.53715567 -036.73499938    0.00    0.00 2 10 0 0 34  -06.54451033 -036.72833382    0.00    0.00 2 10 0 0
21  -06.53833110 -036.73360592  1 138.00   3.00 16  VASI
21  -06.54333492 -036.72972732  1 318.00   3.00 34  VASI
110   2 0.30 138.00 Default taxiway for RWY 16
111 -06.53720188 -036.73505104  53 102 
111 -06.53744199 -036.73531946  53 102 
111 -06.54479669 -036.72865400  53 102 
111 -06.54455658 -036.72838558 
112 -06.54445058 -036.72848164 -06.54450509 -036.72843530  53 102 
111 -06.54456235 -036.72849931  53 102 
112 -06.54463871 -036.72858467 -06.54469597 -036.72864869  53 102 
111 -06.54464297 -036.72869672  53 102 
111 -06.54109812 -036.73190936  53 102 
111 -06.54090573 -036.73169429 
111 -06.54085273 -036.73174233  53 102 
111 -06.54104512 -036.73195740  53 102 
112 -06.53750027 -036.73517004 -06.53744727 -036.73521808  53 102 
111 -06.53739001 -036.73515407  53 102 
112 -06.53731365 -036.73506871 -06.53725639 -036.73500470  53 102 
113 -06.53730788 -036.73495497 
120 Default hold RWY 16 (near)
111 -06.53729883 -036.73515942  54 
115 -06.53735183 -036.73511139 
120 Default hold RWY 16 (centre)
111 -06.54094968 -036.73185071  54 
115 -06.54100268 -036.73180267 
120 Default hold RWY 16 (far)
111 -06.54460053 -036.72854199  54 
115 -06.54465353 -036.72849396 
18  -06.54049895 -036.73129320 1 BCN
19  -06.53690651 -036.73493541 1 WS
19  -06.54475949 -036.72839779 1 WS
1     1781 0 0 SWQK Pedra
100   20.12   5   0 0.00 0 0 0 06  -06.76980406 -036.48355526    0.00    0.00 0  0 0 0 24  -06.76352928 -036.47866696    0.00    0.00 0  0 0 0
130 Airport Boundary
111 -06.76182341 -036.47833047 
111 -06.77054763 -036.48512698 
111 -06.77150992 -036.48389175 
113 -06.76278570 -036.47709524 
19  -06.76689863 -036.48081335 0 Windsock
1     2139 0 0 SICB Pedro Simoes Pimenta
100   29.87   4   0 0.00 0 0 0 10  -06.48858272 -036.14509382    0.00    0.00 0  0 0 0 28  -06.48641728 -036.13490618    0.00    0.00 0  0 0 0
130 Airport Boundary
111 -06.48528068 -036.13355586 
111 -06.48809362 -036.14678970 
111 -06.48971932 -036.14644414 
113 -06.48690638 -036.13321030 
19  -06.48796004 -036.13990222 0 Windsock
1     1641 0 0 SIVL Sitio Flor de Lys
100   20.12   5   0 0.00 0 0 0 04  -06.94787510 -036.67333641    0.00    0.00 1  0 0 0 22  -06.94268046 -036.67166359    0.00    0.00 1  0 0 0
130 Airport Boundary
111 -06.94096728 -036.67193188 
111 -06.94910978 -036.67455399 
111 -06.94958828 -036.67306812 
113 -06.94144577 -036.67044601 
19  -06.94539298 -036.67214227 0 Windsock