1     4697 0 1 22V  Chenoweth
100    6.10   3   0 0.25 0 0 0 16   39.83711177 -103.59045092    0.00    0.00 1  0 0 0 34   39.82952599 -103.58888632    0.00    0.00 1  0 0 0
19   39.83717882 -103.59035625 1 WS
19   39.82945894 -103.58898098 1 WS
1     5050 0 1 CO94 Decker Farms
100   15.24   4   0 0.25 0 0 0 15   39.71027999 -103.35319307    0.00    0.00 1  0 0 0 33   39.70357833 -103.35002249    0.00    0.00 1  0 0 0
19   39.71047923 -103.35300276 1 WS
19   39.70337909 -103.35021279 1 WS
1     4945 0 1 CO00 FLAGLER AERIAL SPRAYING INC
100   27.43   4   0 0.25 0 0 0 14   39.28611100 -103.07250000    0.00    0.00 1  0 0 0 32   39.27638900 -103.06666900    0.00    0.00 1  0 0 0
100    6.10   1   0 0.25 0 0 0 17   39.28361100 -103.06666900    0.00    0.00 2  0 0 0 35   39.27638900 -103.06666900    0.00    0.00 2  0 0 0
100   22.86   4   0 0.25 0 0 0 08   39.28361100 -103.07555000    0.00    0.00 1  0 0 0 26   39.28361100 -103.06666900    0.00    0.00 1  0 0 0
110   1 0.30 180.00 Default taxiway for RWY 17
111  39.28361100 -103.06670153   3 
111  39.28361100 -103.06688163   3 
111  39.27638900 -103.06688161   3 
111  39.27638900 -103.06670153 
112  39.27644386 -103.06670153  39.27641643 -103.06670443   3 
111  39.27641643 -103.06674696   3 
112  39.27641643 -103.06680365  39.27641643 -103.06684617   3 
111  39.27644386 -103.06684617   3 
111  39.27998629 -103.06684618   3 
111  39.27998629 -103.06670153 
111  39.28001371 -103.06670153   3 
111  39.28001371 -103.06684618   3 
112  39.28355614 -103.06684619  39.28358357 -103.06684619   3 
111  39.28358357 -103.06680366   3 
112  39.28358357 -103.06674696  39.28358357 -103.06670444   3 
113  39.28355614 -103.06670153 
120 Default hold RWY 17 (near)
111  39.28361100 -103.06677531   4 
115  39.28358357 -103.06677531 
120 Default hold RWY 17 (centre)
111  39.28001371 -103.06677531   4 
115  39.27998629 -103.06677531 
120 Default hold RWY 17 (far)
111  39.27641643 -103.06677530   4 
115  39.27638900 -103.06677530 
19   39.28391820 -103.07581581 1 WS
19   39.28649085 -103.07220038 1 WS
19   39.28366586 -103.06656269 1 WS
19   39.27633414 -103.06677530 1 WS
19   39.28330378 -103.06640323 1 WS
19   39.27600916 -103.06696861 1 WS
51 12280 UNICOM
1     5000 0 1 CO92 Frasier Ranch
100   15.24   3   0 0.25 0 0 0 32   39.63772979 -103.64151261    0.00    0.00 1  0 0 0 14   39.64557521 -103.64838463    0.00    0.00 1  0 0 0
19   39.63750106 -103.64163451 1 WS
19   39.64580396 -103.64826275 1 WS
1     5374 0 1 KLIC LIMON MUNI
100   18.29   2   0 0.25 0 2 0 16   39.28113100 -103.66737200    0.00    0.00 2  0 0 0 34   39.26844400 -103.66437500    0.00    0.00 2  0 0 0
21   39.27016409 -103.66514929  2 349.64   3.00 34  PAPI-4L
110   2 0.30 169.64 Default taxiway for RWY 16
111  39.28111660 -103.66747372  53 102 
111  39.28104218 -103.66799946  53 102 
111  39.26835522 -103.66500180  53 102 
111  39.26842964 -103.66447616 
112  39.26859153 -103.66451441  39.26851019 -103.66449814  53 102 
111  39.26849242 -103.66462361  53 102 
112  39.26846874 -103.66479090  39.26845097 -103.66491637  53 102 
111  39.26853191 -103.66493550  53 102 
111  39.27467303 -103.66638650  53 102 
111  39.27473265 -103.66596538 
111  39.27481359 -103.66598450  53 102 
111  39.27475397 -103.66640562  53 102 
112  39.28089509 -103.66785663  39.28097603 -103.66787575  53 102 
111  39.28099380 -103.66775026  53 102 
112  39.28101748 -103.66758294  39.28103525 -103.66745745  53 102 
113  39.28095471 -103.66743547 
120 Default hold RWY 16 (near)
111  39.28108659 -103.66768573  54 
115  39.28100564 -103.66766660 
120 Default hold RWY 16 (centre)
111  39.27478358 -103.66619649  54 
115  39.27470264 -103.66617737 
120 Default hold RWY 16 (far)
111  39.26848058 -103.66470725  54 
115  39.26839963 -103.66468813 
18   39.27489379 -103.66514188 1 BCN
19   39.28133730 -103.66709652 1 WS
19   39.26823771 -103.66465043 1 WS
50 12112 ASOS
51 12290 CTAF
17    5034 0 1 CO78 [H] Lincoln Community Hospital
102 H1   39.13332250 -103.46716695   0.00   38.10   38.10   1 2   0 0.25 0
19   39.13383543 -103.46650567 1 WS
17    5976 0 1 CD49 [H] Matheson
102 H1   39.17693222 -103.87995445   0.00   30.48   30.48   3 1   0 0.25 0
19   39.17734367 -103.87942368 1 WS