1     2991 0 1 KADT ATWOOD RAWLINS CO CITY CO
100   22.86   1   0 0.25 0 2 0 16   39.84824700 -101.04432800    0.00    0.00 2  0 0 0 34   39.83462200 -101.04218300    0.00    0.00 2  0 0 0
100   22.86   3   0 0.25 0 0 0 17   39.84222500 -101.04250000    0.00    0.00 1  0 0 0 35   39.83555600 -101.04166100    0.00    0.00 1  0 0 0
100   30.48   3   0 0.25 0 0 0 03   39.83583600 -101.04305000    0.00    0.00 1  0 0 0 21   39.84083300 -101.03750000    0.00    0.00 1  0 0 0
110   1 0.30 173.11 Default taxiway for RWY 16
111  39.84823492 -101.04445810   3 102 
111  39.84817293 -101.04512606   3 102 
111  39.83454795 -101.04298048   3 102 
111  39.83460994 -101.04231265 
112  39.83481418 -101.04234481  39.83471179 -101.04233163   3 102 
111  39.83469698 -101.04249122   3 102 
112  39.83467723 -101.04270399  39.83466241 -101.04286357   3 102 
111  39.83476453 -101.04287965   3 102 
111  39.84132172 -101.04391224   3 102 
111  39.84137137 -101.04337734 
111  39.84147349 -101.04339342   3 102 
111  39.84142384 -101.04392832   3 102 
112  39.84798103 -101.04496089  39.84808315 -101.04497697   3 102 
111  39.84809797 -101.04481736   3 102 
112  39.84811772 -101.04460454  39.84813253 -101.04444493   3 102 
113  39.84803068 -101.04442594 
120 Default hold RWY 16 (near)
111  39.84820996 -101.04472703   4 
115  39.84810784 -101.04471095 
120 Default hold RWY 16 (centre)
111  39.84144853 -101.04366232   4 
115  39.84134641 -101.04364624 
120 Default hold RWY 16 (far)
111  39.83468710 -101.04259760   4 
115  39.83458498 -101.04258152 
19   39.83589427 -101.04368949 1 WS
19   39.84848811 -101.04396290 1 WS
19   39.84245931 -101.04212750 1 WS
19   39.83532169 -101.04203346 1 WS
19   39.83438090 -101.04254803 1 WS
19   39.84077470 -101.03686047 1 WS
51 12270 CTAF/UNICOM
1     3650 0 1 27KS Bellamy Farm
100   45.72   3   0 0.25 0 0 0 13   39.13199828 -101.72003975    0.00    0.00 1  0 0 0 31   39.12578782 -101.71308027    0.00    0.00 1  0 0 0
19   39.13271371 -101.71978729 1 WS
19   39.12507241 -101.71333277 1 WS
1     3345 0 1 5KS9 Black
100   12.19   3   0 0.25 0 0 0 17   39.82942851 -101.36274373    0.00    0.00 1  0 0 0 35   39.82223203 -101.36258017    0.00    0.00 1  0 0 0
19   39.82954108 -101.36253194 1 WS
19   39.82211946 -101.36279193 1 WS
1     3489 0 1 5K0  Bressler Field
100   21.34   3   0 0.25 0 0 0 08   39.74241218 -101.56189270    0.00    0.00 1  0 0 0 26   39.74257782 -101.54955176    0.00    0.00 1  0 0 0
100   22.86   3   0 0.25 0 0 0 17   39.74560781 -101.55579289    0.00    0.00 1  0 0 0 35   39.73938219 -101.55565157    0.00    0.00 1  0 0 0
19   39.74269679 -101.56214893 1 WS
19   39.74581886 -101.55539807 1 WS
19   39.73917114 -101.55604636 1 WS
19   39.74229319 -101.54929558 1 WS
1     3650 0 1 4KS8 Bursch - Private
100   30.48   3   0 0.25 0 0 0 12   39.59369682 -101.59681742    0.00    0.00 1  0 0 0 30   39.58851818 -101.58851870    0.00    0.00 1  0 0 0
19   39.59418920 -101.59675806 1 WS
19   39.58802581 -101.58857811 1 WS
1     3411 0 1 KSYF CHEYENNE CO MUNI
100   15.24   1   0 0.25 0 1 0 13R  39.76379700 -101.80036400    0.00  121.92 2  0 0 0 31L  39.75674400 -101.79395800    0.00    0.00 2  0 0 0
100   54.86   3   0 0.25 0 0 0 13L  39.76336900 -101.79927500    0.00    0.00 1  0 0 0 31R  39.75700000 -101.79349200    0.00    0.00 1  0 0 0
100   85.34   3   0 0.25 0 0 0 18   39.76489400 -101.79244700    0.00    0.00 1  0 0 0 36   39.75889400 -101.79513600    0.00    0.00 1  0 0 0
100   85.34   3   0 0.25 0 0 0 09   39.76300300 -101.79894700    0.00    0.00 1  0 0 0 27   39.76234200 -101.79260800    0.00    0.00 1  0 0 0
110   1 0.30 145.08 Default taxiway for RWY 13R
111  39.76375903 -101.80043474   3 102 
111  39.76356144 -101.80080286   3 102 
111  39.75650862 -101.79439615   3 102 
111  39.75670621 -101.79402808 
112  39.75681865 -101.79413023  39.75676114 -101.79408156   3 102 
111  39.75671403 -101.79416932   3 102 
112  39.75665121 -101.79428634  39.75660410 -101.79437410   3 102 
111  39.75666032 -101.79442517   3 102 
111  39.76004618 -101.79750084   3 102 
111  39.76020451 -101.79720588 
111  39.76026073 -101.79725695   3 102 
111  39.76010240 -101.79755191   3 102 
112  39.76348825 -101.80062757  39.76354448 -101.80067865   3 102 
111  39.76359159 -101.80059087   3 102 
112  39.76365441 -101.80047384  39.76370152 -101.80038607   3 102 
113  39.76364658 -101.80033259 
120 Default hold RWY 13R (near)
111  39.76367922 -101.80058343   4 
115  39.76362300 -101.80053236 
120 Default hold RWY 13R (centre)
111  39.76018092 -101.79740563   4 
115  39.76012470 -101.79735456 
120 Default hold RWY 13R (far)
111  39.75668262 -101.79422783   4 
115  39.75662640 -101.79417675 
19   39.76424781 -101.79973568 1 WS
19   39.76402723 -101.80024672 1 WS
19   39.76419777 -101.79885262 1 WS
19   39.76524488 -101.79070452 1 WS
19   39.75651378 -101.79407529 1 WS
19   39.76109714 -101.79181945 1 WS
19   39.75854308 -101.79687829 1 WS
19   39.75617126 -101.79391440 1 WS
50 11892 AWOS 3
51 12280 CTAF/UNICOM
1     3650 0 1 5KS2 Fortmeyer
100   30.48   4   0 0.25 0 0 0 09   39.34252513 -101.67273255    0.00    0.00 1  0 0 0 27   39.34080875 -101.65872023    0.00    0.00 1  0 0 0
100   30.48   4   0 0.25 0 0 0 36   39.34031234 -101.66600381    0.00    0.00 1  0 0 0 18   39.34302154 -101.66544897    0.00    0.00 1  0 0 0
19   39.34010578 -101.66658474 1 WS
19   39.34297441 -101.67299968 1 WS
19   39.34322809 -101.66486801 1 WS
19   39.34035944 -101.65845319 1 WS
1     3908 0 1 5KS4 Hall Farms
100    7.62   4   0 0.25 0 0 0 17   39.23362184 -101.98295667    0.00    0.00 1  0 0 0 35   39.22638038 -101.98295667    0.00    0.00 1  0 0 0
100    7.62   4   0 0.25 0 0 0 08   39.23000111 -101.98561249    0.00    0.00 1  0 0 0 26   39.23000111 -101.98030085    0.00    0.00 1  0 0 0
19   39.23010260 -101.98570102 1 WS
19   39.23369041 -101.98282564 1 WS
19   39.22631181 -101.98308768 1 WS
19   39.22989962 -101.98021232 1 WS
1     3330 0 1 5KS8 Jack Poore
100   22.86   3   0 0.25 0 0 0 36   39.81453053 -101.34922182    0.00    0.00 1  0 0 0 18   39.82157447 -101.34776930    0.00    0.00 1  0 0 0
19   39.81437540 -101.34965875 1 WS
19   39.82172960 -101.34733233 1 WS
1     3656 0 1 KGLD RENNER FLD
100   30.48   2   0 0.25 0 2 0 12   39.37472200 -101.70507800    0.00    0.00 2  0 0 1 30   39.36416700 -101.69117500    0.00    0.00 3  8 0 0
100   22.86   1   0 0.25 0 2 0 05   39.36851700 -101.70516400    0.00    0.00 2  0 0 0 23   39.37286900 -101.69412500    0.00    0.00 2  0 0 0
100   12.19   3   0 0.25 0 0 0 17   39.37655000 -101.70038100    0.00    0.00 1  0 0 0 35   39.37161100 -101.70035800    0.00    0.00 1  0 0 0
21   39.36960278 -101.70326686  2  62.98   3.00 05  PAPI-4L
21   39.37178339 -101.69602244  2 242.98   3.00 23  PAPI-4L
110   1 0.30  62.98 Default taxiway for RWY 05
111  39.36842737 -101.70510487   3 102 
111  39.36796721 -101.70480127   3 102 
111  39.37231973 -101.69376294   3 102 
111  39.37277989 -101.69406655 
112  39.37268642 -101.69430360  39.37273116 -101.69418375   3 102 
111  39.37262120 -101.69411120   3 102 
112  39.37247459 -101.69401447  39.37236463 -101.69394192   3 102 
111  39.37231789 -101.69406045   3 102 
111  39.37025847 -101.69928330   3 102 
111  39.37062700 -101.69952645 
111  39.37058026 -101.69964498   3 102 
111  39.37021173 -101.69940183   3 102 
112  39.36815231 -101.70462468  39.36810558 -101.70474320   3 102 
111  39.36821554 -101.70481574   3 102 
112  39.36836215 -101.70491247  39.36847211 -101.70498502   3 102 
113  39.36852084 -101.70486782 
110   2 0.30 134.48 Default taxiway for RWY 12
111  39.37462574 -101.70520027  53 102 
111  39.37413483 -101.70582383  53 102 
111  39.36358066 -101.69191861  53 102 
111  39.36407157 -101.69129515 
112  39.36426374 -101.69154834  39.36416606 -101.69142379  53 102 
111  39.36404863 -101.69157293  53 102 
112  39.36389205 -101.69177179  39.36377461 -101.69192093  53 102 
111  39.36387069 -101.69204752  53 102 
111  39.36890756 -101.69868362  53 102 
111  39.36930061 -101.69818441 
111  39.36939670 -101.69831101  53 102 
111  39.36900365 -101.69881022  53 102 
112  39.37404051 -101.70544633  39.37413660 -101.70557292  53 102 
111  39.37425404 -101.70542376  53 102 
112  39.37441062 -101.70522487  39.37452805 -101.70507570  53 102 
113  39.37443356 -101.70494707 
120 Default hold RWY 05 (near)
111  39.36824211 -101.70498264   4 
115  39.36828885 -101.70486411 
120 Default hold RWY 12 (near)
111  39.37442842 -101.70545091  54 
115  39.37433233 -101.70532431 
120 Default hold RWY 05 (centre)
111  39.37039500 -101.69952274   4 
115  39.37044174 -101.69940421 
120 Default hold RWY 12 (centre)
111  39.36919938 -101.69856163  54 
115  39.36910329 -101.69843503 
120 Default hold RWY 05 (far)
111  39.37254790 -101.69406283   4 
115  39.37259463 -101.69394431 
120 Default hold RWY 12 (far)
111  39.36397034 -101.69167236  54 
115  39.36387425 -101.69154576 
19   39.36869720 -101.70558161 1 WS
19   39.37520776 -101.70495828 1 WS
19   39.37666031 -101.70016860 1 WS
19   39.36368125 -101.69129479 1 WS
19   39.37268876 -101.69370739 1 WS
19   39.37150069 -101.70057038 1 WS
50 12102 ASOS
51 12295 CTAF/UNICOM
1     3186 0 1 KCBK SHALZ FLD
100   22.86   2   0 0.25 0 2 0 17   39.43526100 -101.04829200    0.00    0.00 2  0 0 0 35   39.42123600 -101.04841400    0.00    0.00 2  0 0 0
100   27.43   3   0 0.25 0 0 0 12   39.42801900 -101.04788900    0.00    0.00 1  0 0 0 30   39.42289700 -101.04147800    0.00    0.00 1  0 0 0
100   24.38   3   0 0.25 0 0 0 04   39.42540600 -101.04793100    0.00    0.00 1  0 0 0 22   39.43035600 -101.04142200    0.00    0.00 1  0 0 0
21   39.43345917 -101.04791816  2 180.39   3.00 17  PAPI-4L
21   39.42303783 -101.04878780  2   0.39   3.00 35  PAPI-4L
110   2 0.30 180.39 Default taxiway for RWY 17
111  39.43526168 -101.04842227  53 102 
111  39.43526515 -101.04909107  53 102 
111  39.42124015 -101.04921293  53 102 
111  39.42123668 -101.04854426 
112  39.42144240 -101.04854247  39.42133955 -101.04854628  53 102 
111  39.42134038 -101.04870606  53 102 
112  39.42134149 -101.04891911  39.42134232 -101.04907889  53 102 
111  39.42144518 -101.04907799  53 102 
111  39.42820053 -101.04901928  53 102 
111  39.42819775 -101.04848371 
111  39.42830061 -101.04848281  53 102 
111  39.42830339 -101.04901839  53 102 
112  39.43505874 -101.04895968  39.43516160 -101.04895878  53 102 
111  39.43516077 -101.04879897  53 102 
112  39.43515966 -101.04858588  39.43515883 -101.04842607  53 102 
113  39.43505596 -101.04842406 
120 Default hold RWY 17 (near)
111  39.43526307 -101.04869154  54 
115  39.43516021 -101.04869242 
120 Default hold RWY 17 (centre)
111  39.42830200 -101.04875206  54 
115  39.42819914 -101.04875295 
120 Default hold RWY 17 (far)
111  39.42134093 -101.04881259  54 
115  39.42123807 -101.04881348 
18   39.42824527 -101.04742262 1 BCN
19   39.42548659 -101.04843240 1 WS
19   39.42845387 -101.04776652 1 WS
19   39.43546466 -101.04789245 1 WS
19   39.43027539 -101.04092057 1 WS
19   39.42103234 -101.04881347 1 WS
19   39.42246213 -101.04160051 1 WS
50 11817 AWOS 3
51 12280 CTAF/UNICOM