1      642 0 1 5H2  Alan B. Janssen
100   22.86   3   0 0.25 0 0 0 09   39.34370683 -089.42721196    0.00    0.00 1  0 0 0 27   39.34361205 -089.42019028    0.00    0.00 1  0 0 0
19   39.34401758 -089.42747101 1 WS
19   39.34330128 -089.41993126 1 WS
1      680 0 1 25IL Bob Davis Flying Service
100   30.48   3   0 0.25 0 0 0 09   39.51672985 -089.86302610    0.00    0.00 1  0 0 0 27   39.51660347 -089.85364058    0.00    0.00 1  0 0 0
19   39.51714600 -089.86337233 1 WS
19   39.51618729 -089.85329441 1 WS
1      597 1 0 KSPI Capital
100   45.72   2   0 0.25 0 3 1 04   39.83690000 -089.68643600    0.00  304.80 3  8 0 0 22   39.85331400 -089.66751400    0.00    0.00 3  8 0 0
100   45.72   1   0 0.25 0 2 1 13   39.84948300 -089.68759200  182.88  121.92 2  0 0 1 31   39.83802500 -089.66757800    0.00    0.00 3  8 0 0
100   45.72   1   0 0.25 0 2 1 18   39.85031100 -089.67946400    0.00    0.00 2  0 0 0 36   39.83576700 -089.67987500    0.00    0.00 2  0 0 0
21   39.83931009 -089.68431368  1  41.51   3.00 04  VASI
21   39.84774731 -089.68367947  2 126.70   3.00 13  PAPI-4L
21   39.85080588 -089.66975096  1 221.52   3.00 22  VASI
21   39.83933515 -089.67068636  1 306.72   3.00 31  VASI
10   39.84460800 -089.67530800 xxx  41.36  7500 0.0 0.0    80 161161  2 0 0 0.25 0
10   39.84421200 -089.67601000 xxx 126.59  6000 0.0 0.0    80 161161  2 0 0 0.25 0
10   39.84290300 -089.67126500 xxx 126.59  2100 0.0 0.0   500 161161  2 0 0 0.25 0
10   39.83879900 -089.67649100 xxx  30.00  2500 0.0 0.0    60 161161  2 0 0 0.25 0
10   39.84245300 -089.66794600 xxx 126.60  1100 0.0 0.0  1200 161161  2 0 0 0.25 0
10   39.83866900 -089.67986300 xxx  86.00  1900 0.0 0.0    60 161161  2 0 0 0.25 0
10   39.84825500 -089.67694100 xxx 150.00  1600 0.0 0.0    70 161161  2 0 0 0.25 0
10   39.85321400 -089.67128000 xxx  41.50  1600 0.0 0.0    50 161161  2 0 0 0.25 0
10   39.84486800 -089.67311900 xxx  41.35  1000 0.0 0.0   400 161161  2 0 0 0.25 0
10   39.84753400 -089.66989100 xxx  41.36  1000 0.0 0.0   300 161161  2 0 0 0.25 0
10   39.85108200 -089.67448400 xxx  41.00   800 0.0 0.0   380 161161  2 0 0 0.25 0
10   39.83733700 -089.67324100 xxx 126.40  1000 0.0 0.0    60 161161  2 0 0 0.25 0
10   39.83739500 -089.67030300 xxx 126.40   930 0.0 0.0    70 161161  2 0 0 0.25 0
10   39.85045600 -089.67596400 xxx  90.00   600 0.0 0.0   380 161161  2 0 0 0.25 0
10   39.83762400 -089.66821300 xxx  35.00   860 0.0 0.0    80 161161  2 0 0 0.25 0
10   39.85417200 -089.66838100 xxx 130.00   800 0.0 0.0    50 161161  2 0 0 0.25 0
10   39.84555100 -089.67459900 xxx 138.00   700 0.0 0.0    80 161161  2 0 0 0.25 0
10   39.85017800 -089.67824600 xxx  90.00   700 0.0 0.0    70 161161  2 0 0 0.25 0
10   39.83785600 -089.67554500 xxx  25.00   400 0.0 0.0   300 161161  2 0 0 0.25 0
10   39.84259000 -089.67355300 xxx  36.40   600 0.0 0.0    80 161161  2 0 0 0.25 0
10   39.83848600 -089.67555200 xxx 115.00   600 0.0 0.0    60 161161  2 0 0 0.25 0
10   39.83758500 -089.67203500 xxx  35.00   520 0.0 0.0    70 161161  2 0 0 0.25 0
10   39.84913300 -089.66860200 xxx  41.36   501 0.0 0.0    70 161161  2 0 0 0.25 0
10   39.84679400 -089.68166400 xxx 216.70   400 0.0 0.0    80 161161  2 0 0 0.25 0
10   39.83684200 -089.68473800 xxx 260.00   400 0.0 0.0    80 161161  2 0 0 0.25 0
10   39.84982300 -089.67727700 xxx  60.00   400 0.0 0.0    60 161161  2 0 0 0.25 0
10   39.84415800 -089.67521700 xxx  90.00   330 0.0 0.0    80 161161  2 0 0 0.25 0
10   39.85160100 -089.66690800 xxx  41.36   300 0.0 0.0   100 161161  2 0 0 0.25 0
10   39.83895500 -089.66746500 xxx 170.00   320 0.0 0.0    80 161161  2 0 0 0.25 0
10   39.84877000 -089.68523400 xxx 216.70   300 0.0 0.0    80 161161  2 0 0 0.25 0
10   39.84891100 -089.67086000 xxx   0.00   300 0.0 0.0    80 161161  2 0 0 0.25 0
10   39.84707300 -089.67170000 xxx 129.00   300 0.0 0.0    80 161161  2 0 0 0.25 0
10   39.84822500 -089.67042500 xxx 129.00   300 0.0 0.0    80 161161  2 0 0 0.25 0
10   39.85310700 -089.66684700 xxx 130.00   300 0.0 0.0    80 161161  2 0 0 0.25 0
10   39.83874900 -089.68352500 xxx 131.50   300 0.0 0.0    70 161161  2 0 0 0.25 0
10   39.83588800 -089.67917600 xxx  90.00   300 0.0 0.0    60 161161  2 0 0 0.25 0
10   39.83990500 -089.66731300 xxx 126.60   181 0.0 0.0   170 161161  2 0 0 0.25 0
10   39.85258900 -089.66649600 xxx 181.00   260 0.0 0.0    80 161161  2 0 0 0.25 0
10   39.84420800 -089.67540000 xxx 180.00   240 0.0 0.0   100 161161  2 0 0 0.25 0
10   39.83729200 -089.68334200 xxx  41.36   200 0.0 0.0   100 161161  2 0 0 0.25 0
10   39.83690300 -089.68558500 xxx 131.50   200 0.0 0.0    80 161161  2 0 0 0.25 0
10   39.84954800 -089.67117300 xxx 129.00   200 0.0 0.0    80 161161  2 0 0 0.25 0
10   39.84630600 -089.67277500 xxx 129.00   200 0.0 0.0    80 161161  2 0 0 0.25 0
10   39.85311900 -089.66717500 xxx  90.00   201 0.0 0.0    50 161161  2 0 0 0.25 0
10   39.84019100 -089.66745800 xxx 126.40   200 0.0 0.0    50 161161  2 0 0 0.25 0
10   39.83760800 -089.68312800 xxx   0.00   150 0.0 0.0    80 161161  2 0 0 0.25 0
10   39.83712800 -089.68368500 xxx  90.00   131 0.0 0.0    80 161161  2 0 0 0.25 0
10   39.85131100 -089.66736600 xxx  90.00   131 0.0 0.0    80 161161  2 0 0 0.25 0
10   39.84907200 -089.68476100 xxx 260.00   130 0.0 0.0    80 161161  2 0 0 0.25 0
10   39.85195500 -089.66661100 xxx 170.00   120 0.0 0.0    80 161161  2 0 0 0.25 0
10   39.84933500 -089.67088300 xxx 151.00    71 0.0 0.0    80 161161  2 0 0 0.25 0
10   39.83948500 -089.66740400 xxx  35.00   100 0.0 0.0    50 161161  2 0 0 0.25 0
14   39.84610700 -089.67697900    0 0 ATC Tower
18   39.84358700 -089.66942300 1 BCN
19   39.83732800 -089.68501100 1 WS
19   39.83657800 -089.67919000 1 WS
19   39.83817300 -089.66930100 1 WS
19   39.85265400 -089.66732100 1 WS
19   39.84955600 -089.67874100 1 WS
19   39.84810500 -089.68393600 1 WS
50 12765 ATIS
51 13141 UNICOM
51 12130 CTAF
52 12170 CLNC DEL
53 12190 GND
54 12130 SPRINGFIELD TWR
55 11860 SPRINGFIELD APP/DEP
55 12615 SPRINGFIELD APP/DEP
1      620 0 1 1IS3 Cribbet
100   24.38   3   0 0.25 0 1 0 09   39.72787095 -089.06358773    0.00    0.00 1  0 0 0 27   39.72776181 -089.05545727    0.00    0.00 1  0 0 0
18   39.72858430 -089.05950507 1 BCN
19   39.72820388 -089.06386556 1 WS
19   39.72742886 -089.05517948 1 WS
1      659 0 1 6H9  Dahler
100   21.34   3   0 0.25 0 0 0 09   39.35259849 -089.30482116    0.00    0.00 1  0 0 0 27   39.35249317 -089.29701830    0.00    0.00 1  0 0 0
19   39.35288980 -089.30506295 1 WS
19   39.35220184 -089.29677655 1 WS
1      620 0 1 IS01 Denby
100   24.38   1   0 0.25 0 0 0 18   39.27255629 -089.90390755    0.00    0.00 2  0 0 0 36   39.26531593 -089.90407079    0.00    0.00 2  0 0 0
110   1 0.30 181.00 Default taxiway for RWY 18
111  39.27255817 -089.90404635   3 
111  39.27256778 -089.90475780   3 
111  39.26532742 -089.90492097   3 
111  39.26531781 -089.90420960 
112  39.26553722 -089.90420465  39.26542754 -089.90421002   3 
111  39.26542984 -089.90438006   3 
112  39.26543291 -089.90460677  39.26543520 -089.90477680   3 
111  39.26554491 -089.90477433   3 
111  39.26889083 -089.90469892   3 
111  39.26888314 -089.90412922 
111  39.26899284 -089.90412674   3 
111  39.26900053 -089.90469645   3 
112  39.27234645 -089.90462104  39.27245616 -089.90461856   3 
111  39.27245387 -089.90444851   3 
112  39.27245080 -089.90422178  39.27244850 -089.90405173   3 
113  39.27233876 -089.90405130 
120 Default hold RWY 18 (near)
111  39.27256203 -089.90433267   4 
115  39.27245233 -089.90433514 
120 Default hold RWY 18 (centre)
111  39.26899670 -089.90441304   4 
115  39.26888700 -089.90441552 
120 Default hold RWY 18 (far)
111  39.26543137 -089.90449341   4 
115  39.26532167 -089.90449589 
19   39.27276996 -089.90347747 1 WS
19   39.26510226 -089.90450082 1 WS
1      605 0 1 7H6  Donald A. Hamilton
100   18.29   3   0 0.25 0 0 0 18   39.59710154 -089.59448154    0.00    0.00 1  0 0 0 36   39.59189068 -089.59459958    0.00    0.00 1  0 0 0
19   39.59726178 -089.59415748 1 WS
19   39.59173044 -089.59492362 1 WS
1      645 0 1 IS70 Dooley Field
100   21.34   3   0 0.25 0 0 0 18   39.36328882 -089.27558099    0.00    0.00 1  0 0 0 36   39.35791340 -089.27570235    0.00    0.00 1  0 0 0
19   39.36347577 -089.27520419 1 WS
19   39.35772645 -089.27607912 1 WS
1      610 0 1 7H7  Fry Rla
100   21.34   3   0 0.25 0 0 0 36   39.58342021 -089.54876879    0.00    0.00 1  0 0 0 18   39.58890533 -089.54864455    0.00    0.00 1  0 0 0
19   39.58323326 -089.54914679 1 WS
19   39.58909228 -089.54826652 1 WS
1      667 0 1 H33  Gerald Weidner
100   30.48   3   0 0.25 0 0 0 09   39.08487363 -089.95954287    0.00    0.00 1  0 0 0 27   39.08466303 -089.95177325    0.00    0.00 1  0 0 0
19   39.08529439 -089.95987756 1 WS
19   39.08424225 -089.95143861 1 WS
1      653 0 1 1IL1 Hacker Rla
100   31.09   3   0 0.25 0 0 0 01   39.24166445 -089.42663044    0.00    0.00 1  0 0 0 19   39.24731887 -089.42521124    0.00    0.00 1  0 0 0
19   39.24146988 -089.42723129 1 WS
19   39.24751343 -089.42461033 1 WS
1      618 0 1 H40  Harding Bros. Rla
100   21.34   3   0 0.25 0 0 0 36   39.31927597 -089.98322154    0.00    0.00 1  0 0 0 18   39.32470625 -089.98309902    0.00    0.00 1  0 0 0
19   39.31908902 -089.98359810 1 WS
19   39.32489320 -089.98272243 1 WS
1      605 0 1 05IS Hardy
100   30.48   3   0 0.25 0 0 0 09   39.72592425 -089.26753701    0.00    0.00 1  0 0 0 27   39.72582851 -089.26040523    0.00    0.00 1  0 0 0
19   39.72634041 -089.26788429 1 WS
19   39.72541233 -089.26005800 1 WS
1      637 0 1 3K4  Hillsboro Municipal
100   60.96   3   0 0.25 0 2 0 18   39.15018220 -089.45690248    0.00    0.00 1  0 0 0 36   39.13880056 -089.45715864    0.00    0.00 1  0 0 0
18   39.14445787 -089.45455519 1 BCN
19   39.15071635 -089.45582916 1 WS
19   39.13826641 -089.45823176 1 WS
1      590 0 1 3IS5 Holmes
100   30.48   3   0 0.25 0 0 0 09   39.68456588 -089.60396376    0.00    0.00 1  0 0 0 27   39.68442466 -089.59345070    0.00    0.00 1  0 0 0
19   39.68498203 -089.60431084 1 WS
19   39.68400848 -089.59310369 1 WS
1      650 0 1 6H7  J & J Farms
100   32.00   3   0 0.25 0 0 0 36   39.33966373 -089.36014686    0.00    0.00 1  0 0 0 18   39.34487459 -089.36002926    0.00    0.00 1  0 0 0
19   39.33938327 -089.36071010 1 WS
19   39.34515504 -089.35946598 1 WS
1      657 0 1 H91  Lindell Loveless
100   39.62   3   0 0.25 0 1 0 36   39.17866023 -089.82184405    0.00    0.00 1  0 0 0 18   39.18587865 -089.82168151    0.00    0.00 1  0 0 0
18   39.18229122 -089.82337264 1 BCN
19   39.17831303 -089.82254198 1 WS
19   39.18622585 -089.82098350 1 WS
1      690 0 1 3LF  LITCHFIELD MUNI
100   22.86   1   0 0.25 0 2 0 18   39.16323900 -089.67236400    0.00    0.00 2  0 0 1 36   39.15225000 -089.67230600    0.00    0.00 2  0 0 1
100   22.86   1   0 0.25 0 2 0 09   39.16735800 -089.68388300    0.00    0.00 2  0 0 1 27   39.16735600 -089.67012800    0.00    0.00 2  0 0 1
21   39.16763165 -089.68156148  1  90.01   3.00 09  VASI
21   39.16144039 -089.67196650  2 179.77   3.00 18  PAPI-4L
21   39.16708262 -089.67244957  1 270.02   3.00 27  VASI
21   39.15404861 -089.67270346  2 359.77   3.00 36  PAPI-4L
110   1 0.30  90.01 Default taxiway for RWY 09
111  39.16725739 -089.68388301   3 102 
111  39.16674083 -089.68388309   3 102 
111  39.16673964 -089.67012809   3 102 
111  39.16725620 -089.67012801 
112  39.16725622 -089.67039336  39.16725396 -089.67026068   3 102 
111  39.16713052 -089.67026070   3 102 
112  39.16696595 -089.67026073  39.16684251 -089.67026074   3 102 
111  39.16684252 -089.67039342   3 102 
111  39.16684309 -089.67693923   3 102 
111  39.16725679 -089.67693917 
111  39.16725680 -089.67707185   3 102 
111  39.16684310 -089.67707191   3 102 
112  39.16684367 -089.68361772  39.16684368 -089.68375040   3 102 
111  39.16696712 -089.68375039   3 102 
112  39.16713169 -089.68375036  39.16725513 -089.68375034   3 102 
113  39.16725737 -089.68361766 
110   1 0.30 179.77 Default taxiway for RWY 18
111  39.16323859 -089.67249376   3 102 
111  39.16323647 -089.67315998   3 102 
111  39.15224747 -089.67310185   3 102 
111  39.15224959 -089.67243573 
112  39.15245531 -089.67243682  39.15235244 -089.67243917   3 102 
111  39.15235193 -089.67259835   3 102 
112  39.15235126 -089.67281057  39.15235075 -089.67296975   3 102 
111  39.15245361 -089.67297030   3 102 
111  39.15769096 -089.67299799   3 102 
111  39.15769266 -089.67246447 
111  39.15779552 -089.67246502   3 102 
111  39.15779382 -089.67299854   3 102 
112  39.16303117 -089.67302623  39.16313403 -089.67302678   3 102 
111  39.16313454 -089.67286758   3 102 
112  39.16313521 -089.67265532  39.16313572 -089.67249612   3 102 
113  39.16303287 -089.67249267 
120 Default hold RWY 09 (near)
111  39.16704941 -089.68388304   4 
115  39.16704940 -089.68375037 
120 Default hold RWY 18 (near)
111  39.16323774 -089.67276199   4 
115  39.16313488 -089.67276145 
120 Default hold RWY 09 (centre)
111  39.16704882 -089.67707188   4 
115  39.16704881 -089.67693920 
120 Default hold RWY 18 (centre)
111  39.15779467 -089.67273323   4 
115  39.15769181 -089.67273268 
120 Default hold RWY 09 (far)
111  39.16704823 -089.67026071   4 
115  39.16704822 -089.67012804 
120 Default hold RWY 18 (far)
111  39.15235160 -089.67270446   4 
115  39.15224874 -089.67270392 
18   39.15774780 -089.67140819 1 BCN
19   39.16766523 -089.68414831 1 WS
19   39.16344598 -089.67196887 1 WS
19   39.15204302 -089.67270107 1 WS
19   39.16704874 -089.66986275 1 WS
50 11817 AWOS 3
51 12280 CTAF/UNICOM
55 12420 ST LOUIS APP/DEP
1      630 0 1 01H  Mc Christy
100   31.70   3   0 0.25 0 0 0 36   39.64038180 -089.14458767    0.00    0.00 1  0 0 0 18   39.64581208 -089.14446457    0.00    0.00 1  0 0 0
19   39.64010404 -089.14514973 1 WS
19   39.64608984 -089.14390246 1 WS
1      615 0 1 H23  Mc Coy
100   30.48   3   0 0.25 0 2 0 18   39.70360755 -089.20888967    0.00    0.00 1  0 0 0 36   39.69647689 -089.20905145    0.00    0.00 1  0 0 0
18   39.70002546 -089.20772297 1 BCN
19   39.70387463 -089.20834874 1 WS
19   39.69620981 -089.20959232 1 WS
1      615 0 1 8IS1 Nelson
100   24.38   3   0 0.25 0 0 0 09   39.30790103 -089.99883203    0.00    0.00 1  0 0 0 27   39.30774785 -089.98748965    0.00    0.00 1  0 0 0
19   39.30823396 -089.99910819 1 WS
19   39.30741490 -089.98721354 1 WS
1      688 0 1 4K1  Nelson Weber
100   30.48   3   0 0.25 0 0 0 09   39.48955652 -089.95896288    0.00    0.00 1  0 0 0 27   39.48943014 -089.94958102    0.00    0.00 1  0 0 0
19   39.48997267 -089.95930897 1 WS
19   39.48901396 -089.94923498 1 WS
1      650 0 1 2IS8 Nergenah
100   31.09   3   0 0.25 0 0 0 18   39.65936926 -089.91528624    0.00    0.00 1  0 0 0 36   39.65073018 -089.91548210    0.00    0.00 1  0 0 0
19   39.65964168 -089.91473484 1 WS
19   39.65045776 -089.91603342 1 WS
1      600 0 1 H24  Noland Rla
100   30.48   3   0 0.25 0 0 0 09   39.73342175 -089.15364600    0.00    0.00 1  0 0 0 27   39.73332601 -089.14651346    0.00    0.00 1  0 0 0
19   39.73383791 -089.15399331 1 WS
19   39.73290983 -089.14616619 1 WS
1      665 0 1 H82  O K Flying Club Inc
100   24.38   3   0 0.25 0 0 0 36   39.19202521 -089.31181094    0.00    0.00 1  0 0 0 18   39.19751033 -089.31168740    0.00    0.00 1  0 0 0
19   39.19181154 -089.31224052 1 WS
19   39.19772400 -089.31125779 1 WS
1      625 0 1 42IL Owings
100   24.38   3   0 0.25 0 0 0 18   39.99041830 -089.08168663    0.00    0.00 1  0 0 0 36   39.98465892 -089.08181783    0.00    0.00 1  0 0 0
19   39.99063197 -089.08125207 1 WS
19   39.98444525 -089.08225235 1 WS
1      640 0 1 3H9  Park
100   40.23   3   0 0.25 0 0 0 36   39.65620689 -089.88768612    0.00    0.00 1  0 0 0 18   39.66333755 -089.88752444    0.00    0.00 1  0 0 0
19   39.65585435 -089.88839966 1 WS
19   39.66369009 -089.88681082 1 WS
1      600 0 1 0H0  Robinson Rla
100   22.86   3   0 0.25 0 0 0 09   39.65537971 -089.65578231    0.00    0.00 1  0 0 0 27   39.65527917 -089.64830159    0.00    0.00 1  0 0 0
19   39.65569046 -089.65604253 1 WS
19   39.65496840 -089.64804140 1 WS
1      690 0 1 3H8  Sies Landing Area
100   27.43   3   0 0.25 0 0 0 36   39.18022716 -089.70016297    0.00    0.00 1  0 0 0 18   39.18653506 -089.70002093    0.00    0.00 1  0 0 0
19   39.17998679 -089.70064616 1 WS
19   39.18677543 -089.69953769 1 WS
1      632 0 1 6H5  Smith Rla
100   30.48   3   0 0.25 0 0 0 09   39.78954571 -089.99514833    0.00    0.00 1  0 0 0 27   39.78944039 -089.98729613    0.00    0.00 1  0 0 0
19   39.78996187 -089.99549593 1 WS
19   39.78902421 -089.98694858 1 WS
1      635 0 1 IL97 Springfield Southwest Airpark
100   30.48   3   0 0.25 0 0 0 18   39.74165763 -089.80972056    0.00    0.00 1  0 0 0 36   39.73233291 -089.80993222    0.00    0.00 1  0 0 0
19   39.74192471 -089.80917932 1 WS
19   39.73206583 -089.81047337 1 WS
1      580 0 1 8H9  Stanton
100   30.48   3   0 0.25 0 0 0 18   39.82702019 -089.50390781    0.00    0.00 1  0 0 0 36   39.82030091 -089.50406053    0.00    0.00 1  0 0 0
19   39.82728727 -089.50336591 1 WS
19   39.82003383 -089.50460238 1 WS
1      586 0 1 9H0  Taft
100   30.48   3   0 0.25 0 0 0 36   39.74018324 -089.47846554    0.00    0.00 1  0 0 0 18   39.74380342 -089.47838336    0.00    0.00 1  0 0 0
19   39.73991616 -089.47900676 1 WS
19   39.74407050 -089.47784211 1 WS
1      622 0 1 KTAZ TAYLORVILLE MUNI
100   22.86   1   0 0.25 0 2 0 18   39.53783900 -089.32750600    0.00    0.00 2  0 0 1 36   39.52685600 -089.32733600    0.00    0.00 2  0 0 0
100   54.86   3   0 0.25 0 0 0 09   39.53810300 -089.33203300    0.00    0.00 1  0 0 0 27   39.53810300 -089.32522800   91.44    0.00 1  0 0 0
21   39.53604255 -089.32712308  1 179.32   3.00 18  VASI
21   39.52865245 -089.32771887  1 359.32   3.00 36  VASI
110   1 0.30 179.32 Default taxiway for RWY 18
111  39.53783780 -089.32763645   3 102 
111  39.53783163 -089.32830621   3 102 
111  39.52684863 -089.32813605   3 102 
111  39.52685480 -089.32746640 
112  39.52706051 -089.32746959  39.52695762 -089.32747092   3 102 
111  39.52695615 -089.32763093   3 102 
112  39.52695418 -089.32784429  39.52695271 -089.32800431   3 102 
111  39.52705557 -089.32800590   3 102 
111  39.53228993 -089.32808698   3 102 
111  39.53229487 -089.32755063 
111  39.53239773 -089.32755222   3 102 
111  39.53239279 -089.32808857   3 102 
112  39.53762715 -089.32816966  39.53773001 -089.32817125   3 102 
111  39.53773148 -089.32801121   3 102 
112  39.53773345 -089.32779782  39.53773492 -089.32763778   3 102 
113  39.53763209 -089.32763327 
120 Default hold RWY 18 (near)
111  39.53783532 -089.32790611   4 
115  39.53773247 -089.32790452 
120 Default hold RWY 18 (centre)
111  39.53239525 -089.32782185   4 
115  39.53229239 -089.32782026 
120 Default hold RWY 18 (far)
111  39.52695517 -089.32773761   4 
115  39.52685232 -089.32773601 
18   39.53235652 -089.32648926 1 BCN
19   39.53884358 -089.33267326 1 WS
19   39.53804838 -089.32711085 1 WS
19   39.53736238 -089.32458782 1 WS
19   39.52664662 -089.32773108 1 WS
50 12387 AWOS 3
51 12280 CTAF/UNICOM
55 11860 SPRINGFIELD APP/DEP
55 12445 SPRINGFIELD APP/DEP
1      675 0 1 5K7  Weber Fld
100   30.48   3   0 0.25 0 0 0 09   39.50929225 -089.85699958    0.00    0.00 1  0 0 0 27   39.50914385 -089.84597988    0.00    0.00 1  0 0 0
19   39.50970840 -089.85734578 1 WS
19   39.50872767 -089.84563375 1 WS
1      614 0 1 9H8  Willhoit
100   22.86   1   0 0.25 0 0 0 09   39.04564742 -089.84400751    0.00    0.00 2  0 0 0 27   39.04555646 -089.83729805    0.00    0.00 2  0 0 0
19   39.04595817 -089.84426547 1 WS
19   39.04524569 -089.83704012 1 WS
1      663 0 1 5K1  ZELMER MEM AIRPARK INC
100    9.75   1   0 0.25 0 1 0 18   39.42361700 -089.99149400    0.00    0.00 2  0 0 0 36   39.41643600 -089.99149400   93.57    0.00 2  0 0 0
110   1 0.30 180.00 Default taxiway for RWY 18
111  39.42361700 -089.99154790   3 102 
111  39.42361700 -089.99183489   3 102 
111  39.41643600 -089.99183485   3 102 
111  39.41643600 -089.99154790 
112  39.41652378 -089.99154790  39.41647989 -089.99155081   3 102 
111  39.41647989 -089.99161898   3 102 
112  39.41647989 -089.99170987  39.41647989 -089.99177804   3 102 
111  39.41652378 -089.99177804   3 102 
111  39.42000456 -089.99177806   3 102 
111  39.42000456 -089.99154790 
111  39.42004844 -089.99154790   3 102 
111  39.42004844 -089.99177806   3 102 
112  39.42352922 -089.99177807  39.42357311 -089.99177807   3 102 
111  39.42357311 -089.99170990   3 102 
112  39.42357311 -089.99161899  39.42357311 -089.99155081   3 102 
113  39.42352922 -089.99154790 
120 Default hold RWY 18 (near)
111  39.42361700 -089.99166444   4 
115  39.42357311 -089.99166444 
120 Default hold RWY 18 (centre)
111  39.42004844 -089.99166444   4 
115  39.42000456 -089.99166443 
120 Default hold RWY 18 (far)
111  39.41647989 -089.99166443   4 
115  39.41643600 -089.99166443 
18   39.42002918 -089.99109632 1 BCN
19   39.42370478 -089.99132356 1 WS
19   39.41634822 -089.99166443 1 WS
51 12290 CTAF
17     629 0 1 22C  [H] Brandt
102 H1   39.87727111 -089.92455445   0.00   91.44   45.72   3 1   0 0.25 0
19   39.87809401 -089.92375022 1 WS
17     620 0 1 44LL [H] Carlinville Area Hospital
102 H1   39.28115888 -089.86954334   0.00    9.14    9.14   2 2   0 0.25 0
19   39.28128231 -089.86938387 1 WS
17     622 0 1 IS21 [H] Community Memorial Hospital
102 H1   39.01310166 -089.78898389   0.00   14.63   14.63   1 2   0 0.25 0
19   39.01329915 -089.78872971 1 WS
17     602 0 1 IS54 [H] De Kalb
102 H1   39.86698805 -089.29508723   0.00  121.92   18.29   2 2   0 0.25 0
19   39.86770123 -089.29476559 1 WS
17     590 0 1 4IS9 [H] Doctors Hospital
102 H1   39.72366194 -089.64176445   0.00   24.38   24.38   3 1   0 0.25 0
19   39.72399110 -089.64133649 1 WS
17     650 0 1 8IS4 [H] Hillsboro Hospital
102 H1   39.15277777 -089.47777778   0.00   12.19   12.19   2 2   0 0.25 0
19   39.15294235 -089.47756555 1 WS
17     678 0 1 25H  [H] Holiday Inn
102 H1   39.84670416 -089.02702445   0.00   15.24   15.24   2 2   0 0.25 0
19   39.84690988 -089.02675650 1 WS
17     585 0 1 I56  [H] Holiday Inn East
102 H1   39.76421694 -089.60620806   0.00   18.29   12.19   2 2   0 0.25 0
19   39.76440895 -089.60599395 1 WS
17     550 0 1 9H7  [H] IL Dept of Trans
102 H1   39.77782805 -089.60509723   0.00   36.58   36.58   3 1   0 0.25 0
19   39.77832179 -089.60445478 1 WS
17     630 0 1 74LL [H] Illinois Dept of Transportation Nr 6
102 H1   39.77893972 -089.77843723   0.00    4.88    4.88   1 2   0 0.25 0
19   39.77900555 -089.77835157 1 WS
17     580 0 1 IL47 [H] Lincoln Land Community College
102 H1   39.72310611 -089.60426306   0.00   18.29   18.29   3 1   0 0.25 0
19   39.72335298 -089.60394209 1 WS
17     688 0 1 54LL [H] Memorial Medical Center
102 H1   39.80977250 -089.65510001   0.00    9.14    9.14   2 2   0 0.25 0
19   39.80989593 -089.65493932 1 WS
17     695 0 1 28LL [H] PCI
102 H1   39.92948166 -089.01313778   0.00   91.44   45.72   3 1   0 0.25 0
19   39.93030456 -089.01233294 1 WS
17     600 0 1 4H0  [H] Reyhan
102 H1   39.67755138 -089.80510278   0.00   18.29   12.19   2 2   0 0.25 0
19   39.67774339 -089.80488894 1 WS
17     570 0 1 25IS [H] Shag Bark Farms
102 H1   39.70366305 -089.74899028   0.00   15.24   15.24   3 1   0 0.25 0
19   39.70386877 -089.74872288 1 WS
17     632 0 1 9H6  [H] St Johns Hospital
102 H1   39.80666666 -089.64444445   0.00   15.24   15.24   2 2   0 0.25 0
19   39.80687238 -089.64417665 1 WS
17     650 0 1 03K  [H] State Fairgrounds
102 H1   39.83755000 -089.63760028   0.00  152.40  152.40   1 2   0 0.25 0
19   39.83960724 -089.63492103 1 WS