1       11 1 1 WMKB Butterworth
100   45.72   1   0 0.25 0 3 0 18   05.47691700  100.39183300    0.00  182.88 2  0 0 1 36   05.45491700  100.39050000    0.00  182.88 2 10 0 1
21   05.47509610  100.39212896  2 183.45   3.00 18  PAPI-4L
110   1 0.30 183.45 Default taxiway for RWY 18
111  05.47692925  100.39162896   3 102 
111  05.47699132  100.39059525   3 102 
111  05.45499132  100.38926224   3 102 
111  05.45492925  100.39029592 
112  05.45533995  100.39032081  05.45513474  100.39030611   3 102 
111  05.45514960  100.39005856   3 102 
112  05.45516942  100.38972851  05.45518428  100.38948097   3 102 
111  05.45538963  100.38949342   3 102 
111  05.46587626  100.39012881   3 102 
111  05.46582658  100.39095622 
111  05.46603193  100.39096867   3 102 
111  05.46608161  100.39014126   3 102 
112  05.47656823  100.39077665  05.47677358  100.39078910   3 102 
111  05.47675872  100.39103665   3 102 
112  05.47673890  100.39136672  05.47672404  100.39161427   3 102 
113  05.47651855  100.39160407 
120 Default hold RWY 18 (near)
111  05.47695416  100.39121412   4 
115  05.47674881  100.39120168 
120 Default hold RWY 18 (centre)
111  05.46605684  100.39055383   4 
115  05.46585149  100.39054139 
120 Default hold RWY 18 (far)
111  05.45515951  100.38989354   4 
115  05.45495416  100.38988110 
18   05.46583174  100.39261058 4 BCN
19   05.47729054  100.39247677 1 WS
19   05.45454346  100.38985627 1 WS
50 12275 ATIS
53 13460 GND
54 11830 TWR
55 12320 APP
55 12580 APP
55 12850 APP
56 12850 DEP
1       11 1 1 WMKP Penang Intl
100   45.72   1   0 0.25 0 2 1 04   05.28590000  100.26669400    0.00   62.48 3  4 0 1 22   05.30838100  100.28703600    0.00   62.48 3  4 0 1
21   05.28914356  100.26908309  2  42.02   3.00 04  PAPI-4L
21   05.30677363  100.28612723  2 222.02   3.00 22  PAPI-4L
10   05.29438800  100.27177200 xxx  42.02  6606 0.0 0.0    80 161161  2 0 0 0.25 0
10   05.30573400  100.28242400 xxx  43.50  3243 0.0 0.0    80 161161  2 0 0 0.25 0
10   05.29127000  100.26620500 xxx  42.02  2800 0.0 0.0   520 161161  2 0 0 0.25 0
10   05.29142600  100.26934600 xxx 131.00  1150 0.0 0.0    80 161161  2 0 0 0.25 0
10   05.28707800  100.27110000 xxx  37.32   731 0.0 0.0   538 101101  2 0 0 0.25 0
10   05.30017800  100.27837600 xxx   7.00  1161 0.0 0.0    80 161161  2 0 0 0.25 0
10   05.28896300  100.27071500 xxx 170.00   800 0.0 0.0    80 161161  2 0 0 0.25 0
10   05.30180400  100.27859200 xxx  48.50   720 0.0 0.0    80 161161  2 0 0 0.25 0
10   05.28932100  100.26620000 xxx 132.00   530 0.0 0.0    80 161161  2 0 0 0.25 0
10   05.29355400  100.27004300 xxx 132.00   530 0.0 0.0    80 161161  2 0 0 0.25 0
10   05.30191300  100.27990000 xxx 132.00   657 0.0 0.0    80 161161  2 0 0 0.25 0
10   05.29393000  100.26889400 xxx  66.00   300 0.0 0.0    80 161161  2 0 0 0.25 0
10   05.30866600  100.28663700 xxx 145.02   210 0.0 0.0    80 161161  2 0 0 0.25 0
10   05.30899000  100.28631000 xxx 301.00   166 0.0 0.0    80 161161  2 0 0 0.25 0
10   05.28837700  100.26442700 xxx 132.00   530 0.0 0.0    80 161161  2 0 0 0.25 0
10   05.28640600  100.26635000 xxx 132.00   530 0.0 0.0    80 161161  2 0 0 0.25 0
10   05.28968000  100.27330900 xxx  41.82  1807 0.0 0.0   544 101101  2 0 0 0.25 0
10   05.29054000  100.27690100 xxx 121.02  1604 0.0 0.0   498 101101  2 0 0 0.25 0
10   05.28989500  100.27513400 xxx  28.32   797 0.0 0.0   643 101101  2 0 0 0.25 0
10   05.29054100  100.27619100 xxx  28.32   607 0.0 0.0   439 101101  2 0 0 0.25 0
10   05.29136000  100.27508100 xxx 346.32   593 0.0 0.0   354 101101  2 0 0 0.25 0
10   05.30909500  100.28600400 xxx 271.00   120 0.0 0.0    80 161161  2 0 0 0.25 0
10   05.30902600  100.28566500 xxx 250.00   166 0.0 0.0    80 161161  2 0 0 0.25 0
10   05.28746100  100.26570500 xxx   4.00   166 0.0 0.0    80 161161  2 0 0 0.25 0
10   05.28706500  100.26576100 xxx 340.00   166 0.0 0.0    80 161161  2 0 0 0.25 0
10   05.28772900  100.26555200 xxx  94.00   166 0.0 0.0    80 161161  2 0 0 0.25 0
10   05.28782300  100.26514700 xxx 112.00   166 0.0 0.0    80 161161  2 0 0 0.25 0
10   05.28626400  100.26681200 xxx  94.00   238 0.0 0.0    93 161161  2 0 0 0.25 0
10   05.28642000  100.26696900 xxx  61.00   238 0.0 0.0    60 161161  2 0 0 0.25 0
10   05.28906400  100.26673400 xxx  94.00   205 0.0 0.0    67 161161  2 0 0 0.25 0
10   05.28920500  100.26693800 xxx  61.00   205 0.0 0.0    34 161161  2 0 0 0.25 0
10   05.28880900  100.26651400 xxx 184.00   205 0.0 0.0    67 161161  2 0 0 0.25 0
10   05.28860600  100.26640000 xxx  22.00   205 0.0 0.0    34 161161  2 0 0 0.25 0
10   05.29174900  100.26918000 xxx  94.00   205 0.0 0.0    67 161161  2 0 0 0.25 0
10   05.29189500  100.26938400 xxx  61.00   205 0.0 0.0    34 161161  2 0 0 0.25 0
10   05.29149400  100.26896100 xxx 184.00   205 0.0 0.0    67 161161  2 0 0 0.25 0
10   05.29129100  100.26884600 xxx  22.00   205 0.0 0.0    34 161161  2 0 0 0.25 0
10   05.29053200  100.27059600 xxx  94.00   205 0.0 0.0    67 161161  2 0 0 0.25 0
10   05.29067700  100.27080000 xxx  61.00   205 0.0 0.0    34 161161  2 0 0 0.25 0
10   05.29028200  100.27037700 xxx 184.00   205 0.0 0.0    67 161161  2 0 0 0.25 0
10   05.29007400  100.27026200 xxx  22.00   205 0.0 0.0    34 161161  2 0 0 0.25 0
10   05.29331100  100.27054900 xxx  94.00   205 0.0 0.0    67 161161  2 0 0 0.25 0
10   05.29344600  100.27075300 xxx  61.00   205 0.0 0.0    34 161161  2 0 0 0.25 0
10   05.29305600  100.27033000 xxx 184.00   205 0.0 0.0    67 161161  2 0 0 0.25 0
10   05.29284800  100.27021500 xxx  22.00   205 0.0 0.0    34 161161  2 0 0 0.25 0
10   05.30155000  100.28047400 xxx  94.00   205 0.0 0.0    67 161161  2 0 0 0.25 0
10   05.30169200  100.28068400 xxx  61.00   205 0.0 0.0    34 161161  2 0 0 0.25 0
10   05.30129800  100.28025500 xxx 184.00   205 0.0 0.0    67 161161  2 0 0 0.25 0
10   05.30108900  100.28014600 xxx  22.00   205 0.0 0.0    34 161161  2 0 0 0.25 0
10   05.30836100  100.28661000 xxx 184.00   205 0.0 0.0    67 161161  2 0 0 0.25 0
10   05.30818400  100.28648500 xxx  22.00   205 0.0 0.0    34 161161  2 0 0 0.25 0
10   05.30223100  100.27933500 xxx 277.00   205 0.0 0.0    67 161161  2 0 0 0.25 0
10   05.30210600  100.27913100 xxx 244.00   205 0.0 0.0    34 161161  2 0 0 0.25 0
10   05.30247500  100.27957000 xxx   7.00   205 0.0 0.0    67 161161  2 0 0 0.25 0
10   05.30267300  100.27969600 xxx 205.00   205 0.0 0.0    34 161161  2 0 0 0.25 0
10   05.29231700  100.26816100 xxx 274.00   205 0.0 0.0    67 161161  2 0 0 0.25 0
10   05.29217600  100.26795700 xxx 241.00   205 0.0 0.0    34 161161  2 0 0 0.25 0
10   05.29256700  100.26838000 xxx   4.00   205 0.0 0.0    67 161161  2 0 0 0.25 0
10   05.29276900  100.26849500 xxx 202.00   205 0.0 0.0    34 161161  2 0 0 0.25 0
10   05.29134400  100.26925300 xxx 274.00   205 0.0 0.0    67 161161  2 0 0 0.25 0
10   05.29120300  100.26904900 xxx 241.00   205 0.0 0.0    34 161161  2 0 0 0.25 0
10   05.29159300  100.26947300 xxx   4.00   205 0.0 0.0    67 161161  2 0 0 0.25 0
10   05.29179600  100.26958800 xxx 202.00   205 0.0 0.0    34 161161  2 0 0 0.25 0
10   05.28959000  100.26569900 xxx 274.00   205 0.0 0.0    67 161161  2 0 0 0.25 0
10   05.28944900  100.26549500 xxx 241.00   205 0.0 0.0    34 161161  2 0 0 0.25 0
10   05.28984000  100.26591900 xxx   4.00   205 0.0 0.0    67 161161  2 0 0 0.25 0
10   05.29004200  100.26603400 xxx 202.00   205 0.0 0.0    34 161161  2 0 0 0.25 0
10   05.28819500  100.26443400 xxx 274.00   205 0.0 0.0    67 161161  2 0 0 0.25 0
10   05.28813800  100.26437200 xxx 241.00   205 0.0 0.0    34 161161  2 0 0 0.25 0
10   05.28844500  100.26465400 xxx   4.00   205 0.0 0.0    67 161161  2 0 0 0.25 0
10   05.28864800  100.26476900 xxx 202.00   205 0.0 0.0    34 161161  2 0 0 0.25 0
10   05.30136600  100.27836400 xxx 289.00   139 0.0 0.0   100 161161  2 0 0 0.25 0
10   05.30126800  100.27815700 xxx 241.00   205 0.0 0.0    34 161161  2 0 0 0.25 0
10   05.30161800  100.27859400 xxx  22.00   205 0.0 0.0    67 161161  2 0 0 0.25 0
10   05.29923000  100.27850700 xxx  94.00   205 0.0 0.0   100 161161  2 0 0 0.25 0
10   05.29941900  100.27867400 xxx  61.00   205 0.0 0.0    34 161161  2 0 0 0.25 0
10   05.29887600  100.27808200 xxx 205.00   356 0.0 0.0    67 161161  2 0 0 0.25 0
10   05.28824700  100.27107600 xxx  88.00   205 0.0 0.0   178 161161  2 0 0 0.25 0
10   05.28859200  100.27129000 xxx  55.00   323 0.0 0.0    34 161161  2 0 0 0.25 0
10   05.28791200  100.27072500 xxx 199.00   356 0.0 0.0    67 161161  2 0 0 0.25 0
10   05.28960400  100.27038700 xxx 268.00   205 0.0 0.0   152 161161  2 0 0 0.25 0
10   05.28934400  100.27013500 xxx 236.90   297 0.0 0.0    47 161161  2 0 0 0.25 0
10   05.28995900  100.27075700 xxx  19.00   356 0.0 0.0    80 161161  2 0 0 0.25 0
10   05.29405400  100.26937700 xxx 102.00   129 0.0 0.0    80 161161  2 0 0 0.25 0
10   05.29388700  100.26913300 xxx   6.00   123 0.0 0.0    80 161161  2 0 0 0.25 0
10   05.29394800  100.26927200 xxx  66.00   110 0.0 0.0    28 161161  2 0 0 0.25 0
10   05.28981500  100.26357800 xxx  42.02   740 0.0 0.0   520 161161  2 0 0 0.25 0
14   05.29199100  100.26651800   40 0 Tower Viewpoint
15   05.29251100  100.26820300 131.00 Platform
18   05.29769100  100.27624500 1 Rotating Beacon
19   05.28730000  100.26672400 1 Windsock
19   05.30802800  100.28579500 1 Windsock
50 12640 ATIS
53 12160 GND
54 12110 TWR