1      955 0 1 VI20 BHILWARA
100   24.38   1   0 0.25 0 0 0 09   28.07701900  076.19957200    0.00    0.00 2  0 0 0 27   28.07712200  076.21036900    0.00    0.00 2  0 0 0
110   1 0.30  89.38 Default taxiway for RWY 09
111  28.07691154  076.19957332   3 
111  28.07636072  076.19958010   3 
111  28.07646414  076.21037709   3 
111  28.07701496  076.21037031 
112  28.07701258  076.21012162  28.07701152  076.21024599   3 
111  28.07687986  076.21024761   3 
112  28.07670432  076.21024977  28.07657267  076.21025139   3 
111  28.07657148  076.21012705   3 
111  28.07652275  076.20503942   3 
111  28.07696385  076.20503399 
111  28.07696266  076.20490964   3 
111  28.07652156  076.20491507   3 
112  28.07647282  076.19982744  28.07647163  076.19970310   3 
111  28.07660328  076.19970148   3 
112  28.07677882  076.19969932  28.07691048  076.19969770   3 
113  28.07691392  076.19982201 
120 Default hold RWY 09 (near)
111  28.07668986  076.19957605   4 
115  28.07669105  076.19970040 
120 Default hold RWY 09 (centre)
111  28.07674098  076.20491237   4 
115  28.07674217  076.20503672 
120 Default hold RWY 09 (far)
111  28.07679209  076.21024869   4 
115  28.07679328  076.21037304 
19   28.07734576  076.19931926 1 WS
19   28.07679522  076.21062171 1 WS
1      720 0 1 VIBW BHIWANI
100   21.95   1   0 0.25 0 0 0 12   28.83936100  076.17430300    0.00    0.00 2  0 0 0 30   28.83471700  076.18388600    0.00    0.00 2  0 0 0
110   1 0.30 118.95 Default taxiway for RWY 12
111  28.83927656  076.17424968   3 
111  28.83884255  076.17397561   3 
111  28.83419889  076.18355906   3 
111  28.83463290  076.18383311 
112  28.83472849  076.18363582  28.83467873  076.18373323   3 
111  28.83457504  076.18366775   3 
112  28.83443679  076.18358045  28.83433310  076.18351498   3 
111  28.83438089  076.18341633   3 
111  28.83658323  076.17887122   3 
111  28.83693083  076.17909072 
111  28.83697863  076.17899207   3 
111  28.83663103  076.17877257   3 
112  28.83883337  076.17422747  28.83888116  076.17412882   3 
111  28.83898485  076.17419429   3 
112  28.83912310  076.17428160  28.83922679  076.17434708   3 
113  28.83918097  076.17444697 
120 Default hold RWY 12 (near)
111  28.83910177  076.17413931   4 
115  28.83905397  076.17423795 
120 Default hold RWY 12 (centre)
111  28.83680384  076.17888170   4 
115  28.83675604  076.17898035 
120 Default hold RWY 12 (far)
111  28.83450591  076.18362410   4 
115  28.83445811  076.18372274 
19   28.83971582  076.17426940 1 WS
19   28.83436218  076.18391956 1 WS