1      700 0 1 VIDX HINDON
100   45.72   1   0 0.25 0 1 0 09   28.70778100  077.34488100    0.00  405.38 2  0 0 1 27   28.70762800  077.37294400    0.00  399.29 2  0 0 1
21   28.70814672  077.34693568  1  90.35   3.00 09  VASI
21   28.70726270  077.37088923  1 270.36   3.00 27  VASI
110   1 0.30  90.35 Default taxiway for RWY 09
111  28.70757753  077.34487959   3 102 
111  28.70654668  077.34487242   3 102 
111  28.70639658  077.37293546   3 102 
111  28.70742743  077.37294263 
112  28.70742993  077.37247353  28.70742643  077.37270806   3 102 
111  28.70717957  077.37270634   3 102 
112  28.70685042  077.37270405  28.70660355  077.37270234   3 102 
111  28.70660480  077.37246779   3 102 
111  28.70667672  077.35902265   3 102 
111  28.70750185  077.35902839 
111  28.70750310  077.35879384   3 102 
111  28.70667797  077.35878810   3 102 
112  28.70674989  077.34534295  28.70675115  077.34510840   3 102 
111  28.70699802  077.34511011   3 102 
112  28.70732717  077.34511240  28.70757403  077.34511412   3 102 
113  28.70757502  077.34534869 
120 Default hold RWY 09 (near)
111  28.70716384  077.34487671   4 
115  28.70716259  077.34511126 
120 Default hold RWY 09 (centre)
111  28.70708941  077.35879096   4 
115  28.70708816  077.35902551 
120 Default hold RWY 09 (far)
111  28.70701499  077.37270520   4 
115  28.70701374  077.37293975 
18   28.70914600  077.35892025 4 BCN
19   28.70840067  077.34441619 1 WS
19   28.70700823  077.37340864 1 WS
1      777 1 0 VIDP INDIRA GANDHI INTL
100   45.72   1   0 0.25 1 3 0 10   28.56717200  077.08483100    0.00  268.22 3  1 0 0 28   28.55850000  077.12252500    0.00  143.26 3  2 0 0
100   45.72   1   0 0.25 0 3 0 09   28.57049200  077.08804400    0.00   59.44 2  7 0 0 27   28.56982200  077.11696100  152.10    0.00 3  1 0 0
21   28.57084832  077.09010477  2  91.50   3.00 09  PAPI-4L
21   28.56690536  077.08780592  2 104.67   3.00 10  PAPI-4L
21   28.56952888  077.11220324  2 271.52   3.00 27  PAPI-4L
21   28.55892074  077.11888460  2 284.69   3.00 28  PAPI-4L
10   28.56576350  077.11596680 xxx   0.00  1290 0.0 0.0   800 161161  1 0 0 0.25 0
10   28.56744000  077.09766390 xxx  27.00  2240 0.0 0.0   100 161161  1 0 0 0.25 0
10   28.57199480  077.10226440 xxx  56.00  2330 0.0 0.0   100 161161  1 0 0 0.25 0
10   28.56600000  077.11957550 xxx   0.00  2000 0.0 0.0   600 161161  1 0 0 0.25 0
10   28.55723760  077.11037450 xxx 105.00  1620 0.0 0.0  1380 161161  1 0 0 0.25 0
10   28.56370350  077.08636470 xxx 105.00  2700 0.0 0.0   300 161161  1 0 0 0.25 0
10   28.56459620  077.11734770 xxx 360.00  3510 0.0 0.0   100 161161  1 0 0 0.25 0
10   28.57280350  077.11185460 xxx 298.00  3100 0.0 0.0   700 161161  1 0 0 0.25 0
10   28.56734470  077.10996250 xxx 148.00  6100 0.0 0.0   100 161161  1 0 0 0.25 0
10   28.56208610  077.09098050 xxx 105.00  7000 0.0 0.0   100 161161  1 0 0 0.25 0
10   28.56142230  077.10338590 xxx 105.00 13430 0.0 0.0   100 161161  1 0 0 0.25 0
10   28.56590650  077.08258060 xxx  48.00  1500 0.0 0.0   100 161161  1 0 0 0.25 0
10   28.57131960  077.09819790 xxx  92.00  1760 0.0 0.0   100 161161  1 0 0 0.25 0
10   28.56108090  077.10797880 xxx 135.00  1050 0.0 0.0   100 161161  1 0 0 0.25 0
10   28.56316570  077.09120940 xxx  15.00   740 0.0 0.0   100 161161  1 0 0 0.25 0
10   28.56661220  077.11156460 xxx 240.00   500 0.0 0.0   360 161161  1 0 0 0.25 0
10   28.56382560  077.11827090 xxx  90.00   600 0.0 0.0   400 161161  1 0 0 0.25 0
10   28.55980300  077.11377720 xxx 135.00   900 0.0 0.0   100 161161  1 0 0 0.25 0
10   28.56859400  077.11583710 xxx  90.00   900 0.0 0.0   100 161161  1 0 0 0.25 0
10   28.56468770  077.11363220 xxx  60.00   901 0.0 0.0   100 161161  1 0 0 0.25 0
10   28.56085590  077.08887480 xxx 150.00   650 0.0 0.0   400 161161  1 0 0 0.25 0
10   28.55924610  077.09831240 xxx  15.00   700 0.0 0.0   400 161161  1 0 0 0.25 0
10   28.56630330  077.11786650 xxx  70.00   700 0.0 0.0   400 161161  1 0 0 0.25 0
10   28.55877690  077.10030360 xxx  15.00   700 0.0 0.0   400 161161  1 0 0 0.25 0
10   28.56159020  077.08908080 xxx 241.00   800 0.0 0.0   300 161161  1 0 0 0.25 0
10   28.57067490  077.09642030 xxx  92.00   600 0.0 0.0   160 161161  1 0 0 0.25 0
10   28.56225010  077.11558530 xxx  80.00  1110 0.0 0.0   100 161161  1 0 0 0.25 0
10   28.57439610  077.10781860 xxx  90.00   700 0.0 0.0   620 161161  1 0 0 0.25 0
10   28.56096650  077.08980560 xxx 195.00   960 0.0 0.0   400 161161  1 0 0 0.25 0
10   28.57519340  077.10781860 xxx 298.00  1000 0.0 0.0   400 161161  1 0 0 0.25 0
10   28.56316950  077.11894990 xxx  80.00  1020 0.0 0.0   400 161161  1 0 0 0.25 0
10   28.56441120  077.09389500 xxx  83.00  1400 0.0 0.0   100 161161  1 0 0 0.25 0
10   28.55821990  077.11450960 xxx  15.00  1400 0.0 0.0   100 161161  1 0 0 0.25 0
10   28.56090740  077.09676360 xxx  15.00  1400 0.0 0.0   100 161161  1 0 0 0.25 0
10   28.56310080  077.09947970 xxx  83.00  1400 0.0 0.0   100 161161  1 0 0 0.25 0
10   28.56712720  077.11458590 xxx   0.00  1000 0.0 0.0   100 161161  1 0 0 0.25 0
10   28.55700300  077.11339570 xxx 105.00   390 0.0 0.0   100 161161  1 0 0 0.25 0
10   28.56076430  077.11363980 xxx  50.00   130 0.0 0.0   120 161161  1 0 0 0.25 0
10   28.57038120  077.09990690 xxx 140.00   171 0.0 0.0   140 161161  1 0 0 0.25 0
10   28.56003380  077.11711120 xxx  50.00   231 0.0 0.0   100 161161  1 0 0 0.25 0
10   28.57052800  077.09745790 xxx 137.00   231 0.0 0.0   120 161161  1 0 0 0.25 0
10   28.57439040  077.10541530 xxx 148.00   181 0.0 0.0   180 161161  1 0 0 0.25 0
10   28.56398390  077.09397890 xxx 155.00   280 0.0 0.0   100 161161  1 0 0 0.25 0
10   28.56065560  077.10800930 xxx  22.00   290 0.0 0.0   100 161161  1 0 0 0.25 0
10   28.56617160  077.08316800 xxx 105.00   200 0.0 0.0   200 161161  1 0 0 0.25 0
10   28.55720710  077.12361150 xxx  15.00   300 0.0 0.0   100 161161  1 0 0 0.25 0
10   28.56879810  077.11827090 xxx 130.00   700 0.0 0.0   100 161161  1 0 0 0.25 0
10   28.57020190  077.11626430 xxx 298.00   330 0.0 0.0   100 161161  1 0 0 0.25 0
10   28.56971170  077.11690520 xxx  92.00   440 0.0 0.0   350 161161  1 0 0 0.25 0
10   28.57100300  077.09535220 xxx   2.00   396 0.0 0.0   100 161161  1 0 0 0.25 0
10   28.56264690  077.10008240 xxx 155.00   400 0.0 0.0   100 161161  1 0 0 0.25 0
10   28.56479840  077.08007810 xxx 105.00   311 0.0 0.0   210 161161  1 0 0 0.25 0
10   28.56199460  077.08811190 xxx 195.00   490 0.0 0.0   100 161161  1 0 0 0.25 0
10   28.56083490  077.11407470 xxx 148.00   400 0.0 0.0   200 161161  1 0 0 0.25 0
10   28.57381060  077.10610200 xxx  97.00   500 0.0 0.0   120 161161  1 0 0 0.25 0
10   28.56746100  077.08428190 xxx 105.00   400 0.0 0.0   250 161161  1 0 0 0.25 0
10   28.55834770  077.12300870 xxx 105.00   420 0.0 0.0   230 161161  1 0 0 0.25 0
10   28.55923270  077.11323550 xxx  18.00   600 0.0 0.0   100 161161  1 0 0 0.25 0
10   28.56771090  077.11797330 xxx  70.00   600 0.0 0.0   100 161161  1 0 0 0.25 0
10   28.55782510  077.12349700 xxx 150.00   300 0.0 0.0   100 161161  1 0 0 0.25 0
10   28.56907270  077.08604430 xxx  44.00  1550 0.0 0.0   100 161161  1 0 0 0.25 0
14   28.56606670  077.11012270   50 0 ATC Tower
15   28.56539730  077.11605070   0.00 Ramp
18   28.56423197  077.10409372 1 BCN
19   28.57111976  077.08759412 1 WS
19   28.56787325  077.08455575 1 WS
19   28.56919415  077.11741071 1 WS
19   28.55779868  077.12279998 1 WS
50 12640 ATIS
53 11810 DELHI GND
54 11930 DELHI TWR
54 11875 DELHI TWR
55 12790 DELHI APP
1      732 0 1 VA2B MEERUT SW
100   22.86   1   0 0.25 0 0 0 11   28.90748300  077.66985800   60.96    0.00 2  0 0 0 29   28.90235000  077.68477200    0.00   60.96 2  0 0 0
110   1 0.30 111.46 Default taxiway for RWY 11
111  28.90738936  077.66981595   3 
111  28.90690861  077.66960008   3 
111  28.90177643  077.68451484   3 
111  28.90225718  077.68473070 
112  28.90233244  077.68451198  28.90229272  077.68462040   3 
111  28.90217784  077.68456882   3 
112  28.90202467  077.68450004  28.90190979  077.68444846   3 
111  28.90194742  077.68433910   3 
111  28.90441944  077.67715513   3 
111  28.90480446  077.67732801 
111  28.90484209  077.67721865   3 
111  28.90445707  077.67704577   3 
112  28.90692908  077.66986178  28.90696671  077.66975243   3 
111  28.90708159  077.66980401   3 
112  28.90723476  077.66987279  28.90734964  077.66992437   3 
113  28.90731410  077.67003466 
120 Default hold RWY 11 (near)
111  28.90719581  077.66972904   4 
115  28.90715818  077.66983840 
120 Default hold RWY 11 (centre)
111  28.90464854  077.67713174   4 
115  28.90461091  077.67724110 
120 Default hold RWY 11 (far)
111  28.90210126  077.68453443   4 
115  28.90206363  077.68464379 
19   28.90784418  077.66976767 1 WS
19   28.90198882  077.68486227 1 WS
1      705 1 1 VIDD SAFDARJUNG
100   45.72   1   0 0.25 0 0 0 12   28.58808900  077.20005300   79.25    0.00 2  0 0 0 30   28.58093300  077.21151400  466.34    0.00 2  0 0 0
110   1 0.30 125.41 Default taxiway for RWY 12
111  28.58792317  077.19991873   3 
111  28.58708300  077.19923845   3 
111  28.57992748  077.21070029   3 
111  28.58076765  077.21138052 
112  28.58100606  077.21099863  28.58088502  077.21118808   3 
111  28.58068382  077.21102518   3 
112  28.58041556  077.21080799  28.58021436  077.21064509   3 
111  28.58033356  077.21045415   3 
111  28.58361331  077.20520060   3 
111  28.58428581  077.20574509 
111  28.58440501  077.20555415   3 
111  28.58373251  077.20500965   3 
112  28.58701226  077.19975610  28.58713146  077.19956516   3 
111  28.58733266  077.19972807   3 
112  28.58760092  077.19994528  28.58780212  077.20010819   3 
113  28.58768476  077.20030062 
120 Default hold RWY 12 (near)
111  28.58758600  077.19964573   4 
115  28.58746679  077.19983668 
120 Default hold RWY 12 (centre)
111  28.58406784  077.20528116   4 
115  28.58394864  077.20547210 
120 Default hold RWY 12 (far)
111  28.58054969  077.21091658   4 
115  28.58043048  077.21110753 
19   28.58883041  077.20007838 1 WS
19   28.58019160  077.21148854 1 WS
54 12230 TWR
55 12790 DELHI  APP