1      479 0 1 LFOF Alencon Valframbert
100   17.98   1   0 0.25 0 0 0 07R  48.44626788  000.10424515   45.72    0.00 2  0 0 0 25L  48.44872212  000.11408885   45.72    0.00 2  0 0 0
100   79.86   3   0 0.25 0 0 0 07L  48.44703930  000.10517353    0.00    0.00 0  0 0 0 25R  48.44935070  000.11444447    0.00    0.00 0  0 0 0
10   48.44615700  000.10445400 xxx 161.00   138 0.0 0.0    30 161161  2 0 0 0.35 0
10   48.44841000  000.11384000 xxx 200.00   210 0.0 0.0    30 161161  2 0 0 0.35 0
10   48.44620700  000.11037500 xxx 161.00  1128 0.0 0.0    30 161161  2 0 0 0.35 0
10   48.44693700  000.10924300 xxx  69.40  2260 0.0 0.0    30 161161  2 0 0 0.35 0
10   48.44403900  000.11087100 xxx  32.00   523 0.0 0.0   237 101101  2 0 0 0.35 0
10   48.44513000  000.11176000 xxx  23.00   424 0.0 0.0   231 101101  2 0 0 0.35 0
10   48.44457400  000.11042100 xxx  32.00   208 0.0 0.0   336 101101  2 0 0 0.35 0
10   48.44479700  000.10896800 xxx 213.90   394 0.0 0.0    40 161161  2 0 0 0.35 0
10   48.44475700  000.10948800 xxx 302.00   236 0.0 0.0    30 161161  2 0 0 0.35 0
10   48.44458400  000.10941200 xxx 254.00   380 0.0 0.0    30 161161  2 0 0 0.35 0
10   48.44587400  000.10481800 xxx 110.00    59 0.0 0.0    30 161161  2 0 0 0.35 0
10   48.44594600  000.10462200 xxx 128.00    59 0.0 0.0    30 161161  2 0 0 0.35 0
10   48.44621900  000.10454100 xxx 206.00    85 0.0 0.0    30 161161  2 0 0 0.35 0
10   48.44631800  000.10481900 xxx 239.00   184 0.0 0.0    30 161161  2 0 0 0.35 0
10   48.44808000  000.11363500 xxx 212.00    59 0.0 0.0    30 161161  2 0 0 0.35 0
10   48.44854900  000.11381700 xxx 161.00    72 0.0 0.0    30 161161  2 0 0 0.35 0
10   48.44850500  000.11359900 xxx  98.00   144 0.0 0.0    50 161161  2 0 0 0.35 0
10   48.44845500  000.11335100 xxx 260.00   223 0.0 0.0    30 161161  2 0 0 0.35 0
10   48.44713200  000.10979900 xxx 212.00    65 0.0 0.0    30 161161  2 0 0 0.35 0
10   48.44755100  000.10979200 xxx 212.00    92 0.0 0.0    43 161161  2 0 0 0.35 0
10   48.44706600  000.11001700 xxx 212.00    65 0.0 0.0    30 161161  2 0 0 0.35 0
10   48.44751500  000.10960700 xxx 293.00    92 0.0 0.0    50 161161  2 0 0 0.35 0
10   48.44717700  000.10996900 xxx 299.00    65 0.0 0.0    30 161161  2 0 0 0.35 0
10   48.44703100  000.10986400 xxx 299.00    65 0.0 0.0    30 161161  2 0 0 0.35 0
10   48.44746700  000.10923200 xxx 266.00   216 0.0 0.0    30 161161  2 0 0 0.35 0
10   48.44763600  000.11005400 xxx 236.00   177 0.0 0.0    30 161161  2 0 0 0.35 0
10   48.44472600  000.10971900 xxx 254.00    65 0.0 0.0    30 161161  2 0 0 0.35 0
10   48.44483900  000.10915200 xxx 260.00    65 0.0 0.0    30 161161  2 0 0 0.35 0
10   48.44493500  000.10923900 xxx 350.00    65 0.0 0.0    30 161161  2 0 0 0.35 0
10   48.44418400  000.11049900 xxx 173.00    65 0.0 0.0    30 161161  2 0 0 0.35 0
10   48.44491800  000.11116400 xxx 260.00    65 0.0 0.0    56 161161  2 0 0 0.35 0
10   48.44477600  000.11100700 xxx   8.00   144 0.0 0.0    30 161161  2 0 0 0.35 0
10   48.44471300  000.11090900 xxx 260.00    65 0.0 0.0    30 161161  2 0 0 0.35 0
14   48.44441900  000.11123900    0 0 Tower Viewpoint
15   48.44478800  000.11117600   0.00 Custom Startup Location
19   48.44781300  000.10540200 0 Windsock
19   48.44821600  000.11322300 0 Windsock
19   48.44969100  000.11326100 0 Windsock
19   48.44612000  000.10512400 0 Windsock
1      581 0 1 LFAJ Argentan
100   60.05   3   0 0.25 0 2 0 23   48.71390005  000.00845206    0.00    0.00 0  0 0 0 05   48.70721195 -000.00067406    0.00    0.00 0  0 0 0
10   48.71051600  000.00176200 xxx 222.00   709 0.0 0.0   164 101101  2 0 0 0.25 0
10   48.70949000  000.00149400 xxx 132.00   328 0.0 0.0    66 101101  3 0 0 0.25 0
10   48.70928600  000.00157300 xxx 183.00   112 0.0 0.0    46 101101  3 0 0 0.25 0
10   48.70978400  000.00127900 xxx 183.00   112 0.0 0.0    46 101101  3 0 0 0.25 0
10   48.70946400  000.00186200 xxx 267.00   112 0.0 0.0    46 101101  3 0 0 0.25 0
14   48.71052900  000.00159800    0 0 Tower Viewpoint
15   48.70993500  000.00112700   0.00 Custom Startup Location
18   48.70929252  000.00601812 1 BCN
19   48.71329600  000.00646600 1 Windsock
19   48.70876100  000.00008400 1 Windsock
1      787 0 1 LFOL L Aigle Saint Michel
100   20.12   1   0 0.25 0 0 0 25   48.76112417  000.66393754   30.48    0.00 2  0 0 0 07   48.75832383  000.65439646   30.48    0.00 2  0 0 0
10   48.76053400  000.65998700 xxx 336.00   401 0.0 0.0    33 161161  2 0 0 0.35 0
10   48.76129700  000.66063900 xxx 246.00   546 0.0 0.0   132 101101  2 0 0 0.35 0
10   48.76171100  000.66130200 xxx 246.00   133 0.0 0.0   132 101101  2 0 0 0.35 0
10   48.76012200  000.66011100 xxx  24.00   106 0.0 0.0    33 161161  2 0 0 0.35 0
10   48.76087200  000.65992700 xxx  24.00   106 0.0 0.0    33 161161  2 0 0 0.35 0
10   48.76019000  000.66037500 xxx 111.00   100 0.0 0.0    33 161161  2 0 0 0.35 0
10   48.76115200  000.66365600 xxx  66.20   106 0.0 0.0    59 161161  2 0 0 0.35 0
10   48.76105500  000.66340900 xxx  33.20    67 0.0 0.0    46 161161  2 0 0 0.35 0
10   48.75827000  000.65469200 xxx 246.20   106 0.0 0.0    59 161161  2 0 0 0.35 0
10   48.75838100  000.65495600 xxx 213.20    80 0.0 0.0    46 161161  2 0 0 0.35 0
14   48.76160700  000.66124000    0 0 Tower Viewpoint
15   48.76093900  000.65982600   0.00 Custom Startup Location
19   48.76109000  000.66293100 0 Windsock
19   48.75838300  000.65569000 0 Windsock
1      886 0 1 LFAX Mortagne au Perche
100   20.12   1   0 0.25 0 0 0 07   48.53906548  000.52935252   30.48    0.00 2  0 0 0 25   48.54149252  000.53842548   30.48    0.00 2  0 0 0
10   48.54097900  000.53865100 xxx 158.00   454 0.0 0.0    30 101101  2 0 0 0.35 0
10   48.53972100  000.53653400 xxx  68.00   308 0.0 0.0   125 101101  2 0 0 0.35 0
10   48.54027900  000.53606300 xxx 158.00   401 0.0 0.0    35 161161  2 0 0 0.35 0
10   48.54046700  000.53917700 xxx  68.00   170 0.0 0.0   125 101101  2 0 0 0.35 0
10   48.54008900  000.53793300 xxx 245.00   592 0.0 0.0    30 101101  2 0 0 0.35 0
10   48.53994400  000.53597800 xxx  68.00   118 0.0 0.0   125 101101  2 0 0 0.35 0
10   48.54072000  000.53592900 xxx 206.00    80 0.0 0.0    35 161161  2 0 0 0.35 0
10   48.54015800  000.53601500 xxx 206.00    80 0.0 0.0    35 161161  2 0 0 0.35 0
10   48.54065200  000.53572000 xxx 116.00    80 0.0 0.0    35 161161  2 0 0 0.35 0
10   48.53990900  000.53639600 xxx 116.00    80 0.0 0.0    35 161161  2 0 0 0.35 0
10   48.54136000  000.53830200 xxx 116.00    80 0.0 0.0    35 161161  2 0 0 0.35 0
10   48.54152700  000.53816800 xxx  68.20   100 0.0 0.0    61 161161  2 0 0 0.35 0
10   48.54140600  000.53791500 xxx  38.20    86 0.0 0.0    61 161161  2 0 0 0.35 0
10   48.53896800  000.52965200 xxx 248.20   100 0.0 0.0    61 161161  2 0 0 0.35 0
10   48.53911100  000.52990200 xxx 212.20   106 0.0 0.0    61 161161  2 0 0 0.35 0
14   48.53960300  000.53619800    0 0 Tower Viewpoint
15   48.54012400  000.53608500   0.00 Custom Startup Location
19   48.53907400  000.53065400 0 Windsock
19   48.54112700  000.53818600 0 Windsock