1     2192 0 1 ID19 Bird Nr 2
100   30.48   1   0 0.25 0 0 0 36   48.22857336 -116.39062443    0.00    0.00 2  0 0 0 18   48.23350108 -116.38807725    0.00    0.00 2  0 0 0
102 H1   48.23103722 -116.38935084   0.00   36.58   36.58   2 2   0 0.25 0
19   48.22844795 -116.39134247 1 WS
19   48.23362647 -116.38735912 1 WS
19   48.23153096 -116.38860963 1 WS
1     2333 0 1 65S  BOUNDARY CO
100   22.86   1   0 0.25 0 2 0 02   48.72152200 -116.30035300    0.00    0.00 2  0 0 0 20   48.73011900 -116.29007200    0.00    0.00 2  0 0 0
21   48.72853637 -116.29143624  1 218.27   3.00 20  VASI
110   1 0.30  38.27 Default taxiway for RWY 02
111  48.72145969 -116.30023326   3 102 
111  48.72113978 -116.29961849   3 102 
111  48.72973724 -116.28933912   3 102 
111  48.73005715 -116.28995400 
112  48.72989562 -116.29014712  48.72997500 -116.29004788   3 102 
111  48.72989855 -116.28990095   3 102 
112  48.72979663 -116.28970505  48.72972019 -116.28955812   3 102 
111  48.72963942 -116.28965468   3 102 
111  48.72554260 -116.29455295   3 102 
111  48.72579880 -116.29504535 
111  48.72571804 -116.29514191   3 102 
111  48.72546184 -116.29464951   3 102 
112  48.72136501 -116.29954778  48.72128425 -116.29964434   3 102 
111  48.72136069 -116.29979125   3 102 
112  48.72146261 -116.29998712  48.72153906 -116.30013402   3 102 
113  48.72162121 -116.30004014 
120 Default hold RWY 02 (near)
111  48.72133089 -116.29998574   4 
115  48.72141165 -116.29988918 
120 Default hold RWY 02 (centre)
111  48.72558924 -116.29489437   4 
115  48.72567000 -116.29479781 
120 Default hold RWY 02 (far)
111  48.72984759 -116.28980300   4 
115  48.72992835 -116.28970644 
18   48.72626577 -116.29606879 1 BCN
19   48.72155074 -116.30091174 1 WS
19   48.73009022 -116.28951316 1 WS
51 12300 CTAF/UNICOM
1     2484 0 0 66S  Cavanaugh Bay
100   36.58   3   0 0.00 0 0 0 15   48.52276595 -116.82340025    0.00    0.00 1  0 0 0 33   48.51425201 -116.82085086    0.00    0.00 1  0 0 0
110   1 0.00  73.00 New Taxiway 5
111  48.52280120 -116.82315330 
111  48.52240185 -116.82303770 
112  48.52236187 -116.82279629  48.52234934 -116.82271680 
112  48.52237520 -116.82259511  48.52239776 -116.82249669 
112  48.52250786 -116.82246057  48.52257806 -116.82242272 
112  48.52279619 -116.82243029  48.52288143 -116.82243408 
111  48.52308452 -116.82261577 
111  48.52287141 -116.82369461 
113  48.52273100 -116.82364162 
110   3 0.00  73.00 New Taxiway 4
111  48.52240185 -116.82303770 
111  48.52026539 -116.82239394 
112  48.52066070 -116.82230676  48.52079839 -116.82232688 
112  48.52111375 -116.82244088  48.52118926 -116.82243417 
112  48.52156236 -116.82247441  48.52178889 -116.82253476 
112  48.52194879 -116.82266888  48.52205539 -116.82266888 
111  48.52237520 -116.82259511 
114  48.52236187 -116.82279629  48.52239296 -116.82294382 
110   3 0.00  80.00 New Taxiway 3
111  48.52176465 -116.82336762 
111  48.52169571 -116.82348837 
111  48.52169295 -116.82361745 
111  48.52146955 -116.82423786 
111  48.52123789 -116.82397138 
111  48.52109171 -116.82354250 
113  48.52101173 -116.82313028 
130 Flatten
111  48.52319184 -116.82247789 
111  48.52295486 -116.82403507 
111  48.52186754 -116.82376151 
111  48.52156087 -116.82464531 
112  48.52100327 -116.82422445  48.52089175 -116.82395089 
111  48.52055719 -116.82327752 
111  48.51387994 -116.82146783 
112  48.51401934 -116.82062611  48.51415874 -116.82041568 
113  48.51436784 -116.82033151 
15   48.52140652 -116.82207933 264.43 Ramp 1
15   48.52131937 -116.82344433  84.64 Ramp 2
19   48.52069421 -116.82234561 1 WS
1     2071 0 1 ID01 Cx Ranch
100   12.19   3   0 0.25 0 0 0 08   48.13849658 -116.20254833    0.00    0.00 1  0 0 0 26   48.13746674 -116.19280501    0.00    0.00 1  0 0 0
19   48.13867629 -116.20267215 1 WS
19   48.13728702 -116.19268122 1 WS
1     1756 0 1 1S1  Eckhart International
100   53.34   3   0 0.25 0 0 0 15   49.00071516 -116.50236905    0.00    0.00 1  0 0 0 33   48.99085538 -116.49971929    0.00    0.00 1  0 0 0
19   49.00131270 -116.50141732 1 WS
19   48.99025787 -116.50067084 1 WS
1     2140 0 1 ID25 Olmstead Sky Ranch
100   15.24   3   0 0.25 0 0 0 16   48.35487217 -116.55419111    0.00    0.00 1  0 0 0 34   48.34664449 -116.55397501    0.00    0.00 1  0 0 0
19   48.35501289 -116.55388517 1 WS
19   48.34650377 -116.55428090 1 WS
1     2611 0 1 67S  Priest Lake USFS
100   53.34   3   0 0.25 0 0 0 14   48.58058896 -116.96666721    0.00    0.00 1  0 0 0 32   48.56924770 -116.96042835    0.00    0.00 1  0 0 0
19   48.58128585 -116.96589462 1 WS
19   48.56855085 -116.96120084 1 WS
1     2187 0 1 1S6  Priest River Municipal
100   14.63   1   0 0.25 0 1 0 01   48.18664749 -116.91230671    0.00    0.00 2  0 0 0 19   48.19372473 -116.90642219    0.00    0.00 2  0 0 0
110   1 0.30  29.00 Default taxiway for RWY 01
111  48.18661667 -116.91222330   3 102 
111  48.18645601 -116.91178853   3 102 
111  48.19353340 -116.90590475   3 102 
111  48.19369406 -116.90633958 
112  48.19357890 -116.90643532  48.19363539 -116.90638450   3 102 
111  48.19359709 -116.90628085   3 102 
112  48.19354603 -116.90614265  48.19350773 -116.90603900   3 102 
111  48.19345015 -116.90608687   3 102 
111  48.19005540 -116.90890907   3 102 
111  48.19018415 -116.90925750 
111  48.19012658 -116.90930537   3 102 
111  48.18999783 -116.90895695   3 102 
112  48.18660308 -116.91177916  48.18654550 -116.91182702   3 102 
111  48.18658380 -116.91193066   3 102 
112  48.18663486 -116.91206884  48.18667316 -116.91217248   3 102 
113  48.18673183 -116.91212757 
120 Default hold RWY 01 (near)
111  48.18655175 -116.91204762   4 
115  48.18660933 -116.91199975 
120 Default hold RWY 01 (centre)
111  48.19006166 -116.90912968   4 
115  48.19011923 -116.90908181 
120 Default hold RWY 01 (far)
111  48.19357156 -116.90621175   4 
115  48.19362914 -116.90616388 
18   48.19040952 -116.90996922 1 BCN
19   48.18662807 -116.91266153 1 WS
19   48.19374413 -116.90606732 1 WS
1     2076 0 1 ID75 Riverlake
100   22.86   3   0 0.25 0 0 0 14   48.12934372 -116.16745456    0.00    0.00 1  0 0 0 32   48.12273128 -116.16345212    0.00    0.00 1  0 0 0
19   48.12964955 -116.16714327 1 WS
19   48.12242545 -116.16376339 1 WS
1     2131 0 0 KSZT Sandpoint
100   22.86   1   0 0.25 0 2 1 01   48.29316100 -116.56614200    0.00    0.00 3  0 0 1 19   48.30592800 -116.55412800    0.00    0.00 3  0 0 1
21   48.29484627 -116.56509006  2  32.04   3.00 01  PAPI-4L
21   48.30424284 -116.55518063  2 212.05   3.00 19  PAPI-4L
10   48.29297100 -116.56551200 xxx 122.05   284 0.0 0.0    38 161161  1 0 0 0.35 0
10   48.30368800 -116.55567700 xxx 122.05   205 0.0 0.0    51 161161  1 0 0 0.35 0
10   48.30045100 -116.55954800 xxx 122.05   507 0.0 0.0    38 161161  1 0 0 0.35 0
10   48.29824600 -116.56040200 xxx  32.05  4557 0.0 0.0    38 161161  1 0 0 0.35 0
10   48.29343200 -116.56414000 xxx  31.70  1811 0.0 0.0   125 101101  1 0 0 0.25 0
10   48.29515600 -116.56287900 xxx  32.00   814 0.0 0.0   157 101101  1 0 0 0.25 0
10   48.29256700 -116.56361200 xxx   0.00   991 0.0 0.0    52 101101  1 0 0 0.25 0
10   48.29263500 -116.56414500 xxx  32.10   512 0.0 0.0    46 101101  1 0 0 0.25 0
10   48.29217700 -116.56402500 xxx  30.00   361 0.0 0.0    46 101101  1 0 0 0.25 0
10   48.29649400 -116.56331000 xxx 302.00   512 0.0 0.0    46 161161  1 0 0 0.25 0
10   48.29720400 -116.56376600 xxx  33.00   308 0.0 0.0    46 101101  1 0 0 0.25 0
10   48.29763000 -116.56370200 xxx 303.50   184 0.0 0.0    39 101101  1 0 0 0.25 0
10   48.29796800 -116.56364800 xxx  33.00   203 0.0 0.0    72 101101  1 0 0 0.25 0
10   48.29794200 -116.56112900 xxx 120.00   190 0.0 0.0    33 101101  5 0 0 0.25 0
10   48.29775500 -116.55954800 xxx  90.00   394 0.0 0.0   131 101101  1 0 0 0.25 0
10   48.29770800 -116.56051100 xxx 300.00   144 0.0 0.0    26 101101  1 0 0 0.25 0
10   48.29810300 -116.55924300 xxx 180.00   144 0.0 0.0   184 101101  1 0 0 0.25 0
10   48.29825400 -116.55993200 xxx 270.00   223 0.0 0.0    39 101101  1 0 0 0.25 0
10   48.30084100 -116.56164500 xxx   0.00   768 0.0 0.0    33 101101  1 0 0 0.25 0
10   48.30053900 -116.56138700 xxx  67.20   538 0.0 0.0    33 101101  1 0 0 0.25 0
10   48.30114800 -116.56005700 xxx  32.30   282 0.0 0.0    33 101101  1 0 0 0.25 0
10   48.30408300 -116.55665400 xxx 120.00   282 0.0 0.0    33 101101  1 0 0 0.25 0
10   48.30307900 -116.55825000 xxx  33.00  1037 0.0 0.0    33 101101  1 0 0 0.25 0
10   48.30446800 -116.55796800 xxx 109.40   433 0.0 0.0    33 101101  1 0 0 0.25 0
10   48.30348500 -116.55990000 xxx  33.00  1050 0.0 0.0    33 101101  1 0 0 0.25 0
18   48.30003400 -116.56073000 1 BCN
19   48.29338000 -116.56666500 1 WS
19   48.30570900 -116.55360300 1 WS
50 13542 AWOS 3
51 12270 CTAF/UNICOM
1     2220 0 1 ID24 Timber Basin Airpark Inc
100   18.29   3   0 0.25 0 0 0 36   48.22094173 -116.43986127    0.00    0.00 1  0 0 0 18   48.22612881 -116.43718041    0.00    0.00 1  0 0 0
19   48.22086649 -116.44029203 1 WS
19   48.22620404 -116.43674960 1 WS
1     2086 0 1 ID32 Tuka
100   12.19   3   0 0.25 0 0 0 16S  48.10920077 -116.13702687    0.00    0.00 1  0 0 0 34S  48.10179923 -116.13663981    0.00    0.00 1  0 0 0
101   30.48 0 13   48.11480472 -116.14554040 31   48.09619528 -116.12812628
19   48.11525539 -116.14523557 1 WS
19   48.10931616 -116.13678628 1 WS
19   48.09574466 -116.12843115 1 WS
19   48.10168384 -116.13688038 1 WS
16    2438 0 1 ID28 [S] Tanglefoot
101  609.60 0 15   48.55235180 -116.83617463 33   48.52542596 -116.82826983