1     3545 0 0 S01  Conrad
100   22.86   1   0 0.25 0 2 0 06   48.16628100 -111.98564700    0.00    0.00 2  0 0 0 24   48.17054200 -111.96790300    0.00    0.00 2  0 0 1
100   30.48   3   0 0.25 0 0 0 15   48.17154700 -111.97730300    0.00    0.00 1  0 0 0 33   48.16414700 -111.97425300    0.00    0.00 1  0 0 0
21   48.16964940 -111.97028953  2 250.21   3.00 24  PAPI-4L
10   48.17110100 -111.96936000 xxx  70.20   500 0.0 0.0   250 161161  1 0 0 0.25 0
10   48.17177600 -111.96906300 xxx   0.00   300 0.0 0.0   240 161161  1 0 0 0.25 0
10   48.17190600 -111.96741500 xxx 350.00   300 0.0 0.0   150 161161  1 0 0 0.25 0
10   48.17144800 -111.97031400 xxx  70.20   146 0.0 0.0   240 161161  1 0 0 0.25 0
10   48.17135600 -111.96789600 xxx  40.00   300 0.0 0.0    40 161161  1 0 0 0.25 0
10   48.17183300 -111.96821600 xxx  70.00   300 0.0 0.0    40 161161  1 0 0 0.25 0
10   48.17082200 -111.96819300 xxx 160.20   225 0.0 0.0    40 161161  1 0 0 0.25 0
10   48.17038700 -111.96997100 xxx 160.20   225 0.0 0.0    40 161161  1 0 0 0.25 0
10   48.16655700 -111.98556500 xxx 160.20   125 0.0 0.0    80 161161  1 0 0 0.25 0
14   48.17147800 -111.97123700    0 0 ATC Tower
18   48.17169000 -111.96963200 1 BCN
19   48.16770800 -111.97462500 1 WS
51 12280 CTAF/UNICOM
51 12280 CTAF/UNICOM
1     3215 0 1 39S  Hellinger
100   22.86   3   0 0.25 0 1 0 09   48.53936422 -111.50265107    0.00    0.00 1  0 0 0 27   48.53727910 -111.49235061    0.00    0.00 1  0 0 0
100   22.86   3   0 0.25 0 0 0 32   48.53517318 -111.49497248    0.00    0.00 1  0 0 0 14   48.54147014 -111.50002920    0.00    0.00 1  0 0 0
100   22.86   3   0 0.25 0 0 0 05   48.53677636 -111.50189022    0.00    0.00 1  0 0 0 23   48.53986696 -111.49311146    0.00    0.00 1  0 0 0
19   48.53484731 -111.49523629 1 WS
19   48.53695102 -111.50238238 1 WS
19   48.53971815 -111.50281258 1 WS
19   48.53969227 -111.49261930 1 WS
19   48.54179602 -111.49976540 1 WS
19   48.53692516 -111.49218917 1 WS
1     3552 0 1 7S8  Ross International
100   24.38   3   0 0.25 0 0 0 07   48.99846980 -111.98360136    0.00    0.00 1  0 0 0 25   48.99874742 -111.97148420    0.00    0.00 1  0 0 0
19   48.99879108 -111.98395317 1 WS
19   48.99842610 -111.97113246 1 WS
1     3443 0 1 KSBX SHELBY
100   22.86   1   0 0.25 0 2 0 05   48.53835300 -111.88141900    0.00    0.00 2  0 0 0 23   48.54414700 -111.86271900  137.16    0.00 2  0 0 0
100   18.29   1   0 0.25 0 2 0 11   48.54310000 -111.87608300    0.00    0.00 2  0 0 0 29   48.53672800 -111.86420300    0.00    0.00 2  0 0 0
21   48.53938856 -111.87914972  2  64.91   3.00 05  PAPI-4L
21   48.54218495 -111.87370401  2 129.01   3.00 11  PAPI-4L
21   48.54258876 -111.86667767  2 244.93   3.00 23  PAPI-4L
21   48.53764329 -111.86658148  2 309.02   3.00 29  PAPI-4L
110   1 0.30 129.01 Default taxiway for RWY 11
111  48.54303780 -111.87615909   3 102 
111  48.54271633 -111.87655239   3 102 
111  48.53634494 -111.86467083   3 102 
111  48.53666641 -111.86427758 
112  48.53677000 -111.86447076  48.53671645 -111.86437631   3 102 
111  48.53663972 -111.86447018   3 102 
112  48.53653741 -111.86459533  48.53646067 -111.86468920   3 102 
111  48.53651247 -111.86478579   3 102 
111  48.53956868 -111.87048509   3 102 
111  48.53982621 -111.87017005 
111  48.53987800 -111.87026664   3 102 
111  48.53962047 -111.87058168   3 102 
112  48.54267668 -111.87628099  48.54272848 -111.87637757   3 102 
111  48.54280522 -111.87628369   3 102 
112  48.54290753 -111.87615852  48.54298426 -111.87606464   3 102 
113  48.54293421 -111.87596592 
110   1 0.30  64.91 Default taxiway for RWY 05
111  48.53826188 -111.88135458   3 102 
111  48.53779404 -111.88102381   3 102 
111  48.54358955 -111.86232590   3 102 
111  48.54405739 -111.86265671 
112  48.54397017 -111.86293811  48.54401174 -111.86279597   3 102 
111  48.54389995 -111.86271692   3 102 
112  48.54375089 -111.86261152  48.54363910 -111.86253248   3 102 
111  48.54359549 -111.86267318   3 102 
111  48.54080676 -111.87167038   3 102 
111  48.54118144 -111.87193529 
111  48.54113783 -111.87207599   3 102 
111  48.54076315 -111.87181108   3 102 
112  48.53797442 -111.88080827  48.53793081 -111.88094897   3 102 
111  48.53804260 -111.88102801   3 102 
112  48.53819166 -111.88113340  48.53830345 -111.88121243   3 102 
113  48.53834910 -111.88107318 
120 Default hold RWY 05 (near)
111  48.53807352 -111.88122140   4 
115  48.53811713 -111.88108070 
120 Default hold RWY 11 (near)
111  48.54290816 -111.87631769   4 
115  48.54285637 -111.87622110 
120 Default hold RWY 05 (centre)
111  48.54094947 -111.87194281   4 
115  48.54099308 -111.87180211 
120 Default hold RWY 11 (centre)
111  48.53974836 -111.87042523   4 
115  48.53969657 -111.87032864 
120 Default hold RWY 05 (far)
111  48.54382542 -111.86266422   4 
115  48.54386903 -111.86252352 
120 Default hold RWY 11 (far)
111  48.53658856 -111.86453275   4 
115  48.53653677 -111.86443616 
18   48.54036232 -111.86959540 1 BCN
19   48.53854402 -111.88189712 1 WS
19   48.54339543 -111.87604148 1 WS
19   48.53643258 -111.86424459 1 WS
19   48.54395591 -111.86224090 1 WS
51 12280 CTAF/UNICOM
55 13340 SALT LAKE CNTR
1     3401 0 1 8U5  Sunburst
100   42.67   3   0 0.25 0 0 0 05   48.88527670 -111.92692397    0.00    0.00 1  0 0 0 23   48.88805106 -111.91648103    0.00    0.00 1  0 0 0
100   30.48   3   0 0.25 0 0 0 18   48.88858130 -111.92075503    0.00    0.00 1  0 0 0 36   48.88474646 -111.92264997    0.00    0.00 1  0 0 0
19   48.88566689 -111.92779364 1 WS
19   48.88871502 -111.92003099 1 WS
19   48.88766079 -111.91561139 1 WS
19   48.88461273 -111.92337395 1 WS
1     3023 0 1 MT70 Tiber Dam
100   27.43   3   0 0.25 0 0 0 12   48.31642859 -111.11272755    0.00    0.00 1  0 0 0 30   48.31131307 -111.10555469    0.00    0.00 1  0 0 0
19   48.31686169 -111.11257352 1 WS
19   48.31087998 -111.10570878 1 WS