1     1590 0 1 8ND0 Amble
100   12.19   3   0 0.25 0 0 0 18   48.90384021 -099.01627346    0.00    0.00 1  0 0 0 36   48.89895089 -099.01731878    0.00    0.00 1  0 0 0
19   48.90392595 -099.01600229 1 WS
19   48.89886514 -099.01758993 1 WS
1     1460 0 1 NA10 Anderson - Private
100   36.58   3   0 0.25 0 0 0 13   48.38259731 -099.03650788    0.00    0.00 1  0 0 0 31   48.37852045 -099.03098102    0.00    0.00 1  0 0 0
19   48.38317230 -099.03628708 1 WS
19   48.37794547 -099.03120187 1 WS
1     1478 0 1 9D7  CANDO MUNI
100   18.29   1   0 0.25 0 2 0 16   48.48462500 -099.23766700    0.00    0.00 2  0 0 0 34   48.47531700 -099.23417500    0.00    0.00 2  0 0 0
21   48.48294601 -099.23660127  2 166.03   3.00 16  PAPI-4L
21   48.47699603 -099.23524045  2 346.04   3.00 34  PAPI-4L
110   1 0.30 166.03 Default taxiway for RWY 16
111  48.48460568 -099.23778419   3 102 
111  48.48450583 -099.23838988   3 102 
111  48.47519788 -099.23489711   3 102 
111  48.47529773 -099.23429152 
112  48.47545745 -099.23435145  48.47537705 -099.23432478   3 102 
111  48.47535322 -099.23446933   3 102 
112  48.47532144 -099.23466206  48.47529760 -099.23480661   3 102 
111  48.47537746 -099.23483658   3 102 
111  48.47983179 -099.23650804   3 102 
111  48.47991178 -099.23602288 
111  48.47999163 -099.23605284   3 102 
111  48.47991164 -099.23653800   3 102 
112  48.48436598 -099.23820947  48.48444583 -099.23823944   3 102 
111  48.48446967 -099.23809486   3 102 
112  48.48450145 -099.23790210  48.48452528 -099.23775752   3 102 
113  48.48444597 -099.23772426 
120 Default hold RWY 16 (near)
111  48.48456542 -099.23802844   4 
115  48.48448556 -099.23799848 
120 Default hold RWY 16 (centre)
111  48.47995137 -099.23629707   4 
115  48.47987152 -099.23626711 
120 Default hold RWY 16 (far)
111  48.47533733 -099.23456569   4 
115  48.47525747 -099.23453573 
18   48.48011105 -099.23507777 1 BCN
19   48.48484429 -099.23736549 1 WS
19   48.47509771 -099.23447647 1 WS
51 12280 CTAF
1     1615 0 1 8NA3 Haugen Airstrip
100   18.29   3   0 0.25 0 0 0 09   48.36611227 -099.54460424    0.00    0.00 1  0 0 0 27   48.36499661 -099.53400188    0.00    0.00 1  0 0 0
19   48.36638183 -099.54479081 1 WS
19   48.36472702 -099.53381537 1 WS
1     1508 0 1 D31  LEEDS MUNI
100   15.24   1   0 0.25 0 1 0 09   48.28609200 -099.40832200    0.00    0.00 2  0 0 0 27   48.28444400 -099.39625000    0.00  182.88 2  0 0 0
110   1 0.30 101.59 Default taxiway for RWY 09
111  48.28602703 -099.40834202   3 102 
111  48.28568894 -099.40844622   3 102 
111  48.28404157 -099.39637382   3 102 
111  48.28437966 -099.39626963 
112  48.28440721 -099.39647154  48.28439123 -099.39637127   3 102 
111  48.28431062 -099.39639612   3 102 
112  48.28420314 -099.39642924  48.28412253 -099.39645408   3 102 
111  48.28413630 -099.39655503   3 102 
111  48.28492555 -099.40233884   3 102 
111  48.28519646 -099.40225535 
111  48.28521023 -099.40235630   3 102 
111  48.28493932 -099.40243979   3 102 
112  48.28572857 -099.40822361  48.28574234 -099.40832457   3 102 
111  48.28582295 -099.40829972   3 102 
112  48.28593043 -099.40826660  48.28601104 -099.40824175   3 102 
113  48.28599948 -099.40814011 
120 Default hold RWY 09 (near)
111  48.28589047 -099.40838411   4 
115  48.28587669 -099.40828316 
120 Default hold RWY 09 (centre)
111  48.28507367 -099.40239839   4 
115  48.28505990 -099.40229744 
120 Default hold RWY 09 (far)
111  48.28425688 -099.39641268   4 
115  48.28424310 -099.39631172 
18   48.28573898 -099.40214402 1 BCN
19   48.28632108 -099.40846180 1 WS
19   48.28421491 -099.39611025 1 WS
51 12280 CTAF
1     1600 0 1 NA33 Ripplinger Strip
100   18.29   3   0 0.25 0 0 0 08   48.00105240 -099.93139478    0.00    0.00 1  0 0 0 26   48.00117926 -099.92053300    0.00    0.00 1  0 0 0
19   48.00129635 -099.93164717 1 WS
19   48.00093529 -099.92028066 1 WS
1     1620 0 1 2H9  ROLETTE
100   12.19   1   0 0.25 0 1 0 15   48.66972500 -099.85916900    0.00    0.00 2  0 0 0 33   48.66055800 -099.85305800   91.44    0.00 2  0 0 0
110   1 0.30 156.24 Default taxiway for RWY 15
111  48.66970380 -099.85924191   3 102 
111  48.66959235 -099.85962516   3 102 
111  48.66042551 -099.85351297   3 102 
111  48.66053696 -099.85312979 
112  48.66063738 -099.85319674  48.66058626 -099.85316638   3 102 
111  48.66055973 -099.85325760   3 102 
112  48.66052436 -099.85337922  48.66049783 -099.85347043   3 102 
111  48.66054804 -099.85350390   3 102 
111  48.66500594 -099.85647631   3 102 
111  48.66509528 -099.85616911 
111  48.66514548 -099.85620258   3 102 
111  48.66505614 -099.85650978   3 102 
112  48.66951404 -099.85948218  48.66956425 -099.85951565   3 102 
111  48.66959078 -099.85942442   3 102 
112  48.66962615 -099.85930278  48.66965268 -099.85921155   3 102 
113  48.66960338 -099.85917496 
120 Default hold RWY 15 (near)
111  48.66965868 -099.85939708   4 
115  48.66960847 -099.85936360 
120 Default hold RWY 15 (centre)
111  48.66510036 -099.85635774   4 
115  48.66505016 -099.85632427 
120 Default hold RWY 15 (far)
111  48.66054205 -099.85331841   4 
115  48.66049184 -099.85328493 
18   48.66529831 -099.85558211 1 BCN
19   48.66989174 -099.85900787 1 WS
19   48.66039127 -099.85321912 1 WS
51 12280 CTAF
1     1822 0 1 06D  ROLLA MUNI
100   22.86   1   0 0.25 0 2 0 14   48.89236400 -099.62659700    0.00    0.00 2  0 0 0 32   48.88186400 -099.61848300    0.00    0.00 2  0 0 0
100   30.48   3   0 0.25 0 0 0 07   48.88630800 -099.62610000    0.00    0.00 1  0 0 0 25   48.88733600 -099.61625000    0.00    0.00 1  0 0 0
21   48.89089576 -099.62494887  2 153.06   3.00 14  PAPI-4L
21   48.88333236 -099.62013057  2 333.07   3.00 32  PAPI-4L
110   1 0.30 153.06 Default taxiway for RWY 14
111  48.89231842 -099.62673342   3 102 
111  48.89208439 -099.62743384   3 102 
111  48.88158467 -099.61931796   3 102 
111  48.88181870 -099.61861769 
112  48.88200210 -099.61875944  48.88190938 -099.61869162   3 102 
111  48.88185346 -099.61885896   3 102 
112  48.88177890 -099.61908207  48.88172297 -099.61924940   3 102 
111  48.88181467 -099.61932027   3 102 
111  48.88683528 -099.62320100   3 102 
111  48.88702271 -099.62264012 
111  48.88711441 -099.62271100   3 102 
111  48.88692698 -099.62327188   3 102 
112  48.89194759 -099.62715260  48.89203929 -099.62722348   3 102 
111  48.89209522 -099.62705612   3 102 
112  48.89216978 -099.62683296  48.89222570 -099.62666559   3 102 
113  48.89213502 -099.62659166 
120 Default hold RWY 14 (near)
111  48.89222420 -099.62701542   4 
115  48.89213250 -099.62694454 
120 Default hold RWY 14 (centre)
111  48.88702019 -099.62299296   4 
115  48.88692849 -099.62292208 
120 Default hold RWY 14 (far)
111  48.88181618 -099.61897051   4 
115  48.88172448 -099.61889963 
18   48.88744191 -099.62156648 1 BCN
19   48.88667134 -099.62661012 1 WS
19   48.89268658 -099.62632220 1 WS
19   48.88697262 -099.61573995 1 WS
19   48.88154144 -099.61875779 1 WS
51 12280 CTAF/UNICOM
1     1600 0 1 2NA7 Slater Farm
100    9.14   4   0 0.25 0 0 0 08   48.02831239 -099.61898196    0.00    0.00 1  0 0 0 26   48.02836983 -099.61406082    0.00    0.00 1  0 0 0
19   48.02843437 -099.61910822 1 WS
19   48.02824784 -099.61393458 1 WS
1     1650 0 1 8NA2 Slaubaugh Airstrip
100   24.38   3   0 0.25 0 0 0 17   48.55168991 -099.72689832    0.00    0.00 1  0 0 0 35   48.54497063 -099.72672114    0.00    0.00 1  0 0 0
19   48.55191507 -099.72640692 1 WS
19   48.54474548 -099.72721248 1 WS
1     1580 0 1 0NA5 Sorlie
100   18.29   3   0 0.25 0 0 0 17   48.00413709 -099.56299009    0.00    0.00 1  0 0 0 35   47.99810345 -099.56283269    0.00    0.00 1  0 0 0
19   48.00430595 -099.56262547 1 WS
19   47.99793459 -099.56319727 1 WS
1     1591 0 1 28ND Tschepen Private Strip
100   30.48   3   0 0.25 0 0 0 17   48.56997238 -099.44714232    0.00    0.00 1  0 0 0 35   48.56558428 -099.44702658    0.00    0.00 1  0 0 0
19   48.57025382 -099.44652784 1 WS
19   48.56530284 -099.44764100 1 WS
1     1697 0 1 5NA4 WC0M
100   12.19   3   0 0.25 0 0 0 08   48.81603453 -099.40333049    0.00    0.00 1  0 0 0 26   48.81618769 -099.39666953    0.00    0.00 1  0 0 0
19   48.81619518 -099.40350574 1 WS
19   48.81602703 -099.39649430 1 WS