1     1150 0 1 MN50 Arthur Field
100   30.48   3   0 0.25 0 0 0 09   48.37056084 -095.81237876    0.00    0.00 1  0 0 0 27   48.36992970 -095.80151958    0.00    0.00 1  0 0 0
19   48.37099461 -095.81273616 1 WS
19   48.36949589 -095.80116227 1 WS
1     1155 0 1 87MN Erickson
100   22.86   3   0 0.25 0 0 0 16   48.81329445 -095.20294084    0.00    0.00 1  0 0 0 34   48.80722999 -095.20030028    0.00    0.00 1  0 0 0
19   48.81357688 -095.20257851 1 WS
19   48.80694756 -095.20066259 1 WS
1     1177 0 1 3G2  GRYGLA MUNI MEL WILKENS FLD
100   28.04   4   0 0.25 0 1 0 17   48.30113900 -095.62918300    0.00    0.00 1  0 0 0 35   48.29219400 -095.62526100    0.00    0.00 1  0 0 0
18   48.29691514 -095.62594770 1 BCN
19   48.30148727 -095.62874297 1 WS
19   48.29184575 -095.62570098 1 WS
51 12290 CTAF
1     1155 0 1 78MN Hagens - Private
100   30.48   3   0 0.25 0 0 0 36   48.37475785 -095.81221102    0.00    0.00 1  0 0 0 18   48.38295547 -095.81113122    0.00    0.00 1  0 0 0
19   48.37452046 -095.81286406 1 WS
19   48.38319286 -095.81047806 1 WS
1     1190 0 1 3MN3 Honker Flats
100   30.48   3   0 0.25 0 0 0 36   48.53530935 -095.95241967    0.00    0.00 1  0 0 0 18   48.54241397 -095.95148089    0.00    0.00 1  0 0 0
19   48.53507196 -095.95307478 1 WS
19   48.54265136 -095.95082568 1 WS
1     1160 0 1 77MN Klamar Field
100   15.24   3   0 0.25 0 0 0 09   48.37166690 -095.79340661    0.00    0.00 1  0 0 0 27   48.37104532 -095.78271173    0.00    0.00 1  0 0 0
100   15.24   3   0 0.25 0 0 0 18   48.37490842 -095.78759133    0.00    0.00 1  0 0 0 36   48.36780380 -095.78852701    0.00    0.00 1  0 0 0
19   48.37188378 -095.79358531 1 WS
19   48.37502712 -095.78726480 1 WS
19   48.36768510 -095.78885348 1 WS
19   48.37082842 -095.78253307 1 WS
1     1304 0 1 59MN Norris Landing Strip
100   32.92   3   0 0.25 0 0 0 09   48.59967562 -095.19236696    0.00    0.00 1  0 0 0 27   48.59917048 -095.18144360    0.00    0.00 1  0 0 0
19   48.60013954 -095.19276701 1 WS
19   48.59870651 -095.18104366 1 WS
1     1165 0 1 79MN Paul Field
100   30.48   3   0 0.25 0 0 0 36   48.37413776 -095.75492094    0.00    0.00 1  0 0 0 18   48.38135168 -095.75397074    0.00    0.00 1  0 0 0
19   48.37390037 -095.75557397 1 WS
19   48.38158907 -095.75331760 1 WS
1     1078 0 1 48Y  PINEY PINECREEK BORDER
100   22.86   1   0 0.25 0 2 0 15   48.99980900 -095.98266600    0.00    0.00 2  0 0 0 33   48.99182500 -095.97621900    0.00    0.00 2  0 0 0
110   1 0.30 152.08 Default taxiway for RWY 15
111  48.99976189 -095.98280151   3 102 
111  48.99952004 -095.98349724   3 102 
111  48.99153622 -095.97704908   3 102 
111  48.99177807 -095.97635346 
112  48.99195985 -095.97650027  48.99186791 -095.97642989   3 102 
111  48.99181012 -095.97659611   3 102 
112  48.99173306 -095.97681774  48.99167527 -095.97698396   3 102 
111  48.99176616 -095.97705737   3 102 
111  48.99553084 -095.98009793   3 102 
111  48.99572453 -095.97954078 
111  48.99581543 -095.97961419   3 102 
111  48.99562174 -095.98017134   3 102 
112  48.99938642 -095.98321189  48.99947731 -095.98328529   3 102 
111  48.99953510 -095.98311904   3 102 
112  48.99961216 -095.98289738  48.99966995 -095.98273113   3 102 
113  48.99958011 -095.98265470 
120 Default hold RWY 15 (near)
111  48.99966452 -095.98308162   4 
115  48.99957363 -095.98300821 
120 Default hold RWY 15 (centre)
111  48.99571806 -095.97989428   4 
115  48.99562716 -095.97982087 
120 Default hold RWY 15 (far)
111  48.99177159 -095.97670693   4 
115  48.99168070 -095.97663353 
18   48.99615595 -095.97847606 1 BCN
19   49.00013462 -095.98239903 1 WS
19   48.99149940 -095.97648596 1 WS
51 12280 UNICOM
55 13475 MINNEAPOLIS CNTR
1     1059 0 1 KROX ROSEAU MUNI RUDY BILLBERG FLD
100   22.86   1   0 0.25 0 2 0 16   48.86347500 -095.70002200    0.00    0.00 2  0 0 1 34   48.85174400 -095.69601100    0.00    0.00 2  0 0 1
100   76.20   3   0 0.25 0 0 0 06   48.85192800 -095.69998300    0.00    0.00 1  0 0 0 24   48.85442800 -095.69026100    0.00    0.00 1  0 0 0
21   48.86177915 -095.69901536  1 167.32   3.00 16  VASI
21   48.85343989 -095.69701730  1 347.32   3.00 34  VASI
110   1 0.30 167.32 Default taxiway for RWY 16
111  48.86345292 -095.70017121   3 102 
111  48.86333953 -095.70093728   3 102 
111  48.85160860 -095.69692512   3 102 
111  48.85172199 -095.69615923 
112  48.85192270 -095.69622788  48.85182184 -095.69619689   3 102 
111  48.85179475 -095.69637990   3 102 
112  48.85175862 -095.69662392  48.85173153 -095.69680693   3 102 
111  48.85183189 -095.69684125   3 102 
111  48.85744647 -095.69876151   3 102 
111  48.85753728 -095.69814806 
111  48.85763763 -095.69818238   3 102 
111  48.85754682 -095.69879583   3 102 
112  48.86316140 -095.70071609  48.86326176 -095.70075041   3 102 
111  48.86328885 -095.70056735   3 102 
112  48.86332498 -095.70032328  48.86335207 -095.70014023   3 102 
113  48.86325221 -095.70010257 
120 Default hold RWY 16 (near)
111  48.86340727 -095.70047964   4 
115  48.86330692 -095.70044532 
120 Default hold RWY 16 (centre)
111  48.85759198 -095.69849078   4 
115  48.85749163 -095.69845645 
120 Default hold RWY 16 (far)
111  48.85177669 -095.69650191   4 
115  48.85167634 -095.69646759 
18   48.85776943 -095.69695111 1 BCN
19   48.85263638 -095.70152275 1 WS
19   48.86374314 -095.69963503 1 WS
19   48.85371949 -095.68872132 1 WS
19   48.85147587 -095.69639789 1 WS
51 12280 CTAF/UNICOM
1     1170 0 1 MY17 Swanson - Private
100   21.34   3   0 0.25 0 0 0 17   48.09226623 -095.77518460    0.00    0.00 1  0 0 0 35   48.08543487 -095.77428986    0.00    0.00 1  0 0 0
19   48.09248261 -095.77478010 1 WS
19   48.08521849 -095.77469431 1 WS
1     1074 0 1 KRRT WARROAD INTL SWEDE CARLSON FIELD
100   30.48   1   0 0.25 0 3 0 13   48.94598100 -095.35420600    0.00    0.00 2  0 0 1 31   48.93487800 -095.33934400    0.00    0.00 2  8 0 0
100   45.72   3   0 0.25 0 0 0 04   48.93842800 -095.35271400    0.00    0.00 1  0 0 0 22   48.94435000 -095.34406400    0.00    0.00 1  0 0 0
21   48.94485073 -095.35201311  2 138.67   3.00 13  PAPI-4L
21   48.93600855 -095.34153610  2 318.68   3.00 31  PAPI-4L
110   1 0.30 138.67 Default taxiway for RWY 13
111  48.94589192 -095.35436024   3 102 
111  48.94543758 -095.35514688   3 102 
111  48.93433553 -095.34028136   3 102 
111  48.93478987 -095.33949490 
112  48.93499586 -095.33977071  48.93489138 -095.33963537   3 102 
111  48.93478270 -095.33982350   3 102 
112  48.93463779 -095.34007435  48.93452910 -095.34026249   3 102 
111  48.93463209 -095.34040040   3 102 
111  48.93992563 -095.34748838   3 102 
111  48.94028940 -095.34685862 
111  48.94039239 -095.34699652   3 102 
111  48.94002862 -095.34762628   3 102 
112  48.94532217 -095.35471426  48.94542516 -095.35485217   3 102 
111  48.94553385 -095.35466399   3 102 
112  48.94567876 -095.35441309  48.94578744 -095.35422491   3 102 
113  48.94568594 -095.35408444 
120 Default hold RWY 13 (near)
111  48.94570929 -095.35467644   4 
115  48.94560630 -095.35453854 
120 Default hold RWY 13 (centre)
111  48.94020976 -095.34731269   4 
115  48.94010677 -095.34717479 
120 Default hold RWY 13 (far)
111  48.93471024 -095.33994893   4 
115  48.93460724 -095.33981103 
18   48.94106586 -095.34567831 1 BCN
19   48.93855833 -095.35382564 1 WS
19   48.94645869 -095.35401136 1 WS
19   48.94421958 -095.34295224 1 WS
19   48.93440033 -095.33953873 1 WS
50 11992 AWOS 3
51 12305 CTAF/UNICOM