1       55 0 1 07R  BISHOP MUNI
100   15.24   1   0 0.25 0 2 0 15   27.61430600 -097.75401200    0.00    0.00 2  0 0 0 33   27.60631400 -097.74987100    0.00    0.00 2  0 0 0
110   1 0.30 155.34 Default taxiway for RWY 15
111  27.61427832 -097.75408002   3 102 
111  27.61413431 -097.75443398   3 102 
111  27.60614237 -097.75029265   3 102 
111  27.60628638 -097.74993872 
112  27.60641102 -097.75000330  27.60634777 -097.74997332   3 102 
111  27.60631343 -097.75005771   3 102 
112  27.60626765 -097.75017023  27.60623331 -097.75025462   3 102 
111  27.60629563 -097.75028691   3 102 
111  27.61013580 -097.75227684   3 102 
111  27.61025119 -097.75199322 
111  27.61031351 -097.75202552   3 102 
111  27.61019812 -097.75230914   3 102 
112  27.61403829 -097.75429906  27.61410061 -097.75433136   3 102 
111  27.61413495 -097.75424697   3 102 
112  27.61418073 -097.75413444  27.61421507 -097.75405004   3 102 
113  27.61415368 -097.75401543 
120 Default hold RWY 15 (near)
111  27.61422016 -097.75422299   4 
115  27.61415784 -097.75419070 
120 Default hold RWY 15 (centre)
111  27.61025535 -097.75216848   4 
115  27.61019303 -097.75213618 
120 Default hold RWY 15 (far)
111  27.60629054 -097.75011397   4 
115  27.60622822 -097.75008168 
18   27.61051039 -097.75144908 1 BCN
19   27.61451648 -097.75386560 1 WS
19   27.60610352 -097.75001740 1 WS
51 12290 CTAF
1       30 1 1 KNGW CABANISS FLD NOLF
100   45.72   1   0 0.25 0 3 0 13   27.70611100 -097.44305600    0.00    0.00 2  0 0 0 31   27.69666700 -097.43166700    0.00    0.00 2  0 0 0
100   45.72   1   0 0.25 0 3 0 17   27.71055600 -097.44027800  152.40    0.00 2  0 0 0 35   27.69722200 -097.44000000    0.00    0.00 2  0 0 0
21   27.70515568 -097.44128130  1 133.12   3.00 13  VASI
21   27.70739214 -097.43978646  1 178.94   3.00 17  VASI
21   27.69762246 -097.43344145  1 313.13   3.00 31  VASI
21   27.69901460 -097.44046290  1 358.94   3.00 35  VASI
110   1 0.30 178.94 Default taxiway for RWY 17
111  27.71055224 -097.44050779   3 102 
111  27.71053322 -097.44167201   3 102 
111  27.69719922 -097.44139381   3 102 
111  27.69721824 -097.44022974 
112  27.69762962 -097.44023831  27.69742389 -097.44023656   3 102 
111  27.69741934 -097.44051533   3 102 
112  27.69741326 -097.44088702  27.69740870 -097.44116579   3 102 
111  27.69761439 -097.44117008   3 102 
111  27.70376717 -097.44129845   3 102 
111  27.70378240 -097.44036662 
111  27.70398808 -097.44037091   3 102 
111  27.70397285 -097.44130274   3 102 
112  27.71012563 -097.44143109  27.71033132 -097.44143539   3 102 
111  27.71033588 -097.44115658   3 102 
112  27.71034196 -097.44078485  27.71034651 -097.44050605   3 102 
113  27.71014086 -097.44049921 
110   1 0.30 133.12 Default taxiway for RWY 13
111  27.70596248 -097.44321310   3 102 
111  27.70521004 -097.44400899   3 102 
111  27.69576651 -097.43261892   3 102 
111  27.69651895 -097.43182309 
112  27.69680019 -097.43216231  27.69665793 -097.43199444   3 102 
111  27.69647774 -097.43218502   3 102 
112  27.69623748 -097.43243913  27.69605729 -097.43262971   3 102 
111  27.69619791 -097.43279933   3 102 
111  27.70056812 -097.43807033   3 102 
111  27.70117040 -097.43743329 
111  27.70131102 -097.43760290   3 102 
111  27.70070874 -097.43823994   3 102 
112  27.70507896 -097.44351095  27.70521958 -097.44368055   3 102 
111  27.70539977 -097.44348995   3 102 
112  27.70564003 -097.44323582  27.70582022 -097.44304522   3 102 
113  27.70568124 -097.44287389 
120 Default hold RWY 17 (near)
111  27.71054461 -097.44097501   4 
115  27.71033892 -097.44097072 
120 Default hold RWY 13 (near)
111  27.70566052 -097.44353250   4 
115  27.70551990 -097.44336289 
120 Default hold RWY 17 (centre)
111  27.70398045 -097.44083809   4 
115  27.70377477 -097.44083380 
120 Default hold RWY 13 (centre)
111  27.70100906 -097.43792229   4 
115  27.70086844 -097.43775268 
120 Default hold RWY 17 (far)
111  27.69741630 -097.44070117   4 
115  27.69721061 -097.44069689 
120 Default hold RWY 13 (far)
111  27.69635761 -097.43231208   4 
115  27.69621699 -097.43214247 
18   27.70391827 -097.43851279 4 BCN
19   27.70684272 -097.44291871 1 WS
19   27.71097877 -097.43958957 1 WS
19   27.69679923 -097.44068834 1 WS
19   27.69593529 -097.43180435 1 WS
54 11965 NAVY CABANISS TWR
55 12540 CORPUS APP/DEP
1       44 1 1 KCRP CORPUS CHRISTI INTL
100   45.72   1   0 0.25 0 3 0 13   27.77700000 -097.51338900    0.00    0.00 3  8 0 0 31   27.76219200 -097.49720800    0.00    0.00 2  8 0 0
100   45.72   1   0 0.25 0 3 0 17   27.77964700 -097.49632200    0.00    0.00 2 11 0 0 35   27.76292800 -097.49603100    0.00    0.00 3  8 0 0
21   27.77530689 -097.51094625  1 135.96   3.00 13  VASI
21   27.77785316 -097.49586495  1 179.12   3.00 17  VASI
21   27.76322419 -097.49892780  1 315.97   3.00 31  VASI
110   1 0.00 135.79 xxx
111  27.77645084 -097.50733130 
111  27.77448470 -097.50516957 
111  27.77524976 -097.50428070 
113  27.77721590 -097.50644243 
110   1 0.00 178.88 xxx
111  27.77523457 -097.49988970 
111  27.77194362 -097.49981698 
111  27.77195703 -097.49904210 
113  27.77524798 -097.49911482 
110   1 0.00  88.88 xxx
111  27.77188196 -097.50345281 
111  27.77194630 -097.49973341 
111  27.77276904 -097.49975159 
113  27.77270470 -097.50347099 
110   1 0.00  88.88 xxx
111  27.77067186 -097.50396623 
111  27.77077909 -097.49776731 
111  27.77105334 -097.49777337 
113  27.77094611 -097.50397229 
110   1 0.00 135.79 xxx
111  27.77874522 -097.50925634 
111  27.77441972 -097.50450048 
111  27.77461098 -097.50427826 
113  27.77893648 -097.50903412 
110   1 0.00 178.88 xxx
111  27.78083484 -097.49804190 
111  27.76492860 -097.49769045 
111  27.76493396 -097.49738050 
113  27.78084020 -097.49773195 
110   1 0.00 135.79 xxx
111  27.77710609 -097.51112279 
111  27.76491604 -097.49772062 
111  27.76510731 -097.49749841 
113  27.77729736 -097.51090058 
110   1 0.00  40.00 xxx
111  27.77126724 -097.49791444 
111  27.77162445 -097.49757568 
111  27.77180076 -097.49781316 
113  27.77144355 -097.49815192 
110   1 0.00   0.00 xxx
111  27.77193371 -097.50761169 
111  27.77357949 -097.50761169 
111  27.77357949 -097.50792171 
113  27.77193371 -097.50792171 
110   1 0.00   2.00 xxx
111  27.77352144 -097.50719950 
111  27.77396005 -097.50718219 
111  27.77397536 -097.50767790 
113  27.77353675 -097.50769521 
110   1 0.00  98.00 xxx
111  27.77106646 -097.50712601 
111  27.77068471 -097.50405613 
111  27.77095634 -097.50401299 
113  27.77133809 -097.50708287 
110   1 0.00   0.00 xxx
111  27.77075040 -097.50348420 
111  27.77129900 -097.50348420 
111  27.77129900 -097.50379420 
113  27.77075040 -097.50379420 
110   1 0.00 128.88 xxx
111  27.77934321 -097.49698935 
111  27.77899886 -097.49650666 
111  27.77921239 -097.49631205 
113  27.77955674 -097.49679474 
110   1 0.00   0.00 xxx
111  27.77692406 -097.51051089 
111  27.77736294 -097.51051089 
111  27.77736294 -097.51082091 
113  27.77692406 -097.51082091 
110   1 0.00  45.79 xxx
111  27.77679907 -097.51297669 
111  27.77718160 -097.51253225 
111  27.77747653 -097.51285651 
113  27.77709400 -097.51330095 
110   1 0.00  90.00 xxx
111  27.76523225 -097.49795919 
111  27.76523225 -097.49746321 
111  27.76550655 -097.49746321 
113  27.76550655 -097.49795919 
110   1 0.00   0.00 xxx
111  27.76630440 -097.49922461 
111  27.76685300 -097.49922461 
111  27.76685300 -097.49984459 
113  27.76630440 -097.49984459 
110   1 0.00 113.00 xxx
111  27.76694979 -097.49991613 
111  27.76654252 -097.49883180 
111  27.76679501 -097.49871067 
113  27.76720228 -097.49979500 
110   1 0.00 135.79 xxx
111  27.77495105 -097.50500007 
111  27.77445951 -097.50445965 
111  27.77491855 -097.50392633 
113  27.77541009 -097.50446675 
110   1 0.00  89.00 xxx
111  27.77932950 -097.49772576 
111  27.77934865 -097.49648583 
111  27.77962290 -097.49649124 
113  27.77960375 -097.49773117 
110   1 0.00  45.79 xxx
111  27.76219536 -097.49723111 
111  27.76296042 -097.49634234 
111  27.76315704 -097.49655849 
113  27.76239198 -097.49744726 
110   1 0.00  43.00 xxx
111  27.76610018 -097.49754325 
111  27.76670201 -097.49690901 
111  27.76726322 -097.49758915 
113  27.76666139 -097.49822339 
110   1 0.00  88.88 xxx
111  27.78052537 -097.49952830 
111  27.78055218 -097.49797844 
111  27.78082643 -097.49798450 
113  27.78079962 -097.49953436 
110   1 0.00  89.00 xxx
111  27.77755320 -097.49939894 
111  27.77757714 -097.49784905 
111  27.77785140 -097.49785446 
113  27.77782746 -097.49940435 
110   1 0.00  45.79 xxx
111  27.76548521 -097.50054877 
111  27.76653717 -097.49932668 
111  27.76673379 -097.49954283 
113  27.76568183 -097.50076492 
110   1 0.00  30.00 xxx
111  27.77078898 -097.49701957 
111  27.77221427 -097.49608955 
111  27.77235142 -097.49635803 
113  27.77092613 -097.49728805 
110   1 0.00  45.00 xxx
111  27.77057638 -097.49753570 
111  27.77092550 -097.49714113 
111  27.77127462 -097.49753570 
113  27.77092550 -097.49793027 
110   1 0.00  45.79 xxx
111  27.77085610 -097.50391545 
111  27.77200369 -097.50258219 
111  27.77220030 -097.50279835 
113  27.77105271 -097.50413161 
110   1 0.00  89.00 xxx
111  27.77078406 -097.49756786 
111  27.77079268 -097.49700993 
111  27.77106694 -097.49701534 
113  27.77105832 -097.49757327 
110   1 0.00 177.00 xxx
111  27.77088514 -097.50368051 
111  27.77033730 -097.50364807 
111  27.77035166 -097.50333849 
113  27.77089950 -097.50337093 
110   1 0.00  45.79 xxx
111  27.77336723 -097.50770533 
111  27.77374976 -097.50726090 
111  27.77394637 -097.50747707 
113  27.77356384 -097.50792150 
110   1 0.00  45.79 xxx
111  27.77407113 -097.50492063 
111  27.77445366 -097.50447620 
111  27.77465027 -097.50469237 
113  27.77426774 -097.50513680 
110   1 0.00  45.79 xxx
111  27.76946293 -097.50344813 
111  27.76984546 -097.50300371 
111  27.77004207 -097.50321987 
113  27.76965954 -097.50366429 
110   1 0.00  93.00 xxx
111  27.77832929 -097.50932801 
111  27.77830058 -097.50870881 
111  27.77857451 -097.50869259 
113  27.77860322 -097.50931179 
110   1 0.00  88.88 xxx
111  27.76294382 -097.49665999 
111  27.76295454 -097.49604015 
111  27.76322878 -097.49604621 
113  27.76321806 -097.49666605 
110   1 0.00  90.00 xxx
111  27.76654455 -097.49946956 
111  27.76654455 -097.49605964 
111  27.76681885 -097.49605964 
113  27.76681885 -097.49946956 
110   1 0.00  95.00 xxx
111  27.76960749 -097.50530398 
111  27.76946405 -097.50345104 
111  27.76973731 -097.50342402 
113  27.76988075 -097.50527696 
110   1 0.00 123.88 xxx
111  27.77200475 -097.49934599 
111  27.77102613 -097.49769882 
111  27.77125385 -097.49752601 
113  27.77223247 -097.49917318 
110   1 0.00  91.00 xxx
111  27.77697353 -097.51293602 
111  27.77694002 -097.51076619 
111  27.77721427 -097.51076078 
113  27.77724778 -097.51293061 
110   1 0.00 150.00 xxx
111  27.77511205 -097.49748007 
111  27.77344920 -097.49639501 
111  27.77358635 -097.49612653 
113  27.77524920 -097.49721159 
110   1 0.00  89.00 xxx
111  27.77496212 -097.49938079 
111  27.77499563 -097.49721100 
111  27.77526988 -097.49721641 
113  27.77523637 -097.49938620 
110   1 0.00  91.00 xxx
111  27.77719283 -097.51285982 
111  27.77715932 -097.51068999 
111  27.77743357 -097.51068458 
113  27.77746708 -097.51285441 
110   1 0.00  80.00 xxx
111  27.77372031 -097.50735890 
111  27.77410136 -097.50491647 
111  27.77437149 -097.50497030 
113  27.77399044 -097.50741273 
110   1 0.00  45.79 xxx
111  27.77702593 -097.51079820 
111  27.77855605 -097.50902042 
111  27.77875267 -097.50923660 
113  27.77722255 -097.51101438 
110   1 0.00 158.00 xxx
111  27.76500529 -097.49774752 
111  27.76286896 -097.49677209 
111  27.76297171 -097.49648468 
113  27.76510804 -097.49746011 
110   1 0.00 135.79 xxx
111  27.77407065 -097.50521764 
111  27.77239943 -097.50338021 
111  27.77262895 -097.50311356 
113  27.77430017 -097.50495099 
110   1 0.00  88.88 xxx
111  27.77248005 -097.50265611 
111  27.77253045 -097.49974257 
111  27.77307895 -097.49975469 
113  27.77302855 -097.50266823 
110   1 0.00   7.00 xxx
111  27.77091661 -097.50441210 
111  27.77129776 -097.50435921 
111  27.77133119 -097.50466690 
113  27.77095004 -097.50471979 
110   1 0.00   4.00 xxx
111  27.77354729 -097.50680321 
111  27.77393037 -097.50677293 
111  27.77394951 -097.50708219 
113  27.77356643 -097.50711247 
110   1 0.00   0.00 xxx
111  27.77513301 -097.49935307 
111  27.77787599 -097.49935307 
111  27.77787599 -097.50012813 
113  27.77513301 -097.50012813 
130 Airport Boundary 10
111  27.78272864 -097.51964949 
111  27.78029745 -097.51696425 
111  27.77957899 -097.51702362 
111  27.77865420 -097.51563120 
111  27.77813774 -097.51574557 
111  27.77757781 -097.51638610 
111  27.75893529 -097.49596877 
111  27.75960944 -097.49520703 
111  27.75644936 -097.49136942 
111  27.75689121 -097.49077941 
111  27.76032573 -097.49473094 
111  27.76206095 -097.49264635 
111  27.78408503 -097.49258763 
111  27.78400076 -097.51520415 
111  27.78075641 -097.51553745 
111  27.78012440 -097.51620404 
113  27.78301907 -097.51917964 
18   27.77131231 -097.49454918 1 BCN
19   27.77772480 -097.51321082 1 WS
19   27.78006790 -097.49563167 1 WS
19   27.76146723 -097.49738626 1 WS
19   27.76250710 -097.49672122 1 WS
50 12680 ATIS
51 12295 UNICOM
52 11855 CLNC DEL
53 12190 GND
54 11940 TWR
55 12480 APP/DEP
55 12090 APP/DEP
55 12540 APP/DEP
1       19 1 1 KNGP CORPUS CHRISTI NAS
100   60.96   1   0 0.25 0 3 0 13R  27.70073600 -097.30158900    0.00  304.80 3  7 0 1 31L  27.68517500 -097.28409400    0.00  228.60 2  0 0 1
100   60.96   1   0 0.25 0 3 0 17   27.69921700 -097.28846900    0.00    0.00 2  0 0 0 35   27.68545600 -097.28846400    0.00    0.00 2  0 0 0
100   60.96   1   0 0.25 0 3 0 13L  27.69528600 -097.29218300    0.00    0.00 2  0 0 0 31R  27.68556900 -097.28125800    0.00    0.00 2  0 0 0
100   60.96   1   0 0.25 0 3 0 04   27.69005300 -097.29743100    0.00    0.00 2  0 0 0 22   27.69976700 -097.28650600    0.00    0.00 2  0 0 0
110   1 0.30  44.88 Default taxiway for RWY 04
111  27.68986104 -097.29721329   3 102 
111  27.68889174 -097.29611393   3 102 
111  27.69860617 -097.28518978   3 102 
111  27.69957547 -097.28628924 
112  27.69918672 -097.28672639  27.69937952 -097.28650602   3 102 
111  27.69914727 -097.28624258   3 102 
112  27.69883760 -097.28589133  27.69860535 -097.28562789   3 102 
111  27.69841097 -097.28584646   3 102 
111  27.69403969 -097.29076209   3 102 
111  27.69481544 -097.29164198 
111  27.69462107 -097.29186055   3 102 
111  27.69384532 -097.29098066   3 102 
112  27.68947404 -097.29589628  27.68927966 -097.29611486   3 102 
111  27.68951191 -097.29637827   3 102 
112  27.68982158 -097.29672949  27.69005383 -097.29699291   3 102 
113  27.69024979 -097.29677614 
110   1 0.30 135.13 Default taxiway for RWY 13R
111  27.70054405 -097.30180674   3 102 
111  27.69957480 -097.30290626   3 102 
111  27.68401490 -097.28540858   3 102 
111  27.68498415 -097.28430922 
112  27.68537291 -097.28474639  27.68517695 -097.28452960   3 102 
111  27.68494471 -097.28479302   3 102 
112  27.68463505 -097.28514424  27.68440281 -097.28540765   3 102 
111  27.68459719 -097.28562625   3 102 
111  27.69189119 -097.29382860   3 102 
111  27.69266691 -097.29294869 
111  27.69286129 -097.29316728   3 102 
111  27.69208557 -097.29404719   3 102 
112  27.69937957 -097.30224954  27.69957395 -097.30246813   3 102 
111  27.69980619 -097.30220467   3 102 
112  27.70011585 -097.30185341  27.70034809 -097.30158995   3 102 
113  27.70015529 -097.30136957 
110   1 0.30 135.13 Default taxiway for RWY 13L
111  27.69509405 -097.29240073   3 102 
111  27.69412480 -097.29350020   3 102 
111  27.68440823 -097.28257411   3 102 
111  27.68537748 -097.28147474 
112  27.68576624 -097.28191189  27.68557028 -097.28169511   3 102 
111  27.68533804 -097.28195853   3 102 
112  27.68502838 -097.28230975  27.68479614 -097.28257317   3 102 
111  27.68499052 -097.28279175   3 102 
111  27.68936285 -097.28770834   3 102 
111  27.69013857 -097.28682845 
111  27.69033295 -097.28704702   3 102 
111  27.68955723 -097.28792692   3 102 
112  27.69392957 -097.29284351  27.69412395 -097.29306208   3 102 
111  27.69435619 -097.29279864   3 102 
112  27.69466585 -097.29244739  27.69489809 -097.29218395   3 102 
113  27.69470529 -097.29196358 
110   1 0.30 179.98 Default taxiway for RWY 17
111  27.69921691 -097.28877626   3 102 
111  27.69921647 -097.29032781   3 102 
111  27.68545547 -097.29032257   3 102 
111  27.68545591 -097.28877122 
112  27.68600451 -097.28877142  27.68573021 -097.28877386   3 102 
111  27.68573011 -097.28914558   3 102 
112  27.68572996 -097.28964120  27.68572986 -097.29001292   3 102 
111  27.68600416 -097.29001302   3 102 
111  27.69219891 -097.29001536   3 102 
111  27.69219926 -097.28877369 
111  27.69247356 -097.28877379   3 102 
111  27.69247321 -097.29001546   3 102 
112  27.69866796 -097.29001780  27.69894226 -097.29001790   3 102 
111  27.69894236 -097.28964614   3 102 
112  27.69894251 -097.28915046  27.69894261 -097.28877870   3 102 
113  27.69866831 -097.28877606 
120 Default hold RWY 04 (near)
111  27.68947237 -097.29677246   4 
115  27.68966674 -097.29655388 
120 Default hold RWY 13R (near)
111  27.70015540 -097.30224763   4 
115  27.69996102 -097.30202904 
120 Default hold RWY 13L (near)
111  27.69470540 -097.29284160   4 
115  27.69451102 -097.29262302 
120 Default hold RWY 17 (near)
111  27.69921674 -097.28939840   4 
115  27.69894244 -097.28939830 
120 Default hold RWY 04 (centre)
111  27.69423240 -097.29141970   4 
115  27.69442677 -097.29120113 
120 Default hold RWY 13R (centre)
111  27.69247264 -097.29360813   4 
115  27.69227826 -097.29338954 
120 Default hold RWY 13L (centre)
111  27.68994430 -097.28748787   4 
115  27.68974992 -097.28726930 
120 Default hold RWY 17 (centre)
111  27.69247339 -097.28939590   4 
115  27.69219909 -097.28939579 
120 Default hold RWY 04 (far)
111  27.69899243 -097.28606696   4 
115  27.69918680 -097.28584837 
120 Default hold RWY 13R (far)
111  27.68478988 -097.28496863   4 
115  27.68459550 -097.28475005 
120 Default hold RWY 13L (far)
111  27.68518321 -097.28213414   4 
115  27.68498883 -097.28191557 
120 Default hold RWY 17 (far)
111  27.68573004 -097.28939339   4 
115  27.68545574 -097.28939329 
18   27.69233823 -097.28629803 4 BCN
19   27.69024488 -097.29852668 1 WS
19   27.70170536 -097.30136754 1 WS
19   27.69625536 -097.29196155 1 WS
19   27.69976586 -097.28753979 1 WS
19   27.69957503 -097.28541023 1 WS
19   27.68459965 -097.28147953 1 WS
19   27.68490714 -097.28939308 1 WS
19   27.68420566 -097.28431558 1 WS
50 12790 ATIS
53 11870 NAVY CORPUS GND
54 13485 NAVY CORPUS TWR
55 12540 APP
55 12090 APP
56 12540 DEP
1       39 0 1 07TE CUDDIHY FLD
100   30.48   1   0 0.25 0 0 0 04   27.71694400 -097.51444400    0.00    0.00 2  0 0 0 22   27.72694400 -097.50361100    0.00    0.00 2  0 0 0
100   30.48   1   0 0.25 0 0 0 09   27.72166700 -097.51888900    0.00    0.00 2  0 0 0 27   27.72166700 -097.50333300    0.00    0.00 2  0 0 0
100   30.48   1   0 0.25 0 0 0 13   27.72583300 -097.51750000    0.00    0.00 2  5 0 0 31   27.71638900 -097.50638900    0.00    0.00 2  0 0 0
100   30.48   1   0 0.25 0 0 0 18   27.72972200 -097.50638900    0.00    0.00 2  0 0 0 36   27.71611100 -097.50638900    0.00    0.00 2  0 0 0
110   1 0.30 133.83 Default taxiway for RWY 13
111  27.72573569 -097.51760554   3 
111  27.72523940 -097.51814383   3 
111  27.71579584 -097.50703181   3 
111  27.71629213 -097.50649358 
112  27.71648210 -097.50671711  27.71638550 -097.50660710   3 
111  27.71626678 -097.50673585   3 
112  27.71610848 -097.50690752  27.71598976 -097.50703628   3 
111  27.71608474 -097.50714805   3 
111  27.72056906 -097.51242464   3 
111  27.72096642 -097.51199368 
111  27.72106140 -097.51210544   3 
111  27.72066404 -097.51253640   3 
112  27.72514836 -097.51781299  27.72524335 -097.51792475   3 
111  27.72536207 -097.51779599   3 
112  27.72552037 -097.51762430  27.72563909 -097.51749553   3 
113  27.72554572 -097.51738201 
120 Default hold RWY 13 (near)
111  27.72553620 -097.51782191   4 
115  27.72544122 -097.51771014 
120 Default hold RWY 13 (centre)
111  27.72086191 -097.51232180   4 
115  27.72076693 -097.51221004 
120 Default hold RWY 13 (far)
111  27.71618763 -097.50682169   4 
115  27.71609264 -097.50670993 
19   27.71703078 -097.51499392 1 WS
19   27.72207843 -097.51919890 1 WS
19   27.72631977 -097.51740161 1 WS
19   27.72999630 -097.50592417 1 WS
19   27.71590224 -097.50648743 1 WS
19   27.72125553 -097.50302316 1 WS
19   27.71583670 -097.50685377 1 WS
19   27.72685718 -097.50306103 1 WS
1       45 0 1 69TA Dean
100   15.24   3   0 0.25 0 0 0 17   27.65831873 -097.52546588    0.00    0.00 1  0 0 0 35   27.65174459 -097.52507690    0.00    0.00 1  0 0 0
19   27.65846646 -097.52524203 1 WS
19   27.65159686 -097.52530073 1 WS
1       90 0 1 TE62 HIGH MAN TOWER AIRSTRIP
100   18.29   1   0 0.25 0 3 0 09   27.85468500 -097.68735900  105.16    0.00 2  0 0 0 27   27.85384800 -097.67719100  143.87    0.00 2  0 0 0
110   1 0.30  95.32 Default taxiway for RWY 09
111  27.85460530 -097.68736739   3 102 
111  27.85419339 -097.68741075   3 102 
111  27.85335676 -097.67724267   3 102 
111  27.85376867 -097.67719931 
112  27.85378392 -097.67738466  27.85377406 -097.67729221   3 102 
111  27.85367574 -097.67730256   3 102 
112  27.85354465 -097.67731636  27.85344632 -097.67732671   3 102 
111  27.85345394 -097.67741939   3 102 
111  27.85385319 -097.68227174   3 102 
111  27.85418317 -097.68223701 
111  27.85419080 -097.68232969   3 102 
111  27.85386082 -097.68236442   3 102 
112  27.85426007 -097.68721677  27.85426769 -097.68730945   3 102 
111  27.85436602 -097.68729910   3 102 
112  27.85449711 -097.68728530  27.85459543 -097.68727495   3 102 
113  27.85459005 -097.68718204 
120 Default hold RWY 09 (near)
111  27.85443919 -097.68738487   4 
115  27.85443156 -097.68729220 
120 Default hold RWY 09 (centre)
111  27.85402469 -097.68234717   4 
115  27.85401706 -097.68225449 
120 Default hold RWY 09 (far)
111  27.85361019 -097.67730946   4 
115  27.85360256 -097.67721679 
18   27.85484044 -097.68221707 1 BCN
19   27.85494606 -097.68751848 1 WS
19   27.85358694 -097.67703156 1 WS
1       40 0 1 9R5  Hunt
100    6.10   1   0 0.25 0 2 0 14   27.89084922 -097.35667594    0.00    0.00 2  0 0 0 32   27.88475300 -097.35219684    0.00    0.00 2  0 0 0
110   1 0.30 147.00 Default taxiway for RWY 14
111  27.89083551 -097.35669983   3 102 
111  27.89075958 -097.35683211   3 102 
111  27.88466343 -097.35235275   3 102 
111  27.88473936 -097.35222048 
112  27.88478537 -097.35225428  27.88476114 -097.35223952   3 102 
111  27.88474321 -097.35227075   3 102 
112  27.88471931 -097.35231239  27.88470138 -097.35234362   3 102 
111  27.88472438 -097.35236052   3 102 
111  27.88771494 -097.35455794   3 102 
111  27.88777593 -097.35445170 
111  27.88779894 -097.35446861   3 102 
111  27.88773795 -097.35457485   3 102 
112  27.89072851 -097.35677227  27.89075152 -097.35678918   3 102 
111  27.89076945 -097.35675795   3 102 
112  27.89079335 -097.35671630  27.89081128 -097.35668507   3 102 
113  27.89078950 -097.35666602 
120 Default hold RWY 14 (near)
111  27.89080440 -097.35675402   4 
115  27.89078140 -097.35673712 
120 Default hold RWY 14 (centre)
111  27.88776783 -097.35452280   4 
115  27.88774482 -097.35450589 
120 Default hold RWY 14 (far)
111  27.88473126 -097.35229157   4 
115  27.88470825 -097.35227467 
18   27.88790569 -097.35425413 1 BCN
19   27.89094005 -097.35663167 1 WS
19   27.88466217 -097.35224112 1 WS
1       50 1 1 KNQI KINGSVILLE NAS
100   60.96   1   0 0.25 0 3 0 13L  27.51393900 -097.81525300    0.00    0.00 2  0 0 0 31R  27.49855000 -097.79760800    0.00    0.00 2  0 0 0
100   60.96   1   0 0.25 0 3 0 13R  27.51256100 -097.81676400    0.00    0.00 3  0 0 0 31L  27.49717200 -097.79911700    0.00    0.00 2  0 0 0
100   60.96   1   0 0.25 1 3 0 17L  27.51444700 -097.80847200    0.00    0.00 2  0 1 0 35R  27.49244400 -097.80819700    0.00    0.00 2  1 0 0
100   60.96   1   0 0.25 0 3 0 17R  27.51442500 -097.81063900    0.00    0.00 2  0 0 0 35L  27.49242200 -097.81036400    0.00    0.00 2  0 0 0
21   27.51299470 -097.81345390  1 134.51   3.00 13L VASI
21   27.51166200 -097.81501669  1 134.51   3.00 13R VASI
21   27.51265220 -097.80794747  1 179.37   3.00 17L VASI
21   27.51263020 -097.81011447  1 179.37   3.00 17R VASI
21   27.49811643 -097.80091576  1 314.52   3.00 31L VASI
21   27.49949454 -097.79940671  1 314.52   3.00 31R VASI
21   27.49421680 -097.81088844  1 359.37   3.00 35L VASI
21   27.49423880 -097.80872144  1 359.37   3.00 35R VASI
110   1 0.30 134.51 Default taxiway for RWY 13L
111  27.51374501 -097.81546805   3 102 
111  27.51276541 -097.81655396   3 102 
111  27.49737752 -097.79890631   3 102 
111  27.49835712 -097.79782055 
112  27.49874173 -097.79826164  27.49854782 -097.79804287   3 102 
111  27.49831310 -097.79830302   3 102 
112  27.49800015 -097.79864990  27.49776543 -097.79891006   3 102 
111  27.49795773 -097.79913061   3 102 
111  27.50517091 -097.80740306   3 102 
111  27.50595491 -097.80653403 
111  27.50614722 -097.80675457   3 102 
111  27.50536322 -097.80762360   3 102 
112  27.51257640 -097.81589605  27.51276871 -097.81611659   3 102 
111  27.51300343 -097.81585640   3 102 
112  27.51331638 -097.81550948  27.51355110 -097.81524929   3 102 
113  27.51336040 -097.81502697 
110   1 0.30 179.37 Default taxiway for RWY 17R
111  27.51442198 -097.81094572   3 102 
111  27.51440675 -097.81249456   3 102 
111  27.49240375 -097.81221914   3 102 
111  27.49241898 -097.81067061 
112  27.49296754 -097.81067746  27.49269324 -097.81067657   3 102 
111  27.49268959 -097.81104761   3 102 
112  27.49268472 -097.81154233  27.49268108 -097.81191337   3 102 
111  27.49295536 -097.81191680   3 102 
111  27.50327116 -097.81204590   3 102 
111  27.50328334 -097.81080645 
111  27.50355762 -097.81080988   3 102 
111  27.50354544 -097.81204934   3 102 
112  27.51386124 -097.81217843  27.51413552 -097.81218187   3 102 
111  27.51413916 -097.81181076   3 102 
112  27.51414403 -097.81131594  27.51414768 -097.81094483   3 102 
113  27.51387342 -097.81093886 
110   1 0.30 179.37 Default taxiway for RWY 17L
111  27.51444398 -097.80877872   3 102 
111  27.51442875 -097.81032756   3 102 
111  27.49242575 -097.81005214   3 102 
111  27.49244098 -097.80850361 
112  27.49298954 -097.80851046  27.49271524 -097.80850957   3 102 
111  27.49271159 -097.80888061   3 102 
112  27.49270672 -097.80937533  27.49270308 -097.80974637   3 102 
111  27.49297736 -097.80974980   3 102 
111  27.50329316 -097.80987890   3 102 
111  27.50330534 -097.80863945 
111  27.50357962 -097.80864288   3 102 
111  27.50356744 -097.80988234   3 102 
112  27.51388324 -097.81001143  27.51415752 -097.81001487   3 102 
111  27.51416116 -097.80964376   3 102 
112  27.51416603 -097.80914894  27.51416968 -097.80877783   3 102 
113  27.51389542 -097.80877186 
110   1 0.30 134.51 Default taxiway for RWY 13R
111  27.51236699 -097.81697903   3 102 
111  27.51138734 -097.81806486   3 102 
111  27.49599945 -097.80041521   3 102 
111  27.49697910 -097.79932953 
112  27.49736369 -097.79977064  27.49716979 -097.79955186   3 102 
111  27.49693506 -097.79981200   3 102 
112  27.49662208 -097.80015885  27.49638735 -097.80041898   3 102 
111  27.49657965 -097.80063955   3 102 
111  27.50379286 -097.80891297   3 102 
111  27.50457690 -097.80804401 
111  27.50476919 -097.80826456   3 102 
111  27.50398515 -097.80913352   3 102 
112  27.51119837 -097.81740694  27.51139066 -097.81762750   3 102 
111  27.51162539 -097.81736733   3 102 
112  27.51193837 -097.81702043  27.51217310 -097.81676026   3 102 
113  27.51198241 -097.81653792 
120 Default hold RWY 13R (near)
111  27.51197417 -097.81741443   4 
115  27.51178188 -097.81719388 
120 Default hold RWY 13L (near)
111  27.51335221 -097.81590348   4 
115  27.51315991 -097.81568294 
120 Default hold RWY 17R (near)
111  27.51441588 -097.81156678   4 
115  27.51414160 -097.81156335 
120 Default hold RWY 17L (near)
111  27.51443788 -097.80939978   4 
115  27.51416360 -097.80939635 
120 Default hold RWY 13R (centre)
111  27.50437637 -097.80869993   4 
115  27.50418408 -097.80847938 
120 Default hold RWY 13L (centre)
111  27.50575442 -097.80718998   4 
115  27.50556211 -097.80696944 
120 Default hold RWY 17R (centre)
111  27.50355152 -097.81143088   4 
115  27.50327724 -097.81142745 
120 Default hold RWY 17L (centre)
111  27.50357352 -097.80926388   4 
115  27.50329924 -097.80926045 
120 Default hold RWY 13R (far)
111  27.49677857 -097.79998542   4 
115  27.49658628 -097.79976487 
120 Default hold RWY 13L (far)
111  27.49815663 -097.79847646   4 
115  27.49796432 -097.79825592 
120 Default hold RWY 17R (far)
111  27.49268716 -097.81129497   4 
115  27.49241288 -097.81129155 
120 Default hold RWY 17L (far)
111  27.49270916 -097.80912797   4 
115  27.49243488 -097.80912455 
18   27.50344487 -097.80833686 4 BCN
19   27.51353241 -097.81655468 1 WS
19   27.51491040 -097.81504360 1 WS
19   27.51498268 -097.80971807 1 WS
19   27.51500468 -097.80755107 1 WS
19   27.49620061 -097.79932645 1 WS
19   27.49186432 -097.81128474 1 WS
19   27.49188632 -097.80911774 1 WS
19   27.49757863 -097.79781752 1 WS
54 12410 TWR
55 11990 APP
1        4 0 0 KRAS MUSTANG BEACH
100   21.34   1   0 0.00 0 1 0 12   27.81459200 -097.09315000    0.00    0.00 2  0 0 0 30   27.80905000 -097.08436400    0.00    0.00 2  0 0 0
21   27.81378637 -097.09130017  2 125.49   3.00 12  PAPI-4L
21   27.80985575 -097.08621368  2 305.50   3.00 30  PAPI-4L
110   1 0.00  35.50 T
111  27.81166028 -097.08867815 102 
112  27.81147127 -097.08865780  27.81140287 -097.08870868 
111  27.81147127 -097.08865780 102 
111  27.81132906 -097.08877584 
112  27.81132906 -097.08877584  27.81128842 -097.08881030 102 
111  27.81120753 -097.08881253 
111  27.81112385 -097.08866391 102 
112  27.81127525 -097.08868211  27.81134361 -097.08864869 
111  27.81127525 -097.08868211 102 
111  27.81141367 -097.08857232 
112  27.81141367 -097.08857232  27.81148747 -097.08850313 102 
113  27.81145507 -097.08836473 
110   1 0.00  35.50 T
111  27.80910399 -097.08463244 102 
112  27.80892797 -097.08459415  27.80882961 -097.08461564 
111  27.80892797 -097.08459415 102 
111  27.80876856 -097.08472454 
112  27.80876856 -097.08472454  27.80870820 -097.08478267 102 
111  27.80874220 -097.08489212 
111  27.80862672 -097.08469131 102 
111  27.80870929 -097.08462912 102 
113  27.80897461 -097.08442928 
110   1 0.00 125.50 Apron
111  27.81120753 -097.08881253 
111  27.81113110 -097.08879912 
111  27.81110874 -097.08878775 
111  27.81104168 -097.08873467 
111  27.81098840 -097.08864983 
111  27.81094203 -097.08857599 
111  27.81086505 -097.08845343 
111  27.81080874 -097.08836376 
111  27.81074890 -097.08826848 
111  27.81065387 -097.08811716 
111  27.81058799 -097.08801226 
111  27.81045225 -097.08779612 
111  27.81038668 -097.08769171 
111  27.81033924 -097.08761617 
111  27.81026234 -097.08749373 
111  27.80986072 -097.08685423 
111  27.80974949 -097.08667712 
111  27.80969670 -097.08659306 
111  27.80964459 -097.08651009 
112  27.80958955 -097.08649832  27.80956553 -097.08651607 
111  27.80958955 -097.08649832 
111  27.80948839 -097.08657905 
111  27.80948839 -097.08660260 
111  27.80930391 -097.08676407 
111  27.80864377 -097.08573381 
111  27.80871667 -097.08566989 
111  27.80856574 -097.08542532 
111  27.80851466 -097.08534255 
111  27.80849351 -097.08530828 
111  27.80843103 -097.08534696 
111  27.80833136 -097.08519063 
111  27.80823533 -097.08526708 
111  27.80787632 -097.08468938 
112  27.80787632 -097.08468938  27.80786154 -097.08466640 
111  27.80784826 -097.08467987 
111  27.80781431 -097.08470127 
111  27.80776952 -097.08462686 
111  27.80781800 -097.08459445 
111  27.80780241 -097.08456840 
111  27.80807765 -097.08436190 
111  27.80809360 -097.08438514  21 
111  27.80826359 -097.08425565  21 
111  27.80857100 -097.08473491 
111  27.80862672 -097.08469131 
111  27.80874220 -097.08489212 102 
111  27.81109748 -097.08862953 
113  27.81112385 -097.08866391 
111  27.80806510 -097.08499001 
111  27.80816012 -097.08491647 
111  27.80813035 -097.08486576 
111  27.80810306 -097.08488574 
111  27.80809734 -097.08487609 
111  27.80812484 -097.08485704 
111  27.80809845 -097.08481174 
113  27.80800020 -097.08488622 
110   2 0.00 125.50 Pad
111  27.80856574 -097.08542532 
111  27.80847595 -097.08549195 
111  27.80845021 -097.08544270 
111  27.80833734 -097.08552105 
111  27.80835517 -097.08555239 
111  27.80833932 -097.08559269 
111  27.80827002 -097.08548299 
111  27.80831754 -097.08548075 
113  27.80851466 -097.08534255 
110   2 0.00 125.50 Pad
111  27.81090174 -097.08886021 
111  27.81095726 -097.08881627 
111  27.81098120 -097.08881961 
111  27.81098017 -097.08879822 
111  27.81104168 -097.08873467 
111  27.81110874 -097.08878775 
111  27.81104124 -097.08883902 
111  27.81105477 -097.08886118 
111  27.81113110 -097.08879912 
111  27.81120753 -097.08881253 
111  27.81108185 -097.08891102 
111  27.81107683 -097.08897810 
111  27.81109157 -097.08900145 
111  27.81109088 -097.08902891 
113  27.81103466 -097.08907756 
110   2 0.00 125.50 Pad
111  27.81098840 -097.08864983 
111  27.81098250 -097.08865472 
111  27.81095479 -097.08878527 
111  27.81088736 -097.08883331 
111  27.81075434 -097.08862339 
111  27.81081900 -097.08856490 
111  27.81093747 -097.08857926 
113  27.81094203 -097.08857599 
110   1 0.00 125.50 Pad
111  27.81086505 -097.08845343 
111  27.81074393 -097.08854651 
112  27.81067968 -097.08853538  27.81066028 -097.08850718 
111  27.81067999 -097.08846589 
113  27.81080874 -097.08836376 
110   2 0.00 125.50 Pad
111  27.81045302 -097.08815300 
111  27.81050441 -097.08811630 
112  27.81050441 -097.08811630  27.81059032 -097.08812988 
111  27.81065387 -097.08811716 
111  27.81074890 -097.08826848 
111  27.81071896 -097.08826768 
113  27.81058826 -097.08836859 
110   2 0.00 125.50 Pad
111  27.81030938 -097.08791410 
111  27.81045225 -097.08779612 
111  27.81058799 -097.08801226 
113  27.81044403 -097.08812901 
110   2 0.00 125.50 Pad
111  27.80966102 -097.08689185 
111  27.80972864 -097.08684292 
111  27.80985175 -097.08685813 
111  27.80986072 -097.08685423 
111  27.81026234 -097.08749373 
111  27.81021615 -097.08753057 
111  27.81028991 -097.08765376 
111  27.81033924 -097.08761617 
111  27.81038668 -097.08769171 
111  27.81032913 -097.08773327 
111  27.81032642 -097.08780361 
111  27.81034997 -097.08784340 
111  27.81028855 -097.08788923 
111  27.81015666 -097.08767943 
111  27.81018406 -097.08765714 
111  27.81016676 -097.08763002 
111  27.81013843 -097.08765223 
111  27.80999653 -097.08742323 
111  27.81002576 -097.08740112 
111  27.81000798 -097.08737395 
113  27.80997885 -097.08739841 
110   2 0.00 125.50 Pad
111  27.80974949 -097.08667712 
111  27.80973873 -097.08668521 
111  27.80971029 -097.08681836 
111  27.80964267 -097.08687188 
111  27.80950063 -097.08664409 
111  27.80956287 -097.08659053 
111  27.80968862 -097.08659814 
113  27.80969670 -097.08659306 
110   1 0.00 125.50 Pad
111  27.81451367 -097.09320983 
111  27.81439605 -097.09330341 
111  27.81419784 -097.09299558 
113  27.81427681 -097.09283242 
110   1 0.00 125.50 Road
111  27.80897038 -097.08658923 
111  27.80890306 -097.08664072 
111  27.80882781 -097.08652431 
112  27.80878329 -097.08650609  27.80875747 -097.08652138 
111  27.80878329 -097.08650609 
111  27.80872683 -097.08653998 
112  27.80857238 -097.08649436  27.80851705 -097.08640401 
111  27.80857238 -097.08649436 
112  27.80857238 -097.08649436  27.80855885 -097.08647351 
112  27.80856842 -097.08632283  27.80861391 -097.08626445 
111  27.80857634 -097.08616613 
111  27.80687315 -097.08343791 
111  27.80693858 -097.08338278 
111  27.80772867 -097.08462434 
112  27.80772867 -097.08462434  27.80774186 -097.08464239 
111  27.80776952 -097.08462686 
111  27.80781431 -097.08470127 
112  27.80780689 -097.08474840  27.80782286 -097.08477507 
111  27.80780689 -097.08474840 
111  27.80827002 -097.08548299 
113  27.80833932 -097.08559269 
130 Airport Boundary
111  27.81478783 -097.09310224 
111  27.81435253 -097.09343647 
112  27.81412382 -097.09323024  27.81409225 -097.09306763 
111  27.81412382 -097.09323024 
111  27.81414000 -097.09298700 
111  27.81409646 -097.09282531 
111  27.81163165 -097.08892140 
111  27.81083559 -097.08950785 
111  27.80749311 -097.08413663 
111  27.80749315 -097.08314079 
113  27.80858498 -097.08315015 
120 RH
111  27.80876856 -097.08472454  54 
115  27.80870929 -097.08462912 
120 RH
111  27.81132906 -097.08877584  54 
115  27.81127525 -097.08868211 
120 TL
111  27.81207443 -097.08917793  51 
111  27.81175586 -097.08867298  51 
112  27.81147850 -097.08858896  27.81132750 -097.08867064 
111  27.81147850 -097.08858896 
112  27.81147850 -097.08858896  27.81159752 -097.08844675  51 
111  27.81151557 -097.08829242  51 
115  27.81119700 -097.08778747 
120 TL
111  27.81147850 -097.08858896  51 
111  27.81131674 -097.08871754 
112  27.81131674 -097.08871754  27.81124409 -097.08877314  51 
112  27.81104744 -097.08865038  27.81097497 -097.08853070 
111  27.81104744 -097.08865038  51 
115  27.80867020 -097.08488654 
120 TL
111  27.80867708 -097.08472055  51 
112  27.80867020 -097.08488654  27.80871328 -097.08499434 
111  27.80867020 -097.08488654 
112  27.80867020 -097.08488654  27.80859963 -097.08480983  51 
115  27.80850047 -097.08485864 
120 TL
111  27.80902704 -097.08450316  51 
112  27.80892434 -097.08452721  27.80886236 -097.08456397 
111  27.80892434 -097.08452721  51 
111  27.80867708 -097.08472055  51 
111  27.80850047 -097.08485864  51 
115  27.80834464 -097.08498049 
120 TB
111  27.80940514 -097.08646294   3 
115  27.80954448 -097.08635164 
120 TB
111  27.80932882 -097.08634304   3 
115  27.80946738 -097.08623253 
120 TB
111  27.80918847 -097.08612253   3 
115  27.80932673 -097.08601220 
120 TB
111  27.80911856 -097.08601269   3 
115  27.80925681 -097.08590456 
120 TB
111  27.80902839 -097.08587102   3 
115  27.80916606 -097.08576159 
120 TB
111  27.80948097 -097.08658209   3 
111  27.80940514 -097.08646294   3 
111  27.80932882 -097.08634304   3 
111  27.80918847 -097.08612253   3 
111  27.80911856 -097.08601269   3 
111  27.80902839 -097.08587102   3 
111  27.80893949 -097.08573135   3 
115  27.80907845 -097.08562048 
120 TB
111  27.80829894 -097.08492384  21 
111  27.80800869 -097.08445612  21 
115  27.80809360 -097.08438514 
120 TB
111  27.80888336 -097.08531906  21 
111  27.80897667 -097.08546579  21 
111  27.80875724 -097.08563972  21 
113  27.80866747 -097.08549238  21 
120 PT
111  27.80833514 -097.08448671   1 
111  27.80831571 -097.08445556   1 
111  27.80829373 -097.08442051   1 
111  27.80831571 -097.08445556   1 
115  27.80836020 -097.08441849 
120 PT
111  27.80826112 -097.08436882   1 
111  27.80824169 -097.08433768   1 
111  27.80821971 -097.08430263   1 
111  27.80824169 -097.08433768   1 
115  27.80828516 -097.08430290 
120 PT
111  27.80848024 -097.08471791   1 
111  27.80846081 -097.08468677   1 
111  27.80843883 -097.08465172   1 
111  27.80846081 -097.08468677   1 
115  27.80850530 -097.08464740 
120 PT
111  27.80840622 -097.08460003   1 
111  27.80838679 -097.08456889   1 
111  27.80836481 -097.08453384   1 
111  27.80838679 -097.08456889   1 
115  27.80843188 -097.08452810 
120 PT
111  27.80817149 -097.08460903   1 
111  27.80815206 -097.08457788   1 
111  27.80813009 -097.08454284   1 
111  27.80815206 -097.08457788   1 
115  27.80811323 -097.08460744 
120 PT
111  27.80809748 -097.08449115   1 
111  27.80807804 -097.08446000   1 
111  27.80805607 -097.08442495   1 
111  27.80807804 -097.08446000   1 
115  27.80803921 -097.08448955 
120 PT
111  27.80831659 -097.08484023   1 
111  27.80829716 -097.08480909   1 
111  27.80827519 -097.08477404   1 
111  27.80829716 -097.08480909   1 
115  27.80825833 -097.08483864 
120 PT
111  27.80824258 -097.08472235   1 
111  27.80822314 -097.08469121   1 
111  27.80820117 -097.08465616   1 
111  27.80822314 -097.08469121   1 
115  27.80818431 -097.08472076 
120 PT
111  27.80826061 -097.08518473   1 
111  27.80824118 -097.08515359   1 
111  27.80821920 -097.08511854   1 
111  27.80824118 -097.08515359   1 
115  27.80820235 -097.08518314 
120 PT
111  27.80818659 -097.08506685   1 
111  27.80816716 -097.08503570   1 
111  27.80814519 -097.08500066   1 
111  27.80816716 -097.08503570   1 
115  27.80812833 -097.08506526 
120 PT
111  27.80912351 -097.08637321   1 
111  27.80910408 -097.08634206   1 
111  27.80908211 -097.08630702   1 
111  27.80910408 -097.08634206   1 
115  27.80906525 -097.08637162 
120 PT
111  27.80897104 -097.08612934   1 
111  27.80895161 -097.08609820   1 
111  27.80892964 -097.08606315   1 
111  27.80895161 -097.08609820   1 
115  27.80891278 -097.08612775 
120 PT
111  27.80904897 -097.08625393   1 
111  27.80902954 -097.08622279   1 
111  27.80900756 -097.08618774   1 
111  27.80902954 -097.08622279   1 
115  27.80899071 -097.08625234 
120 PT
111  27.80882444 -097.08589450   1 
111  27.80880501 -097.08586336   1 
111  27.80878304 -097.08582831   1 
111  27.80880501 -097.08586336   1 
115  27.80876618 -097.08589291 
120 PT
111  27.80875043 -097.08577662   1 
111  27.80873099 -097.08574547   1 
111  27.80870902 -097.08571043   1 
111  27.80873099 -097.08574547   1 
115  27.80869216 -097.08577503 
120 PT
111  27.80888849 -097.08599698   1 
111  27.80886906 -097.08596583   1 
111  27.80884708 -097.08593079   1 
111  27.80886906 -097.08596583   1 
115  27.80883023 -097.08599539 
120 PT
111  27.80919911 -097.08649414   1 
111  27.80917968 -097.08646300   1 
111  27.80915770 -097.08642795   1 
111  27.80917968 -097.08646300   1 
115  27.80914085 -097.08649255 
120 PT
111  27.80927704 -097.08661873   1 
111  27.80925761 -097.08658759   1 
111  27.80923563 -097.08655254   1 
111  27.80925761 -097.08658759   1 
115  27.80921878 -097.08661714 
120 PT
111  27.80906049 -097.08581244   1 
111  27.80904105 -097.08578129   1 
111  27.80901908 -097.08574625   1 
111  27.80904105 -097.08578129   1 
115  27.80900222 -097.08581085 
120 PT
111  27.80913841 -097.08593703   1 
111  27.80911898 -097.08590588   1 
111  27.80909700 -097.08587084   1 
111  27.80911898 -097.08590588   1 
115  27.80908015 -097.08593544 
120 PT
111  27.80942632 -097.08639781   1 
111  27.80940689 -097.08636667   1 
111  27.80938491 -097.08633162   1 
111  27.80940689 -097.08636667   1 
115  27.80936806 -097.08639622 
120 PT
111  27.80941538 -097.08665787   1 
111  27.80937938 -097.08660203   1 
111  27.80940849 -097.08657811   1 
111  27.80937938 -097.08660203   1 
115  27.80935037 -097.08662586 
120 PT
111  27.80950425 -097.08652240   1 
111  27.80948482 -097.08649126   1 
111  27.80946284 -097.08645621   1 
111  27.80948482 -097.08649126   1 
115  27.80944599 -097.08652081 
120 WS Circle
112  27.81132398 -097.08844492  27.81132250 -097.08852397  21 106 
112  27.81118756 -097.08858763  27.81110574 -097.08859099  21 106 
112  27.81105469 -097.08844480  27.81105023 -097.08836238  21 106 
114  27.81118756 -097.08828719  27.81126343 -097.08828215  21 106 
18   27.80836029 -097.08539140 1 BCN
19   27.81119516 -097.08844809 1 WS
20   27.81133707 -097.08881350 357.24  0 1 {@R}12-30
20   27.80879288 -097.08476621  35.50  0 1 {@R}30
1300  27.81104744 -097.08865038 305.50 misc jets|turboprops|props|helos Back Taxi Rwy 12
1300  27.80867708 -097.08472055  35.50 misc jets|turboprops|props|helos Hold Short Rwy 30
1300  27.80902132 -097.08579647  35.50 tie_down jets|turboprops|props|helos Ramp
51 12290 CTAF
55 12090 CORPUS APP/DEP
1       79 0 1 KRBO NUECES CO
100   22.86   1   0 0.25 0 2 0 13   27.78213900 -097.69457500    0.00    0.00 2  0 0 0 31   27.77495000 -097.68647500    0.00    0.00 2  0 0 0
110   1 0.30 135.09 Default taxiway for RWY 13
111  27.78206797 -097.69465554   3 102 
111  27.78170326 -097.69506902   3 102 
111  27.77451450 -097.68696845   3 102 
111  27.77487921 -097.68655499 
112  27.77502490 -097.68671916  27.77495046 -097.68663888   3 102 
111  27.77486331 -097.68673768   3 102 
112  27.77474711 -097.68686941  27.77465997 -097.68696821   3 102 
111  27.77473282 -097.68705029   3 102 
111  27.77814509 -097.69089536   3 102 
111  27.77843717 -097.69056422 
111  27.77851001 -097.69064630   3 102 
111  27.77821793 -097.69097744   3 102 
112  27.78163020 -097.69482251  27.78170304 -097.69490460   3 102 
111  27.78179018 -097.69480580   3 102 
112  27.78190638 -097.69467406  27.78199353 -097.69457526   3 102 
113  27.78192228 -097.69449137 
120 Default hold RWY 13 (near)
111  27.78192113 -097.69482201   4 
115  27.78184828 -097.69473993 
120 Default hold RWY 13 (centre)
111  27.77836317 -097.69081277   4 
115  27.77829033 -097.69073069 
120 Default hold RWY 13 (far)
111  27.77480521 -097.68680354   4 
115  27.77473237 -097.68672145 
18   27.77905267 -097.68995024 1 BCN
19   27.78250159 -097.69449326 1 WS
19   27.77458741 -097.68655676 1 WS
50 11817 AWOS 3
51 12290 CTAF
55 11990 KINGSVILLE APP
56 12090 CORPUS DEP
1      911 0 1 67TX Old Hoppe Place
100    9.14   2   0 0.25 0 0 0 16   27.80386441 -097.85268626    0.00    0.00 2  0 0 0 34   27.79674003 -097.84975486    0.00    0.00 2  0 0 0
110   2 0.30 160.00 Default taxiway for RWY 16
111  27.80385111 -097.85272758  53 
111  27.80377997 -097.85294852  53 
111  27.79665562 -097.85001691  53 
111  27.79672676 -097.84979599 
112  27.79680409 -097.84982781  27.79676465 -097.84981429  53 
111  27.79674776 -097.84986673  53 
112  27.79672524 -097.84993667  27.79670836 -097.84998911  53 
111  27.79674703 -097.85000502  53 
111  27.80021254 -097.85143105  53 
111  27.80026960 -097.85125383 
111  27.80030827 -097.85126974  53 
111  27.80025121 -097.85144696  53 
112  27.80371672 -097.85287299  27.80375539 -097.85288890  53 
111  27.80377227 -097.85283645  53 
112  27.80379479 -097.85276651  27.80381168 -097.85271406  53 
113  27.80377378 -097.85269576 
120 Default hold RWY 16 (near)
111  27.80382219 -097.85281739  54 
115  27.80378353 -097.85280148 
120 Default hold RWY 16 (centre)
111  27.80027935 -097.85135954  54 
115  27.80024068 -097.85134363 
120 Default hold RWY 16 (far)
111  27.79673650 -097.84990170  54 
115  27.79669784 -097.84988579 
19   27.80398396 -097.85258695 1 WS
19   27.79662048 -097.84985417 1 WS
1       85 0 1 66TX Oliver Till
100   10.06   3   0 0.25 0 0 0 09   27.62414090 -097.88508222    0.00    0.00 1  0 0 0 27   27.62369964 -097.88102612    0.00    0.00 1  0 0 0
19   27.62428533 -097.88516513 1 WS
19   27.62355521 -097.88094321 1 WS
1       83 0 1 XS66 Rabb Dusting Inc
100    7.62   1   0 0.25 0 1 0 18   27.80690784 -097.74319179    0.00    0.00 2  0 0 0 36   27.80091826 -097.74402321    0.00    0.00 2  0 0 0
100   10.67   5   0 0.25 0 0 0 16   27.80658573 -097.74430507    0.00    0.00 1  0 0 0 34   27.80124037 -097.74290993    0.00    0.00 1  0 0 0
18   27.80388397 -097.74333973 1 BCN
19   27.80671136 -097.74417237 1 WS
19   27.80696353 -097.74306846 1 WS
19   27.80086257 -097.74414654 1 WS
19   27.80111474 -097.74304263 1 WS
1       50 0 1 68TX San Patricio International
100   36.58   3   0 0.25 0 0 0 12   27.98497636 -097.79314377    0.00    0.00 1  0 0 0 30   27.97672252 -097.78074069    0.00    0.00 1  0 0 0
100   33.53   3   0 0.25 0 0 0 06   27.97924179 -097.79123095    0.00    0.00 1  0 0 0 24   27.98245709 -097.78265351    0.00    0.00 1  0 0 0
19   27.97954050 -097.79174571 1 WS
19   27.98556877 -097.79310501 1 WS
19   27.98215835 -097.78213875 1 WS
19   27.97613011 -097.78077952 1 WS
1       18 0 1 T43  T P MC CAMPBELL
100   22.86   1   0 0.25 0 2 0 13   27.91827800 -097.21649200    0.00    0.00 2  0 0 0 31   27.90778300 -097.20648600    0.00    0.00 2  0 0 0
21   27.91709543 -097.21491917  2 139.88   3.00 13  PAPI-4L
21   27.90896569 -097.20805858  2 319.89   3.00 31  PAPI-4L
110   1 0.30 139.88 Default taxiway for RWY 13
111  27.91821317 -097.21657908   3 102 
111  27.91788033 -097.21702614   3 102 
111  27.90738569 -097.20701912   3 102 
111  27.90771853 -097.20657210 
112  27.90787586 -097.20672211  27.90779574 -097.20664905   3 102 
111  27.90771621 -097.20675587   3 102 
112  27.90761016 -097.20689830  27.90753063 -097.20700511   3 102 
111  27.90760930 -097.20708012   3 102 
111  27.91265996 -097.21189611   3 102 
111  27.91292652 -097.21153808 
111  27.91300518 -097.21161309   3 102 
111  27.91273862 -097.21197112   3 102 
112  27.91778928 -097.21678711  27.91786795 -097.21686211   3 102 
111  27.91794748 -097.21675528   3 102 
112  27.91805353 -097.21661284  27.91813306 -097.21650601   3 102 
113  27.91805584 -097.21642907 
120 Default hold RWY 13 (near)
111  27.91807917 -097.21675907   4 
115  27.91800051 -097.21668406 
120 Default hold RWY 13 (centre)
111  27.91287118 -097.21179308   4 
115  27.91279252 -097.21171807 
120 Default hold RWY 13 (far)
111  27.90766319 -097.20682708   4 
115  27.90758453 -097.20675207 
18   27.91349479 -097.21086756 1 BCN
19   27.91863328 -097.21637613 1 WS
19   27.90742773 -097.20660189 1 WS
51 12270 CTAF/UNICOM
55 12090 CORPUS APP/DEP
1       25 1 1 KNWL WALDRON FLD NOLF
100   60.96   1   0 0.25 0 2 0 13   27.64166700 -097.31666700   91.44    0.00 2  0 0 0 31   27.63166700 -097.30555800  228.60    0.00 2  0 0 0
100   60.96   1   0 0.25 0 2 0 17   27.64166700 -097.30666400  128.02    0.00 2  0 0 0 35   27.62777800 -097.30666400   56.39    0.00 2  0 0 0
21   27.64011012 -097.31423196  1 135.46   3.00 13  VASI
21   27.63871510 -097.30616136  1 180.00   3.00 17  VASI
21   27.63410387 -097.30896992  1 315.46   3.00 31  VASI
21   27.63008530 -097.30716660  1   0.00   3.00 35  VASI
110   1 0.30 180.00 Default taxiway for RWY 17
111  27.64166700 -097.30697110   3 102 
111  27.64166700 -097.30852183   3 102 
111  27.62777800 -097.30852159   3 102 
111  27.62777800 -097.30697106 
112  27.62832660 -097.30697106  27.62805230 -097.30697360   3 102 
111  27.62805230 -097.30734512   3 102 
112  27.62805230 -097.30784048  27.62805230 -097.30821200   3 102 
111  27.62832660 -097.30821200   3 102 
111  27.63458535 -097.30821209   3 102 
111  27.63458535 -097.30697108 
111  27.63485965 -097.30697108   3 102 
111  27.63485965 -097.30821209   3 102 
112  27.64111840 -097.30821218  27.64139270 -097.30821219   3 102 
111  27.64139270 -097.30784062   3 102 
112  27.64139270 -097.30734520  27.64139270 -097.30697364   3 102 
113  27.64111840 -097.30697110 
110   1 0.30 135.46 Default taxiway for RWY 13
111  27.64147617 -097.31688587   3 102 
111  27.64051253 -097.31799107   3 102 
111  27.63051297 -097.30688093   3 102 
111  27.63147661 -097.30577583 
112  27.63186760 -097.30621024  27.63167052 -097.30599485   3 102 
111  27.63143962 -097.30625964   3 102 
112  27.63113177 -097.30661270  27.63090087 -097.30687749   3 102 
111  27.63109637 -097.30709469   3 102 
111  27.63560742 -097.31210673   3 102 
111  27.63637865 -097.31122225 
111  27.63657414 -097.31143945   3 102 
111  27.63580291 -097.31232394   3 102 
112  27.64031396 -097.31733599  27.64050945 -097.31755319   3 102 
111  27.64074035 -097.31728838   3 102 
112  27.64104820 -097.31693529  27.64127910 -097.31667048   3 102 
113  27.64108519 -097.31645147 
120 Default hold RWY 17 (near)
111  27.64166700 -097.30759291   4 
115  27.64139270 -097.30759291 
120 Default hold RWY 13 (near)
111  27.64108976 -097.31732904   4 
115  27.64089427 -097.31711184 
120 Default hold RWY 17 (centre)
111  27.63485965 -097.30759286   4 
115  27.63458535 -097.30759285 
120 Default hold RWY 13 (centre)
111  27.63618773 -097.31188260   4 
115  27.63599224 -097.31166540 
120 Default hold RWY 17 (far)
111  27.62805230 -097.30759280   4 
115  27.62777800 -097.30759280 
120 Default hold RWY 13 (far)
111  27.63128569 -097.30643617   4 
115  27.63109020 -097.30621896 
18   27.63472452 -097.30449667 4 BCN
19   27.64263521 -097.31643936 1 WS
19   27.64221560 -097.30573508 1 WS
19   27.63069880 -097.30578571 1 WS
19   27.62722940 -097.30759279 1 WS
54 13385 NAVY WALDRON TWR
17      20 0 1 0TA6 [H] Arco Ingleside Shorebase
102 H1   27.84780388 -097.22304584   0.00   15.24   15.24   2 2   0 0.25 0
102 H2   27.84780388 -097.22304584   0.00    6.10    4.57   2 2   0 0.25 0
102 H3   27.84780388 -097.22304584   0.00    6.10    4.57   2 2   0 0.25 0
19   27.84787245 -097.22297759 1 WS
19   27.84800960 -097.22281317 1 WS
19   27.84787245 -097.22297759 1 WS
17       9 0 1 TE00 [H] Coastal Bend Hospital
102 H1   27.91335638 -097.15915639   0.00   16.76   16.76   1 2   0 0.25 0
19   27.91358130 -097.15890185 1 WS
17      31 0 1 TE42 [H] DFCH
102 H1   27.74864083 -097.38471389   0.00   12.19   12.19   2 2   0 0.25 0
19   27.74880541 -097.38452792 1 WS
17      60 0 1 TS97 [H] HPL
102 H1   27.83307972 -097.54027167   0.00   30.48   30.48   3 1   0 0.25 0
19   27.83349117 -097.53980639 1 WS
17      15 0 1 10TX [H] JBLN Aerospace
102 H1   27.84474861 -097.22387917   0.00   15.24   15.24   2 2   0 0.25 0
19   27.84495433 -097.22364651 1 WS
17     145 0 1 XS52 [H] Lewis
102 H1   27.33504444 -097.12803834   0.00  804.67   91.44   3 1   0 0.25 0
19   27.33948806 -097.12664879 1 WS
17      38 0 1 2T2  [H] Memorial Medical Center
102 H1   27.77975000 -097.41415889   0.00   30.48   30.48   4 1   0 0.25 0
19   27.78016145 -097.41369384 1 WS
17      10 0 1 XS45 [H] Mustang Island
102 H1   27.71586583 -097.17304417   0.00    6.10    6.10   3 1   0 0.25 0
19   27.71594812 -097.17295122 1 WS
17      26 0 1 TA09 [H] Navsta Ingleside
102 H1   27.83530444 -097.20360112   0.00   30.48   30.48   2 2   0 0.25 0
19   27.83571589 -097.20313583 1 WS
17      20 0 1 4TA7 [H] Oak Ridge
102 H1   27.86113666 -097.19887889   0.00   15.24   15.24   2 2   0 0.25 1
18   27.86113666 -097.19942185 3 BCN
19   27.86134238 -097.19864619 1 WS
17      37 0 1 3TX0 [H] Texas Dept. of Public Safety
102 H1   27.74114055 -097.43499223   0.00   30.48    6.10   2 2   0 0.25 0
19   27.74133256 -097.43489925 1 WS
17     108 0 1 33TX [H] TGP 1
102 H1   27.74447138 -097.84638695   0.00    6.10    6.10   2 2   0 0.25 0
19   27.74455367 -097.84629397 1 WS