1      180 1 1 SCCL CALDERA
100   24.38   1   0 0.25 0 0 0 10  -27.07633600 -070.80106900    0.00   60.96 2  0 0 0 28  -27.07976900 -070.78954200    0.00   60.96 2  0 0 0
110   1 0.30 108.50 Default taxiway for RWY 10
111 -27.07643792 -070.80110729   3 
111 -27.07696031 -070.80130356   3 
111 -27.08039378 -070.78977692   3 
111 -27.07987139 -070.78958064 
112 -27.07980177 -070.78981436 -27.07983871 -070.78969830   3 
111 -27.07996357 -070.78974522   3 
112 -27.08013005 -070.78980777 -27.08025492 -070.78985468   3 
111 -27.08022011 -070.78997154   3 
111 -27.07859040 -070.79544272   3 
111 -27.07817206 -070.79528554 
111 -27.07813725 -070.79540240   3 
111 -27.07855559 -070.79555958   3 
112 -27.07692588 -070.80103075 -27.07689107 -070.80114761   3 
111 -27.07676620 -070.80110070   3 
112 -27.07659972 -070.80103815 -27.07647486 -070.80099123   3 
113 -27.07650754 -070.80087357 
120 Default hold RWY 10 (near)
111 -27.07664815 -070.80118628   4 
115 -27.07668296 -070.80106942 
120 Default hold RWY 10 (centre)
111 -27.07834748 -070.79548139   4 
115 -27.07838229 -070.79536453 
120 Default hold RWY 10 (far)
111 -27.08004681 -070.78977649   4 
115 -27.08008162 -070.78965963 
19  -27.07595423 -070.80118544 1 WS
19  -27.08015076 -070.78942552 1 WS
1      670 0 1 SCAT DESIERTO DE ATACAMA
100   45.11   1   0 0.25 0 3 0 17  -27.25139400 -070.78012200    0.00   59.44 3  1 0 0 35  -27.27109700 -070.77831900    0.00   59.44 2  0 0 1
21  -27.25396861 -070.77943392  2 175.35   3.00 17  PAPI-4L
21  -27.26933558 -070.77893280  2 355.35   3.00 35  PAPI-4L
110   1 0.30 175.35 Default taxiway for RWY 17
111 -27.25141027 -070.78034705   3 102 
111 -27.25149273 -070.78148743   3 102 
111 -27.27119574 -070.77968499   3 102 
111 -27.27111328 -070.77854441 
112 -27.27070866 -070.77858143 -27.27091116 -070.77856544   3 102 
111 -27.27093090 -070.77883858   3 102 
112 -27.27095723 -070.77920275 -27.27097698 -070.77947589   3 102 
111 -27.27077467 -070.77949440   3 102 
111 -27.26142894 -070.78034936   3 102 
111 -27.26136293 -070.77943647 
111 -27.26116062 -070.77945498   3 102 
111 -27.26122663 -070.78036787   3 102 
112 -27.25188090 -070.78122284 -27.25167859 -070.78124135   3 102 
111 -27.25165884 -070.78096826   3 102 
112 -27.25163251 -070.78060415 -27.25161277 -070.78033106   3 102 
113 -27.25181489 -070.78031003 
120 Default hold RWY 17 (near)
111 -27.25144337 -070.78080471   4 
115 -27.25164568 -070.78078621 
120 Default hold RWY 17 (centre)
111 -27.26119372 -070.77991268   4 
115 -27.26139603 -070.77989418 
120 Default hold RWY 17 (far)
111 -27.27094407 -070.77902066   4 
115 -27.27114638 -070.77900216 
18  -27.26112924 -070.77762762 1 BCN
19  -27.25094001 -070.77947631 1 WS
19  -27.27155100 -070.77896481 1 WS