1      318 0 0 SA3Y CHARATA
100   39.93   4   0 0.00 0 0 0 09  -27.21638889 -061.21320014    0.00    0.00 0  0 0 0 27  -27.21638889 -061.20513319    0.00    0.00 0  0 0 0
100   29.87   4   0 0.00 0 0 0 18  -27.21101092 -061.20916667    0.00    0.00 0  0 0 0 36  -27.22176686 -061.20916667    0.00    0.00 0  0 0 0
19  -27.21585126 -061.21360419 1 WS
19  -27.21074211 -061.20871327 1 WS
19  -27.21692650 -061.20472910 1 WS
19  -27.22203567 -061.20962011 1 WS
1      301 0 0 SA3Z CHARATA EL GRINGO
100   17.98   4   0 0.00 0 0 0 04  -27.31043067 -061.21291568    0.00    0.00 0  0 0 0 22  -27.30679155 -061.20986209    0.00    0.00 0  0 0 0
19  -27.31041614 -061.21324234 1 WS
19  -27.30680608 -061.20953544 1 WS
1      377 0 0 SA5U GANCEDO AGROAIRE
100   20.12   4   0 0.00 0 0 0 01  -27.50263269 -061.65946716    0.00    0.00 0  0 0 0 19  -27.49292287 -061.65775506    0.00    0.00 0  0 0 0
19  -27.50276959 -061.65980118 1 WS
19  -27.49278596 -061.65742107 1 WS
1      318 0 0 SA5V GANCEDO PULVERIZACIONES.M.H
100   24.99   4   0 0.00 0 0 0 10  -27.48222052 -061.65334686    0.00    0.00 0  0 0 0 28  -27.48389060 -061.64387537    0.00    0.00 0  0 0 0
19  -27.48184575 -061.65352137 1 WS
19  -27.48426535 -061.64370081 1 WS
1      298 0 0 SA6H GENERAL PINEDO CHACO
100   28.96   4   0 0.00 0 0 0 17  -27.33485435 -061.27525380    0.00    0.00 0  0 0 0 35  -27.34403454 -061.27363509    0.00    0.00 0  0 0 0
19  -27.33453663 -061.27486601 1 WS
19  -27.34435227 -061.27402291 1 WS