1      581 0 1 SA23 APOSTOLES
100   33.53   1   0 0.25 0 0 0 06  -27.90884200 -055.77197800    0.00    0.00 2  0 0 0 24  -27.89764400 -055.75905000    0.00    0.00 2  0 0 0
110   1 0.30  45.58 Default taxiway for RWY 06
111 -27.90894814 -055.77186029   3 
111 -27.90948848 -055.77126104   3 
111 -27.89829108 -055.75833177   3 
111 -27.89775074 -055.75893096 
112 -27.89796193 -055.75917482 -27.89785795 -055.75905111   3 
111 -27.89798724 -055.75890773   3 
112 -27.89815964 -055.75871656 -27.89828894 -055.75857318   3 
111 -27.89839453 -055.75869511   3 
111 -27.90372924 -055.76485493   3 
111 -27.90329664 -055.76533466 
111 -27.90340224 -055.76545659   3 
111 -27.90383484 -055.76497686   3 
112 -27.90916955 -055.77113667 -27.90927514 -055.77125860   3 
111 -27.90914584 -055.77140200   3 
112 -27.90897344 -055.77159318 -27.90884415 -055.77173658   3 
113 -27.90873695 -055.77161643 
120 Default hold RWY 06 (near)
111 -27.90916524 -055.77161952   4 
115 -27.90905964 -055.77149759 
120 Default hold RWY 06 (centre)
111 -27.90361934 -055.76521584   4 
115 -27.90351374 -055.76509391 
120 Default hold RWY 06 (far)
111 -27.89807344 -055.75881215   4 
115 -27.89796784 -055.75869022 
19  -27.90872995 -055.77258034 1 WS
19  -27.89775600 -055.75844771 1 WS
1      672 0 0 SA7K JARDIN DE AMERICA
100   29.87   4   0 0.00 0 0 0 01  -27.03603084 -055.19867814    0.00    0.00 0  0 0 0 19  -27.02896916 -055.19743297    0.00    0.00 0  0 0 0
19  -27.03623383 -055.19917218 1 WS
19  -27.02876616 -055.19693897 1 WS
1     1125 1 1 SATO OBERA
100   28.96   1   0 0.25 0 0 0 17  -27.51043300 -055.12708300    0.00    0.00 2  0 0 0 35  -27.52587800 -055.12122800    0.00    0.00 2  0 0 0
110   1 0.30 161.42 Default taxiway for RWY 17
111 -27.51047380 -055.12721984   3 
111 -27.51068210 -055.12791847   3 
111 -27.52612722 -055.12206441   3 
111 -27.52591892 -055.12136568 
112 -27.52567192 -055.12145930 -27.52579614 -055.12141489   3 
111 -27.52584596 -055.12158201   3 
112 -27.52591239 -055.12180483 -27.52596221 -055.12197195   3 
111 -27.52583871 -055.12201876   3 
111 -27.51842490 -055.12482878   3 
111 -27.51825811 -055.12426936 
111 -27.51813461 -055.12431617   3 
111 -27.51830140 -055.12487559   3 
112 -27.51088759 -055.12768561 -27.51076409 -055.12773241   3 
111 -27.51071427 -055.12756532   3 
112 -27.51064784 -055.12734253 -27.51059802 -055.12717543   3 
113 -27.51072080 -055.12712622 
120 Default hold RWY 17 (near)
111 -27.51055755 -055.12750073   4 
115 -27.51068105 -055.12745392 
120 Default hold RWY 17 (centre)
111 -27.51821836 -055.12459708   4 
115 -27.51834186 -055.12455027 
120 Default hold RWY 17 (far)
111 -27.52587917 -055.12169342   4 
115 -27.52600267 -055.12164661 
19  -27.51006189 -055.12676035 1 WS
19  -27.52624913 -055.12155067 1 WS
1      430 1 1 SARP POSADAS
100   29.87   1   0 0.25 0 2 0 01  -27.39602200 -055.97059200    0.00   22.86 2  0 0 0 19  -27.37565300 -055.97086100    0.00   22.86 3  0 0 0
21  -27.37842776 -055.97045002  2 179.33   3.00 19  PAPI-4L
110   1 0.30 359.33 Default taxiway for RWY 01
111 -27.39602045 -055.97044316   3 102 
111 -27.39601254 -055.96968376   3 102 
111 -27.37564354 -055.96995297   3 102 
111 -27.37565145 -055.97071224 
112 -27.37592024 -055.97070869 -27.37578582 -055.97070792   3 102 
111 -27.37578393 -055.97052631   3 102 
112 -27.37578141 -055.97028415 -27.37577952 -055.97010254   3 102 
111 -27.37591391 -055.97010077   3 102 
111 -27.38576242 -055.96997061   3 102 
111 -27.38576875 -055.97057858 
111 -27.38590315 -055.97057681   3 102 
111 -27.38589682 -055.96996884   3 102 
112 -27.39574533 -055.96983868 -27.39587972 -055.96983691   3 102 
111 -27.39588161 -055.97001856   3 102 
112 -27.39588413 -055.97026076 -27.39588602 -055.97044241   3 102 
113 -27.39575166 -055.97044671 
120 Default hold RWY 01 (near)
111 -27.39601727 -055.97013788   4 
115 -27.39588287 -055.97013966 
120 Default hold RWY 01 (centre)
111 -27.38589997 -055.97027156   4 
115 -27.38576557 -055.97027333 
120 Default hold RWY 01 (far)
111 -27.37578267 -055.97040523   4 
115 -27.37564827 -055.97040701 
18  -27.38584904 -055.97178604 1 BCN
19  -27.39629552 -055.97104257 1 WS
19  -27.37537948 -055.97041051 1 WS
54 12010 TWR/APP
54 11850 TWR/APP
1      462 0 0 SAB6 POSADAS BONETTI
100   17.98   4   0 0.00 0 0 0 04  -27.60561202 -055.86510168    0.00    0.00 0  0 0 0 22  -27.60272132 -055.86267610    0.00    0.00 0  0 0 0
19  -27.60559785 -055.86542924 1 WS
19  -27.60273548 -055.86234855 1 WS
1      279 1 1 SGEN Quiteria
100   18.59   2   0 0.25 0 2 0 05  -27.30531255 -055.91950965    0.00    0.00 2 10 0 0 23  -27.29635285 -055.91104915    0.00    0.00 2 10 0 0
21  -27.30377013 -055.91842712  1  40.00   3.00 05  VASI
21  -27.29789534 -055.91213147  1 220.00   3.00 23  VASI
110   2 0.30  40.00 Default taxiway for RWY 05
111 -27.30536488 -055.91943947  53 102 
111 -27.30563522 -055.91907692  53 102 
111 -27.29667577 -055.91061577  53 102 
111 -27.29640543 -055.91097829 
112 -27.29653361 -055.91109933 -27.29647097 -055.91103687  53 102 
111 -27.29653550 -055.91095033  53 102 
112 -27.29662155 -055.91083495 -27.29668608 -055.91074841  53 102 
111 -27.29675017 -055.91080893  53 102 
111 -27.30106967 -055.91488820  53 102 
111 -27.30085311 -055.91517862 
111 -27.30091720 -055.91523914  53 102 
111 -27.30113376 -055.91494872  53 102 
112 -27.30545327 -055.91902800 -27.30551735 -055.91908852  53 102 
111 -27.30545282 -055.91917507  53 102 
112 -27.30536677 -055.91929046 -27.30530224 -055.91937701  53 102 
113 -27.30523671 -055.91931843 
120 Default hold RWY 05 (near)
111 -27.30547389 -055.91929328  54 
115 -27.30540980 -055.91923276 
120 Default hold RWY 05 (centre)
111 -27.30102621 -055.91509296  54 
115 -27.30096212 -055.91503244 
120 Default hold RWY 05 (far)
111 -27.29657853 -055.91089264  54 
115 -27.29651444 -055.91083212 
18  -27.30045715 -055.91578290 1 BCN
19  -27.30528027 -055.91984588 1 WS
19  -27.29638511 -055.91071295 1 WS