1      497 0 0 YBLH BELLALIE HS
100   52.12   4   0 0.00 0 0 0 14  -27.01019622  142.95763894    0.00    0.00 0  0 0 0 32  -27.01820184  142.96452780    0.00    0.00 0  0 0 0
100   31.09   4   0 0.25 0 0 0 3   -27.00513113  142.96366718    0.00    0.00 0  0 0 0 21  -27.01215029  142.95748848    0.00    0.00 0  0 0 0
14  -27.01333304  142.95803528    6 0 New Tower Viewpoint 13
15  -27.01070494  142.95782828 103.35 New Ramp Start 12
19  -27.00973670  142.95829402 0 New Windsock 14
1      320 0 0 YNCD Noccundra
100   75.90   4   0 0.00 0 0 0 14  -27.80668710  142.59245250    0.00    0.00 0  0 0 0 32  -27.81148312  142.59664328    0.00    0.00 0  0 0 0
100   89.00   4   0 0.00 0 0 0 5   -27.81393944  142.58749815    0.00    0.00 0  0 0 0 23  -27.80512605  142.60057482    0.00    0.00 0  0 0 0
110   4 0.25   0.00 New Taxiway 1
111 -27.81306113  142.58941983 
112 -27.81349271  142.58940504 -27.81366273  142.58939025 
112 -27.81485286  142.58928675 -27.81506212  142.58931632 
112 -27.81621302  142.58934590 -27.81631764  142.58934590 
111 -27.81635688  142.58944940 
111 -27.81629149  142.58953811 
112 -27.81494441  142.58943187 -27.81469474  142.58940499 
111 -27.81408837  142.58951253 
113 -27.81293510  142.58960662 
14  -27.81608223  142.58909453    6 0 New Tower Viewpoint 3
15  -27.81617378  142.58949376   0.00 New Ramp Start 2
19  -27.81589914  142.58970076 0 New Windsock 1
1      370 0 0 YNOC Nockatunga
100   27.13   4   0 0.00 0 0 0 9   -27.71959095  142.70325999    0.00    0.00 0  0 0 0 27  -27.71988177  142.71276105    0.00    0.00 0  0 0 0
100   95.10   4   0 0.00 0 0 0 5   -27.70561452  142.69117540    0.00    0.00 0  0 0 0 23  -27.69972791  142.70000271    0.00    0.00 0  0 0 0
100  110.03   4   0 0.00 0 0 0 14  -27.70040764  142.69619342    0.00    0.00 0  0 0 0 32  -27.70581600  142.70087676    0.00    0.00 0  0 0 0
110   3 0.25   0.00 New Taxiway 1
111 -27.72078921  142.71214062 
111 -27.72098537  142.71182334 
111 -27.72107453  142.71191903 
112 -27.72112357  142.71187874 -27.72112357  142.71182838 
112 -27.72107453  142.71176795 -27.72110128  142.71169744 
112 -27.72113695  142.71165715 -27.72118153  142.71165715 
112 -27.72131527  142.71170248 -27.72135540  142.71172766 
112 -27.72138660  142.71177298 -27.72145793  142.71179816 
112 -27.72156493  142.71190392 -27.72159168  142.71195428 
112 -27.72171205  142.71203486 -27.72169422  142.71217083 
112 -27.72126177  142.71269459 -27.72122165  142.71271473 
112 -27.72115924  142.71274998 -27.72112357  142.71278020 
112 -27.72108791  142.71287085 -27.72107007  142.71294135 
112 -27.72102549  142.71308740 -27.72091850  142.71319316 
112 -27.72079367  142.71325359 -27.72073571  142.71323345 
112 -27.72041918  142.71296150 -27.72041918  142.71295143 
112 -27.72041918  142.71284063 -27.72041918  142.71282552 
112 -27.72042364  142.71271977 -27.72034339  142.71268451 
112 -27.72024531  142.71267444 -27.72021857  142.71263919 
112 -27.72017844  142.71249818 -27.72020965  142.71247803 
112 -27.72031665  142.71240753 -27.72035677  142.71240753 
112 -27.72046376  142.71245789 -27.72054847  142.71249818 
112 -27.72060197  142.71249314 -27.72062872  142.71244278 
112 -27.72065546  142.71248811 -27.72067776  142.71247803 
112 -27.72078029  142.71246293 -27.72078921  142.71244278 
112 -27.72082487  142.71237228 -27.72081150  142.71231184 
114 -27.72079367  142.71222623 -27.72079813  142.71216580 
111 -27.72075847  142.71269587 
112 -27.72084998  142.71276824 -27.72086600  142.71277340 
112 -27.72095064  142.71277599 -27.72097809  142.71277082 
112 -27.72101927  142.71267261 -27.72103529  142.71262868 
112 -27.72102156  142.71257958 -27.72101241  142.71257441 
112 -27.72090946  142.71248137 -27.72086371  142.71242452 
112 -27.72082253  142.71242452 -27.72081567  142.71241935 
112 -27.72077449  142.71251755 -27.72075161  142.71254081 
112 -27.72076533  142.71257699 -27.72073788  142.71260284 
113 -27.72076076  142.71268295 
110   4 0.25   0.00 New Taxiway 27
112 -27.71872728  142.70533850 -27.71877847  142.70536163 
112 -27.71935300  142.71123849 -27.71933724  142.71139873 
112 -27.71945808  142.71145808 -27.71952113  142.71152930 
112 -27.71965773  142.71136312 -27.71969451  142.71129190 
112 -27.71973654  142.71114947 -27.71976806  142.71113760 
112 -27.71995195  142.71106638 -27.71997822  142.71119101 
112 -27.72004652  142.71121475 -27.72007804  142.71125036 
112 -27.72016736  142.71114947 -27.72018838  142.71112573 
112 -27.72025668  142.71090020 -27.72029345  142.71080524 
112 -27.72041955  142.71046101 -27.72046158  142.71031857 
112 -27.72056989  142.70963723 -27.72056989  142.70956090 
112 -27.72058115  142.70928102 -27.72055863  142.70925558 
112 -27.72053611  142.70915380 -27.72053611  142.70911564 
112 -27.72065999  142.70887393 -27.72065999  142.70872126 
112 -27.72080640  142.70643134 -27.72078388  142.70627867 
112 -27.72079514  142.70453579 -27.72078388  142.70440857 
112 -27.72091902  142.70445946 -27.72094155  142.70445946 
112 -27.72111048  142.70456123 -27.72111048  142.70457395 
112 -27.72099786  142.70618962 -27.72097533  142.70635501 
112 -27.72082892  142.70821239 -27.72080640  142.70853044 
112 -27.72052891  142.71070362 -27.72048115  142.71084929 
112 -27.72050981  142.71117842 -27.72056235  142.71142121 
112 -27.72063399  142.71123777 -27.72071519  142.71121618 
112 -27.72098266  142.71118921 -27.72114028  142.71126474 
112 -27.72083460  142.71133488 -27.72075340  142.71140502 
112 -27.72060056  142.71141582 -27.72048115  142.71150214 
112 -27.72024711  142.71164782 -27.72018024  142.71169638 
112 -27.71998919  142.71176112 -27.71996053  142.71177191 
112 -27.71933006  142.71160466 -27.71926797  142.71158847 
111 -27.71920404  142.71163140 
111 -27.71909911  142.71163140 
111 -27.71911410  142.71141128 
111 -27.71920404  142.71141128 
111 -27.71921903  142.71136048 
111 -27.71914408  142.71100489 
111 -27.71909911  142.71063237 
111 -27.71899418  142.70998892 
111 -27.71896420  142.70970106 
111 -27.71893422  142.70943014 
111 -27.71891923  142.70905762 
111 -27.71884428  142.70882056 
111 -27.71879931  142.70787232 
111 -27.71869438  142.70744900 
111 -27.71869438  142.70675475 
113 -27.71849951  142.70521387 
14  -27.72041232  142.71183973    6 0 New Tower Viewpoint 4
15  -27.72032968  142.71084871  90.92 New Ramp Start 2
19  -27.72036782  142.71053273 0 New Windsock 3
1      351 0 0 YJAK [X] JACKSON
100   38.10   1   0 0.25 0 0 0 17  -27.63736725  142.40434855   67.06    0.00 2  0 0 0 35  -27.65481289  142.40614086   96.01    0.00 2  0 0 0
110   1 0.25   0.00 New Taxiway 5
111 -27.63798487  142.40193799 
111 -27.63877550  142.40197926 
111 -27.63875722  142.40222686 
112 -27.63884862  142.40249510 -27.63896744  142.40255701 
112 -27.63913196  142.40294905 -27.63913196  142.40313476 
111 -27.63905884  142.40411487 
112 -27.63909540  142.40430057 -27.63915937  142.40436247 
111 -27.63915937  142.40438311 
111 -27.63801689  142.40431089 
111 -27.63808086  142.40296968 
112 -27.63806491  142.40281231 -27.63803976  142.40275554 
113 -27.63795291  142.40267049 
111 -27.63817640  142.40394188 
112 -27.63830088  142.40420497 -27.63843822  142.40432124 
112 -27.63873350  142.40430574 -27.63875410  142.40428248 
112 -27.63887084  142.40403444 -27.63888458  142.40387942 
111 -27.63893264  142.40306552 
112 -27.63869230  142.40273997 -27.63852749  142.40273222 
112 -27.63837477  142.40275547 -27.63830131  142.40279682 
114 -27.63822535  142.40299576 -27.63820475  142.40314304 
110   4 0.25   0.00 New Taxiway 3
111 -27.65932160  142.40423318 
111 -27.65892207  142.40424023 
111 -27.64878435  142.40323582 
111 -27.64545443  142.40289312 
111 -27.64191103  142.40224346 
111 -27.64145471  142.40212715 
112 -27.64095424  142.40204407 -27.64068928  142.40201084 
111 -27.63884120  142.40146254 
112 -27.63886386  142.40156485 -27.63887141  142.40163306 
112 -27.63881098  142.40172685 -27.63878832  142.40176948 
111 -27.63860703  142.40182064 
111 -27.63836532  142.40180359 
111 -27.63834266  142.40198264 
111 -27.63796497  142.40227254 
111 -27.63750420  142.40223843 
111 -27.63751175  142.40150517 
111 -27.63801980  142.40148812 
111 -27.63801785  142.40136022 
111 -27.63838624  142.40136105 
112 -27.63846351  142.40155633 -27.63848618  142.40158191 
112 -27.63868257  142.40161601 -27.63881098  142.40161601 
112 -27.63869768  142.40146254 -27.63869012  142.40143696 
112 -27.63836532  142.40127496 -27.63823691  142.40119822 
112 -27.63760995  142.40061844 -27.63756463  142.40055023 
112 -27.63685459  142.39954413 -27.63680927  142.39947592 
111 -27.63660532  142.39948444 
112 -27.63430063  142.40160897 -27.63422020  142.40167706 
111 -27.63396886  142.40213098 
111 -27.63373762  142.40278916 
112 -27.63396886  142.40278916 -27.63408950  142.40281186 
112 -27.63430063  142.40295938 -27.63449166  142.40298208 
112 -27.63454193  142.40251681 -27.63455198  142.40236929 
112 -27.63445144  142.40183593 -27.63441123  142.40162032 
112 -27.63466258  142.40135932 -27.63474301  142.40129123 
112 -27.63520549  142.40131392 -27.63530603  142.40131392 
112 -27.63530603  142.40199480 -27.63533619  142.40231255 
112 -27.63449166  142.40293668 -27.63438107  142.40306151 
112 -27.63410961  142.40301612 -27.63410961  142.40300477 
112 -27.63373762  142.40291399 -27.63367729  142.40295938 
111 -27.63358681  142.40319769 
111 -27.62832137  142.40965155 
111 -27.62817794  142.40961917 
112 -27.63356118  142.40313431 -27.63357032  142.40309304 
112 -27.63391764  142.40213360 -27.63394506  142.40204075 
111 -27.63422840  142.40157650 
112 -27.63487733  142.40095751 -27.63490475  142.40093687 
111 -27.63491389  142.40076149 
111 -27.63459399  142.40025598 
111 -27.63512411  142.39961635 
112 -27.63555369  142.40016313 -27.63563594  142.40021471 
111 -27.63575476  142.40017344 
112 -27.63797212  142.39814889 -27.63808199  142.39804037 
111 -27.63801332  142.39787759 
111 -27.63440670  142.39290296 
111 -27.63409040  142.39280684 
111 -27.63351864  142.39393282 
111 -27.63346998  142.39393282 
111 -27.63399308  142.39272445 
111 -27.63406607  142.39249101 
111 -27.63356730  142.39174951 
111 -27.63357947  142.39170832 
112 -27.64035638  142.40106362 -27.64089071  142.40183128 
111 -27.64179746  142.40210545 
111 -27.64309281  142.40241617 
111 -27.64578067  142.40285484 
113 -27.65893215  142.40418057 
112 -27.63684537  142.39934912 -27.63684537  142.39939571 
111 -27.63689696  142.39945395 
112 -27.63770180  142.40053715 -27.63783079  142.40065945 
112 -27.63821774  142.40102231 -27.63836529  142.40115684 
112 -27.63885336  142.40131699 -27.63905766  142.40141308 
111 -27.64091344  142.40188073 
111 -27.64119153  142.40193198 
112 -27.64088507  142.40171417 -27.64069211  142.40157964 
111 -27.64032929  142.40110921 
111 -27.63818821  142.39818435 
111 -27.63803007  142.39819808 
113 -27.63688653  142.39925543 
110   4 0.25 174.80 New Taxiway 9
111 -27.63810433  142.40238422 
111 -27.63811366  142.40354032 
111 -27.65492918  142.40523188 
112 -27.65526107  142.40552627 -27.65542702  142.40571361 
112 -27.65523736  142.40659678 -27.65514254  142.40689117 
111 -27.65447875  142.40694470 
111 -27.63814257  142.40542483 
112 -27.63757605  142.40529693 -27.63729656  142.40519462 
112 -27.63667716  142.40440166 -27.63656386  142.40406060 
112 -27.63719081  142.40372807 -27.63740231  142.40369397 
111 -27.63776489  142.40354049 
113 -27.63775733  142.40237237 
120 Linear Feature 8
111 -27.63889308  142.40376321   4 
115 -27.63908125  142.40377309 
120 Linear Feature 7
111 -27.63804692  142.40367760   4 
115 -27.63818488  142.40368850 