1       69 0 0 EICA Connemara
100   17.98   1   2 0.00 0 0 0 05   53.22866116 -009.47082053    0.00   29.87 1  0 0 0 23   53.23232192 -009.46483133    0.00   29.87 1  0 0 0
110   1 0.00  63.12 Apron
111  53.23138648 -009.46840487 
112  53.23151584 -009.46840182  53.23156328 -009.46837134 
111  53.23151584 -009.46840182 
111  53.23179020 -009.46827666 
111  53.23204511 -009.46852949 
111  53.23189939 -009.46899472 
111  53.23167919 -009.46879997 
111  53.23155128 -009.46922193 
111  53.23122909 -009.46895212 
113  53.23133143 -009.46860232 
110   1 0.00 154.27 Taxiway
111  53.23086351 -009.46740681 
112  53.23086351 -009.46740681  53.23078057 -009.46753982 
112  53.23077983 -009.46793180  53.23085724 -009.46799462 
111  53.23077983 -009.46793180 
111  53.23138648 -009.46840487 
111  53.23133143 -009.46860232 
111  53.23069189 -009.46806948 
112  53.23069189 -009.46806948  53.23062389 -009.46801268 
112  53.23042312 -009.46813169  53.23035836 -009.46824259 
113  53.23042312 -009.46813169 
130 Airport Boundary
111  53.23084624 -009.46784919 
111  53.23142112 -009.46826721 
111  53.23153610 -009.46806385 
111  53.23244915 -009.46871913 
111  53.23206485 -009.46968482 
111  53.23079258 -009.46865585 
111  53.22872255 -009.47170176 
111  53.22828293 -009.47105778 
111  53.22837086 -009.47073014 
111  53.22989261 -009.46813164 
111  53.23009551 -009.46804125 
111  53.23244239 -009.46421128 
113  53.23269263 -009.46466320 
14   53.23168962 -009.46883918    9 0 Tower Viewpoint
15   53.23186659 -009.46866310  42.29 Islander Stand 1
15   53.23171562 -009.46842710  11.00 Islander Stand 2
15   53.23145402 -009.46885170  61.45 Islander Stand 3
19   53.23147553 -009.46761063 0 WS
1       40 0 0 EIIR Inisheer
100   17.98   1   0 0.00 0 2 0 13   53.05987778 -009.50975446   29.87    0.00 2  0 0 1 31   53.05744622 -009.50258354   29.87    0.00 2  0 0 1
21   53.05961443 -009.50833362  2 123.90   3.50 13  PAPI-4L
21   53.05766660 -009.50386049  2 302.96   3.50 31  PAPI-4L
110   1 0.00 202.86 Apron
111  53.05914471 -009.50786029 
112  53.05914471 -009.50786029  53.05911108 -009.50778725 
112  53.05900933 -009.50780135  53.05897757 -009.50782466 
111  53.05900933 -009.50780135 
111  53.05878364 -009.50797397 
111  53.05875629 -009.50786937 
111  53.05873539 -009.50788304 
111  53.05867980 -009.50767711 
112  53.05892266 -009.50751000  53.05895535 -009.50748668 
112  53.05897554 -009.50736511  53.05895966 -009.50729052 
113  53.05897554 -009.50736511 
130 Airport Boundary
112  53.05712298 -009.50430488  53.05709149 -009.50408722 
112  53.05696248 -009.50267116  53.05696638 -009.50231414 
111  53.05696248 -009.50267116 
111  53.05732125 -009.50206637 
111  53.05751481 -009.50210564 
111  53.05818296 -009.50274539 
112  53.05818296 -009.50274539  53.05863553 -009.50344645 
112  53.05917425 -009.50514705  53.05935372 -009.50604284 
111  53.05917425 -009.50514705 
111  53.05921948 -009.50561325 
111  53.05931198 -009.50615664 
111  53.05933293 -009.50649724 
112  53.05933293 -009.50649724  53.05934931 -009.50668500 
112  53.05954102 -009.50698348  53.05959562 -009.50704405 
111  53.05954102 -009.50698348 
111  53.05958358 -009.50716643 
111  53.05984250 -009.50780377 
111  53.05997919 -009.50841433 
112  53.05997919 -009.50841433  53.06008111 -009.50855666 
111  53.06017235 -009.50883061 
111  53.06030213 -009.50944132 
112  53.06030213 -009.50944132  53.06032033 -009.50953823 
112  53.06030022 -009.50975743  53.06028384 -009.50984828 
111  53.06030022 -009.50975743 
111  53.06012624 -009.51098460 
112  53.06012624 -009.51098460  53.06010573 -009.51112567 
112  53.05996309 -009.51122656  53.05987694 -009.51124704 
111  53.05996309 -009.51122656 
111  53.05968999 -009.51127967 
111  53.05958713 -009.51001088 
111  53.05945590 -009.50985154 
111  53.05892538 -009.51005014 
111  53.05884041 -009.50932752 
111  53.05850995 -009.50945320 
112  53.05846396 -009.50872513  53.05842932 -009.50841033 
111  53.05830930 -009.50789563 
112  53.05830930 -009.50789563  53.05794956 -009.50664976 
111  53.05755470 -009.50580544 
111  53.05782000 -009.50559123 
111  53.05764834 -009.50468894 
111  53.05727380 -009.50495508 
114  53.05727380 -009.50495508  53.05722777 -009.50483820 
14   53.05875675 -009.50792251    9 0 Tower Viewpoint
15   53.05882548 -009.50776800 128.95 Islander Stand
18   53.05856872 -009.50760466 1 BCN
19   53.05861571 -009.50698027 1 WS
1       15 0 0 EIMN Inishmaan
100   20.12   1   0 0.00 0 2 0 13   53.09507700 -009.57115200   28.96    0.00 2  0 0 1 31   53.09105900 -009.56512200   22.86    0.00 2  0 0 1
100   20.12   3   0 0.00 0 0 0 05   53.09479908 -009.57055621    0.00    0.00 0  0 0 0 23   53.09681164 -009.56764275    0.00    0.00 1  0 0 0
110   1 0.00  49.01 Apron
111  53.09501640 -009.57126261 
112  53.09501640 -009.57126261  53.09480536 -009.57165647 
111  53.09464409 -009.57176927 
111  53.09469290 -009.57185238 
111  53.09455454 -009.57213910 
111  53.09463332 -009.57227004 
111  53.09449187 -009.57255389 
111  53.09435033 -009.57225579 
111  53.09428026 -009.57227246 
111  53.09419017 -009.57211576 
111  53.09440639 -009.57170235 
112  53.09451050 -009.57161234  53.09456147 -009.57160406 
111  53.09451050 -009.57161234 
112  53.09451050 -009.57161234  53.09467210 -009.57158749 
112  53.09493698 -009.57114406  53.09505606 -009.57089066 
113  53.09493698 -009.57114406 
110   3 0.00 221.63 Grass Parking
111  53.09493698 -009.57114406 
112  53.09493698 -009.57114406  53.09481790 -009.57139745 
112  53.09451050 -009.57161234  53.09434889 -009.57163718 
111  53.09451050 -009.57161234 
112  53.09451050 -009.57161234  53.09445953 -009.57162062 
111  53.09440639 -009.57170235 
112  53.09440639 -009.57170235  53.09442752 -009.57165888 
111  53.09419017 -009.57211576 
111  53.09428026 -009.57227246 
111  53.09421754 -009.57229210 
111  53.09388940 -009.57181168 
112  53.09388940 -009.57181168  53.09384420 -009.57173982 
112  53.09389821 -009.57155497  53.09394444 -009.57148824 
111  53.09389821 -009.57155497 
113  53.09458120 -009.57060961 
130 Airport Boundary
112  53.09499323 -009.56898743  53.09506736 -009.56888348 
111  53.09499323 -009.56898743 
111  53.09633158 -009.56711457 
111  53.09665831 -009.56663328 
111  53.09687823 -009.56671698 
111  53.09728036 -009.56770049 
111  53.09637556 -009.56908159 
111  53.09633786 -009.56932224 
111  53.09488141 -009.57180311 
111  53.09481618 -009.57169663 
111  53.09472228 -009.57188167 
111  53.09479041 -009.57199102 
111  53.09449299 -009.57257136 
111  53.09434761 -009.57227121 
111  53.09421729 -009.57230337 
111  53.09363585 -009.57176160 
111  53.09351899 -009.57167279 
111  53.09406736 -009.57088336 
111  53.09028429 -009.56479942 
111  53.09046016 -009.56446264 
111  53.09074742 -009.56474085 
111  53.09121056 -009.56479942 
111  53.09164283 -009.56491362 
111  53.09478736 -009.56896503 
114  53.09478736 -009.56896503  53.09484979 -009.56904299 
14   53.09468200 -009.57198975    9 0 ATC Tower
18   53.09468200 -009.57198975 1 BCN
19   53.09483851 -009.56957658 0 WS
1       29 0 0 EIIM Inishmore
100   17.98   1   0 0.00 0 2 0 14   53.10856150 -009.65641695   53.04    0.00 2  0 0 0 32   53.10514720 -009.64991212   43.89    0.00 2  0 0 0
110   1 0.00 120.60 Apron
111  53.10507965 -009.65330859 
111  53.10527869 -009.65387939 
111  53.10513761 -009.65405097 
111  53.10489576 -009.65336650 
113  53.10503601 -009.65320286 
110   1 0.00 216.81 Taxiway
111  53.10613999 -009.65200644 
112  53.10613999 -009.65200644  53.10612819 -009.65199220 
112  53.10610162 -009.65200680  53.10609513 -009.65201515 
111  53.10610162 -009.65200680 
111  53.10507965 -009.65330859 
111  53.10503601 -009.65320286 
111  53.10605558 -009.65191759 
112  53.10605558 -009.65191759  53.10606324 -009.65190875 
112  53.10606006 -009.65185482  53.10605180 -009.65183566 
113  53.10606006 -009.65185482 
110   3 0.00 217.06 Grass Apron
111  53.10567986 -009.65254404 
112  53.10567848 -009.65306747  53.10565468 -009.65319303 
112  53.10550393 -009.65353665  53.10547219 -009.65359612 
111  53.10527869 -009.65387939 
113  53.10507965 -009.65330859 
110   5 0.00 187.64 Car Park
111  53.10513761 -009.65405097 
111  53.10503374 -009.65416997 
111  53.10495437 -009.65395799 
113  53.10505374 -009.65381578 
130 Airport Boundary
112  53.10555585 -009.64975198  53.10568257 -009.64964204 
111  53.10555585 -009.64975198 
111  53.10894650 -009.65621028 
112  53.10894650 -009.65621028  53.10883033 -009.65644733 
112  53.10842310 -009.65654188  53.10824595 -009.65648383 
111  53.10842310 -009.65654188 
111  53.10805091 -009.65640626 
111  53.10743244 -009.65506028 
111  53.10620263 -009.65288178 
111  53.10534343 -009.65391872 
111  53.10543476 -009.65418739 
111  53.10513087 -009.65449201 
111  53.10461285 -009.65294177 
111  53.10551836 -009.65155346 
111  53.10480909 -009.65028324 
112  53.10480909 -009.65028324  53.10486482 -009.65009210 
112  53.10524567 -009.64960812  53.10535128 -009.64954655 
111  53.10524567 -009.64960812 
114  53.10524567 -009.64960812  53.10535920 -009.64983240 
14   53.10530490 -009.65396324    9 0 Tower Viewpoint
15   53.10537807 -009.65339574 125.44 Grass parking
15   53.10514403 -009.65372446  55.91 Islander Stand
18   53.10553791 -009.65362860 1 BCN
19   53.10596466 -009.65307956 0 WS