1     2200 1 0 CYXD Edmonton City Centre (Blatchford Fld)
100   60.96   1   0 0.25 0 2 1 12   53.57777800 -113.52833300  243.84    0.00 2  0 0 0 30   53.56555600 -113.51000000  361.80    0.00 2  0 0 0
100   60.96   1   0 0.25 0 3 1 16   53.58055600 -113.51166900  152.40    0.00 2  0 0 1 34   53.56444400 -113.51166900  164.59    0.00 3 10 0 0
21   53.57510990 -113.52326401  2 138.30   3.00 12  PAPI-4L
21   53.57738466 -113.51087356  2 180.00   3.00 16  PAPI-4L
21   53.56901763 -113.51625533  2 318.32   3.00 30  PAPI-4L
10   53.56851600 -113.51756300 xxx  48.00   130 0.0 0.0    75 161161  1 0 0 0.25 0
10   53.58014700 -113.51184800 xxx  90.00   154 0.0 0.0   100 161161  1 0 0 0.25 0
10   53.58004400 -113.51314500 xxx   0.00   183 0.0 0.0    90 101101  1 0 0 0.25 0
10   53.57385300 -113.51110100 xxx  90.00   500 0.0 0.0    75 161161  1 0 0 0.25 0
10   53.57053800 -113.51957700 xxx  48.00   454 0.0 0.0    75 161161  1 0 0 0.25 0
10   53.57161700 -113.52298000 xxx 138.00  1500 0.0 0.0   480 161161  1 0 0 0.25 0
10   53.56484200 -113.51409900 xxx  90.00   490 0.0 0.0    97 161161  1 0 0 0.25 0
10   53.57738900 -113.51669300 xxx 148.00   580 0.0 0.0    75 161161  1 0 0 0.25 0
10   53.57953600 -113.51096300 xxx 148.00   592 0.0 0.0    75 101101  1 0 0 0.25 0
10   53.57740400 -113.52858700 xxx  48.00   784 0.0 0.0    75 161161  1 0 0 0.25 0
10   53.56574600 -113.51563300 xxx   0.00   755 0.0 0.0   200 161161  1 0 0 0.25 0
10   53.57708700 -113.50981100 xxx   0.00  1000 0.0 0.0    77 161161  1 0 0 0.25 0
10   53.56581900 -113.51039900 xxx  48.00  1163 0.0 0.0   100 161161  1 0 0 0.25 0
10   53.56754700 -113.50790400 xxx 138.00   800 0.0 0.0   488 161161  1 0 0 0.25 0
10   53.57918200 -113.51470200 xxx  58.00  1500 0.0 0.0    75 161161  1 0 0 0.25 0
10   53.57513400 -113.52706900 xxx 138.00  1600 0.0 0.0    75 161161  1 0 0 0.25 0
10   53.56819200 -113.51834900 xxx 138.00  1700 0.0 0.0   300 161161  1 0 0 0.25 0
10   53.57806800 -113.52219400 xxx  90.00  2220 0.0 0.0    98 161161  1 0 0 0.25 0
10   53.57181900 -113.50882700 xxx   0.00  2845 0.0 0.0   500 161161  1 0 0 0.25 0
10   53.57601900 -113.51705900 xxx  58.00  3670 0.0 0.0   200 161161  1 0 0 0.25 0
10   53.56722300 -113.51454200 xxx  48.00   460 0.0 0.0    75 161161  1 0 0 0.25 0
10   53.56871000 -113.51730300 xxx 138.00  1580 0.0 0.0    75 161161  1 0 0 0.25 0
18   53.57250261 -113.50843547 1 BCN
19   53.57873502 -113.52791283 1 WS
19   53.58110460 -113.51028292 1 WS
19   53.56459905 -113.51042045 1 WS
19   53.56389540 -113.51305452 1 WS
50 12540 ATIS
50 12862 AWOS
52 12130 CLNC DEL
53 12190 GND
54 11910 MF RED DEER RDO
54 11910 TWR
54 12245 AIR AMBULANCE
55 11950 ARR/DEP
1     2436 0 1 EZ3  Edmonton Cooking Lake
100   22.86   1   0 0.25 0 2 0 10   53.42921795 -113.12103848    0.00    0.00 2 12 0 0 28   53.42517205 -113.10927752    0.00    0.00 2 12 0 0
21   53.42855532 -113.11819248  1 120.00   3.00 10  VASI
21   53.42583496 -113.11212308  1 300.01   3.00 28  VASI
110   1 0.30 120.00 Default taxiway for RWY 10
111  53.42913081 -113.12112290   3 102 
111  53.42868344 -113.12155633   3 102 
111  53.42463812 -113.10979420   3 102 
111  53.42508549 -113.10936081 
112  53.42518833 -113.10965985  53.42513496 -113.10951222   3 102 
111  53.42502806 -113.10961578   3 102 
112  53.42488553 -113.10975386  53.42477862 -113.10985742   3 102 
111  53.42483004 -113.11000694   3 102 
111  53.42672415 -113.11551420   3 102 
111  53.42708244 -113.11516710 
111  53.42713386 -113.11531662   3 102 
111  53.42677557 -113.11566372   3 102 
112  53.42866967 -113.12117098  53.42872110 -113.12132050   3 102 
111  53.42882801 -113.12121693   3 102 
112  53.42897054 -113.12107884  53.42907744 -113.12097527   3 102 
113  53.42902796 -113.12082386 
120 Default hold RWY 10 (near)
111  53.42895069 -113.12129740   4 
115  53.42889927 -113.12114788 
120 Default hold RWY 10 (centre)
111  53.42695374 -113.11549111   4 
115  53.42690232 -113.11534159 
120 Default hold RWY 10 (far)
111  53.42495679 -113.10968482   4 
115  53.42490537 -113.10953530 
18   53.42781738 -113.11455466 1 BCN
19   53.42958687 -113.12107975 1 WS
19   53.42480313 -113.10923636 1 WS
1     2373 1 0 CYEG Edmonton Intl
100   60.96   1   0 0.00 0 2 1 12   53.30773100 -113.59527712    0.00    0.00 3  7 0 0 30   53.28787929 -113.56228939    0.00    0.00 3 10 0 0
100   60.96   1   0 0.00 0 2 1 02   53.30966229 -113.59610959    0.00    0.00 3 10 0 0 20   53.33425697 -113.56684819    0.00    0.00 2  3 0 0
21   53.31057529 -113.59599719  2  35.39   3.00 02  PAPI-4L
21   53.33082890 -113.57007111  2 215.41   3.00 20  PAPI-4L
21   53.28749400 -113.56353201  1 315.20   3.00 30  VASI
110   1 0.00   0.00 New Taxiway 4
111  53.30956586 -113.58925268 
111  53.30980936 -113.58925268   3 102 
111  53.30973097 -113.59184628 
113  53.30944918 -113.59184634   3 102 
110   1 0.00   0.00 New Taxiway 3
111  53.30610419 -113.58790447   3 102 
111  53.30648324 -113.58789359   3 102 
111  53.30648420 -113.58759449 
111  53.30696283 -113.58867649   3 102 
113  53.30693772 -113.58927675 
110   1 0.00   0.00 New Taxiway 2
111  53.30390889 -113.58421185   3 102 
111  53.30422991 -113.58421400   3 102 
111  53.30435135 -113.58403936 
111  53.30451089 -113.58429228   3 102 
111  53.30437590 -113.58450193   3 102 
113  53.30437805 -113.58500441 
110   1 0.00   0.00 New Taxiway 1
111  53.31001088 -113.58895758   3 102 
111  53.30980936 -113.58925268 
111  53.30956586 -113.58925268   3 102 
111  53.30931396 -113.58925268   3 102 
111  53.30932235 -113.59010986   3 102 
111  53.30907045 -113.59012391   3 102 
111  53.30886893 -113.59062979   3 102 
111  53.30854986 -113.59064384   3 102 
111  53.30836513 -113.59012391   3 102 
111  53.30834834 -113.58904184   3 102 
111  53.30811322 -113.58878890   3 102 
111  53.30696283 -113.58867649 
111  53.30648420 -113.58759449   3 102 
111  53.30451089 -113.58429228 
111  53.30435135 -113.58403936   3 102 
111  53.30506510 -113.58281689   3 102 
111  53.30448570 -113.58184734   3 102 
111  53.30505670 -113.58087780   3 102 
111  53.30538419 -113.58084969   3 102 
111  53.30625748 -113.57924783   3 102 
111  53.30728192 -113.57924783   3 102 
111  53.30728189 -113.58226635   3 102 
111  53.30880175 -113.58454502   3 102 
111  53.31164823 -113.58458718   3 102 
111  53.31236194 -113.58624540   3 102 
111  53.31206806 -113.58672319   3 102 
111  53.31237874 -113.58739773   3 102 
111  53.31184247 -113.58811723   3 102 
111  53.31206918 -113.58865124   3 102 
111  53.31234256 -113.58876657 
111  53.31150184 -113.58976206   3 102 
112  53.31113501 -113.58906961  53.31075763 -113.58903989 
111  53.31113501 -113.58906961 
114  53.31113501 -113.58906961  53.31108487 -113.58908285   3 102 
110   1 0.00   0.00 New Taxiway 3
111  53.29345144 -113.57040972   3 102 
111  53.29370856 -113.57144207 
111  53.29315024 -113.57052033   3 102 
111  53.29314674 -113.56688993 
111  53.29380052 -113.56803285   3 102 
114  53.29345144 -113.56820982  53.29341471 -113.56846791   3 102 
110   1 0.00   0.00 New Taxiway 2
111  53.29681056 -113.57654935   3 102 
111  53.29679765 -113.57292414 
111  53.29679765 -113.57292414 
111  53.29743510 -113.57398050   3 102 
112  53.29710196 -113.57405066  53.29705947 -113.57414207   3 102 
111  53.29709589 -113.57635636   3 102 
113  53.29735087 -113.57748382 
110   1 0.00   0.00 New Taxiway 1
111  53.29995626 -113.58179610   3 102 
111  53.30043040 -113.58205311   3 102 
111  53.30225848 -113.58202311 
111  53.30259239 -113.58257064   3 102 
113  53.30043040 -113.58258947 
110   1 0.00   0.00 New Taxiway 1
111  53.30340189 -113.58756653   3 102 
111  53.30414621 -113.58811055   3 102 
111  53.30594400 -113.58808811 
111  53.30626054 -113.58861784   3 102 
113  53.30407776 -113.58865457 
110   1 0.00   0.00 New Taxiway 2
111  53.29006513 -113.56538934 
111  53.28954036 -113.56448128   3 102 
111  53.29027612 -113.56325049   3 102 
111  53.29063544 -113.56323618   3 102 
111  53.29105465 -113.56389451   3 102 
111  53.29161342 -113.56386303 
111  53.29169668 -113.56447507   3 102 
111  53.29145471 -113.56429697   3 102 
111  53.29017757 -113.56436055   3 102 
113  53.29001303 -113.56466818   3 102 
110   1 0.00   0.00 New Taxiway 1
111  53.31661424 -113.58361477   3 102 
111  53.31660922 -113.58307079   3 102 
111  53.31625738 -113.58228137   3 102 
111  53.31600286 -113.58226884   3 102 
111  53.31559861 -113.58132905   3 
111  53.31559112 -113.58076518   3 102 
111  53.31598040 -113.58075265   3 102 
111  53.31598040 -113.58099073   3 102 
111  53.31635470 -113.58097820   3 102 
111  53.31636219 -113.58181774   3 102 
111  53.31683381 -113.58290790   3 102 
113  53.31720774 -113.58292915 
110   1 0.00   0.00 New Taxiway 4
111  53.32007333 -113.57956958 
111  53.31948652 -113.58025451   3 102 
111  53.31948652 -113.58025451   3 102 
111  53.31948652 -113.58025451   3 102 
111  53.31948238 -113.57974728   3 102 
111  53.31835715 -113.57712591   3 102 
111  53.31798593 -113.57710650   3 102 
111  53.31722031 -113.57801912   3 102 
111  53.31693030 -113.57743659   3 102 
111  53.31764952 -113.57664048   3 102 
111  53.31778873 -113.57689290   3 102 
111  53.31810194 -113.57648514   3 102 
111  53.31783513 -113.57584436   3 102 
111  53.31803234 -113.57559193   3 102 
111  53.31826434 -113.57609678   3 102 
111  53.31851955 -113.57609678   3 102 
111  53.31853115 -113.57565018   3 102 
111  53.31907637 -113.57502882   3 102 
111  53.31945918 -113.57582494   3 102 
111  53.31899517 -113.57638805   3 102 
111  53.31863555 -113.57640747   3 102 
111  53.31858915 -113.57693174   3 102 
113  53.31972599 -113.57955311   3 102 
110   1 0.00   0.00 New Taxiway 3
111  53.32262252 -113.57476122 
111  53.32246564 -113.57506762   3 102 
112  53.32189913 -113.57462991  53.32155923 -113.57503843   3 102 
111  53.32127645 -113.57536434   3 102 
111  53.32084939 -113.57445974   3 102 
111  53.32220030 -113.57289858   3 102 
111  53.32242961 -113.57320077 
113  53.32261865 -113.57375941   3 102 
110   1 0.00   0.00 New Taxiway 1
111  53.32265694 -113.57253577   3 102 
111  53.32306160 -113.57288344   3 102 
111  53.32306160 -113.57345247   3 102 
111  53.32261865 -113.57375941 
112  53.32242961 -113.57320077  53.32240714 -113.57313924 
111  53.32242961 -113.57320077 
112  53.32242961 -113.57320077  53.32242006 -113.57309820   3 102 
113  53.32242826 -113.57255246 
110   1 0.00   0.00 New Taxiway 1
111  53.31249177 -113.58902446   3 102 
112  53.31422330 -113.58949529  53.31432252 -113.58949160   3 102 
112  53.31491193 -113.58935347  53.31487729 -113.58941145 
111  53.31491193 -113.58935347 
112  53.31491193 -113.58935347  53.31488768 -113.58938826 
111  53.31441708 -113.58996321   3 102 
113  53.31205142 -113.58951830 
110   1 0.00   0.00 New Taxiway 3
111  53.31624461 -113.58458955 
111  53.31666762 -113.58409243   3 102 
112  53.31800040 -113.58448525  53.31834653 -113.58455953   3 102 
112  53.31906012 -113.58442090  53.31902725 -113.58447739 
113  53.31853447 -113.58503785   3 102 
110   1 0.00   0.00 New Taxiway 1
111  53.32517511 -113.57405843   3 102 
111  53.32653543 -113.57448017   3 102 
112  53.32683287 -113.57516918  53.32697659 -113.57550458 
111  53.32683287 -113.57516918 
112  53.32683287 -113.57516918  53.32681552 -113.57520076 
112  53.32624774 -113.57584143  53.32623234 -113.57578196   3 102 
112  53.32607155 -113.57478293  53.32560116 -113.57461578 
111  53.32607155 -113.57478293 
112  53.32607155 -113.57478293  53.32591179 -113.57476807   3 102 
113  53.32471149 -113.57463303 
110   1 0.00   0.00 New Taxiway 3
111  53.32654646 -113.57144378   3 102 
112  53.32629829 -113.57092307  53.32628080 -113.57090354   3 
112  53.32575595 -113.57152842  53.32573845 -113.57149913   3 102 
112  53.32525442 -113.57034701  53.32527775 -113.57029819 
111  53.32525442 -113.57034701 
112  53.32525442 -113.57034701  53.32530982 -113.57026890   3 102 
112  53.32600890 -113.56946706  53.32602566 -113.56950001   3 102 
113  53.32675159 -113.57115161 
110   1 0.00   0.00 New Taxiway 2
111  53.32646695 -113.57203619   3 102 
111  53.32654646 -113.57144378 
111  53.32675159 -113.57115161   3 102 
113  53.32712513 -113.57126261 
110   1 0.00  35.39 Main RWY 02
111  53.31013876 -113.59506333   3 102 
111  53.30898171 -113.59312963   3 102 
111  53.30771596 -113.59473339 
111  53.30722034 -113.59387362   3 102 
111  53.30801599 -113.59381635   3 102 
111  53.30837754 -113.59318211   3 102 
111  53.30836526 -113.59212516 
111  53.30854976 -113.59184133   3 102 
111  53.30883264 -113.59234493   3 102 
111  53.30923530 -113.59233312   3 102 
111  53.30944918 -113.59184634 
111  53.30973097 -113.59184628   3 102 
111  53.31150184 -113.58976206 
111  53.31234256 -113.58876657   3 102 
111  53.31661424 -113.58361477 
111  53.31720774 -113.58292915   3 102 
111  53.31948652 -113.58025451 
111  53.32007333 -113.57956958   3 102 
111  53.32280614 -113.57632627 
111  53.32329183 -113.57575696   3 102 
111  53.32646695 -113.57203619 
111  53.32712513 -113.57126261   3 102 
111  53.33185044 -113.56569660   3 102 
111  53.33221707 -113.56567498   3 102 
111  53.33265019 -113.56661285   3 102 
111  53.33264300 -113.56829821 
112  53.33211898 -113.56890078  53.33208872 -113.56894462   3 102 
111  53.33213191 -113.56774747   3 102 
112  53.33171548 -113.56681869  53.33169177 -113.56678469   3 102 
111  53.33130440 -113.56682115   3 102 
111  53.32517511 -113.57405843 
111  53.32471149 -113.57463303   3 102 
111  53.32302110 -113.57657384 
111  53.32229747 -113.57745862   3 102 
111  53.31666762 -113.58409243 
111  53.31624461 -113.58458955   3 102 
111  53.31249177 -113.58902446 
111  53.31205142 -113.58951830   3 102 
112  53.30971046 -113.59229708  53.30968945 -113.59236252   3 102 
111  53.30969838 -113.59343087   3 102 
112  53.31013149 -113.59426787  53.31013973 -113.59426500   3 102 
113  53.31080661 -113.59425902 
110   1 0.00 135.18 Default taxiway for RWY 12
111  53.30390889 -113.58421185 
111  53.30437805 -113.58500441   3 102 
111  53.30610419 -113.58790447 
111  53.30693772 -113.58927675   3 102 
111  53.30854976 -113.59184133 
111  53.30836526 -113.59212516   3 102 
111  53.30626054 -113.58861784 
111  53.30594400 -113.58808811   3 102 
111  53.30259239 -113.58257064 
111  53.30225848 -113.58202311   3 102 
111  53.29743510 -113.57398050 
111  53.29679765 -113.57292414   3 102 
111  53.29380052 -113.56803285 
111  53.29314674 -113.56688993   3 102 
111  53.29169668 -113.56447507 
111  53.29161342 -113.56386303   3 102 
113  53.29559251 -113.57047101   3 102 
110   1 0.00   0.00 New Taxiway 2
111  53.32242220 -113.57970566   3 102 
112  53.32229747 -113.57745862  53.32170374 -113.57755222 
111  53.32302110 -113.57657384   3 102 
111  53.32270277 -113.58010629 
113  53.32208514 -113.58084606   3 102 
110   1 0.00   0.00 New Taxiway 2
111  53.32208147 -113.57183844   3 102 
111  53.32256823 -113.57182885   3 102 
112  53.32256482 -113.57137769  53.32256317 -113.57134825   3 102 
112  53.32340292 -113.57137769  53.32342583 -113.57138145 
111  53.32340292 -113.57137769   3 102 
111  53.32339452 -113.57251176   3 102 
111  53.32265694 -113.57253577 
111  53.32242826 -113.57255246   3 102 
111  53.32242826 -113.57230779   3 102 
112  53.32207702 -113.57230623  53.32204647 -113.57231425 
111  53.32207702 -113.57230623 
114  53.32207702 -113.57230623  53.32207891 -113.57223599   3 102 
110   1 0.00   0.00 New Taxiway 2
111  53.32280614 -113.57632627   3 102 
111  53.32280614 -113.57632627   3 102 
111  53.32280614 -113.57632627   3 102 
111  53.32279743 -113.57580102   3 102 
111  53.32246564 -113.57506762 
111  53.32262252 -113.57476122   3 102 
111  53.32297986 -113.57560746   3 102 
113  53.32329183 -113.57575696 
120 Linear Feature 2
111  53.28986785 -113.56390721   6 104 
115  53.29017757 -113.56436055 
120 Linear Feature 1
111  53.29310614 -113.56926067   6 104 
115  53.29344490 -113.56926067 
120 Linear Feature 15
111  53.29674474 -113.57570357   6 104 
115  53.29711304 -113.57572639 
120 Linear Feature 14
111  53.30121865 -113.58259882   6 104 
115  53.30121865 -113.58203763 
120 Linear Feature 12
111  53.30819550 -113.59413478   6 104 
115  53.30801599 -113.59381635 
120 Linear Feature 11
111  53.31001725 -113.59404126   6 104 
115  53.30973784 -113.59447144 
120 Linear Feature 10
111  53.31379547 -113.58987017   6 104 
115  53.31385586 -113.58938676 
120 Linear Feature 6
111  53.32615578 -113.57484905   6 104 
115  53.32653543 -113.57448017 
120 Linear Feature 7
111  53.32274934 -113.57947517   6 104 
115  53.32246384 -113.57943300 
120 Linear Feature 5
111  53.33266361 -113.56717098   6 104 
115  53.33213191 -113.56774747 
120 Linear Feature 13
111  53.30479138 -113.58868761   6 104 
115  53.30478020 -113.58808915 
120 Default hold RWY 12 (far)
111  53.28663003 -113.56296470   4 
115  53.28643547 -113.56264111 
14   53.31043856 -113.58308277   82 0 New Tower Viewpoint 1
15   53.30887011 -113.58845731  91.20 New Ramp Start 1
18   53.30890338 -113.59393483 1 New Airport Beacon 1
19   53.30990961 -113.59720373 1 WS
19   53.33301111 -113.56730679 1 WS
19   53.30756661 -113.59326673 1 WS
19   53.28630361 -113.56309273 1 WS
20   53.29736902 -113.57303354 312.59  0 2 {@L}A{@Y}{^l}A1{@L}{@@}A{@Y}A1{^r}
20   53.30282547 -113.58187572 314.47  0 2 {@L}A{@Y}{^l}A2{@L}{@@}A{@Y}A2{^r}
20   53.29373484 -113.56711329 133.97  0 2 {@L}A{@Y}{^l}A3{@L}{@@}A{@Y}A3{^r}
20   53.30456785 -113.58452454 225.47  0 2 {@L}AC{@Y}A{^u}
20   53.31229635 -113.58858913 221.51  0 2 {@L}B{@Y}{^l}B4
20   53.31138108 -113.58962912  37.99  0 2 {@L}B{@Y}B4{^r}
20   53.32303306 -113.57745990  82.05  0 2 {@L}B1{@Y}B{^u}
20   53.31649586 -113.58474857 173.21  0 2 {@L}B2{@Y}B{^u}
20   53.31199437 -113.58811001 309.16  0 2 {@L}B4{@Y}{^l}B{^r}|B4{^ru}
20   53.30634256 -113.58765899 225.26  0 2 {@L}I{@Y}A{^u}
20   53.32545415 -113.57397466 168.73  0 2 {@L}N{@Y}B{^u}
20   53.30989348 -113.58939361 266.90  0 2 {@L}Q{@Y}B{^u}
20   53.32678898 -113.57102672 125.21  0 2 {@L}R{@Y}B{^u}
20   53.32300916 -113.57543629 124.61  0 2 {@L}S{@Y}B{^u}
20   53.32234629 -113.57948923 261.96  0 2 {@R}02-20CATI/LOC
20   53.32667640 -113.57446948 308.37  0 2 {@R}02-20CATI/LOC
20   53.31399664 -113.58925290 349.56  0 2 {@R}02-20CATI/LOC
20   53.31016315 -113.59402269 310.29  0 2 {@R}02CATI
20   53.29664925 -113.57586332 271.37  0 2 {@R}12-30CAT{r1}/{r2}{@L}{@@}A1{@Y}A{^u}
20   53.30112166 -113.58186761 180.01  0 2 {@R}12-30CAT{r1}/{r2}{@L}{@@}A2{@Y}A{^u}
20   53.29299968 -113.56937401 270.65  0 2 {@R}12-30CAT{r1}/{r2}{@L}{@@}A3{@Y}A{^u}
20   53.30470197 -113.58788343 179.79  0 2 {@R}12-30CAT{r1}/{r2}{@Y}{@@}{@L}A4{@Y,^l}A{^r}
20   53.30820668 -113.59435260 221.91  0 2 {@R}12CATI
20   53.33202055 -113.56776271 305.74  0 2 {@R}20LOC{@L}{@@}B
20   53.28972205 -113.56392157 227.63  0 2 {@R}30CATII
20   53.28921876 -113.56549209 133.80  0 2 {@Y}{^l}A
20   53.31071720 -113.59399716 221.74  0 2 {@Y}{^l}A
20   53.32228743 -113.57761916  40.17  0 2 {@Y}{^l}B1{@Y}{@@}B1{^r}
20   53.30708020 -113.58894948 135.22  0 2 {@Y}{^l}I{@Y}{@@}I{^r}
20   53.32474280 -113.57477409  33.11  0 2 {@Y}{^l}N{@Y}{@@}N{^r}
20   53.30856432 -113.59159107 136.08  0 2 {@Y}A{^u}
20   53.29672238 -113.57788574 312.54  0 2 {@Y}A1{^r}{@Y}{@@}{^l}A1
20   53.29959081 -113.58274294 312.21  0 2 {@Y}A2{^r}{@Y}{@@}{^l}A2
20   53.29306107 -113.57187836 311.11  0 2 {@Y}A3{^r}{@Y}{@@}{^l}A3
20   53.30614138 -113.58894948 134.42  0 2 {@Y}A4{^r}{@Y}{@@}{^l}A4
20   53.30323787 -113.58879981 312.29  0 2 {@Y}A4{^r}{@Y}{@@}{^l}A4
20   53.30394198 -113.58398219 316.31  0 2 {@Y}AC{^r}{@Y}{@@}{^l}AC
20   53.30706313 -113.59509401 310.66  0 2 {@Y}B{^r}
20   53.33248566 -113.56981712  38.84  0 2 {@Y}B{^r}
20   53.30895549 -113.59340533 222.67  0 2 {@Y}B{^u}
20   53.30995019 -113.59224570  41.04  0 2 {@Y}B{^u}
20   53.32268808 -113.58147731  35.78  0 2 {@Y}B1{^r}{@Y}{@@}{^l}B1
20   53.31927798 -113.58548402  36.13  0 2 {@Y}B2{^r}
20   53.31270781 -113.58894006 351.40  0 2 {@Y}B4{@L}{@@}B4{@Y}{^l}B{^r}|{^u}B4
20   53.31201925 -113.58972708  38.48  0 2 {@Y}B4{^r}{@Y}{@@}{^l}B4
20   53.31522599 -113.59032432  42.38  0 2 {@Y}B4{^r}{@Y}{@@}{^l}B4
20   53.32699036 -113.57638325  37.75  0 2 {@Y}N{^r}{@Y}{@@}{^l}N
20   53.30936788 -113.59172467  87.58  0 2 {@Y}Q{^u}
20   53.32701005 -113.57205940  36.42  0 2 {@Y}R{^r}{@Y}{@@}{^l}R
20   53.32326567 -113.57644318  36.63  0 2 {@Y}S{^r}{@Y}{@@}{^l}S
20   53.31992278 -113.58041134  35.80  0 2 {@Y}T{^r}{@Y}{@@}{^l}T
20   53.31718289 -113.58363342  38.06  0 2 {@Y}U{^r}{@Y}{@@}{^l}U
1     2069 0 1 FB6  Edmonton Josephburg
100   22.86   1   0 0.25 0 2 0 08   53.72805400 -113.09306000    0.00    0.00 2  0 0 0 26   53.72638700 -113.07944000    0.00    0.00 2  0 0 0
110   1 0.30 101.68 Default taxiway for RWY 08
111  53.72795547 -113.09309444   3 102 
111  53.72744961 -113.09327124   3 102 
111  53.72578338 -113.07965069   3 102 
111  53.72628924 -113.07947389 
112  53.72633090 -113.07981442  53.72630787 -113.07964492   3 102 
111  53.72618699 -113.07968717   3 102 
112  53.72602582 -113.07974350  53.72590495 -113.07978574   3 102 
111  53.72592578 -113.07995601   3 102 
111  53.72670682 -113.08634063   3 102 
111  53.72711194 -113.08619904 
111  53.72713277 -113.08636930   3 102 
111  53.72672765 -113.08651089   3 102 
112  53.72750869 -113.09289550  53.72752952 -113.09306577   3 102 
111  53.72765039 -113.09302352   3 102 
112  53.72781156 -113.09296719  53.72793244 -113.09292495   3 102 
113  53.72791381 -113.09275391 
120 Default hold RWY 08 (near)
111  53.72775181 -113.09316562   4 
115  53.72773098 -113.09299536 
120 Default hold RWY 08 (centre)
111  53.72692911 -113.08644048   4 
115  53.72690828 -113.08627022 
120 Default hold RWY 08 (far)
111  53.72610641 -113.07971533   4 
115  53.72608558 -113.07954507 
18   53.72792518 -113.08600804 1 BCN
19   53.72839651 -113.09329538 1 WS
19   53.72604446 -113.07920474 1 WS
51 12350 CTAF
1     2255 1 1 CZVL EDMONTON VILLENEUVE
100   30.48   1   0 0.25 0 2 0 08   53.66550300 -113.84772500    0.00    0.00 2  0 0 0 26   53.66333300 -113.83138900    0.00    0.00 2  0 0 0
100   30.48   1   0 0.25 0 2 0 16   53.66548900 -113.85445600    0.00    0.00 2  0 0 0 34   53.65589700 -113.85471400    0.00    0.00 2  0 0 0
110   1 0.30 102.63 Default taxiway for RWY 08
111  53.66537136 -113.84777478   3 102 
111  53.66470002 -113.84802867   3 102 
111  53.66253113 -113.83169181   3 102 
111  53.66320247 -113.83143794 
112  53.66326245 -113.83188969  53.66323027 -113.83166464   3 102 
111  53.66306967 -113.83172537   3 102 
112  53.66285554 -113.83180634  53.66269495 -113.83186708   3 102 
111  53.66272494 -113.83209296   3 102 
111  53.66373441 -113.83969669   3 102 
111  53.66427192 -113.83949342 
111  53.66430191 -113.83971930   3 102 
111  53.66376440 -113.83992257   3 102 
112  53.66477388 -113.84752631  53.66480386 -113.84775218   3 102 
111  53.66496445 -113.84769144   3 102 
112  53.66517858 -113.84761047  53.66533918 -113.84754973   3 102 
113  53.66531139 -113.84732303 
110   1 0.30 180.91 Default taxiway for RWY 16
111  53.66549115 -113.85468365   3 102 
111  53.66550212 -113.85584468   3 102 
111  53.65591012 -113.85610242   3 102 
111  53.65589915 -113.85494166 
112  53.65617341 -113.85493428  53.65603632 -113.85494176   3 102 
111  53.65603894 -113.85521944   3 102 
112  53.65604244 -113.85558967  53.65604506 -113.85586734   3 102 
111  53.65618219 -113.85586366   3 102 
111  53.66063536 -113.85574397   3 102 
111  53.66062658 -113.85481449 
111  53.66076372 -113.85481080   3 102 
111  53.66077250 -113.85574028   3 102 
112  53.66522567 -113.85562060  53.66536280 -113.85561692   3 102 
111  53.66536018 -113.85533918   3 102 
112  53.66535668 -113.85496887  53.66535406 -113.85469114   3 102 
113  53.66521689 -113.85469103 
120 Default hold RWY 08 (near)
111  53.66510151 -113.84787683   4 
115  53.66507152 -113.84765095 
120 Default hold RWY 16 (near)
111  53.66549556 -113.85515034   4 
115  53.66535843 -113.85515403 
120 Default hold RWY 08 (centre)
111  53.66403206 -113.83982135   4 
115  53.66400207 -113.83959547 
120 Default hold RWY 16 (centre)
111  53.66076813 -113.85527744   4 
115  53.66063099 -113.85528113 
120 Default hold RWY 08 (far)
111  53.66296261 -113.83176586   4 
115  53.66293262 -113.83153999 
120 Default hold RWY 16 (far)
111  53.65604069 -113.85540455   4 
115  53.65590356 -113.85540824 
18   53.66067958 -113.85296504 1 BCN
19   53.66596446 -113.84802491 1 WS
19   53.66575670 -113.85375428 1 WS
19   53.66287149 -113.83108928 1 WS
19   53.65562930 -113.85541556 1 WS
51 12000 CTAF
53 12080 GND
54 12000 TWR
1     2391 0 0 CFQ7 Edmonton-Gartner
100   20.12   3   0 0.00 0 0 1 11   53.28205500 -113.46272400    0.00    0.00 0  0 0 0 29   53.27988500 -113.44958700    0.00    0.00 0  0 0 0
110   3 0.00  15.19 New Taxiway 8
111  53.28190205 -113.46189207 
111  53.28146076 -113.46207233 
111  53.28142212 -113.46182744 
113  53.28186341 -113.46165058 
130 Airport Boundary 9
111  53.28126535 -113.46385564 
111  53.27919623 -113.44874785 
111  53.28036082 -113.44823733 
113  53.28284829 -113.46309931 
14   53.28179224 -113.46205533   16 0 Gartner Tower
15   53.28148110 -113.46193628  14.76 Gartner Ramp
19   53.28171293 -113.46158255 0 New Windsock 4