1     2060 0 1 EJ2  Andrew
100   27.43   3   0 0.25 0 0 0 07   53.87097500 -112.36064690    0.00    0.00 1  0 0 0 25   53.87097500 -112.34855110    0.00    0.00 1  0 0 0
19   53.87134528 -112.36106565 1 WS
19   53.87060468 -112.34813245 1 WS
1     2426 0 1 EQ3  Camrose
100   30.48   1   0 0.25 0 2 0 13   53.04252500 -112.81710000   60.96    0.00 2  0 0 0 31   53.03135800 -112.80846100    0.00    0.00 2  0 0 0
21   53.04053709 -112.81494692  2 155.05   3.00 13  PAPI-4L
21   53.03284864 -112.81022847  2 335.06   3.00 31  PAPI-4L
110   1 0.30 155.05 Default taxiway for RWY 13
111  53.04246810 -112.81730344   3 102 
111  53.04217788 -112.81834097   3 102 
111  53.03101119 -112.80969941   3 102 
111  53.03130141 -112.80866214 
112  53.03155011 -112.80885460  53.03142481 -112.80876177   3 102 
111  53.03135538 -112.80900990   3 102 
112  53.03126282 -112.80934074  53.03119339 -112.80958887   3 102 
111  53.03131774 -112.80968510   3 102 
111  53.03659021 -112.81376527   3 102 
111  53.03682258 -112.81293468 
111  53.03694693 -112.81303090   3 102 
111  53.03671456 -112.81386150   3 102 
112  53.04198703 -112.81794168  53.04211138 -112.81803791   3 102 
111  53.04218081 -112.81778971   3 102 
112  53.04227337 -112.81745879  53.04234280 -112.81721060   3 102 
113  53.04221940 -112.81711098 
120 Default hold RWY 13 (near)
111  53.04235144 -112.81772048   4 
115  53.04222709 -112.81762425 
120 Default hold RWY 13 (centre)
111  53.03683027 -112.81344789   4 
115  53.03670592 -112.81335167 
120 Default hold RWY 13 (far)
111  53.03130910 -112.80917532   4 
115  53.03118475 -112.80907908 
18   53.03734669 -112.81133181 1 BCN
19   53.04294726 -112.81667196 1 WS
19   53.03093577 -112.80888900 1 WS
51 12280 CTAF
1     2311 0 1 EV7  Tofield
100   22.86   1   0 0.25 0 2 0 10   53.37297800 -112.70278900    0.00    0.00 2  0 0 0 28   53.36924700 -112.69053900    0.00    0.00 2  0 0 0
110   1 0.30 117.04 Default taxiway for RWY 10
111  53.37288839 -112.70286566   3 102 
111  53.37242829 -112.70325927   3 102 
111  53.36869792 -112.69100815   3 102 
111  53.36915802 -112.69061459 
112  53.36925154 -112.69092172  53.36920277 -112.69076986   3 102 
111  53.36909283 -112.69086391   3 102 
112  53.36894624 -112.69098930  53.36883630 -112.69108334   3 102 
111  53.36888306 -112.69123691   3 102 
111  53.37063134 -112.69697855   3 102 
111  53.37099982 -112.69666334 
111  53.37104658 -112.69681691   3 102 
111  53.37067810 -112.69713212   3 102 
112  53.37242639 -112.70287376  53.37247315 -112.70302732   3 102 
111  53.37258309 -112.70293326   3 102 
112  53.37272968 -112.70280786  53.37283962 -112.70271381   3 102 
113  53.37279487 -112.70255853 
120 Default hold RWY 10 (near)
111  53.37270314 -112.70302413   4 
115  53.37265638 -112.70287056 
120 Default hold RWY 10 (centre)
111  53.37086133 -112.69697537   4 
115  53.37081457 -112.69682180 
120 Default hold RWY 10 (far)
111  53.36901953 -112.69092660   4 
115  53.36897277 -112.69077304 
18   53.37175393 -112.69611921 1 BCN
19   53.37334516 -112.70286204 1 WS
19   53.36887984 -112.69046607 1 WS
51 12320 CTAF
1     2072 0 1 EV3  Vegreville
100   30.48   1   0 0.25 0 2 0 13   53.51888900 -112.03221900    0.00    0.00 2 10 0 0 31   53.50972500 -112.02250000    0.00    0.00 2 10 0 0
21   53.51753104 -112.03016572  1 147.76   3.00 13  VASI
21   53.51108312 -112.02455257  1 327.77   3.00 31  VASI
110   1 0.30 147.76 Default taxiway for RWY 13
111  53.51881703 -112.03241091   3 102 
111  53.51845000 -112.03338964   3 102 
111  53.50928639 -112.02366829   3 102 
111  53.50965342 -112.02268977 
112  53.50988543 -112.02293589  53.50976823 -112.02281603   3 102 
111  53.50968043 -112.02305010   3 102 
112  53.50956337 -112.02336221  53.50947557 -112.02359629   3 102 
111  53.50959157 -112.02371935   3 102 
111  53.51388337 -112.02827235   3 102 
111  53.51417723 -112.02748881 
111  53.51429323 -112.02761187   3 102 
111  53.51399937 -112.02839541   3 102 
112  53.51829117 -112.03294841  53.51840717 -112.03307147   3 102 
111  53.51849497 -112.03283735   3 102 
112  53.51861203 -112.03252517  53.51869983 -112.03229105   3 102 
113  53.51858503 -112.03216479 
120 Default hold RWY 13 (near)
111  53.51866950 -112.03280432   4 
115  53.51855350 -112.03268126 
120 Default hold RWY 13 (centre)
111  53.51414570 -112.02800524   4 
115  53.51402970 -112.02788218 
120 Default hold RWY 13 (far)
111  53.50962190 -112.02320616   4 
115  53.50950589 -112.02308309 
18   53.51482138 -112.02599500 1 BCN
19   53.51934050 -112.03187980 1 WS
19   53.50927353 -112.02283923 1 WS
51 12280 CTAF/UNICOM