1     1700 0 0 CKH3 Debden
100   29.87   3   0 0.00 0 0 0 13   53.53514154 -106.88824438    0.00    0.00 0  0 0 0 31   53.52874646 -106.87953162    0.00    0.00 0  0 0 0
110   3 0.00 141.00 apron
111  53.53137152 -106.88285897 
112  53.53137152 -106.88285897  53.53155552 -106.88309736 
112  53.53218770 -106.88339365  53.53242245 -106.88371388 
112  53.53260637 -106.88454278  53.53276710 -106.88476338 
113  53.53260637 -106.88454278 
130 Airport Boundary 3
111  53.52692682 -106.87775837 
111  53.52752448 -106.87670508 
111  53.53729603 -106.89023117 
113  53.53676370 -106.89131193 
15   53.53214926 -106.88345257 322.36 Ramp Start
18   53.53142523 -106.88400049 0 No Beacon
19   53.53178000 -106.88444000 0 WS
1     1715 0 0 CJH8 Leask
100   21.03   3   0 0.00 0 0 0 08   53.01627061 -106.75488003    0.00    0.00 0  0 0 0 26   53.01596339 -106.74513597    0.00    0.00 0  0 0 0
110   3 0.00   0.00 xxx
111  53.01603593 -106.74516402 
111  53.01634786 -106.74516402 
111  53.01634786 -106.74561998 
112  53.01634786 -106.74561998  53.01617117 -106.74562483 
112  53.01605938 -106.74576670  53.01602767 -106.74590935 
113  53.01605938 -106.74576670 
130 Airport Boundary 3
111  53.01648788 -106.74424619 
111  53.01649016 -106.75630792 
111  53.01571014 -106.75630100 
113  53.01569916 -106.74424844 
15   53.01621358 -106.74540589 180.00 Ramp Start
18   53.01610000 -106.74567000 0 BCN
19   53.01620000 -106.74568000 0 WS
1     1640 0 0 CJZ4 Shellbrook
100   36.88   3   0 0.00 0 1 0 08   53.22839116 -106.36861842    0.00    0.00 0  0 0 0 26   53.22827484 -106.35748558    0.00    0.00 0  0 0 0
110   4 0.00  90.00 apron
111  53.22855054 -106.36884332 
112  53.22855054 -106.36884332  53.22846808 -106.36884332 
111  53.22849077 -106.36716232 
112  53.22882865 -106.36761299  53.22883651 -106.36780323 
111  53.22882865 -106.36761299 
113  53.22883258 -106.36884332 
130 Airport Boundary
111  53.22890115 -106.37093467 
111  53.22789100 -106.37092061 
111  53.22776473 -106.35532712 
113  53.22880855 -106.35535524 
18   53.22876112 -106.36636326 0 No Beacon
19   53.22879000 -106.36855000 1 WS