1     1183 0 0 CJM6 Arborfield
100   29.87   3   0 0.00 0 0 0 17   53.10729357 -103.65035966    0.00    0.00 0  0 0 0 35   53.10071443 -103.65074234    0.00    0.00 0  0 0 0
110   3 0.00   0.00 xxx
111  53.10075370 -103.65010857 
111  53.10130230 -103.65010857 
111  53.10138569 -103.65051120 
113  53.10073665 -103.65054649 
130 Airport Boundary 10
112  53.09934049 -103.65139403  53.09934049 -103.65137617 
111  53.09930831 -103.65050071 
111  53.10102478 -103.64966099 
111  53.10901713 -103.64985752 
113  53.10902786 -103.65076871 
18   53.10165780 -103.65002927 0 No Beacon
19   53.10118000 -103.65008000 0 Windsock
1     1180 0 1 KR8  Carrot River
100   30.48   3   0 0.25 0 0 0 17   53.29135395 -103.53979509    0.00    0.00 1  0 0 0 35   53.28504605 -103.53961091    0.00    0.00 1  0 0 0
100   22.86   5   0 0.25 0 0 0 07   53.28610966 -103.53929115    0.00    0.00 1  0 0 0 25   53.28649234 -103.53013685    0.00    0.00 1  0 0 0
19   53.28640176 -103.53967031 1 WS
19   53.29163539 -103.53911487 1 WS
19   53.28476461 -103.54029102 1 WS
19   53.28620021 -103.52975775 1 WS
1     1040 0 0 CKQ2 Squaw Rapids
100   60.96   3   0 0.00 0 0 0 02   53.67523762 -103.35398231    0.00    0.00 0  0 0 0 20   53.68197838 -103.34601369    0.00    0.00 0  0 0 0
110   4 0.00  35.00 xxx
111  53.68022914 -103.34680353 
111  53.68355630 -103.34263677 
111  53.68538970 -103.34449793 
111  53.68502985 -103.34729353 
113  53.68044940 -103.34733464 
130 Airport Boundary CKQ2
111  53.67354510 -103.35448919 
111  53.68357172 -103.34254556 
111  53.68543831 -103.34446165 
111  53.68505995 -103.34737837 
111  53.68209610 -103.34739966 
113  53.67444056 -103.35651173 
18   53.68200994 -103.34715208 0 No Beacon
19   53.68144000 -103.34572000 0 WS