1      898 0 0 SA6A GENERAL DEHEZA
100   29.87   4   0 0.00 0 0 0 18  -32.73881533 -063.79611111    0.00    0.00 0  0 0 0 36  -32.75118467 -063.79611111    0.00    0.00 0  0 0 0
19  -32.73854652 -063.79563174 1 WS
19  -32.75145348 -063.79659055 1 WS
1      879 0 0 SAA5 OLIVA
100   29.87   4   0 0.00 0 0 0 01  -32.05330575 -063.55058289    0.00    0.00 0  0 0 0 19  -32.04669425 -063.54941711    0.00    0.00 0  0 0 0
19  -32.05351201 -063.55110029 1 WS
19  -32.04648799 -063.54889975 1 WS
1      672 0 0 SA2D VILLA MARIA
100   29.87   3   0 0.00 0 0 0 03  -32.39260267 -063.26052046    0.00    0.00 0  0 0 0 21  -32.38406400 -063.25559065    0.00    0.00 0  0 0 0
19  -32.39266758 -063.26108919 1 WS
19  -32.38399906 -063.25502197 1 WS