1     3251 0 1 SC1A CANCHONES WEST
100   29.87   2   0 0.25 0 2 0 08  -20.42896700 -069.65616900    0.00    0.00 2  0 0 0 26  -20.42520600 -069.62675000    0.00    0.00 2  0 0 0
21  -20.42575203 -069.62860887  1 262.23   3.00 26  VASI
110   2 0.30  82.24 Default taxiway for RWY 08
111 -20.42909794 -069.65614995  53 102 
111 -20.42976605 -069.65605276  53 102 
111 -20.42600752 -069.62663304  53 102 
111 -20.42533941 -069.62673023 
112 -20.42537572 -069.62701446 -20.42535980 -069.62687202  53 102 
111 -20.42551961 -069.62684877  53 102 
112 -20.42573269 -069.62681777 -20.42589250 -069.62679452  53 102 
111 -20.42591065 -069.62693664  53 102 
111 -20.42774453 -069.64129121  53 102 
111 -20.42720960 -069.64136903 
111 -20.42722775 -069.64151115  53 102 
111 -20.42776268 -069.64143333  53 102 
112 -20.42959656 -069.65578791 -20.42961471 -069.65593002  53 102 
111 -20.42945490 -069.65595327  53 102 
112 -20.42924182 -069.65598427 -20.42908201 -069.65600752  53 102 
113 -20.42906163 -069.65586573 
120 Default hold RWY 08 (near)
111 -20.42936652 -069.65611088  54 
115 -20.42934836 -069.65596877 
120 Default hold RWY 08 (centre)
111 -20.42749633 -069.64147208  54 
115 -20.42747818 -069.64132996 
120 Default hold RWY 08 (far)
111 -20.42562615 -069.62683327  54 
115 -20.42560799 -069.62669116 
18  -20.42615586 -069.64159745 4 BCN
19  -20.42860379 -069.65651134 1 WS
19  -20.42556915 -069.62640759 1 WS
1     3280 0 1 SC49 OFICINA VICTORIA
100   41.15   1   0 0.25 0 0 0 09  -20.73499400 -069.63220300    0.00    0.00 2  0 0 0 27  -20.73436400 -069.61914400    0.00    0.00 2  0 0 0
110   1 0.30  87.05 Default taxiway for RWY 09
111 -20.73517666 -069.63219293   3 
111 -20.73610343 -069.63214186   3 
111 -20.73547392 -069.61908281   3 
111 -20.73454715 -069.61913388 
112 -20.73456621 -069.61952930 -20.73455893 -069.61933147   3 
111 -20.73478081 -069.61931924   3 
112 -20.73507666 -069.61930294 -20.73529855 -069.61929071   3 
111 -20.73530808 -069.61948842   3 
111 -20.73559901 -069.62552367   3 
111 -20.73485714 -069.62556455 
111 -20.73486667 -069.62576226   3 
111 -20.73560854 -069.62572138   3 
112 -20.73589947 -069.63175663 -20.73590900 -069.63195434   3 
111 -20.73568711 -069.63196657   3 
112 -20.73539126 -069.63198287 -20.73516938 -069.63199510   3 
113 -20.73515760 -069.63179751 
120 Default hold RWY 09 (near)
111 -20.73554872 -069.63217243   4 
115 -20.73553919 -069.63197472 
120 Default hold RWY 09 (centre)
111 -20.73523873 -069.62574176   4 
115 -20.73522920 -069.62554405 
120 Default hold RWY 09 (far)
111 -20.73492874 -069.61931109   4 
115 -20.73491921 -069.61911338 
19  -20.73445971 -069.63262892 1 WS
19  -20.73489826 -069.61871804 1 WS