1     1833 1 0 SBCG Campo Grande
100   42.98   1   0 0.25 0 1 1 06  -20.47754200 -054.68068900    0.00   58.52 3  8 0 0 24  -20.45978900 -054.66431100    0.00   57.91 2  0 0 0
21  -20.47503969 -054.67893233  2  40.84   3.00 06  PAPI-4L
21  -20.46140668 -054.66525106  2 220.83   3.00 24  PAPI-4L
10  -20.46765100 -054.67330900 xxx  40.84  9120 0.0 0.0    70 161161  1 0 0 0.35 0
10  -20.45747000 -054.66622500 xxx  80.00  1000 0.0 0.0   300 161161  1 0 0 0.35 0
10  -20.45957900 -054.66741200 xxx 160.84   901 0.0 0.0    74 161161  1 0 0 0.25 0
10  -20.45854600 -054.66455100 xxx 160.84   700 0.0 0.0   120 161161  1 0 0 0.35 0
10  -20.45805900 -054.66801500 xxx  50.00   500 0.0 0.0   300 161161  1 0 0 0.25 0
10  -20.46045700 -054.66333800 xxx  40.00   300 0.0 0.0   300 161161  1 0 0 0.25 0
10  -20.47733100 -054.68158300 xxx 130.84   423 0.0 0.0   120 161161  1 0 0 0.35 0
10  -20.46804000 -054.67290900 xxx 130.84   423 0.0 0.0    70 161161  1 0 0 0.35 0
10  -20.45979100 -054.66367300 xxx 130.00   200 0.0 0.0    74 101101  1 0 0 0.25 0
14  -20.45686300 -054.66665300    0 0 ATC Tower
15  -20.45733600 -054.66636700 350.00 Ramp
18  -20.46816100 -054.67311900 1 BCN
19  -20.46029700 -054.66368900 1 WS
19  -20.47703600 -054.68131600 1 WS
53 12190 GND
54 11810 TWR
55 12020 APP
1     1968 0 0 SSCS Estancia Ema
100   20.12   4   0 0.00 0 0 0 17  -20.61515003 -054.72420416    0.00    0.00 0  0 0 0 35  -20.62429440 -054.71968473    0.00    0.00 0  0 0 0
130 Airport Boundary
111 -20.62531902 -054.71835403 
111 -20.61347059 -054.72420989 
111 -20.61412542 -054.72553484 
113 -20.62597385 -054.71967898 
19  -20.61985632 -054.72221577 0 Windsock
1     2028 0 1 SSKG ESTANCIA SANTA MARIA
100   22.86   1   0 0.25 0 0 0 06  -20.50855600 -054.52958600    0.00    0.00 2  0 0 0 24  -20.50207800 -054.52143900    0.00    0.00 2  0 0 0
110   1 0.30  49.67 Default taxiway for RWY 06
111 -20.50863270 -054.52951648   3 
111 -20.50902651 -054.52915957   3 
111 -20.50254870 -054.52101225   3 
111 -20.50215489 -054.52136915 
112 -20.50228803 -054.52153659 -20.50222318 -054.52145131   3 
111 -20.50231728 -054.52136603   3 
112 -20.50244275 -054.52125232 -20.50253685 -054.52116703   3 
111 -20.50260342 -054.52125075   3 
111 -20.50567590 -054.52511512   3 
111 -20.50536051 -054.52540095 
111 -20.50542708 -054.52548467   3 
111 -20.50574247 -054.52519884   3 
112 -20.50881496 -054.52906319 -20.50888152 -054.52914692   3 
111 -20.50878742 -054.52923221   3 
112 -20.50866195 -054.52934592 -20.50856785 -054.52943121   3 
113 -20.50849957 -054.52934903 
120 Default hold RWY 06 (near)
111 -20.50879125 -054.52937278   4 
115 -20.50872468 -054.52928906 
120 Default hold RWY 06 (centre)
111 -20.50558563 -054.52534098   4 
115 -20.50551906 -054.52525726 
120 Default hold RWY 06 (far)
111 -20.50238001 -054.52130917   4 
115 -20.50231344 -054.52122545 
19  -20.50845492 -054.52996572 1 WS
19  -20.50217906 -054.52105930 1 WS
1     1509 0 0 SDRH Fazenda Chaparral
100   20.12   5   0 0.00 0 0 0 16  -20.84142567 -054.52833511    0.00    0.00 1  0 0 0 34  -20.84746320 -054.52388712    0.00    0.00 1  0 0 0
130 Airport Boundary
111 -20.84824890 -054.52238174 
111 -20.83975507 -054.52863936 
111 -20.84063997 -054.52984049 
113 -20.84913381 -054.52358287 
19  -20.84462646 -054.52635817 0 Windsock
1     1968 0 0 SIQD Fazenda Estancia Regina
100   29.87   3   0 0.00 0 0 0 04  -20.64421949 -054.79204551    0.00    0.00 0  0 0 0 22  -20.63744718 -054.78906562    0.00    0.00 0  0 0 0
130 Airport Boundary
111 -20.63575525 -054.78917678 
111 -20.64528058 -054.79336803 
111 -20.64591142 -054.79193433 
113 -20.63638610 -054.78774309 
19  -20.64099203 -054.79019489 0 Windsock
1     1493 0 0 SSAW Fazenda Japecanga
100   29.87   5   0 0.00 0 0 0 18  -20.80176050 -054.07911079    0.00    0.00 1  0 0 0 36  -20.80879506 -054.07700033    0.00    0.00 1  0 0 0
130 Airport Boundary
111 -20.81000484 -054.07582655 
111 -20.80010438 -054.07879682 
111 -20.80055073 -054.08028458 
113 -20.81045118 -054.07731431 
19  -20.80539111 -054.07843333 0 Windsock
1     1280 0 0 SSHQ Fazenda Paraiso
100   39.93   5   0 0.00 0 0 0 11  -20.56134986 -054.86896173    0.00    0.00 1  0 0 0 29  -20.56198348 -054.85937160    0.00    0.00 1  0 0 0
130 Airport Boundary
111 -20.56122607 -054.85775572 
111 -20.56038644 -054.87046392 
111 -20.56210728 -054.87057761 
113 -20.56294691 -054.85786941 
19  -20.56217080 -054.86419998 0 Windsock
1     2329 0 0 SDTS Fazenda Planalto
100   39.93   3   0 0.00 0 0 0 02  -20.34571831 -054.41609282    0.00    0.00 0  0 0 0 20  -20.33705947 -054.41557384    0.00    0.00 0  0 0 0
130 Airport Boundary
111 -20.33554258 -054.41629606 
111 -20.34713807 -054.41699105 
111 -20.34723520 -054.41537060 
113 -20.33563971 -054.41467561 
19  -20.34141743 -054.41535716 0 Windsock
1     1660 0 0 SIUQ Fazenda Primavera
100   17.98   1   0 0.00 0 0 0 07  -20.98089377 -054.33875644    0.00    0.00 1  0 0 0 25  -20.97410623 -054.32957690    0.00    0.00 1  0 0 0
130 Airport Boundary
111 -20.97258462 -054.32877538 
111 -20.98121422 -054.34044613 
111 -20.98241538 -054.33955796 
113 -20.97378578 -054.32788721 
19  -20.97773586 -054.33399227 0 Windsock
1     1435 0 0 SSFJ Fazenda Retiro da Cachoeira
100   17.98   4   0 0.00 0 0 0 03  -20.81151115 -054.62063094    0.00    0.00 0  0 0 0 21  -20.80404440 -054.61881350    0.00    0.00 0  0 0 0
130 Airport Boundary
111 -20.80242820 -054.61916015 
111 -20.81278725 -054.62168158 
111 -20.81312736 -054.62028429 
113 -20.80276831 -054.61776286 
19  -20.80784418 -054.61944941 0 Windsock
1     1722 0 0 SIEF Fazenda Sao Jose
100   17.98   5   0 0.00 0 0 0 09  -20.57414068 -054.71970536    0.00    0.00 1  0 0 0 27  -20.57252598 -054.71418353    0.00    0.00 1  0 0 0
130 Airport Boundary
111 -20.57136389 -054.71289856 
111 -20.57385397 -054.72141399 
111 -20.57530277 -054.72099033 
113 -20.57281269 -054.71247491 
19  -20.57361532 -054.71686198 0 Windsock
1     1946 0 1 SSAY SITIO POUSO DO AVIADOR
100   20.12   1   0 0.25 0 0 0 05  -20.49343900 -054.48529400  203.91    0.00 2  0 0 0 23  -20.48360800 -054.48041400    0.00    0.00 2  0 0 0
110   1 0.30  24.94 Default taxiway for RWY 05
111 -20.49347622 -054.48520855   3 
111 -20.49366800 -054.48476826   3 
111 -20.48383707 -054.47988798   3 
111 -20.48364529 -054.48032825 
112 -20.48380944 -054.48040974 -20.48372832 -054.48036681   3 
111 -20.48377412 -054.48026167   3 
112 -20.48383518 -054.48012148 -20.48388098 -054.48001634   3 
111 -20.48396305 -054.48005709   3 
111 -20.48867332 -054.48239536   3 
111 -20.48851971 -054.48274803 
111 -20.48860179 -054.48278878   3 
111 -20.48875540 -054.48243611   3 
112 -20.49346567 -054.48477439 -20.49354775 -054.48481513   3 
111 -20.49350195 -054.48492028   3 
112 -20.49344089 -054.48506048 -20.49339509 -054.48516563   3 
113 -20.49331206 -054.48512706 
120 Default hold RWY 05 (near)
111 -20.49355350 -054.48503113   4 
115 -20.49347142 -054.48499038 
120 Default hold RWY 05 (centre)
111 -20.48867907 -054.48261136   4 
115 -20.48859699 -054.48257061 
120 Default hold RWY 05 (far)
111 -20.48380465 -054.48019158   4 
115 -20.48372257 -054.48015084 
19  -20.49348866 -054.48563836 1 WS
19  -20.48355833 -054.48006966 1 WS
1     1729 1 1 SSIE Teruel Ipanema Estancia
100   21.34   2   0 0.25 0 2 0 06  -20.60385427 -054.60740785    0.00    0.00 2 10 0 0 24  -20.59447953 -054.59703695    0.00    0.00 2 10 0 0
21  -20.60241197 -054.60622276  1  46.00   3.00 06  VASI
21  -20.59592190 -054.59822186  1 226.00   3.00 24  VASI
110   2 0.30  46.00 Default taxiway for RWY 06
111 -20.60392171 -054.60733827  53 102 
111 -20.60426864 -054.60698038  53 102 
111 -20.59489421 -054.59660887  53 102 
111 -20.59454728 -054.59696674 
112 -20.59468066 -054.59711430 -20.59461559 -054.59703885  53 102 
111 -20.59469847 -054.59695336  53 102 
112 -20.59480897 -054.59683938 -20.59489184 -054.59675389  53 102 
111 -20.59495853 -054.59682767  53 102 
111 -20.59947902 -054.60182898  53 102 
111 -20.59920115 -054.60211562 
111 -20.59926784 -054.60218940  53 102 
111 -20.59954571 -054.60190276  53 102 
112 -20.60406620 -054.60690406 -20.60413289 -054.60697784  53 102 
111 -20.60405002 -054.60706334  53 102 
112 -20.60393952 -054.60717733 -20.60385664 -054.60726282  53 102 
113 -20.60378833 -054.60719071 
120 Default hold RWY 06 (near)
111 -20.60406146 -054.60719411  54 
115 -20.60399477 -054.60712033 
120 Default hold RWY 06 (centre)
111 -20.59940759 -054.60204524  54 
115 -20.59934090 -054.60197146 
120 Default hold RWY 06 (far)
111 -20.59475372 -054.59689637  54 
115 -20.59468703 -054.59682259 
18  -20.59868348 -054.60272096 1 BCN
19  -20.60378046 -054.60776915 1 WS
19  -20.59455332 -054.59667567 1 WS