1     1942 1 1 SDBB Bebedouro
100   25.91   1   0 0.25 0 0 0 13  -20.89732200 -048.47977500  100.58    0.00 2  0 0 0 31  -20.90337800 -048.46684400  100.58    0.00 2  0 0 0
110   1 0.30 116.63 Default taxiway for RWY 13
111 -20.89742420 -048.47982985   3 
111 -20.89794727 -048.48011057   3 
111 -20.90400376 -048.46718010   3 
111 -20.90348069 -048.46689937 
112 -20.90337619 -048.46712247 -20.90343045 -048.46701200   3 
111 -20.90355551 -048.46707912   3 
112 -20.90372225 -048.46716860 -20.90384730 -048.46723572   3 
111 -20.90379505 -048.46734727   3 
111 -20.90089743 -048.47353363   3 
111 -20.90047857 -048.47330884 
111 -20.90042632 -048.47342039   3 
111 -20.90084518 -048.47364518   3 
112 -20.89794756 -048.47983154 -20.89789531 -048.47994309   3 
111 -20.89777026 -048.47987597   3 
112 -20.89760352 -048.47978649 -20.89747846 -048.47971938   3 
113 -20.89752870 -048.47960675 
120 Default hold RWY 13 (near)
111 -20.89763464 -048.47994278   4 
115 -20.89768689 -048.47983123 
120 Default hold RWY 13 (centre)
111 -20.90063676 -048.47353333   4 
115 -20.90068901 -048.47342178 
120 Default hold RWY 13 (far)
111 -20.90363888 -048.46712386   4 
115 -20.90369113 -048.46701231 
19  -20.89690609 -048.47983098 1 WS
19  -20.90379390 -048.46678798 1 WS
1     1898 0 0 SNBA Chafei Amsei
100   29.87   1   0 0.00 0 2 0 08  -20.58986005 -048.60325298    0.00    0.00 2  0 0 0 26  -20.58125107 -048.58841367    0.00    0.00 2  0 0 0
130 Airport Boundary
111 -20.57976021 -048.58745274 
111 -20.58995422 -048.60502419 
111 -20.59135089 -048.60421392 
113 -20.58115688 -048.58664247 
18  -20.58517879 -048.59605191 1 Beacon
19  -20.58593233 -048.59561475 1 Windsock
1     1898 1 1 SBBT CHAFEI AMSEI
100   29.87   1   0 0.25 0 1 0 08  -20.58802800 -048.60197500    0.00    0.00 2  0 0 0 26  -20.58106900 -048.58620000    0.00    0.00 2  0 0 0
110   1 0.30  64.77 Default taxiway for RWY 08
111 -20.58814755 -048.60191483   3 102 
111 -20.58875752 -048.60160783   3 102 
111 -20.58179923 -048.58583212   3 102 
111 -20.58118926 -048.58613911 
112 -20.58130384 -048.58639887 -20.58124859 -048.58626797   3 102 
111 -20.58139449 -048.58619454   3 102 
112 -20.58158903 -048.58609663 -20.58173493 -048.58602320   3 102 
111 -20.58179222 -048.58615307   3 102 
111 -20.58512814 -048.59371623   3 102 
111 -20.58463976 -048.59396203 
111 -20.58469705 -048.59409191   3 102 
111 -20.58518543 -048.59384611   3 102 
112 -20.58852136 -048.60140926 -20.58857864 -048.60153914   3 102 
111 -20.58843274 -048.60161258   3 102 
112 -20.58823820 -048.60171049 -20.58809230 -048.60178392   3 102 
113 -20.58803298 -048.60165507 
120 Default hold RWY 08 (near)
111 -20.58839276 -048.60179141   4 
115 -20.58833547 -048.60166153 
120 Default hold RWY 08 (centre)
111 -20.58494226 -048.59396850   4 
115 -20.58488497 -048.59383862 
120 Default hold RWY 08 (far)
111 -20.58149176 -048.58614558   4 
115 -20.58143447 -048.58601570 
18  -20.58369874 -048.59451772 1 BCN
19  -20.58777781 -048.60241835 1 WS
19  -20.58131914 -048.58575664 1 WS
54 13020 BARRETOS RDO
1     1798 0 0 SIII Dr. Heraclito da Motta Luiz
100   20.12   4   0 0.00 0 0 0 15  -20.42942213 -048.22880852    0.00    0.00 0  0 0 0 33  -20.43668899 -048.22008036    0.00    0.00 0  0 0 0
130 Airport Boundary
111 -20.43711326 -048.21839063 
111 -20.42783725 -048.22953194 
111 -20.42899786 -048.23049824 
113 -20.43827386 -048.21935692 
19  -20.43331658 -048.22466176 0 Windsock
1     1608 0 0 SDJZ Fazenda Barra do Agudo
100   29.87   4   0 0.00 0 0 0 10  -20.80918247 -048.22667795    0.00    0.00 0  0 0 0 28  -20.80748420 -048.21721094    0.00    0.00 0  0 0 0
130 Airport Boundary
111 -20.80640160 -048.21578414 
111 -20.80866331 -048.22839209 
111 -20.81026506 -048.22810476 
113 -20.80800334 -048.21549680 
19  -20.80876776 -048.22186651 0 Windsock
1     1857 0 0 SDWN Fazenda Barreiro Grande
100   29.87   4   0 0.00 0 0 0 09  -20.34913145 -048.77699457    0.00    0.00 0  0 0 0 27  -20.34586855 -048.76800543    0.00    0.00 0  0 0 0
130 Airport Boundary
111 -20.34456565 -048.76679348 
111 -20.34890931 -048.77876009 
111 -20.35043435 -048.77820652 
113 -20.34609069 -048.76623991 
19  -20.34791003 -048.77235117 0 Windsock
1     1755 0 0 SDFB Fazenda Brumado
100   29.87   3   0 0.00 0 0 0 15  -20.42062507 -048.57012391    0.00    0.00 0  0 0 0 33  -20.42548606 -048.56432053    0.00    0.00 0  0 0 0
130 Airport Boundary
111 -20.42587790 -048.56260319 
111 -20.41900307 -048.57081084 
111 -20.42023322 -048.57184123 
113 -20.42710805 -048.56363358 
19  -20.42338719 -048.56750000 0 Windsock
1     1856 0 0 SDWD Fazenda California
100   20.12   4   0 0.00 0 0 0 04  -20.43472708 -048.60641490    0.00    0.00 0  0 0 0 22  -20.42693958 -048.60358510    0.00    0.00 0  0 0 0
130 Airport Boundary
111 -20.42525499 -048.60375447 
111 -20.43590996 -048.60762624 
111 -20.43641168 -048.60624553 
113 -20.42575671 -048.60237376 
19  -20.43094557 -048.60469112 0 Windsock
1     1830 0 1 SDKO FAZENDA CAMPO GRANDE
100   21.95   1   0 0.25 0 0 0 17  -20.25135300 -048.79159400    0.00    0.00 2  0 0 0 35  -20.26405800 -048.78552800    0.00    0.00 2  0 0 0
110   1 0.30 155.87 Default taxiway for RWY 17
111 -20.25139244 -048.79168787   3 
111 -20.25159519 -048.79217035   3 
111 -20.26430029 -048.78610490   3 
111 -20.26409754 -048.78562238 
112 -20.26391730 -048.78570842 -20.26400834 -048.78566759   3 
111 -20.26405678 -048.78578287   3 
112 -20.26412137 -048.78593657 -20.26416980 -048.78605185   3 
111 -20.26407968 -048.78609487   3 
111 -20.25795243 -048.78902005   3 
111 -20.25779005 -048.78863361 
111 -20.25769993 -048.78867663   3 
111 -20.25786231 -048.78906307   3 
112 -20.25173506 -048.79198824 -20.25164494 -048.79203127   3 
111 -20.25159651 -048.79191600   3 
112 -20.25153192 -048.79176231 -20.25148348 -048.79164704   3 
113 -20.25157268 -048.79160182 
120 Default hold RWY 17 (near)
111 -20.25147409 -048.79188218   4 
115 -20.25156421 -048.79183916 
120 Default hold RWY 17 (centre)
111 -20.25778158 -048.78887095   4 
115 -20.25787170 -048.78882793 
120 Default hold RWY 17 (far)
111 -20.26408907 -048.78585972   4 
115 -20.26417919 -048.78581670 
19  -20.25105167 -048.79139187 1 WS
19  -20.26435934 -048.78573014 1 WS
1     1476 0 0 SIKX Fazenda Continental
100   39.93   5   0 0.00 0 0 0 10  -20.24197068 -048.66319331    0.00    0.00 1  0 0 0 28  -20.24025154 -048.65347335    0.00    0.00 1  0 0 0
130 Airport Boundary
111 -20.23912684 -048.65205995 
111 -20.24139901 -048.66490674 
111 -20.24309537 -048.66460671 
113 -20.24082320 -048.65175992 
19  -20.24163647 -048.65824041 0 Windsock
1     1739 0 0 SSNF Fazenda Naisa
100   17.98   1   0 0.00 0 0 0 17  -20.32706300 -048.81153097    0.00    0.00 1  0 0 0 35  -20.33238144 -048.80846903    0.00    0.00 1  0 0 0
130 Airport Boundary
111 -20.33335010 -048.80706551 
111 -20.32536286 -048.81166395 
111 -20.32609434 -048.81293449 
113 -20.33408158 -048.80833605 
19  -20.32987808 -048.81027072 0 Windsock
1     1709 0 0 SIAM Fazenda Palmital
100   24.08   5   0 0.00 0 0 0 17  -20.69268493 -048.28854032    0.00    0.00 1  0 0 0 35  -20.70009285 -048.28423746    0.00    0.00 1  0 0 0
130 Airport Boundary
111 -20.70104645 -048.28280428 
111 -20.69096756 -048.28865857 
111 -20.69173133 -048.28997350 
113 -20.70181022 -048.28411921 
19  -20.69657530 -048.28670982 0 Windsock
1     1706 0 0 SDCW Fazenda Paloma
100   24.99   4   0 0.00 0 0 0 14  -20.32372678 -048.83245149    0.00    0.00 0  0 0 0 32  -20.32849544 -048.82421517    0.00    0.00 0  0 0 0
130 Airport Boundary
111 -20.32860692 -048.82245871 
111 -20.32225899 -048.83342267 
111 -20.32361530 -048.83420794 
113 -20.32996322 -048.82324398 
19  -20.32644538 -048.82852687 0 Windsock
1     1581 0 0 SDZT Fazenda Posses do Rio Grande
100   22.86   3   0 0.00 0 0 0 09  -20.31229430 -048.98099136    0.00    0.00 0  0 0 0 27  -20.30937236 -048.97289753    0.00    0.00 0  0 0 0
130 Airport Boundary
111 -20.30810346 -048.97167315 
111 -20.31210011 -048.98274393 
111 -20.31356320 -048.98221574 
113 -20.30956655 -048.97114496 
19  -20.31117966 -048.97681941 0 Windsock
1     1575 0 0 SSVY Fazenda Tres Barras
100   22.86   3   0 0.00 0 0 0 14  -20.93587721 -048.17664788    0.00    0.00 0  0 0 0 32  -20.93967835 -048.17001877    0.00    0.00 0  0 0 0
130 Airport Boundary
111 -20.93979522 -048.16825893 
111 -20.93441742 -048.17763770 
111 -20.93576033 -048.17840773 
113 -20.94113813 -048.16902895 
19  -20.93810023 -048.17351822 0 Windsock
1     1808 1 1 SNFU Frutal
100   20.12   1   0 0.25 0 0 0 07  -20.00576900 -048.96193900  171.30   34.14 2  0 0 0 25  -19.99874200 -048.95358900    0.00    0.00 2  0 0 0
110   1 0.30  48.15 Default taxiway for RWY 07
111 -20.00583476 -048.96187633   3 
111 -20.00617359 -048.96155341   3 
111 -19.99914679 -048.95320306   3 
111 -19.99880796 -048.95352597 
112 -19.99892873 -048.95366949 -19.99887001 -048.95359613   3 
111 -19.99895093 -048.95351901   3 
112 -19.99905882 -048.95341619 -19.99913974 -048.95333908   3 
111 -19.99920013 -048.95341084   3 
111 -20.00256256 -048.95740661   3 
111 -20.00229116 -048.95766526 
111 -20.00235155 -048.95773702   3 
111 -20.00262295 -048.95747837   3 
112 -20.00598539 -048.96147416 -20.00604577 -048.96154592   3 
111 -20.00596485 -048.96162303   3 
112 -20.00585696 -048.96172586 -20.00577604 -048.96180298   3 
113 -20.00571399 -048.96173281 
120 Default hold RWY 07 (near)
111 -20.00597129 -048.96174621   4 
115 -20.00591090 -048.96167445 
120 Default hold RWY 07 (centre)
111 -20.00248808 -048.95760690   4 
115 -20.00242769 -048.95753514 
120 Default hold RWY 07 (far)
111 -19.99900487 -048.95346760   4 
115 -19.99894449 -048.95339584 
19  -20.00568748 -048.96227531 1 WS
19  -19.99882350 -048.95325269 1 WS
1     1722 1 1 SDOL Olimpia
100   14.94   2   0 0.25 0 2 0 17  -20.75027357 -048.91320289    0.00    0.00 2 10 0 0 35  -20.75861463 -048.90846011    0.00    0.00 2 10 0 0
21  -20.75175094 -048.91207442  1 152.00   3.00 17  VASI
21  -20.75713730 -048.90958869  1 332.00   3.00 35  VASI
110   2 0.30 152.00 Default taxiway for RWY 17
111 -20.75030406 -048.91326422  53 102 
111 -20.75046286 -048.91358361  53 102 
111 -20.75880399 -048.90884111  53 102 
111 -20.75864519 -048.90852170 
112 -20.75852651 -048.90858918 -20.75858691 -048.90855757  53 102 
111 -20.75862477 -048.90863371  53 102 
112 -20.75867525 -048.90873525 -20.75871310 -048.90881139  53 102 
111 -20.75865376 -048.90884513  53 102 
111 -20.75463154 -048.91113203  53 102 
111 -20.75450429 -048.91087609 
111 -20.75444495 -048.91090983  53 102 
111 -20.75457220 -048.91116577  53 102 
112 -20.75054998 -048.91345269 -20.75049065 -048.91348642  53 102 
111 -20.75045280 -048.91341027  53 102 
112 -20.75040232 -048.91330875 -20.75036446 -048.91323260  53 102 
113 -20.75042273 -048.91319675 
120 Default hold RWY 17 (near)
111 -20.75036822 -048.91339325  54 
115 -20.75042756 -048.91335951 
120 Default hold RWY 17 (centre)
111 -20.75450911 -048.91103886  54 
115 -20.75456845 -048.91100512 
120 Default hold RWY 17 (far)
111 -20.75865001 -048.90868448  54 
115 -20.75870935 -048.90865074 
18  -20.75422389 -048.91038867 1 BCN
19  -20.75006090 -048.91308130 1 WS
19  -20.75882731 -048.90858170 1 WS
1     1988 0 0 SDGB Usina Colorado
100   29.87   4   0 0.00 0 0 0 13  -20.27525014 -048.18666864    0.00    0.00 0  0 0 0 31  -20.27863874 -048.17722025    0.00    0.00 0  0 0 0
130 Airport Boundary
111 -20.27841054 -048.17545345 
111 -20.27395108 -048.18788770 
111 -20.27547833 -048.18843544 
113 -20.27993779 -048.17600119 
19  -20.27735755 -048.18209260 0 Windsock
1     1597 0 0 SSUX Usina Mandu
100   20.12   4   0 0.00 0 0 0 06  -20.48510475 -048.37518539    0.00    0.00 0  0 0 0 24  -20.47933969 -048.37037017    0.00    0.00 0  0 0 0
130 Airport Boundary
111 -20.47766471 -048.36994690 
111 -20.48581960 -048.37675820 
111 -20.48677974 -048.37560866 
113 -20.47862485 -048.36879736 
19  -20.48243779 -048.37251969 0 Windsock
1     1831 1 1 SNVG Volta Grande
100   17.07   2   0 0.25 0 2 0 10  -20.03473426 -048.23956563    0.00    0.00 2 10 0 0 28  -20.03304534 -048.22821537    0.00    0.00 2 10 0 0
21  -20.03420802 -048.23771467  1  81.00   3.00 10  VASI
21  -20.03357170 -048.23006627  1 261.00   3.00 28  VASI
110   2 0.30  81.00 Default taxiway for RWY 10
111 -20.03480790 -048.23955322  53 102 
111 -20.03518941 -048.23948892  53 102 
111 -20.03350085 -048.22813854  53 102 
111 -20.03311934 -048.22820284 
112 -20.03314337 -048.22836433 -20.03313357 -048.22828320  53 102 
111 -20.03322460 -048.22826786  53 102 
112 -20.03334597 -048.22824740 -20.03343700 -048.22823206  53 102 
111 -20.03344902 -048.22831281  53 102 
111 -20.03426326 -048.23378614  53 102 
111 -20.03395761 -048.23383766 
111 -20.03396963 -048.23391840  53 102 
111 -20.03427528 -048.23386688  53 102 
112 -20.03508953 -048.23934021 -20.03510154 -048.23942096  53 102 
111 -20.03501051 -048.23943630  53 102 
112 -20.03488914 -048.23945676 -20.03479811 -048.23947210  53 102 
113 -20.03478388 -048.23939173 
120 Default hold RWY 10 (near)
111 -20.03496183 -048.23952727  54 
115 -20.03494982 -048.23944653 
120 Default hold RWY 10 (centre)
111 -20.03412356 -048.23389245  54 
115 -20.03411154 -048.23381171 
120 Default hold RWY 10 (far)
111 -20.03328528 -048.22825763  54 
115 -20.03327327 -048.22817689 
18  -20.03335879 -048.23397999 1 BCN
19  -20.03453071 -048.23976548 1 WS
19  -20.03324888 -048.22801551 1 WS
17     570 0 0 SIZJ [H] Fazenda Santa Zelia
102 H1  -20.97944444 -048.44722222  20.17   21.03   21.03   2 0   0 0.00 1
130 Heliport Boundary
111 -20.97955401 -048.44745902 
111 -20.97968125 -048.44711265 
111 -20.97933488 -048.44698542 
113 -20.97920764 -048.44733179 
18  -20.97921650 -048.44788679 3 BCN
19  -20.97926540 -048.44730507 0 Windsock
17     551 0 0 SJFH [H] I.I.J.O - Rosario
102 H1  -20.41194444 -048.21666667 139.97   21.03   21.03   3 0   0 0.00 1
130 Heliport Boundary
111 -20.41168450 -048.21664406 
111 -20.41192184 -048.21692661 
111 -20.41220439 -048.21668927 
113 -20.41196705 -048.21640673 
18  -20.41151925 -048.21612658 3 BCN
19  -20.41196154 -048.21647013 1 Windsock
17      46 0 0 SDGH [H] Parque do Peao Mussa Calil Neto
102 H1  -20.51111111 -048.59277778  39.85   21.03   21.03   1 0   0 0.00 0
130 Heliport Boundary
111 -20.51113453 -048.59303765 
111 -20.51137098 -048.59275436 
111 -20.51108769 -048.59251791 
113 -20.51085124 -048.59280120 
19  -20.51091462 -048.59279549 0 Windsock