1     1800 0 0 FYDC Damaraland Camp
100   14.94   5   0 0.00 0 0 0 05  -20.43170000  014.12050000    0.00    0.00 0  0 0 0 23  -20.42540000  014.12850000    0.00    0.00 0  0 0 0
19  -20.43163317  014.12025272 1 WS
19  -20.42546682  014.12874727 1 WS
1     3100 0 0 FY0S Doros Crater
100   10.06   3   0 0.00 0 0 0 09  -20.74510000  014.30000000    0.00    0.00 0  0 0 0 27  -20.74510000  014.30010000    0.00    0.00 0  0 0 0
19  -20.74496559  014.29990321 1 WS
19  -20.74523441  014.30019679 1 WS
1     2400 0 0 FY0T Dorro Nawas
100   35.05   5   0 0.00 0 0 0 09  -20.44750000  014.28780000    0.00    0.00 0  0 0 0 27  -20.44750000  014.29830000    0.00    0.00 0  0 0 0
19  -20.44702820  014.28746337 1 WS
19  -20.44797178  014.29863667 1 WS
1     1929 0 0 FY15 Gai-As Spring
100   10.06   3   0 0.00 0 0 0 09  -20.76690000  014.03630000    0.00    0.00 0  0 0 0 27  -20.76690000  014.03640000    0.00    0.00 0  0 0 0
19  -20.76676559  014.03620319 1 WS
19  -20.76703441  014.03649681 1 WS
1     2100 0 0 FYRR Rag Rock
100   29.87   5   0 0.00 0 0 0 06  -20.54000000  014.42930000    0.00    0.00 0  0 0 0 24  -20.53600000  014.43670000    0.00    0.00 0  0 0 0
19  -20.53978516  014.42883613 1 WS
19  -20.53621482  014.43716387 1 WS
1     1800 0 0 FYTF Twyfelfontein
100   24.99   5   0 0.00 0 0 0 10  -20.54290000  014.35170000    0.00    0.00 0  0 0 0 28  -20.54600000  014.37060000    0.00    0.00 0  0 0 0
19  -20.54252886  014.35152559 1 WS
19  -20.54637112  014.37077446 1 WS