1     3992 0 0 FY0R Danube
100   29.87   5   0 0.00 0 0 0 08  -20.10130000  015.29750000    0.00    0.00 0  0 0 0 26  -20.09980000  015.30690000    0.00    0.00 0  0 0 0
19  -20.10094750  015.29714588 1 WS
19  -20.10015248  015.30725414 1 WS
1     3800 0 0 FYGT Gross Tsaub
100   10.06   4   0 0.00 0 0 0 09  -20.02810000  015.06000000    0.00    0.00 0  0 0 0 27  -20.02810000  015.07050000    0.00    0.00 0  0 0 0
19  -20.02796559  015.05990366 1 WS
19  -20.02823441  015.07059634 1 WS
1     3296 0 0 FYKX Khorixas
100   24.99   5   0 0.00 0 0 0 09  -20.36670000  015.05190000    0.00    0.00 0  0 0 0 27  -20.36670000  015.06340000    0.00    0.00 0  0 0 0
19  -20.36636260  015.05166009 1 WS
19  -20.36703738  015.06363993 1 WS
1     2800 0 0 FYTJ Otjohorongo
100   10.06   3   0 0.00 0 0 0 16  -20.89620000  015.54850000    0.00    0.00 0  0 0 0 34  -20.90380000  015.55150000    0.00    0.00 0  0 0 0
19  -20.89606857  015.54860146 1 WS
19  -20.90393143  015.55139854 1 WS
1     3500 0 0 FY3Z Scheikhard's Brunnen
100   10.06   4   0 0.00 0 0 0 13  -20.24780000  015.46390000    0.00    0.00 0  0 0 0 31  -20.25220000  015.46950000    0.00    0.00 0  0 0 0
19  -20.24763884  015.46391801 1 WS
19  -20.25236116  015.46948199 1 WS
1     3208 0 0 FY52 Vingerklip Lodge
100   10.06   5   0 0.00 0 0 0 09  -20.39420000  015.42310000    0.00    0.00 0  0 0 0 27  -20.39420000  015.43840000    0.00    0.00 0  0 0 0
19  -20.39406559  015.42300344 1 WS
19  -20.39433441  015.43849658 1 WS