1     4000 0 0 FY2S Okamatipati
100   10.06   3   0 0.00 0 0 0 09  -20.38330000  018.16090000    0.00    0.00 0  0 0 0 27  -20.38330000  018.17240000    0.00    0.00 0  0 0 0
19  -20.38316559  018.16080345 1 WS
19  -20.38343441  018.17249657 1 WS
1     4400 0 0 FY2X Okondjatu
100   10.06   4   0 0.00 0 0 0 09  -20.96670000  018.16090000    0.00    0.00 0  0 0 0 27  -20.96670000  018.17240000    0.00    0.00 0  0 0 0
19  -20.96656559  018.16080307 1 WS
19  -20.96683441  018.17249695 1 WS
1     3800 0 0 FY38 Ongongoro
100   10.06   3   0 0.00 0 0 0 09  -20.06670000  018.26660000    0.00    0.00 0  0 0 0 27  -20.06670000  018.26670000    0.00    0.00 0  0 0 0
19  -20.06656559  018.26650363 1 WS
19  -20.06683441  018.26679637 1 WS