1      704 0 0 YBBC Bamboo Creek
100   42.06   4   0 0.25 0 0 0 03  -20.95162927  120.15925944    0.00    0.00 0  0 0 0 21  -20.93979785  120.16926447    0.00    0.00 0  0 0 0
110   4 0.25  38.30 New Taxiway 62
111 -20.95032039  120.16014815 
112 -20.95054327  120.15981549 -20.95061756  120.15971424 
112 -20.95107682  120.15930926 -20.95119839  120.15920078 
111 -20.95139425  120.15905614 
111 -20.95173870  120.15945390 
112 -20.95144828  120.15977210 -20.95136048  120.15986611 
112 -20.95103630  120.16016985 -20.95098227  120.16026386 
112 -20.95075939  120.16033618 -20.95074588  120.16040850 
112 -20.95067834  120.16052421 -20.95057703  120.16052421 
114 -20.95038793  120.16047358 -20.95036091  120.16040126 
14  -20.95087093  120.16079763    6 0 New Tower Viewpoint 22
15  -20.95123891  120.15925140  90.00 New Ramp Start 20
19  -20.95041626  120.16095137 0 New Windsock 21
51 12760 CTAF
1      641 0 0 YEMC EIGHT MILE CREEK
100   22.86   4   0 0.25 0 0 0 7   -20.93504661  120.07992440    0.00    0.00 0  0 0 0 25  -20.93287032  120.08735975    0.00    0.00 0  0 0 0
110   4 0.25  72.60 New Taxiway 17
111 -20.93375721  120.08448004 
111 -20.93353499  120.08536827 
111 -20.93354981  120.08558239 
111 -20.93293407  120.08779021 
111 -20.93328962  120.08813916 
111 -20.93649695  120.08627546 
111 -20.93658584  120.08627546 
111 -20.93657102  120.08629925 
111 -20.93388065  120.08787424 
112 -20.93378288  120.08815340 -20.93376658  120.08825808 
111 -20.93387251  120.08847617 
111 -20.93599912  120.08979343 
111 -20.93579542  120.08982832 
112 -20.93332148  120.08830913 -20.93320462  120.08823168 
111 -20.93312114  120.08830317 
111 -20.93040449  120.08980003 
111 -20.93020921  120.08980003 
112 -20.93307347  120.08825667 -20.93313273  120.08821702 
111 -20.93311791  120.08812978 
112 -20.93268088  120.08769361 -20.93256978  120.08754293 
112 -20.93236237  120.08710676 -20.93228830  120.08674989 
112 -20.93110701  120.08446278 -20.93070776  120.08375618 
112 -20.92964768  120.08230169 -20.92910177  120.08154275 
111 -20.92866993  120.08089722 
111 -20.92836846  120.08046977 
112 -20.92856401  120.08053956 -20.92864549  120.08055700 
112 -20.92955665  120.08196616 -20.92981739  120.08231510 
112 -20.93165882  120.08510660 -20.93193585  120.08562129 
112 -20.93239312  120.08681093 -20.93249413  120.08720024 
111 -20.93268268  120.08745979 
112 -20.93265574  120.08725792 -20.93265574  120.08724350 
112 -20.93270288  120.08712094 -20.93272308  120.08704163 
112 -20.93289143  120.08658022 -20.93299244  120.08619090 
112 -20.93310691  120.08585926 -20.93316078  120.08569344 
112 -20.93328873  120.08536180 -20.93334260  120.08522482 
112 -20.93349747  120.08461200 -20.93351768  120.08453990 
113 -20.93365909  120.08437408 
111 -20.93334356  120.08818060 
111 -20.93377130  120.08844651 
112 -20.93370691  120.08821014 -20.93370691  120.08813628 
113 -20.93374370  120.08793931 
14  -20.93256819  120.08735539    6 0 New Tower Viewpoint 28
15  -20.93294073  120.08750312   0.00 New Ramp Start 26
19  -20.93263258  120.08711410 0 New Windsock 27
1      589 0 0 YLOC LOCHINVAR
100   35.97   4   0 0.25 0 0 0 11  -20.74655507  120.98431849    0.00    0.00 0  0 0 0 29  -20.75319197  121.00175276    0.00    0.00 0  0 0 0
110   4 0.25   0.00 New Taxiway 18
111 -20.75282153  121.00056932 
111 -20.75333731  121.00069188 
111 -20.75601173  121.00714691 
111 -20.75599262  121.00773930 
111 -20.75566787  121.00733075 
112 -20.75328923  121.00171534 -20.75322399  121.00170139 
111 -20.75305438  121.00182696 
112 -20.75285866  121.00170139 -20.75283257  121.00160372 
112 -20.75255857  121.00094797 -20.75249333  121.00068287 
113 -20.75233676  120.99988759 
110   4 0.25   0.00 New Taxiway 17
111 -20.74692741  120.98564756 
112 -20.74650857  120.98519968 -20.74644618  120.98513297 
112 -20.74622339  120.98470415 -20.74618775  120.98450403 
111 -20.74622339  120.98418956 
111 -20.74271474  120.97429455 
111 -20.74290386  120.97429455 
111 -20.74637104  120.98384380 
112 -20.74677029  120.98440552 -20.74677029  120.98442799 
113 -20.74714853  120.98555143 
14  -20.74627996  120.98471681    6 0 New Tower Viewpoint 18
15  -20.74628665  120.98440895 118.94 New Ramp Start 15
19  -20.74664821  120.98551868 0 New Windsock 16
1      307 0 0 YMUC MUCCAN STN
100   85.04   4   0 0.25 0 0 0 8   -20.65983479  120.06147735    0.00    0.00 0  0 0 0 26  -20.65835665  120.07223006    0.00    0.00 0  0 0 0
110   4 0.25   0.00 New Taxiway 1
111 -20.65797955  120.07215787 
111 -20.65809462  120.07200695 
111 -20.65871582  120.07213536 
111 -20.65876012  120.07234503 
111 -20.65958918  120.07248707 
111 -20.65958918  120.07253441 
112 -20.65939299  120.07294023 -20.65930439  120.07303492 
111 -20.65919047  120.07300787 
111 -20.66339916  120.07370901 
112 -20.66368249  120.07381540 -20.66381268  120.07390543 
111 -20.66349871  120.07383996 
112 -20.65593981  120.07266542 -20.65568045  120.07265282 
111 -20.65547218  120.07268642 
111 -20.65352543  120.07331847 
112 -20.65304298  120.07344123 -20.65276730  120.07350669 
111 -20.65327272  120.07322845 
112 -20.65539393  120.07254102 -20.65576150  120.07242645 
111 -20.65612111  120.07249549 
111 -20.65742676  120.07270254 
112 -20.65752784  120.07239646 -20.65752784  120.07225243 
113 -20.65752784  120.07216241 
14  -20.65771803  120.07242059    6 0 New Tower Viewpoint 3
15  -20.65848167  120.07276156   0.00 New Ramp Start 1
19  -20.65787494  120.07178336 0 New Windsock 2
1      561 0 0 YSHG Shay Gap
100   29.87   4   0 0.00 0 0 0 10  -20.42600800  120.14838500    0.00    0.00 0  0 0 0 28  -20.42302200  120.13034500    0.00    0.00 0  0 0 0
110   5 0.00 100.00 Taxiway
111 -20.42359600  120.13225300 
112 -20.42353600  120.13226500 -20.42349700  120.13227200 
112 -20.42352400  120.13255900 -20.42355500  120.13274800 
111 -20.42352400  120.13255900 
111 -20.42318700  120.13218200 
111 -20.42338200  120.13170500 
112 -20.42338200  120.13170500 -20.42341300  120.13189400 
112 -20.42348800  120.13197700 -20.42352700  120.13197000 
111 -20.42354800  120.13196500 
111 -20.42402800  120.13191900 
113 -20.42406200  120.13212100 
110   5 0.00 100.00 Apron
111 -20.42470400  120.13149300 
111 -20.42491800  120.13262100 
111 -20.42417000  120.13280400 
113 -20.42394000  120.13165100 
14  -20.42500150  120.13279332   82 0 New Tower Viewpoint 41
15  -20.42461900  120.13171500  10.22 GA Ramp 1
15  -20.42469200  120.13209700  11.23 GA Ramp 2
15  -20.42478000  120.13247000  10.34 GA Ramp 3
19  -20.42463445  120.13277444 1 Windsock
51 12670 Shay Gap MULT
1      518 0 0 YWWG WARRAWAGINE STN
100   49.99   4   0 0.25 0 0 0 7   -20.84811053  120.69886056    0.00    0.00 0  0 0 0 25  -20.84483892  120.71179686    0.00    0.00 0  0 0 0
100   39.01   4   0 0.25 0 0 0 3   -20.84780432  120.69894634    0.00    0.00 0  0 0 0 21  -20.83433830  120.70895039    0.00    0.00 0  0 0 0
100   28.96   4   0 0.25 0 0 0 12  -20.83736046  120.69315857    0.00    0.00 0  0 0 0 30  -20.84643137  120.70568333    0.00    0.00 0  0 0 0
110   4 0.25   0.00 New Taxiway 20
111 -20.84762080  120.69885815 
112 -20.84748128  120.69865910 -20.84721774  120.69847664 
111 -20.84625660  120.69766386 
111 -20.83702671  120.69293194 
111 -20.83716290  120.69283480 
111 -20.84653611  120.69756441 
112 -20.84688570  120.69763327 -20.84711671  120.69774657 
112 -20.84764613  120.69775687 -20.84778089  120.69756117 
112 -20.84781939  120.69730368 -20.84769426  120.69709769 
112 -20.84758837  120.69674750 -20.84754987  120.69670630 
112 -20.84729960  120.69678870 -20.84709746  120.69682990 
112 -20.84671244  120.69676810 -20.84668356  120.69657240 
112 -20.84705896  120.69637671 -20.84712634  120.69629431 
112 -20.84698195  120.69601622 -20.84686645  120.69579993 
112 -20.84674131  120.69546004 -20.84686645  120.69528495 
112 -20.84717447  120.69534675 -20.84736698  120.69540854 
111 -20.84821404  120.69593383 
112 -20.84797340  120.69642821 -20.84802153  120.69650031 
112 -20.84849319  120.69676810 -20.84872420  120.69679900 
111 -20.84929377  120.69698308 
112 -20.84959725  120.69609166 -20.84955075  120.69589261 
112 -20.84907018  120.69526229 -20.84879114  120.69503006 
112 -20.84841908  120.69464855 -20.84841908  120.69436656 
112 -20.84866712  120.69428363 -20.84905468  120.69428363 
112 -20.84950424  120.69478125 -20.84975228  120.69479784 
112 -20.85010883  120.69479784 -20.85044988  120.69486419 
112 -20.85001582  120.69499689 -20.85004682  120.69512959 
112 -20.85021734  120.69522911 -20.85013983  120.69531205 
112 -20.84993830  120.69529546 -20.84979878  120.69524570 
112 -20.84955075  120.69531205 -20.84956625  120.69551110 
112 -20.84961276  120.69567697 -20.84964376  120.69574332 
112 -20.84962826  120.69655611 -20.84953525  120.69677175 
111 -20.84953525  120.69678834 
112 -20.84927171  120.69743525 -20.84919420  120.69761771 
112 -20.84889965  120.69911058 -20.84894616  120.69947551 
112 -20.84920970  120.69987361 -20.84951974  120.70005607 
111 -20.85321623  120.70130907 
111 -20.85330149  120.70138206 
111 -20.85301160  120.70132732 
111 -20.84861465  120.69977801 
112 -20.84811753  120.69944794 -20.84775943  120.69932022 
114 -20.84758891  120.69906477 -20.84758891  120.69904652 
110   4 0.25   0.00 New Taxiway 21
111 -20.84249108  120.70021043 
112 -20.84241357  120.70030996 -20.84233606  120.70039289 
112 -20.84204152  120.70163693 -20.84201051  120.70173645 
112 -20.84255309  120.70165352 -20.84280113  120.70163693 
111 -20.84357624  120.70167010 
111 -20.84354524  120.70175304 
112 -20.84308017  120.70171986 -20.84297165  120.70171986 
112 -20.84201051  120.70180280 -20.84185549  120.70180280 
112 -20.84179348  120.70259898 -20.84173147  120.70288096 
111 -20.84157645  120.70354445 
111 -20.84132841  120.70361080 
112 -20.84154544  120.70293073 -20.84159195  120.70274827 
111 -20.84171597  120.70213454 
112 -20.84160745  120.70185256 -20.84157645  120.70175304 
112 -20.84171597  120.70153741 -20.84182448  120.70148764 
111 -20.84194850  120.70145447 
113 -20.84233606  120.70011091 
14  -20.84268896  120.70127868    6 0 New Tower Viewpoint 31
15  -20.84176140  120.70200900 180.00 New Ramp Start 29
19  -20.84273272  120.70199964 0 New Windsock 30