1      429 0 0 AU59 Clonagh
100   49.99   4   0 1.00 0 0 0 17  -20.15924323  140.67929244    0.00    0.00 0  0 0 0 35  -20.16984704  140.68199190    0.00    0.00 0  0 0 0
110   4 1.00 166.56 New Taxiway 4
111 -20.16584941  140.68113898 
111 -20.16576253  140.68143978 
112 -20.16548016  140.68165959 -20.16533898  140.68178685 
111 -20.16534984  140.68223804 
111 -20.16352529  140.68182155 
113 -20.16365562  140.68058366 
14  -20.16479596  140.68178685    6 0 New Tower Viewpoint 23
15  -20.16407917  140.68120839 254.18 New Ramp Start 22
19  -20.16519779  140.68199509 0 New Windsock 24
1      616 0 0 YCCY Cloncurry
100   29.87   1   0 0.25 0 1 0 12  -20.66019457  140.49947147    0.00    0.00 2  0 0 0 30  -20.67127500  140.51460300    0.00    0.00 2  0 0 0
100   17.98   1   0 0.25 0 0 0 06  -20.67029481  140.49846585    0.00    0.00 1  0 0 0 24  -20.66637955  140.50877126    0.00    0.00 1  0 0 0
110   4 0.25  67.90 New Taxiway 1
111 -20.66669507  140.50834586 
111 -20.66550022  140.51159792 
111 -20.66517749  140.51146242 
113 -20.66645647  140.50818140 
110   1 0.25   0.00 New Taxiway 28
112 -20.66615273  140.50551582 -20.66615273  140.50547075  20 
112 -20.66623793  140.50542660 -20.66628440  140.50542844  20 
112 -20.66632140  140.50551490 -20.66632226  140.50556732  20 
114 -20.66623707  140.50559307 -20.66620351  140.50559307  20 
110   1 0.25   0.00 New Taxiway 27
112 -20.66697353  140.51104097 -20.66701644  140.51104223  20 
112 -20.66704700  140.51112766 -20.66704818  140.51116912  20 
112 -20.66696354  140.51119802 -20.66693650  140.51119802  20 
114 -20.66690123  140.51112515 -20.66690065  140.51109939  20 
110   1 0.25   0.00 New Taxiway 29
111 -20.66743101  140.50620427 
112 -20.66754484  140.50634264 -20.66767653  140.50639989 
112 -20.66771894  140.50642852 -20.66773680  140.50643806 
111 -20.66786031  140.50649824 
111 -20.66897438  140.50728886 
112 -20.66915057  140.50742269 -20.66916396  140.50748710 
112 -20.66913271  140.50765886 -20.66911039  140.50770418 
111 -20.66897201  140.50803816 
111 -20.66919744  140.50819084 
111 -20.66913941  140.50827433 
111 -20.66893183  140.50810257 
112 -20.66886933  140.50810973 -20.66886710  140.50811689 
112 -20.66888273  140.50816698 -20.66888942  140.50817414 
111 -20.66916843  140.50837453 
112 -20.66915611  140.50847031 -20.66915856  140.50849918 
111 -20.66915611  140.50853329 
111 -20.66870924  140.50922884 
112 -20.66871912  140.50954102 -20.66879204  140.50964782 
111 -20.67107428  140.51272117 
112 -20.67220547  140.51301521 -20.67288282  140.51274295 
111 -20.67305071  140.51271202 
111 -20.67288500  140.51287968 
111 -20.67198766  140.51318906 
112 -20.67111347  140.51287968 -20.67083558  140.51252080 
111 -20.66866264  140.50956412 
111 -20.66841146  140.50914557 
111 -20.66851679  140.50891754 
111 -20.66842497  140.50883671 
111 -20.66805082  140.50940662 
111 -20.66794014  140.50932973 102 
112 -20.66786805  140.50951915 -20.66785912  140.50960264 102 
111 -20.66786805  140.50971715 
111 -20.66776667  140.50985396 
111 -20.66745940  140.50923840 
111 -20.66751882  140.50924995 102 
112 -20.66772678  140.50925283 -20.66779160  140.50915758 102 
111 -20.66792934  140.50891800 
112 -20.66790503  140.50884006 -20.66788072  140.50880831 
112 -20.66782671  140.50871594 -20.66782671  140.50868996 
112 -20.66785993  140.50841712 -20.66788934  140.50837520 
111 -20.66797104  140.50828789 
111 -20.66805600  140.50828090 
112 -20.66821940  140.50809928 -20.66825208  140.50805388 
112 -20.66836319  140.50798053 -20.66837953  140.50796656 
111 -20.66840894  140.50793862 
111 -20.66873461  140.50744247 
112 -20.66864619  140.50716059 -20.66849678  140.50705142 
111 -20.66782605  140.50656269 
111 -20.66745343  140.50640167 
112 -20.66733685  140.50646325 -20.66725664  140.50653945 
111 -20.66725664  140.50653945 
113 -20.66737547  140.50612985 
111 -20.66878133  140.50827513 
111 -20.66894903  140.50839363 
112 -20.66897813  140.50835660 -20.66899892  140.50832253 
111 -20.66898367  140.50829439 
111 -20.66882845  140.50819811 
113 -20.66878965  140.50825736 
111 -20.66869249  140.50848025 
111 -20.66857866  140.50866155 
111 -20.66853179  140.50893828 
111 -20.66868580  140.50905279 
111 -20.66860098  140.50922216 
112 -20.66856304  140.50931043 -20.66856304  140.50934621 
112 -20.66862777  140.50931520 -20.66863669  140.50930089 
111 -20.66868357  140.50917207 
112 -20.66882552  140.50891210 -20.66883843  140.50885492 
112 -20.66879935  140.50871359 -20.66879658  140.50867952 
112 -20.66879658  140.50862175 -20.66880212  140.50861730 
111 -20.66882568  140.50862175 
111 -20.66894625  140.50843215 
113 -20.66890883  140.50840252 
120 Linear Feature 47
111 -20.66858339  140.50777468   1 
111 -20.66881815  140.50739327   1 
111 -20.66887494  140.50743576   1 
115 -20.66864019  140.50781313 
120 Linear Feature 46
111 -20.66896305  140.50803822   1 
115 -20.66853878  140.50774446 
120 Linear Feature 44
111 -20.66727204  140.50641305   1 
116 -20.66739879  140.50633332 -20.66746254  140.50634665 
120 Linear Feature 43
111 -20.66737876  140.50612865   1 
112 -20.66739816  140.50633306 -20.66746607  140.50636417   1 
115 -20.66757972  140.50640564 
120 Linear Feature 42
111 -20.66769952  140.50641914   4 
115 -20.66767457  140.50649172 
120 Linear Feature 41
111 -20.66819256  140.50843181   1 
115 -20.66816757  140.50837282 
120 Linear Feature 40
111 -20.66836699  140.50842003   2 
112 -20.66835941  140.50832695 -20.66837077  140.50830267   2 
112 -20.66844745  140.50826726 -20.66849951  140.50827232   2 
112 -20.66853170  140.50835022 -20.66853737  140.50838158   2 
115 -20.66850803  140.50842407 
120 Linear Feature 39
111 -20.66814986  140.50865557   2 
111 -20.66816372  140.50860373   2 
112 -20.66827321  140.50854152 -20.66829954  140.50848967   2 
112 -20.66828845  140.50839339 -20.66827598  140.50836377   2 
112 -20.66820807  140.50829711 -20.66816649  140.50827934   2 
112 -20.66810551  140.50828674 -20.66808749  140.50829563   2 
115 -20.66808195  140.50830007 
120 Linear Feature 38
111 -20.66847694  140.50842598   1 
115 -20.66847694  140.50846894 
120 Linear Feature 37
111 -20.66808472  140.50845116   1 
112 -20.66813323  140.50841265 -20.66815679  140.50841413   1 
115 -20.66855732  140.50842598 
120 Linear Feature 36
111 -20.66808528  140.50843861   1 
111 -20.66827301  140.50815987   1 
112 -20.66832864  140.50810603 -20.66835636  140.50809714   1 
115 -20.66844783  140.50805567 
120 Linear Feature 35
111 -20.66808024  140.50834570   1 
115 -20.66814072  140.50834435 
120 Linear Feature 34
111 -20.66809208  140.50888872   1 
115 -20.66808024  140.50827971 
120 Linear Feature 33
111 -20.66866379  140.50812650   2 
112 -20.66860175  140.50816235 -20.66857156  140.50815518   2 
112 -20.66853467  140.50813546 -20.66851957  140.50811216   2 
111 -20.66851287  140.50808707   2 
115 -20.66849274  140.50807273 
120 Linear Feature 32
111 -20.66863864  140.50798491   1 
115 -20.66868392  140.50820357 
120 Linear Feature 31
111 -20.66743490  140.50937132   1 
112 -20.66778203  140.50937490 -20.66790277  140.50918492   1 
111 -20.66809226  140.50888919   1 
112 -20.66815735  140.50884701 -20.66816741  140.50883625   1 
111 -20.66839883  140.50847958   1 
112 -20.66841728  140.50836129 -20.66841393  140.50829139   1 
111 -20.66841225  140.50813546   1 
112 -20.66844579  140.50805660 -20.66848436  140.50802613   1 
111 -20.66863025  140.50795802   1 
112 -20.66867553  140.50801358 -20.66868559  140.50805301   1 
112 -20.66863696  140.50809961 -20.66862690  140.50809961   1 
115 -20.66862690  140.50809961 
120 Linear Feature 30
111 -20.66754970  140.50928009   1 
112 -20.66771462  140.50927565 -20.66776175  140.50920603   1 
111 -20.66793221  140.50892904   1 
111 -20.66811100  140.50905494   1 
111 -20.66791440  140.50935916   1 
112 -20.66784911  140.50960432 -20.66785246  140.50972082   1 
115 -20.66786084  140.50972261 
14  -20.66878539  140.50816996    6 0 New Tower Viewpoint 11
15  -20.66874488  140.50757245 151.56 New Ramp Start 10
18  -20.66499396  140.50765608 1 BCN
19  -20.66697235  140.51112389 0 New Windsock 7
19  -20.66623879  140.50551214 1 New Windsock 8
19  -20.65983241  140.50101294 0 New Windsock 9
51 12670 CTAF
1      693 0 0 YCRP CORELLA PARK
100   28.96   4   0 0.25 0 0 0 4   -20.59956722  140.24190866    0.00    0.00 0  0 0 0 22  -20.59328708  140.24782340    0.00    0.00 0  0 0 0
110   4 0.25  41.40 New Taxiway 13
111 -20.59587600  140.24248649 
112 -20.59647867  140.24247279 -20.59665818  140.24248649 
111 -20.59727367  140.24330836 
112 -20.59759423  140.24329467 -20.59779939  140.24329467 
112 -20.59809431  140.24303441 -20.59817125  140.24304810 
112 -20.59832512  140.24319878 -20.59832512  140.24337685 
112 -20.59785068  140.24386998 -20.59810713  140.24421243 
112 -20.59841488  140.24397956 -20.59854310  140.24407545 
112 -20.59832512  140.24432201 -20.59804302  140.24444529 
112 -20.59826100  140.24462336 -20.59835076  140.24478774 
112 -20.59827383  140.24530826 -20.59822254  140.24563701 
112 -20.59799173  140.24532196 -20.59786350  140.24517128 
112 -20.59758141  140.24478774 -20.59746600  140.24467816 
112 -20.59723520  140.24462336 -20.59705568  140.24473295 
112 -20.59676076  140.24478774 -20.59669665  140.24480144 
112 -20.59632479  140.24541784 -20.59622221  140.24556852 
112 -20.59595294  140.24584248 -20.59591447  140.24588357 
112 -20.59604270  140.24621232 -20.59615810  140.24637670 
112 -20.59599141  140.24649998 -20.59572213  140.24656847 
112 -20.59533745  140.24654107 -20.59508100  140.24669175 
112 -20.59468350  140.24685612 -20.59455528  140.24682873 
111 -20.59433729  140.24682873 
111 -20.59395262  140.24671914 
112 -20.59388850  140.24647258 -20.59405520  140.24641779 
112 -20.59438858  140.24633560 -20.59440141  140.24625342 
112 -20.59463221  140.24592467 -20.59490149  140.24584248 
112 -20.59518358  140.24574659 -20.59518358  140.24562331 
112 -20.59558108  140.24519868 -20.59576060  140.24508909 
112 -20.59620939  140.24473295 -20.59629915  140.24455487 
112 -20.59655560  140.24445899 -20.59668383  140.24440420 
112 -20.59690181  140.24404805 -20.59690181  140.24400696 
112 -20.59631197  140.24322618 -20.59614528  140.24311659 
114 -20.59608116  140.24278784 -20.59601705  140.24273305 
14  -20.59796503  140.24809833    6 0 New Tower Viewpoint 29
15  -20.59775308  140.24430592   0.00 New Ramp Start 27
19  -20.59757293  140.24464554 0 New Windsock 28
1      539 0 0 YFCN FORT CONSTANTINE
100   29.87   4   0 0.25 0 0 0 1   -20.48692499  140.57790703    0.00    0.00 0  0 0 0 19  -20.47475480  140.58098183    0.00    0.00 0  0 0 0
110   4 0.25   0.00 New Taxiway 7
111 -20.47481696  140.58107785 
111 -20.47390673  140.58140419 
112 -20.47393452  140.58159703 -20.47396232  140.58166378 
112 -20.47401790  140.58194562 -20.47402485  140.58196045 
112 -20.47419161  140.58201237 -20.47420551  140.58201978 
111 -20.47426804  140.58183436 
112 -20.47445565  140.58166378 -20.47454597  140.58164153 
111 -20.47461546  140.58170828 
111 -20.47474053  140.58204945 
112 -20.47524672  140.58321285 -20.47530827  140.58335738 
111 -20.47559231  140.58321259 
111 -20.48827930  140.57786820 
112 -20.49340266  140.57573402 -20.49459143  140.57501117 
111 -20.49489501  140.57413140 
111 -20.50960618  140.53841693 
111 -20.50970069  140.53853344 
112 -20.49510903  140.57426307 -20.49444146  140.57571926 
111 -20.49249166  140.57643289 
111 -20.48748257  140.57839777 
111 -20.47188199  140.58501159 
111 -20.47174441  140.58501159 
111 -20.47180556  140.58486474 
112 -20.47507840  140.58348626 -20.47513583  140.58345561 
111 -20.47511860  140.58320430 
111 -20.47471089  140.58211936 
112 -20.47444100  140.58213162 -20.47434338  140.58213775 
112 -20.47393567  140.58199064 -20.47376914  140.58188644 
112 -20.47382082  140.58137156 -20.47379211  140.58132252 
112 -20.47384379  140.58103443 -20.47388973  140.58096700 
111 -20.47393567  140.58094862 
113 -20.47474534  140.58083828 
14  -20.47404311  140.58142263    6 0 New Tower Viewpoint 5
15  -20.47427051  140.58120013 228.95 New Ramp Start 4
19  -20.47478848  140.58130801 0 New Windsock 6
1      479 0 0 YGNA GRANADA
100  131.98   4   0 0.00 0 0 0 2   -20.08485443  140.35869892    0.00    0.00 0  0 0 0 20  -20.07069643  140.36656357    0.00    0.00 0  0 0 0
110   4 0.25   0.00 New Taxiway 10
111 -20.07116476  140.36678386 
111 -20.07286098  140.37078343 
112 -20.07243977  140.37100159 -20.07223486  140.37102583 
111 -20.07218932  140.37096523 
112 -20.07220070  140.37054104 -20.07220070  140.37049256 
113 -20.07093708  140.36702626 
14  -20.07251065  140.37133450    6 0 New Tower Viewpoint 9
15  -20.07241700  140.37026228   0.00 New Ramp Start 7
19  -20.07237146  140.36889273 0 New Windsock 8
1      681 0 0 YHLD HILLSIDE (QLD)
100   28.04   4   0 0.25 0 0 0 7   -20.50214960  140.23841873    0.00    0.00 0  0 0 0 25  -20.49914253  140.24811129    0.00    0.00 0  0 0 0
110   3 0.25   0.00 New Taxiway 13
111 -20.49861602  140.24920863 
112 -20.49888805  140.24899224 -20.49889338  140.24897516 
111 -20.49901073  140.24899224 
111 -20.49904273  140.24920863 
111 -20.49879737  140.24931113 
114 -20.49874403  140.24927696 -20.49869603  140.24928835 
110   3 0.25   0.00 New Taxiway 12
111 -20.49841667  140.24874066 
112 -20.49846830  140.24886469 -20.49846830  140.24890603 
112 -20.49839731  140.24925054 -20.49837795  140.24933323 
112 -20.49826177  140.24937457 -20.49821660  140.24940902 
112 -20.49804879  140.24940902 -20.49799716  140.24940902 
112 -20.49775836  140.24942969 -20.49766154  140.24940213 
112 -20.49770672  140.24913341 -20.49773899  140.24906451 
112 -20.49780353  140.24874755 -20.49780353  140.24860975 
112 -20.49806815  140.24879578 -20.49826177  140.24894737 
113 -20.49841022  140.24877511 
110   4 0.25   0.00 New Taxiway 11
111 -20.49927507  140.24787249 
112 -20.49942996  140.24778980 -20.49946223  140.24774846 
112 -20.49968167  140.24783115 -20.49970749  140.24789316 
112 -20.49976558  140.24801718 -20.49979785  140.24803785 
111 -20.50004310  140.24805164 
111 -20.50003665  140.24843749 
111 -20.49980430  140.24847194 
112 -20.49983012  140.24894048 -20.49983657  140.24903005 
111 -20.49964940  140.24907829 
112 -20.49936542  140.24903694 -20.49921698  140.24903005 
112 -20.49898463  140.24898871 -20.49893945  140.24897493 
112 -20.49866193  140.24912652 -20.49858448  140.24922298 
111 -20.49863611  140.24945036 
112 -20.49848561  140.24950846 -20.49847521  140.24951955 
112 -20.49820496  140.24960833 -20.49819456  140.24961942 
112 -20.49779958  140.24959723 -20.49768524  140.24959723 
112 -20.49742538  140.24966381 -20.49738380  140.24966381 
112 -20.49699921  140.24977478 -20.49678093  140.24983026 
112 -20.49667699  140.24980807 -20.49658344  140.24980807 
112 -20.49636515  140.24967491 -20.49631318  140.24964162 
111 -20.49548163  140.24938639 
111 -20.49546084  140.24928652 
111 -20.49568967  140.24931895 
112 -20.49622071  140.24951071 -20.49629881  140.24952738 
112 -20.49743899  140.24955240 -20.49753270  140.24955240 
112 -20.49780603  140.24946902 -20.49784508  140.24946069 
112 -20.49815746  140.24946902 -20.49822774  140.24947736 
112 -20.49838393  140.24916889 -20.49840736  140.24904383 
112 -20.49843079  140.24879371 -20.49843079  140.24870200 
112 -20.49863383  140.24875203 -20.49868850  140.24872701 
112 -20.49889155  140.24866032 -20.49896183  140.24866032 
112 -20.49908678  140.24835184 -20.49910240  140.24825179 
112 -20.49895402  140.24804336 -20.49891497  140.24798500 
112 -20.49896183  140.24786828 -20.49896964  140.24782660 
112 -20.49905554  140.24776824 -20.49907897  140.24776824 
113 -20.49912583  140.24785994 
14  -20.49882973  140.24896115    6 0 New Tower Viewpoint 15
15  -20.49928152  140.24848572   0.00 New Ramp Start 13
19  -20.49892009  140.24787938 0 New Windsock 14
1      509 0 0 YKAJ KAJABBI
100   24.99   4   0 0.25 0 0 0 13  -20.02866724  140.03018723    0.00    0.00 0  0 0 0 31  -20.03367655  140.03519322    0.00    0.00 0  0 0 0
100   13.11   5   0 0.25 0 0 0 10  -20.02247983  140.01366965    0.00    0.00 0  0 0 0 28  -20.02585160  140.02505160    0.00    0.00 0  0 0 0
110   3 0.25   0.00 New Taxiway 7
112 -20.03221406  140.03858535 -20.03233017  140.03868422 
111 -20.03223728  140.03874189 
112 -20.03178832  140.03938453 -20.03167995  140.03952459 
111 -20.03133935  140.03932686 
111 -20.03013179  140.03800862 
113 -20.03074331  140.03735774 
110   3 0.25   0.00 New Taxiway 6
111 -20.02917471  140.03529071 
111 -20.02959272  140.03513417 
112 -20.02997975  140.03506002 -20.03004942  140.03508474 
112 -20.03035131  140.03571090 -20.03040550  140.03586744 
112 -20.03070739  140.03663366 -20.03076157  140.03669134 
112 -20.03090865  140.03689731 -20.03090865  140.03692203 
112 -20.03080028  140.03711976 -20.03068416  140.03719391 
111 -20.03000298  140.03772945 
112 -20.02958497  140.03671605 -20.02945338  140.03642769 
114 -20.02929857  140.03583448 -20.02924438  140.03569442 
110   4 0.25   0.00 New Taxiway 3
111 -20.02011089  140.00892723 
112 -20.02028118  140.00912661 -20.02031524  140.00916286 
112 -20.02075802  140.00980629 -20.02088574  140.00998753 
112 -20.02181453  140.01117315 -20.02261239  140.01216827 
112 -20.02356183  140.01429165 -20.02361668  140.01439382 
111 -20.02383609  140.01519656 
112 -20.02614058  140.02485354 -20.02622355  140.02510078 
112 -20.02655541  140.02660191 -20.02655541  140.02676085 
112 -20.02689230  140.02807801 -20.02694849  140.02817770 
112 -20.02681737  140.02828736 -20.02681737  140.02833720 
112 -20.02714663  140.02933541 -20.02714663  140.02936194 
112 -20.02735856  140.02985289 -20.02739596  140.03003866 
112 -20.02749570  140.03074191 -20.02750816  140.03083479 
112 -20.02780736  140.03212187 -20.02785723  140.03237398 
111 -20.02813149  140.03362125 
112 -20.02823123  140.03366106 -20.02828109  140.03367433 
112 -20.02853042  140.03372741 -20.02861769  140.03378048 
111 -20.02879222  140.03404586 
111 -20.02909142  140.03517371 
111 -20.02917869  140.03514718 
112 -20.02983942  140.03486853 -20.03010122  140.03472257 
111 -20.03021342  140.03489507 
112 -20.03077441  140.03638118 -20.03086168  140.03655368 
111 -20.03102374  140.03691194 
111 -20.03159721  140.03642099 
111 -20.03252486  140.03609508 
111 -20.03371654  140.03506750 
112 -20.03264554  140.03309263 -20.03249469  140.03278757 
112 -20.03246452  140.03166366 -20.03249469  140.03103748 
112 -20.03314333  140.03020258 -20.03344502  140.02965668 
112 -20.03442552  140.02874149 -20.03492331  140.02822771 
112 -20.03656753  140.02729647 -20.03680888  140.02713591 
111 -20.03714074  140.02708774 
112 -20.03694464  140.02723224 -20.03682397  140.02732858 
112 -20.03450094  140.02885388 -20.03391264  140.02935162 
112 -20.03314333  140.03041130 -20.03258520  140.03110171 
112 -20.03259040  140.03249545 -20.03256547  140.03280064 
111 -20.03276494  140.03306601 
112 -20.03373733  140.03485730 -20.03381213  140.03500326 
112 -20.03392433  140.03553401 -20.03387446  140.03587900 
111 -20.03338827  140.03597189 
111 -20.03168034  140.03651591 
112 -20.03090891  140.03715285 -20.03090040  140.03721629 
111 -20.03093446  140.03727067 
112 -20.03240753  140.03862103 -20.03241604  140.03863010 
111 -20.03251822  140.03864822 
111 -20.03268852  140.03877510 
111 -20.03261188  140.03890198 
112 -20.03247565  140.03881135 -20.03245862  140.03880229 
111 -20.03234792  140.03875698 
112 -20.03163268  140.03963607 -20.03154753  140.03969045 
111 -20.03140277  140.03961795 
112 -20.02987862  140.03814070 -20.02982753  140.03808632 
111 -20.02974238  140.03812257 
111 -20.02935069  140.03843978 
112 -20.02745204  140.03974405 -20.02733589  140.03981469 
111 -20.02735248  140.04022087 
112 -20.02836466  140.04343500 -20.02844763  140.04364692 
112 -20.02882926  140.04484780 -20.02891223  140.04497142 
112 -20.02927728  140.04558952 -20.02932706  140.04562485 
112 -20.02922750  140.04569549 -20.02907816  140.04558952 
112 -20.02869652  140.04486546 -20.02861356  140.04470652 
112 -20.02789005  140.04242016 -20.02777390  140.04206696 
112 -20.02722633  140.04023035 -20.02715996  140.04008907 
112 -20.02679491  140.04031864 -20.02662898  140.04045992 
112 -20.02520198  140.04159015 -20.02482034  140.04189036 
111 -20.02389113  140.04309123 
112 -20.02378817  140.04309478 -20.02394984  140.04281948 
112 -20.02521091  140.04144300 -20.02540492  140.04130535 
111 -20.02707669  140.03995372 
112 -20.02691802  140.03965216 -20.02682735  140.03947123 
112 -20.02657802  140.03861481 -20.02654402  140.03845800 
112 -20.02643069  140.03796345 -20.02640802  140.03790314 
112 -20.02609069  140.03699847 -20.02602269  140.03679341 
112 -20.02626069  140.03626268 -20.02637402  140.03596112 
112 -20.02684804  140.03549346 -20.02703537  140.03532398 
112 -20.02753179  140.03526417 -20.02762545  140.03526417 
112 -20.02801884  140.03494517 -20.02825299  140.03472585 
111 -20.02816870  140.03405793 
112 -20.02737495  140.03057986 -20.02735986  140.03048354 
112 -20.02729952  140.02996979 -20.02729952  140.02993768 
112 -20.02713359  140.02947209 -20.02705817  140.02935971 
112 -20.02698275  140.02902256 -20.02695258  140.02891017 
112 -20.02678665  140.02854092 -20.02677156  140.02847670 
111 -20.02663580  140.02813955 
111 -20.02146214  140.01138518 
111 -20.02170566  140.01121572 
112 -20.02156517  140.01100638 -20.02146214  140.01093660 
113 -20.02017895  140.00908245 
111 -20.02198415  140.01161877 
111 -20.02657302  140.02704874 
111 -20.02659175  140.02696899 
112 -20.02653162  140.02658712 -20.02647489  140.02627788 
112 -20.02610562  140.02487652 -20.02600688  140.02450698 
111 -20.02376269  140.01524624 
112 -20.02346297  140.01431916 -20.02335057  140.01404004 
112 -20.02264810  140.01257466 -20.02254507  140.01240519 
114 -20.02211422  140.01174726 -20.02202055  140.01166751 
111 -20.02826946  140.03406009 
112 -20.02823540  140.03477604 -20.02810768  140.03509323 
112 -20.02750313  140.03539230 -20.02713699  140.03551011 
112 -20.02682194  140.03565512 -20.02657501  140.03595418 
112 -20.02634511  140.03631669 -20.02625144  140.03648888 
112 -20.02615778  140.03698733 -20.02620887  140.03711421 
112 -20.02649837  140.03796610 -20.02652392  140.03804766 
112 -20.02664313  140.03862767 -20.02667718  140.03873642 
112 -20.02697520  140.03963363 -20.02704332  140.03976957 
111 -20.02711144  140.03988738 
111 -20.02990850  140.03782145 
112 -20.02973820  140.03745070 -20.02969176  140.03736007 
112 -20.02947502  140.03691517 -20.02942083  140.03680806 
112 -20.02920409  140.03609128 -20.02918087  140.03595122 
112 -20.02899509  140.03521796 -20.02899509  140.03515205 
112 -20.02872416  140.03408099 -20.02869320  140.03404804 
112 -20.02856161  140.03388326 -20.02852290  140.03386678 
112 -20.02829068  140.03381735 -20.02823649  140.03381735 
113 -20.02819779  140.03381735 
111 -20.03263411  140.03611043 
111 -20.03336469  140.03584126 
112 -20.03379554  140.03554218 -20.03379554  140.03536274 
113 -20.03376744  140.03513344 
110   5 0.25 107.50 New Taxiway 2
111 -20.02581500  140.02478023 
111 -20.02588070  140.02482505 
111 -20.02595650  140.02501870 
111 -20.02575098  140.02508683 
111 -20.02569033  140.02487526 
113 -20.02572403  140.02479637 
110   5 0.25 107.50 New Taxiway 1
111 -20.02253963  140.01404291 
111 -20.02247477  140.01398966 
111 -20.02238397  140.01369579 
111 -20.02258039  140.01363662 
111 -20.02266193  140.01395613 
113 -20.02263228  140.01402319 
14  -20.02575533  140.02562424    6 0 New Tower Viewpoint 3
15  -20.02676146  140.02793309   0.00 New Ramp Start 1
19  -20.02556923  140.02524665 0 New Windsock 2
1      657 0 0 YROS MOUNT ROSEBY
100   28.04   4   0 0.25 0 0 0 1   -20.31957069  140.16759434    0.00    0.00 0  0 0 0 19  -20.30813052  140.17173982    0.00    0.00 0  0 0 0
110   4 0.25   0.00 New Taxiway 25
111 -20.30977337  140.17120082 
112 -20.30934537  140.17158113 -20.30913137  140.17167621 
112 -20.30911354  140.17211356 -20.30899762  140.17246535 
112 -20.30865878  140.17257944 -20.30837345  140.17258895 
112 -20.30767794  140.17282664 -20.30722319  140.17283615 
112 -20.30722319  140.17226568 -20.30708943  140.17198045 
112 -20.30728560  140.17128639 -20.30745502  140.17094412 
112 -20.30832886  140.17077298 -20.30867661  140.17065889 
112 -20.30884603  140.17083002 -20.30901545  140.17083953 
112 -20.30935429  140.17096313 -20.30948804  140.17098215 
114 -20.30965746  140.17110575 -20.30975554  140.17112476 
14  -20.30800786  140.17116279    6 0 New Tower Viewpoint 25
15  -20.30864986  140.17182833 276.24 New Ramp Start 23
19  -20.30881037  140.17093461 0 New Windsock 24