1       38 1 1 RORA Aguni
100   24.99   2   0 0.25 0 0 0 19   26.59246077  127.24263219    0.00    0.00 2 12 0 0 01   26.58530123  127.24180581    0.00    0.00 2  0 0 0
21   26.58712344  127.24166712  2   5.89   3.00 01  PAPI-4L
21   26.59063856  127.24277086  2 185.89   3.00 19  PAPI-4L
110   2 0.30 185.89 Default taxiway for RWY 19
111  26.59247209  127.24250959  53 
111  26.59253005  127.24188158  53 
111  26.58537051  127.24105520  53 
111  26.58531255  127.24168317 
112  26.58553629  127.24170899  26.58542465  127.24169358  53 
111  26.58543850  127.24154346  53 
112  26.58545698  127.24134331  26.58547083  127.24119320  53 
111  26.58558270  127.24120611  53 
111  26.58888280  127.24158703  53 
111  26.58883639  127.24208992 
111  26.58894826  127.24210283  53 
111  26.58899467  127.24159994  53 
112  26.59229476  127.24198085  26.59240663  127.24199377  53 
111  26.59239278  127.24214389  53 
112  26.59237430  127.24234406  26.59236045  127.24249418  53 
113  26.59224835  127.24248376 
120 Default hold RWY 19 (near)
111  26.59249541  127.24225688  54 
115  26.59238354  127.24224397 
120 Default hold RWY 19 (centre)
111  26.58897158  127.24185014  54 
115  26.58885971  127.24183723 
120 Default hold RWY 19 (far)
111  26.58544774  127.24144339  54 
115  26.58533587  127.24143048 
19   26.59264987  127.24303333 1 WS
19   26.58511213  127.24140471 1 WS
1      247 1 1 ROTM FUTENMA MCAS
100   45.72   1   0 0.25 0 3 0 06   26.26688300  127.74478900    0.00   55.47 2  7 0 1 24   26.28138100  127.76774400    0.00    0.00 2  0 0 1
21   26.26824960  127.74617054  2  54.84   3.00 06  PAPI-4L
21   26.28001462  127.76636201  2 234.85   3.00 24  PAPI-4L
110   1 0.30  54.84 Default taxiway for RWY 06
111  26.26671666  127.74491968   3 102 
111  26.26587392  127.74558174   3 102 
111  26.28037374  127.76853397   3 102 
111  26.28121648  127.76787182 
112  26.28097952  127.76749673  26.28109616  127.76768573   3 102 
111  26.28089434  127.76784430   3 102 
112  26.28062526  127.76805572  26.28042344  127.76821429   3 102 
111  26.28030496  127.76802674   3 102 
111  26.27335125  127.75701950   3 102 
111  26.27402581  127.75648953 
111  26.27390733  127.75630198   3 102 
111  26.27323277  127.75683195   3 102 
112  26.26627906  127.74582471  26.26616058  127.74563717   3 102 
111  26.26636240  127.74547862   3 102 
112  26.26663148  127.74526722  26.26683330  127.74510867   3 102 
113  26.26695362  127.74529477 
120 Default hold RWY 06 (near)
111  26.26637846  127.74518537   4 
115  26.26649694  127.74537292 
120 Default hold RWY 06 (centre)
111  26.27356913  127.75656768   4 
115  26.27368761  127.75675523 
120 Default hold RWY 06 (far)
111  26.28075980  127.76795001   4 
115  26.28087828  127.76813755 
18   26.27530968  127.75533937 4 BCN
19   26.26715058  127.74401754 1 WS
19   26.28111330  127.76851551 1 WS
53 12280 GND
54 12360 TWR
1      246 1 1 RORE IE JIMA
100   28.04   1   0 0.25 0 0 0 05   26.71658300  127.77250800    0.00    0.00 2  0 0 0 23   26.72661400  127.78280800    0.00    0.00 2  0 0 0
100   45.72   1   0 0.25 0 0 0 04   26.71757200  127.78133300    0.00   65.23 2  0 0 0 22   26.72814700  127.79094200    0.00   65.23 2  0 0 0
110   1 0.30  39.06 Default taxiway for RWY 04
111  26.71744378  127.78150988   3 
111  26.71679419  127.78240600   3 
111  26.72736951  127.79201421   3 
111  26.72801910  127.79111800 
112  26.72769962  127.79082774  26.72785794  127.79097483   3 
111  26.72770238  127.79118945   3 
112  26.72749497  127.79147561  26.72733940  127.79169023   3 
111  26.72717966  127.79154510   3 
111  26.72229135  127.78710383   3 
111  26.72281131  127.78638651 
111  26.72265157  127.78624138   3 
111  26.72213161  127.78695870   3 
112  26.71724330  127.78251743  26.71708356  127.78237230   3 
111  26.71723913  127.78215770   3 
112  26.71744654  127.78187156  26.71760210  127.78165696   3 
113  26.71776326  127.78180014 
120 Default hold RWY 04 (near)
111  26.71718309  127.78186950   4 
115  26.71734283  127.78201463 
120 Default hold RWY 04 (centre)
111  26.72239088  127.78660101   4 
115  26.72255062  127.78674615 
120 Default hold RWY 04 (far)
111  26.72759867  127.79133253   4 
115  26.72775841  127.79147766 
19   26.71764143  127.78050624 1 WS
19   26.71665286  127.77200473 1 WS
19   26.72654410  127.78331131 1 WS
19   26.72807752  127.79176883 1 WS
1      184 1 1 RODE IE SHIMA AUX AB
100   45.72   4   0 0.25 0 0 0 04   26.72092200  127.75942500    0.00    0.00 1  0 0 0 22   26.73222500  127.77073300    0.00    0.00 1  0 0 0
100   54.86   4   0 0.25 0 0 0 05   26.72979400  127.75719400    0.00    0.00 1  0 0 0 23   26.73215800  127.75974200    0.00    0.00 1  0 0 0
19   26.72102638  127.75860284 1 WS
19   26.72995191  127.75621322 1 WS
19   26.73200007  127.76072281 1 WS
19   26.73212054  127.77155524 1 WS
1      143 1 1 RODN KADENA AB
100   91.44   1   0 0.25 0 3 0 05L  26.34624400  127.75149400    0.00  304.80 3  1 0 0 23R  26.36717200  127.78023300    0.00    0.00 3  7 0 0
100   60.96   2   0 0.25 0 3 0 05R  26.34404700  127.75503600    0.00  304.80 2  0 0 1 23L  26.36497800  127.78377200    0.00  304.80 2  0 0 1
21   26.34879507  127.75391793  2  50.89   3.00 05L PAPI-4L
21   26.34554889  127.75626188  2  50.89   3.00 05R PAPI-4L
21   26.36347636  127.78254553  2 230.90   3.00 23L PAPI-4L
21   26.36491753  127.77821476  2 230.91   3.00 23R PAPI-4L
110   2 0.30  50.89 Default taxiway for RWY 05R
111  26.34383592  127.75522751  53 102 
111  26.34277003  127.75619458  53 102 
111  26.36370390  127.78492559  53 102 
111  26.36476979  127.78395835 
112  26.36442370  127.78348336  26.36459499  127.78372244  53 102 
111  26.36433960  127.78395420  53 102 
112  26.36399907  127.78426321  26.36374368  127.78449496  53 102 
111  26.36357064  127.78425746  53 102 
111  26.35353631  127.77048572  53 102 
111  26.35438937  127.76971168 
111  26.35421633  127.76947418  53 102 
111  26.35336327  127.77024822  53 102 
112  26.34332894  127.75647647  26.34315590  127.75623897  53 102 
111  26.34341129  127.75600726  53 102 
112  26.34375182  127.75569830  26.34400721  127.75546659  53 102 
113  26.34418200  127.75570250 
110   1 0.30  50.89 Default taxiway for RWY 05L
111  26.34592647  127.75178203   3 102 
111  26.34432837  127.75323166   3 102 
111  26.36525924  127.78196577   3 102 
111  26.36685734  127.78051588 
112  26.36633828  127.77980332  26.36659607  127.78016118   3 102 
111  26.36621294  127.78050878   3 102 
112  26.36570211  127.78097223  26.36531898  127.78131983   3 102 
111  26.36505945  127.78096354   3 102 
111  26.35524284  127.76748722   3 102 
111  26.35652167  127.76632709 
111  26.35626214  127.76597081   3 102 
111  26.35498331  127.76713094   3 102 
112  26.34516670  127.75365462  26.34490717  127.75329833   3 102 
111  26.34529030  127.75295080   3 102 
112  26.34580113  127.75248742  26.34618426  127.75213989   3 102 
113  26.34644553  127.75249459 
120 Default hold RWY 05R (near)
111  26.34340852  127.75561529  54 
115  26.34358156  127.75585278 
120 Default hold RWY 05L (near)
111  26.34528619  127.75236283   4 
115  26.34554572  127.75271911 
120 Default hold RWY 05R (centre)
111  26.35378893  127.76986199  54 
115  26.35396197  127.77009949 
120 Default hold RWY 05L (centre)
111  26.35562186  127.76655167   4 
115  26.35588139  127.76690795 
120 Default hold RWY 05R (far)
111  26.36416934  127.78410870  54 
115  26.36434239  127.78434619 
120 Default hold RWY 05L (far)
111  26.36595753  127.78074050   4 
115  26.36621706  127.78109679 
18   26.35600240  127.76804776 4 BCN
19   26.34433940  127.75398172 1 WS
19   26.34668275  127.74991261 1 WS
19   26.36673292  127.78181456 1 WS
19   26.36468539  127.78482640 1 WS
50 12420 ATIS
52 12330 CLNC DEL
53 11850 GND CTL
54 12620 TWR
1      156 1 1 ROKR Kerama
100   29.87   2   0 0.25 0 0 0 20   26.16790057  127.29637766    0.00    0.00 2 12 0 0 02   26.16097743  127.29418434    0.00    0.00 2  0 0 0
21   26.16279957  127.29437657  2  15.87   3.00 02  PAPI-4L
21   26.16607844  127.29618538  2 195.87   3.00 20  PAPI-4L
110   2 0.30 195.87 Default taxiway for RWY 20
111  26.16793672  127.29623603  53 
111  26.16812114  127.29551339  53 
111  26.16119802  127.29331999  53 
111  26.16101360  127.29404258 
112  26.16127216  127.29412450  26.16114349  127.29408113  53 
111  26.16118761  127.29390829  53 
112  26.16124642  127.29367783  26.16129054  127.29350499  53 
111  26.16141982  127.29354595  53 
111  26.16455818  127.29454025  53 
111  26.16441052  127.29511882 
111  26.16453980  127.29515978  53 
111  26.16468746  127.29458121  53 
112  26.16782582  127.29557552  26.16795510  127.29561648  53 
111  26.16791098  127.29578933  53 
112  26.16785217  127.29601980  26.16780805  127.29619266  53 
113  26.16767816  127.29615411 
120 Default hold RWY 20 (near)
111  26.16801086  127.29594553  54 
115  26.16788158  127.29590457 
120 Default hold RWY 20 (centre)
111  26.16461394  127.29486929  54 
115  26.16448466  127.29482833 
120 Default hold RWY 20 (far)
111  26.16121702  127.29379306  54 
115  26.16108774  127.29375210 
19   26.16804884  127.29689171 1 WS
19   26.16082915  127.29367032 1 WS
1       12 1 0 ROAH NAHA
100   45.72   1   0 0.25 0 3 0 18   26.20934200  127.64523300   42.06  195.07 2  7 0 1 36   26.18228900  127.64650300    0.00  155.14 3  1 1 1
21   26.20718253  127.64578476  2 177.59   3.00 18  PAPI-4L
21   26.18521441  127.64591542  2 357.59   3.00 36  PAPI-4L
10   26.18909260  127.64505770 xxx 317.30  1150 0.0 0.0   130 161161  1 0 0 0.25 0
10   26.19276240  127.64800260 xxx  42.30   300 0.0 0.0   300 161161  1 0 0 0.25 0
10   26.19476130  127.64788820 xxx  42.30   300 0.0 0.0   300 161161  1 0 0 0.25 0
10   26.21176150  127.64842220 xxx 100.00   500 0.0 0.0   100 161161  1 0 0 0.25 0
10   26.18803980  127.64736180 xxx  87.30   580 0.0 0.0   120 161161  1 0 0 0.25 0
10   26.20891570  127.64627080 xxx  87.30   580 0.0 0.0   120 161161  1 0 0 0.25 0
10   26.18531800  127.64750670 xxx  87.30   580 0.0 0.0   120 161161  1 0 0 0.25 0
10   26.21345330  127.64822390 xxx  42.30   670 0.0 0.0   120 161161  1 0 0 0.25 0
10   26.19345660  127.64658360 xxx 327.30   700 0.0 0.0   120 161161  1 0 0 0.25 0
10   26.20952030  127.64642330 xxx  87.30   700 0.0 0.0   120 161161  1 0 0 0.25 0
10   26.18285180  127.64837650 xxx  42.30   340 0.0 0.0   120 161161  1 0 0 0.25 0
10   26.21462060  127.64831540 xxx  42.30   900 0.0 0.0   120 161161  1 0 0 0.25 0
10   26.18867870  127.64597320 xxx  47.30   250 0.0 0.0   200 161161  1 0 0 0.25 0
10   26.20726780  127.64347840 xxx  12.30  1200 0.0 0.0   120 161161  1 0 0 0.25 0
10   26.19467540  127.64585880 xxx  87.30  1330 0.0 0.0   120 161161  1 0 0 0.25 0
10   26.19918440  127.64678960 xxx  27.30  1350 0.0 0.0   120 161161  1 0 0 0.25 0
10   26.20367050  127.64655300 xxx  27.30  1350 0.0 0.0   120 161161  1 0 0 0.25 0
10   26.20368000  127.64430240 xxx 327.30  1440 0.0 0.0   120 161161  1 0 0 0.25 0
10   26.21177290  127.64754490 xxx 357.30  1500 0.0 0.0   120 161161  1 0 0 0.25 0
10   26.19791980  127.64349370 xxx 357.30  5690 0.0 0.0   120 161161  1 0 0 0.25 0
10   26.19623950  127.64798740 xxx 357.30  9610 0.0 0.0   120 161161  1 0 0 0.25 0
10   26.18891720  127.64682010 xxx 327.30   700 0.0 0.0   120 161161  1 0 0 0.25 0
10   26.18512340  127.64831540 xxx 132.30   200 0.0 0.0   120 161161  1 0 0 0.25 0
10   26.18272970  127.64685820 xxx 132.30   200 0.0 0.0   120 161161  1 0 0 0.25 0
10   26.18552210  127.64670560 xxx 132.30   200 0.0 0.0   120 161161  1 0 0 0.25 0
10   26.20865250  127.64549260 xxx  42.30   200 0.0 0.0   120 161161  1 0 0 0.25 0
10   26.19482610  127.64390560 xxx 132.30   200 0.0 0.0   120 161161  1 0 0 0.25 0
10   26.18253140  127.64746860 xxx  87.30   460 0.0 0.0   120 161161  1 0 0 0.25 0
10   26.19436840  127.64394380 xxx  42.30   200 0.0 0.0   120 161161  1 0 0 0.25 0
10   26.18558690  127.64828490 xxx  42.30   200 0.0 0.0   120 161161  1 0 0 0.25 0
10   26.18830870  127.64815520 xxx  42.30   200 0.0 0.0   120 161161  1 0 0 0.25 0
10   26.20406720  127.64724730 xxx 117.30   200 0.0 0.0   120 161161  1 0 0 0.25 0
10   26.20406720  127.64360050 xxx  87.30   200 0.0 0.0   120 161161  1 0 0 0.25 0
10   26.18505480  127.64673610 xxx  42.30   200 0.0 0.0   120 161161  1 0 0 0.25 0
10   26.21268460  127.64768220 xxx  19.80   250 0.0 0.0   100 161161  1 0 0 0.25 0
10   26.20925520  127.64464570 xxx  87.30   200 0.0 0.0   150 161161  1 0 0 0.25 0
10   26.20932390  127.64552310 xxx  64.80   300 0.0 0.0   120 161161  1 0 0 0.25 0
10   26.20902630  127.64416500 xxx  47.30   290 0.0 0.0   150 161161  1 0 0 0.25 0
10   26.19274330  127.64749910 xxx  87.30   330 0.0 0.0   120 161161  1 0 0 0.25 0
10   26.18824200  127.64656830 xxx 132.30   200 0.0 0.0   120 161161  1 0 0 0.25 0
10   26.19851490  127.64859770 xxx 357.30  8200 0.0 0.0   360 161161  2 0 0 0.25 0
10   26.19072910  127.64316560 xxx 357.30   450 0.0 0.0   350 161161  2 0 0 0.25 0
10   26.20357510  127.64958190 xxx 357.30   710 0.0 0.0   460 161161  2 0 0 0.25 0
10   26.20597080  127.64945980 xxx 357.30   710 0.0 0.0   460 161161  2 0 0 0.25 0
10   26.21597670  127.65077210 xxx  67.30  1100 0.0 0.0   200 161161  2 0 0 0.25 0
10   26.21539500  127.65136720 xxx  67.30  1570 0.0 0.0   350 161161  2 0 0 0.25 0
10   26.20955850  127.64858250 xxx 357.30  1600 0.0 0.0   480 161161  2 0 0 0.25 0
10   26.21446800  127.64949040 xxx  67.30   400 0.0 0.0   200 161161  2 0 0 0.25 0
10   26.19732480  127.64967350 xxx 357.30  3660 0.0 0.0   300 161161  2 0 0 0.25 0
10   26.21646120  127.65271760 xxx  98.30   380 0.0 0.0   200 161161  2 0 0 0.25 0
10   26.19832800  127.64276890 xxx 357.30  2130 0.0 0.0   350 161161  2 0 0 0.25 0
10   26.21467590  127.64916230 xxx  42.30   420 0.0 0.0   270 161161  2 0 0 0.25 0
18   26.19587800  127.64747154 1 BCN
19   26.20977906  127.64590099 1 WS
19   26.18185195  127.64583517 1 WS
50 12780 ATIS
52 12207 CLNC DEL
53 12180 GND
54 12620 TWR
54 11810 TWR
54 12690 CENTRAL WEST PACIFIC