1      676 0 1 MMAL AGUALEGUAS
100   32.92   1   0 0.25 0 0 0 02   26.32281100 -099.54956400    0.00   31.70 2  0 0 0 20   26.34511900 -099.53530800    0.00    8.23 2  0 0 0
21   26.32454488 -099.54890119  2  29.80   3.00 02  PAPI-4L
110   1 0.30  29.80 Default taxiway for RWY 02
111  26.32273851 -099.54942277   3 
111  26.32236935 -099.54870356   3 
111  26.34467805 -099.53445015   3 
111  26.34504721 -099.53516949 
112  26.34479014 -099.53533373  26.34491756 -099.53524944   3 
111  26.34482923 -099.53507732   3 
112  26.34471146 -099.53484782  26.34462313 -099.53467570   3 
111  26.34449459 -099.53475782   3 
111  26.33366158 -099.54167921   3 
111  26.33395713 -099.54225507 
111  26.33382859 -099.54233720   3 
111  26.33353304 -099.54176134   3 
112  26.32270003 -099.54868272  26.32257150 -099.54876485   3 
111  26.32265983 -099.54893693   3 
112  26.32277760 -099.54916639  26.32286593 -099.54933847   3 
113  26.32299558 -099.54925852 
120 Default hold RWY 02 (near)
111  26.32259018 -099.54913378   4 
115  26.32271872 -099.54905166 
120 Default hold RWY 02 (centre)
111  26.33368026 -099.54204818   4 
115  26.33380880 -099.54196605 
120 Default hold RWY 02 (far)
111  26.34477035 -099.53496257   4 
115  26.34489888 -099.53488045 
19   26.32277475 -099.55015847 1 WS
19   26.34515519 -099.53471341 1 WS
1      676 0 1 MM44 AGUALEGUAS OLD
100    9.45   1   0 0.25 0 0 0 02   26.30031100 -099.55267500    0.00    0.00 2  0 0 0 20   26.30849400 -099.54771100   82.30    0.00 2  0 0 0
110   1 0.30  28.54 Default taxiway for RWY 02
111  26.30029176 -099.55263554   3 
111  26.30018913 -099.55242502   3 
111  26.30837222 -099.54746135   3 
111  26.30847485 -099.54767189 
112  26.30840014 -099.54771720  26.30843642 -099.54769234   3 
111  26.30841205 -099.54764234   3 
112  26.30837955 -099.54757568  26.30835518 -099.54752568   3 
111  26.30831783 -099.54754833   3 
111  26.30431967 -099.54997352   3 
111  26.30440198 -099.55014239 
111  26.30436463 -099.55016504   3 
111  26.30428232 -099.54999617   3 
112  26.30028415 -099.55242137  26.30024680 -099.55244402   3 
111  26.30027117 -099.55249402   3 
112  26.30030367 -099.55256068  26.30032804 -099.55261068   3 
113  26.30036646 -099.55259023 
120 Default hold RWY 02 (near)
111  26.30025007 -099.55255001   4 
115  26.30028742 -099.55252735 
120 Default hold RWY 02 (centre)
111  26.30432294 -099.55007950   4 
115  26.30436029 -099.55005685 
120 Default hold RWY 02 (far)
111  26.30839580 -099.54760901   4 
115  26.30843316 -099.54758635 
19   26.30029658 -099.55284396 1 WS
19   26.30850842 -099.54754203 1 WS
1      150 0 1 MM38 FALCON DAM
100   10.36   1   0 0.25 0 0 0 10   26.52196100 -099.15631100    0.00    0.00 2  0 0 0 28   26.52026100 -099.14091100    0.00    0.00 2  0 0 0
110   1 0.30  97.03 Default taxiway for RWY 10
111  26.52191695 -099.15631707   3 
111  26.52168332 -099.15634927   3 
111  26.51998415 -099.14094904   3 
111  26.52021778 -099.14091684 
112  26.52022919 -099.14102029  26.52022125 -099.14096888   3 
111  26.52016571 -099.14097653   3 
112  26.52009167 -099.14098674  26.52003613 -099.14099439   3 
111  26.52004184 -099.14104611   3 
111  26.52087716 -099.14861691   3 
111  26.52106451 -099.14859109 
111  26.52107022 -099.14864282   3 
111  26.52088287 -099.14866864   3 
112  26.52171819 -099.15623944  26.52172389 -099.15629117   3 
111  26.52177943 -099.15628352   3 
112  26.52185347 -099.15627331  26.52190901 -099.15626566   3 
113  26.52190554 -099.15621362 
120 Default hold RWY 10 (near)
111  26.52182216 -099.15633013   4 
115  26.52181645 -099.15627841 
120 Default hold RWY 10 (centre)
111  26.52097543 -099.14865588   4 
115  26.52096972 -099.14860415 
120 Default hold RWY 10 (far)
111  26.52012869 -099.14098163   4 
115  26.52012299 -099.14092990 
19   26.52211125 -099.15639532 1 WS
19   26.52011074 -099.14082671 1 WS
1      422 0 1 T86  ZAPATA CO
100   18.29   1   0 0.25 0 2 0 12   26.97315300 -099.25483600   34.14    0.00 2  0 0 0 30   26.96441700 -099.24298100   34.44    0.00 2  0 0 0
110   1 0.30 129.58 Default taxiway for RWY 12
111  26.97309131 -099.25489322   3 102 
111  26.97277247 -099.25518900   3 102 
111  26.96403697 -099.24333305   3 102 
111  26.96435581 -099.24303730 
112  26.96446067 -099.24317963  26.96440651 -099.24311007   3 102 
111  26.96433040 -099.24318066   3 102 
112  26.96422893 -099.24327479  26.96415282 -099.24334538   3 102 
111  26.96420525 -099.24341655   3 102 
111  26.96844192 -099.24916661   3 102 
111  26.96869734 -099.24892968 
111  26.96874977 -099.24900084   3 102 
111  26.96849435 -099.24923777   3 102 
112  26.97273102 -099.25498784  26.97278346 -099.25505901   3 102 
111  26.97285957 -099.25498841   3 102 
112  26.97296104 -099.25489427  26.97303715 -099.25482367   3 102 
113  26.97298644 -099.25475089 
120 Default hold RWY 12 (near)
111  26.97296273 -099.25501250   4 
115  26.97291030 -099.25494134 
120 Default hold RWY 12 (centre)
111  26.96862119 -099.24912011   4 
115  26.96856876 -099.24904895 
120 Default hold RWY 12 (far)
111  26.96427966 -099.24322773   4 
115  26.96422723 -099.24315657 
18   26.96922927 -099.24849631 1 BCN
19   26.97344814 -099.25480183 1 WS
19   26.96412187 -099.24301521 1 WS
51 12270 CTAF/UNICOM