1        9 1 1 MYLD DEADMANS CAY
100   30.48   1   0 0.25 0 0 0 09   23.17916700 -075.09958600    0.00    0.00 2  0 0 0 27   23.17886100 -075.08760800    0.00    0.00 2  0 0 0
110   1 0.30  91.59 Default taxiway for RWY 09
111  23.17903215 -075.09959007   3 
111  23.17834442 -075.09961083   3 
111  23.17803887 -075.08763280   3 
111  23.17872660 -075.08761204 
112  23.17873421 -075.08791031  23.17872816 -075.08776125   3 
111  23.17856365 -075.08776621   3 
112  23.17834429 -075.08777284  23.17817978 -075.08777780   3 
111  23.17818358 -075.08792693   3 
111  23.17832684 -075.09354311   3 
111  23.17887747 -075.09352649 
111  23.17888128 -075.09367562   3 
111  23.17833065 -075.09369224   3 
112  23.17847391 -075.09930842  23.17847772 -075.09945756   3 
111  23.17864223 -075.09945260   3 
112  23.17886159 -075.09944597  23.17902610 -075.09944101   3 
113  23.17902454 -075.09929180 
120 Default hold RWY 09 (near)
111  23.17875571 -075.09959841   4 
115  23.17875191 -075.09944928 
120 Default hold RWY 09 (centre)
111  23.17860484 -075.09368396   4 
115  23.17860103 -075.09353483 
120 Default hold RWY 09 (far)
111  23.17845397 -075.08776952   4 
115  23.17845016 -075.08762038 
19   23.17958590 -075.09987186 1 WS
19   23.17844208 -075.08732218 1 WS
1        9 1 0 MYEF Exuma Intl
100   45.72   1   0 0.25 0 2 0 12   23.56693900 -075.88693900    0.00    0.00 2 10 0 0 30   23.55798100 -075.86826400    0.00    0.00 2 10 0 0
21   23.56646229 -075.88499495  2 117.62   3.00 12  PAPI-4L
21   23.55845794 -075.87020786  2 297.63   3.00 30  PAPI-4L
10   23.56172800 -075.87222300 xxx 117.62   804 0.0 0.0   250 101101  1 0 0 0.35 0
10   23.56146200 -075.87298600 xxx 117.62   450 0.0 0.0   215 101101  1 0 0 0.35 0
10   23.56089600 -075.87254300 xxx 207.62   450 0.0 0.0    75 101101  1 0 0 0.35 0
14   23.56264300 -075.87220000    0 0 ATC Tower
18   23.56373748 -075.87687453 1 BCN
19   23.56557900 -075.88611800 0 WS
19   23.55813300 -075.87003300 0 WS
54 11800 AFIS
55 12760 NASSAU APP
1        5 1 1 MYEG GEORGE TOWN
100   27.43   1   0 0.25 0 0 0 11   23.46880600 -075.78875000    0.00   85.34 2  0 0 0 29   23.46452800 -075.77458300    0.00   79.25 2  0 0 0
110   1 0.30 108.22 Default taxiway for RWY 11
111  23.46869089 -075.78879130   3 
111  23.46810252 -075.78900243   3 
111  23.46382516 -075.77483496   3 
111  23.46441353 -075.77462384 
112  23.46449071 -075.77487948  23.46444998 -075.77475243   3 
111  23.46430929 -075.77480291   3 
112  23.46412169 -075.77487022  23.46398100 -075.77492071   3 
111  23.46401959 -075.77504853   3 
111  23.46606179 -075.78181271   3 
111  23.46653291 -075.78164366 
111  23.46657151 -075.78177148   3 
111  23.46610039 -075.78194053   3 
112  23.46814259 -075.78870471  23.46818118 -075.78883253   3 
111  23.46832187 -075.78878205   3 
112  23.46850947 -075.78871474  23.46865016 -075.78866425   3 
113  23.46861371 -075.78853566 
120 Default hold RWY 11 (near)
111  23.46845426 -075.78887621   4 
115  23.46841567 -075.78874839 
120 Default hold RWY 11 (centre)
111  23.46633488 -075.78185639   4 
115  23.46629628 -075.78172857 
120 Default hold RWY 11 (far)
111  23.46421549 -075.77483657   4 
115  23.46417690 -075.77470875 
19   23.46923492 -075.78887943 1 WS
19   23.46409907 -075.77445363 1 WS
50 13477 AWOS
51 12280 UNICOM
1       10 1 0 MYLS STELLA MARIS
100   22.86   1   0 0.00 0 0 0 13   23.58450000 -075.27544200    0.00    0.00 2  0 0 0 31   23.57838900 -075.26550600    0.00    0.00 2  0 0 0
110   5 0.00 124.00 Apron
111  23.57848038 -075.26546965 
112  23.57847251 -075.26478273  23.57829445 -075.26443423 
111  23.57847251 -075.26478273 
111  23.57770128 -075.26354626 
111  23.57818133 -075.26297525 
111  23.57821281 -075.26301389 
111  23.57822814 -075.26403428 
111  23.57818133 -075.26408292 
111  23.57843125 -075.26448869 
111  23.57846464 -075.26446502 
111  23.57934999 -075.26541384 
111  23.57927523 -075.26550400 
112  23.57927523 -075.26550400  23.57923852 -075.26554005 
111  23.57926736 -075.26557698 
111  23.57935629 -075.26567831 
111  23.57934047 -075.26570210 
111  23.57908393 -075.26544085 
113  23.57868565 -075.26579688 
110   1 0.00  34.00 Apron
111  23.57926898 -075.26574968 
111  23.57932811 -075.26588193 
111  23.57940497 -075.26583677 
111  23.57943572 -075.26590322 
111  23.57935787 -075.26595225 
111  23.57948775 -075.26622707 
111  23.57935176 -075.26633352 
112  23.57935176 -075.26633352  23.57921936 -075.26641478 
111  23.57924158 -075.26670102 
111  23.57868565 -075.26579688 
111  23.57908393 -075.26544085 
113  23.57934047 -075.26570210 
110   1 0.00  34.00 Pad
111  23.58230023 -075.27206532 
111  23.58207475 -075.27224906 
111  23.58160871 -075.27146067 
113  23.58182224 -075.27127991 
110   1 0.00  34.00 Pad
111  23.58318743 -075.27350480 
111  23.58306946 -075.27350194 
111  23.58291126 -075.27324405 
113  23.58296843 -075.27314593 
110   1 0.00  34.00 Pad
111  23.58467734 -075.27523010 
111  23.58454602 -075.27532739 
111  23.58438782 -075.27506950 
113  23.58452342 -075.27497684 
110   5 0.00 124.00 Pad
111  23.58467734 -075.27523010 
111  23.58452342 -075.27497684 
111  23.58438782 -075.27506950 
111  23.58404943 -075.27452097 
111  23.58409341 -075.27449165 
111  23.58421195 -075.27468231 
111  23.58438415 -075.27456096 
113  23.58474631 -075.27517677 
110   2 0.00  34.00 H Pad
111  23.57965823 -075.26601598 
111  23.57962274 -075.26606661 
111  23.57945441 -075.26591122 
113  23.57949214 -075.26585808 
110   2 0.00  34.00 H Pad
111  23.57954163 -075.26614047 
111  23.57946477 -075.26618562 
111  23.57935787 -075.26595225 
113  23.57943572 -075.26590322 
110   2 0.00  34.00 H Pad
111  23.57940497 -075.26583677 
111  23.57932811 -075.26588193 
111  23.57926898 -075.26574968 
113  23.57934047 -075.26570210 
130 Airport Boundary 1
111  23.57554267 -075.26300812 
111  23.57750959 -075.26148644 
111  23.58056919 -075.26608641 
111  23.58006315 -075.26659369 
111  23.58668744 -075.27692361 
113  23.58525367 -075.27807874 
15   23.57909386 -075.26565039  40.05 Ramp
19   23.58420170 -075.27409523 1 WS
19   23.57965332 -075.26684357 1 WS
51 12280 UNICOM
16       0 0 0 SP24 [S] Deadmans Cay Harbor
101 3047.70 0 36   23.18012661 -075.05805200 18   23.21029939 -075.05805200
15   23.18223400 -075.07078600  45.00 Anchor