1      100 0 0 EK61 Ejstruphede
100   29.87   3   0 0.00 0 0 0 12   56.02335938  008.68523257    0.00    0.00 1  0 0 0 30   56.01935900  008.69685774    0.00    0.00 1  0 0 0
130 Airport Boundary 10
111  56.02391791  008.68428716 
111  56.02319465  008.68450282 
111  56.02299375  008.68461065 
111  56.02286651  008.68482630 
111  56.02164768  008.68824085 
111  56.02069673  008.69096051 
111  56.02006723  008.69038543 
111  56.01957836  008.69184710 
111  56.01921674  008.69154758 
111  56.01907610  008.69195493 
111  56.01850687  008.69406356 
111  56.01899574  008.69463865 
111  56.01891538  008.69556117 
111  56.01852026  008.69662747 
111  56.01931049  008.69784952 
111  56.02148696  008.69170333 
113  56.02243791  008.68895971 
19   56.02384367  008.68520120 1 WS
19   56.01887470  008.69688897 1 WS
1       11 0 0 EKFU Fur
100   24.08   3   0 0.00 0 0 0 11   56.82600800  008.98270500    0.00    0.00 2  0 0 0 29   56.82394500  008.99124900    0.00    0.00 2  0 0 0
110   3 0.00  20.00 New Taxiway 1
111  56.82384746  008.99116474 
111  56.82368942  008.99183037 
111  56.82402937  008.99203807 
111  56.82450244  008.99225650 
111  56.82452383  008.99206336 
111  56.82485096  008.99215073 
111  56.82489122  008.99184724 
111  56.82457542  008.99168400 
111  56.82405202  008.99139200 
113  56.82404331  008.99132320 
110   4 0.00   0.00 New Taxiway 3
111  56.82489122  008.99184724 
111  56.82485096  008.99215073 
111  56.82452383  008.99206336 
111  56.82450244  008.99225650 
111  56.82446832  008.99242601 
111  56.82443769  008.99271099 
111  56.82432150  008.99267240 
111  56.82429655  008.99283905 
111  56.82436324  008.99293331 
111  56.82455574  008.99301149 
111  56.82449409  008.99356790 
111  56.82474950  008.99353801 
111  56.82508669  008.99346673 
111  56.82515550  008.99284036 
111  56.82497515  008.99275778 
113  56.82507241  008.99197902 
130 Airport Boundary 2
111  56.82585832  008.98256591 
111  56.82364510  008.99184014 
111  56.82397077  008.99204486 
111  56.82388358  008.99258609 
111  56.82430708  008.99272772 
111  56.82429739  008.99284659 
111  56.82433338  008.99290476 
111  56.82430708  008.99323608 
111  56.82451745  008.99331954 
111  56.82449530  008.99357245 
111  56.82495617  008.99349152 
111  56.82521424  008.99340266 
111  56.82570445  008.99323851 
111  56.82588257  008.99314671 
111  56.82588713  008.99213681 
111  56.82576382  008.99195040 
111  56.82553394  008.99187529 
111  56.82525230  008.99190311 
111  56.82489301  008.99182521 
111  56.82457774  008.99167068 
111  56.82410665  008.99140103 
111  56.82409591  008.99135016 
113  56.82619694  008.98277076 
15   56.82425132  008.99161656 144.07 Ramp
19   56.82404228  008.99143680 0 New Windsock 1
1      100 0 0 EKLV Lemvig
100   29.87   3   0 0.00 0 0 0 08   56.50246667  008.30562222    0.00    0.00 2  0 0 0 26   56.50362500  008.31748333    0.00    0.00 2  0 0 0
130 Airport Boundary 4
111  56.50152644  008.30300808 
111  56.50157126  008.30895566 
111  56.50194659  008.30902671 
111  56.50308939  008.32050575 
111  56.50382324  008.32054635 
111  56.50383445  008.31970394 
111  56.50442265  008.31970394 
111  56.50432742  008.31176706 
111  56.50503887  008.31174676 
111  56.50503887  008.30855983 
111  56.50665223  008.30852938 
111  56.50669144  008.30764638 
111  56.50692673  008.30762608 
113  56.50693793  008.30428691 
19   56.50413695  008.30936118 0 WS
1       49 0 0 EKHO Lindtorp
100   27.13   1   0 0.00 0 0 0 07   56.39529418  008.43456700    0.00    0.00 2  0 0 0 25   56.39838618  008.45322500    0.00    0.00 2  0 0 0
130 Airport Boundary 3
111  56.39559437  008.44079535 
111  56.39304339  008.44134717 
111  56.39353873  008.44453881 
111  56.39612273  008.44403173 
111  56.39790594  008.45439709 
111  56.39919382  008.45372595 
111  56.39589158  008.43390499 
111  56.39565216  008.43321894 
113  56.39443033  008.43390499 
19   56.39557359  008.43395529 1 WS
19   56.39810668  008.45383661 1 WS
1       51 0 0 EKNM Morsoe
100   29.87   3   0 0.00 0 0 0 11   56.82533333  008.78086111    0.00    0.00 2  0 0 0 29   56.82358333  008.79179722    0.00    0.00 2  0 0 0
110   3 0.00  16.00 Safe Area
111  56.82310358  008.79221523 
111  56.82392474  008.79267556 
111  56.82434347  008.79015039 
112  56.82441028  008.78996143  56.82444353  008.78993419 
111  56.82452894  008.78995848 
111  56.82481496  008.79007281 
111  56.82482257  008.79001158 
111  56.82496295  008.78868858 
111  56.82481771  008.78863958 
111  56.82488921  008.78801964 
111  56.82496502  008.78729562 
111  56.82481943  008.78721858 
111  56.82585630  008.78049876 
111  56.82502948  008.78012918 
113  56.82402145  008.78656008 
111  56.82463579  008.78855392 
111  56.82471606  008.78859633 
111  56.82469267  008.78873744 
113  56.82461309  008.78869845 
111  56.82520999  008.78080703 
111  56.82545469  008.78094072 
111  56.82370865  008.79185385 
113  56.82346327  008.79172184 
110   2 0.00 106.00 Signal Plinth
111  56.82471606  008.78859633  20 
111  56.82463579  008.78855392  20 
111  56.82461309  008.78869845  20 
113  56.82469267  008.78873744  20 
110   2 0.00  11.00 Ramp
111  56.82481771  008.78863958 
111  56.82496295  008.78868858 
111  56.82482257  008.79001158 
111  56.82496032  008.79005452 
111  56.82503446  008.78940725 
111  56.82513656  008.78944094 
111  56.82518233  008.78902341 
111  56.82537491  008.78908987 
111  56.82541558  008.78870241 
111  56.82578972  008.78883150 
111  56.82581430  008.78861916 
111  56.82494003  008.78830066 
111  56.82496994  008.78804341 
113  56.82488921  008.78801964 
130 Airport Boundary 1
111  56.82443998  008.78382485 
111  56.82365559  008.78871076 
111  56.82288309  008.79319580 
111  56.82385815  008.79444104 
111  56.82405205  008.79334766 
111  56.82396895  008.79330377 
111  56.82452924  008.78995906 
111  56.82501862  008.79018139 
111  56.82518625  008.78918335 
111  56.82588653  008.78956379 
111  56.82605922  008.78820324 
111  56.82528776  008.78789059 
111  56.82533770  008.78749759 
111  56.82487020  008.78722104 
111  56.82576947  008.78153638 
111  56.82584870  008.78157351 
111  56.82639107  008.77783897 
112  56.82637279  008.77755683  56.82632818  008.77741552 
111  56.82627325  008.77738978 
113  56.82549727  008.77694060 
15   56.82478563  008.78967459 189.74 Ramp
19   56.82391709  008.79263458 0 New Windsock 1
19   56.82564978  008.78180033 0 New Windsock 2
1      100 0 0 EK67 Noerre Felding
100   29.87   3   0 0.00 0 0 0 02   56.30259261  008.58316780    0.00    0.00 1  0 0 0 20   56.30991206  008.58999717    0.00    0.00 1  0 0 0
130 Airport Boundary 4
111  56.30165355  008.58318581 
111  56.30540848  008.58691723 
111  56.30996851  008.59146566 
111  56.31014442  008.59083157 
111  56.31017825  008.58962434 
111  56.31058419  008.58690504 
111  56.31017148  008.58700259 
111  56.30837182  008.58564904 
111  56.30620682  008.58463692 
111  56.30582795  008.58455156 
111  56.30544230  008.58456375 
111  56.30515815  008.58463692 
113  56.30490782  008.58122255 
19   56.30253921  008.58229965 1 WS
19   56.30996541  008.59086551 1 WS
1       30 0 0 EK43 Sennels
100   29.87   3   0 0.00 0 0 0 08   56.96303481  008.77332801    0.00    0.00 1  0 0 0 26   56.96313642  008.78107747    0.00    0.00 1  0 0 0
130 Airport Boundary 10
111  56.96233108  008.78111250 
111  56.96388306  008.78145659 
111  56.96454478  008.77792811 
111  56.96461300  008.77747141 
111  56.96469486  008.77610757 
111  56.96468804  008.77533806 
111  56.96479037  008.77458732 
111  56.96477672  008.77320471 
111  56.96483130  008.77307333 
111  56.96441247  008.77097019 
111  56.96372830  008.76789277 
111  56.96319394  008.76542901 
111  56.96294924  008.76420171 
111  56.96279942  008.76323086 
111  56.96261464  008.76141738 
111  56.96195544  008.76152729 
111  56.96201537  008.76575873 
111  56.96213023  008.77070458 
111  56.96215520  008.77198683 
111  56.96145605  008.77202347 
111  56.96146104  008.77327825 
113  56.96217518  008.77326909 
19   56.96343143  008.77281726 1 WS
19   56.96273977  008.78158814 1 WS
1      245 0 0 EKSD Spjald
100   29.87   3   0 0.00 0 2 0 14   56.10494031  008.51050205    0.00    0.00 1  0 0 0 32   56.10055556  008.51777778    0.00    0.00 1  0 0 0
130 Airport Boundary 8
111  56.10006197  008.51750557 
111  56.10103232  008.51904792 
111  56.10313203  008.51528343 
111  56.10363351  008.51613866 
111  56.10366613  008.51562698 
111  56.10370282  008.51509337 
111  56.10375582  008.51471327 
111  56.10387814  008.51411388 
111  56.10393929  008.51389458 
111  56.10406483  008.51349550 
111  56.10423720  008.51308715 
111  56.10556199  008.51072037 
111  56.10477919  008.50982125 
111  56.10466911  008.50971160 
111  56.10451825  008.50969698 
111  56.10429401  008.50968967 
111  56.10411054  008.51004055 
111  56.10393115  008.51044990 
113  56.10408608  008.51082271 
18   56.10338911  008.51537510 1 BCN
19   56.10541147  008.51070529 1 WS
19   56.10008441  008.51757449 1 WS
1       36 0 0 EK80 Tim
100   24.99   3   0 0.00 0 0 0 01   56.18427728  008.32459165   29.87    0.00 1  0 0 0 19   56.19091186  008.32518414   46.02    0.00 1  0 0 0
130 Airport Boundary 1
111  56.18950055  008.32284929 
111  56.18949395  008.32252939 
111  56.18193474  008.32207010 
111  56.18222752  008.32562080 
111  56.18327993  008.32568359 
112  56.18442092  008.32625191  56.18472557  008.32668199 
111  56.18501571  008.32739882 
111  56.18577732  008.32609552 
111  56.18839581  008.32631708 
111  56.19057910  008.32640831 
111  56.19135008  008.32660534 
111  56.19241112  008.32693926 
111  56.19284873  008.32552816 
111  56.19299859  008.32550662 
111  56.19302257  008.32478491 
111  56.19240513  008.32464487 
113  56.19251903  008.32299679 
19   56.18406937  008.32396610 1 WS
19   56.19111976  008.32580981 1 WS