1       50 0 1 PAJC Chignik
100   18.29   5   0 0.25 0 0 0 02   56.30867323 -158.37802601    0.00    0.00 1  0 0 0 20   56.31421565 -158.36993455    0.00    0.00 1  0 0 0
19   56.30870067 -158.37855858 1 WS
19   56.31418818 -158.36940191 1 WS
1       25 0 1 KCG  Chignik Fisheries
100    9.14   5   0 0.25 0 0 0 04   56.31667723 -158.59438079    0.00    0.00 1  0 0 0 22   56.31897999 -158.58747033    0.00    0.00 1  0 0 0
19   56.31674064 -158.59462261 1 WS
19   56.31891656 -158.58722851 1 WS
1       50 0 1 KCL  Chignik Lagoon
100   18.29   5   0 0.25 0 0 0 03   56.30972340 -158.53891210    0.00    0.00 1  0 0 0 21   56.31260270 -158.53294068    0.00    0.00 1  0 0 0
19   56.30980173 -158.53942800 1 WS
19   56.31252435 -158.53242474 1 WS
1       50 0 1 AK79 Chignik Lake
100   18.29   5   0 0.25 0 0 0 08   56.25564796 -158.78218932    0.00    0.00 1  0 0 0 26   56.25444648 -158.76853346    0.00    0.00 1  0 0 0
19   56.25591752 -158.78241247 1 WS
19   56.25417689 -158.76831040 1 WS
1       95 1 0 PAPH PORT HEIDEN
100   30.48   5   0 0.25 0 2 0 05   56.95688300 -158.63423600    0.00    0.00 1  0 0 1 23   56.96148300 -158.61064200    0.00    0.00 1  0 0 0
100   30.48   5   0 0.25 0 2 0 13   56.96361400 -158.65240600    0.00    0.00 1  0 0 1 31   56.95438300 -158.64162800    0.00    0.00 1  0 0 0
21   56.95777943 -158.63131845  1  70.31   3.00 05  VASI
21   56.96227578 -158.65011430  2 147.51   3.00 13  PAPI-4L
21   56.96058712 -158.61356049  1 250.33   3.00 23  VASI
21   56.95572142 -158.64391878  2 327.52   3.00 31  PAPI-4L
10   56.95634080 -158.63882450 xxx 155.37   300 0.0 0.0   250 161161  1 0 0 0.25 0
10   56.95750810 -158.64054870 xxx 100.00   200 0.0 0.0    80 161161  1 0 0 0.25 0
10   56.95617290 -158.63795470 xxx  70.37   500 0.0 0.0    80 161161  1 0 0 0.25 0
10   56.95717240 -158.64216610 xxx  60.00   900 0.0 0.0    80 161161  1 0 0 0.25 0
10   56.95772550 -158.63960270 xxx 155.37   800 0.0 0.0   400 161161  1 0 0 0.25 0
10   56.95660020 -158.64393620 xxx  13.20   140 0.0 0.0   140 161161  1 0 0 0.25 0
18   56.95951598 -158.64553230 1 BCN
19   56.95717800 -158.63496384 1 WS
19   56.96406637 -158.65203961 1 WS
19   56.95393067 -158.64199442 1 WS
19   56.96118786 -158.60991426 1 WS
50 13540 AWOS 3
51 12280 CTAF
16       0 0 1 Z78  [S] Chignik Bay
101 1219.20 0 05   56.28959833 -158.42369399 23   56.30162277 -158.37926547
101 1219.20 0 09   56.29828963 -158.41550118 27   56.29293147 -158.38745828