1      172 0 1 PAFE KAKE
100   30.48   1   0 0.25 0 2 0 10   56.96487200 -133.91795000    0.00   89.92 2  0 0 1 28   56.95785300 -133.90257200  304.80   89.92 2  0 0 0
21   56.96397378 -133.91502367  2 129.93   3.00 10  PAPI-4L
21   56.96051258 -133.90935455  2 309.94   3.00 28  PAPI-4L
110   1 0.30 129.93 Default taxiway for RWY 10
111  56.96476855 -133.91810882   3 102 
111  56.96424097 -133.91891883   3 102 
111  56.95722291 -133.90353775   3 102 
111  56.95775049 -133.90272789 
112  56.95792655 -133.90311374  56.95783680 -133.90292346   3 102 
111  56.95771059 -133.90311719   3 102 
112  56.95754232 -133.90337550  56.95741611 -133.90356923   3 102 
111  56.95750414 -133.90376216   3 102 
111  56.96079310 -133.91097037   3 102 
111  56.96121551 -133.91032190 
111  56.96130354 -133.91051482   3 102 
111  56.96088113 -133.91116330   3 102 
112  56.96417009 -133.91837152  56.96425811 -133.91856444   3 102 
111  56.96438432 -133.91837067   3 102 
112  56.96455259 -133.91811232  56.96467880 -133.91791855   3 102 
113  56.96459250 -133.91772298 
120 Default hold RWY 10 (near)
111  56.96455648 -133.91843442   4 
115  56.96446845 -133.91824150 
120 Default hold RWY 10 (centre)
111  56.96109147 -133.91084038   4 
115  56.96100344 -133.91064746 
120 Default hold RWY 10 (far)
111  56.95762645 -133.90324635   4 
115  56.95753842 -133.90305342 
18   56.96209944 -133.90912995 1 BCN
19   56.96536357 -133.91785142 1 WS
19   56.95736144 -133.90267075 1 WS
50 13525 AWOS 3
51 12290 CTAF
16       0 0 1 KAE  [S] Kake
101 1219.20 0 32   56.95995273 -133.93783882 14   56.98604003 -133.95339064
16       0 0 1 96Z  [S] North Whale
101  304.80 0 32   56.10334285 -133.11370619 14   56.12927825 -133.12972437
16       0 0 1 KKPB [S] Point Baker
101   76.20 0 36   56.34692897 -133.62692663 18   56.35679047 -133.61824615
16       0 0 1 AK19 [S] Port Protection
101  304.80 0 32   56.32361708 -133.60686300 14   56.33399124 -133.61330590