1      105 0 1 PAPG PETERSBURG JAMES A JOHNSON
100   45.72   1   0 0.25 0 2 0 04   56.79894400 -132.95941900    0.00    0.00 2  0 0 1 22   56.80435800 -132.93115800    0.00    0.00 2 11 0 1
21   56.79989430 -132.95654404  1  70.70   3.00 04  VASI
21   56.80340835 -132.93403410  1 250.73   3.00 22  VASI
110   1 0.30  70.70 Default taxiway for RWY 04
111  56.79875196 -132.95929621   3 102 
111  56.79777900 -132.95867412   3 102 
111  56.80319619 -132.93041710   3 102 
111  56.80416915 -132.93103927 
112  56.80403319 -132.93174846  56.80409904 -132.93139251   3 102 
111  56.80386604 -132.93124351   3 102 
112  56.80355537 -132.93104485  56.80332237 -132.93089585   3 102 
111  56.80325439 -132.93125045   3 102 
111  56.80071575 -132.94449246   3 102 
111  56.80149455 -132.94499044 
111  56.80142657 -132.94534504   3 102 
111  56.80064777 -132.94484707   3 102 
112  56.79810912 -132.95808908  56.79804114 -132.95844368   3 102 
111  56.79827414 -132.95859265   3 102 
112  56.79858481 -132.95879129  56.79881781 -132.95894026   3 102 
113  56.79888792 -132.95858702 
120 Default hold RWY 04 (near)
111  56.79836150 -132.95904656   4 
115  56.79842948 -132.95869197 
120 Default hold RWY 04 (centre)
111  56.80103611 -132.94509538   4 
115  56.80110409 -132.94474077 
120 Default hold RWY 04 (far)
111  56.80371071 -132.93114418   4 
115  56.80377869 -132.93078959 
18   56.80301148 -132.94616111 1 BCN
19   56.79939054 -132.96050063 1 WS
19   56.80391121 -132.93007656 1 WS
50 12580 AWOS 3
51 12250 CTAF
1       44 0 1 PAWG WRANGELL
100   45.72   1   0 0.25 0 3 0 10   56.48860000 -132.38250000    0.00    0.00 2  0 0 1 28   56.48004700 -132.35716400    0.00    0.00 2  0 0 1
21   56.48798289 -132.37936254  1 121.43   3.00 10  VASI
21   56.48066476 -132.36030036  1 301.45   3.00 28  VASI
110   1 0.30 121.43 Default taxiway for RWY 10
111  56.48842638 -132.38269218   3 102 
111  56.48754677 -132.38366583   3 102 
111  56.47899635 -132.35832386   3 102 
111  56.47987596 -132.35735043 
112  56.48009051 -132.35798632  56.47998132 -132.35767050   3 102 
111  56.47977067 -132.35790362   3 102 
112  56.47948981 -132.35821444  56.47927917 -132.35844755   3 102 
111  56.47938644 -132.35876549   3 102 
111  56.48339346 -132.37064159   3 102 
111  56.48409753 -132.36986233 
111  56.48420481 -132.37018028   3 102 
111  56.48350074 -132.37095954   3 102 
112  56.48750776 -132.38283563  56.48761503 -132.38315357   3 102 
111  56.48782567 -132.38292041   3 102 
112  56.48810653 -132.38260952  56.48831718 -132.38237635   3 102 
113  56.48821183 -132.38205629 
120 Default hold RWY 10 (near)
111  56.48807338 -132.38308292   4 
115  56.48796610 -132.38276496 
120 Default hold RWY 10 (centre)
111  56.48385181 -132.37057097   4 
115  56.48374453 -132.37025302 
120 Default hold RWY 10 (far)
111  56.47963024 -132.35805903   4 
115  56.47952296 -132.35774107 
18   56.48555487 -132.36847305 1 BCN
19   56.48934117 -132.38255297 1 WS
19   56.47930582 -132.35711152 1 WS
50 12850 AWOS 3
51 12260 CTAF
16       0 0 1 KCC  [S] Coffman Cove
101  609.60 0 36   55.99708100 -132.84734514 18   56.00940788 -132.83659264
16       0 0 1 63A  [S] Lloyd R. Roundtree Seaplane Facility
101  335.28 0 04   56.80649676 -132.98081336 22   56.81614268 -132.93929998
16       0 0 1 68A  [S] Wrangell
101  109.73 0 32   56.45458572 -132.37311339 14   56.47806428 -132.38692273