1     3276 0 1 SBAX ARAXA
100   29.87   1   0 0.25 0 1 0 15  -19.55724200 -046.96682500    0.00    0.00 2  0 0 0 33  -19.56925300 -046.95389200    0.00    0.00 2  0 0 0
110   1 0.30 134.59 Default taxiway for RWY 15
111 -19.55733612 -046.96692345   3 102 
111 -19.55781633 -046.96742577   3 102 
111 -19.56982779 -046.95449377   3 102 
111 -19.56934758 -046.95399142 
112 -19.56915888 -046.95419459 -19.56925483 -046.95409469   3 102 
111 -19.56936970 -046.95421485   3 102 
112 -19.56952285 -046.95437507 -19.56963772 -046.95449523   3 102 
111 -19.56954337 -046.95459681   3 102 
111 -19.56377352 -046.96080885   3 102 
111 -19.56338903 -046.96040665 
111 -19.56329467 -046.96050823   3 102 
111 -19.56367916 -046.96091043   3 102 
112 -19.55790931 -046.96712247 -19.55781496 -046.96722406   3 102 
111 -19.55770009 -046.96710391   3 102 
112 -19.55754694 -046.96694370 -19.55743207 -046.96682355   3 102 
113 -19.55752482 -046.96672028 
120 Default hold RWY 15 (near)
111 -19.55752917 -046.96712538   4 
115 -19.55762352 -046.96702380 
120 Default hold RWY 15 (centre)
111 -19.56348772 -046.96071017   4 
115 -19.56358208 -046.96060859 
120 Default hold RWY 15 (far)
111 -19.56944628 -046.95429496   4 
115 -19.56954063 -046.95419337 
18  -19.56257578 -046.95966009 1 BCN
19  -19.55676613 -046.96672779 1 WS
19  -19.56972888 -046.95398918 1 WS
54 13035 RDO
1     3700 0 1 SB04 AUREA
100   21.34   1   0 0.25 0 0 0 18  -19.28266400 -046.51339700    0.00    0.00 2  0 0 0 36  -19.29217500 -046.51008100    0.00    0.00 2  0 0 0
110   1 0.30 161.79 Default taxiway for RWY 18
111 -19.28269331 -046.51349135   3 
111 -19.28284405 -046.51397668   3 
111 -19.29235508 -046.51066091   3 
111 -19.29220434 -046.51017554 
112 -19.29202195 -046.51023913 -19.29211385 -046.51020961   3 
111 -19.29214986 -046.51032555   3 
112 -19.29219787 -046.51048014 -19.29223389 -046.51059609   3 
111 -19.29214269 -046.51062788   3 
111 -19.28761516 -046.51220628   3 
111 -19.28749442 -046.51181755 
111 -19.28740323 -046.51184934   3 
111 -19.28752397 -046.51223807   3 
112 -19.28299644 -046.51381648 -19.28290524 -046.51384828   3 
111 -19.28286922 -046.51373234   3 
112 -19.28282121 -046.51357776 -19.28278520 -046.51346182   3 
113 -19.28287570 -046.51342776 
120 Default hold RWY 18 (near)
111 -19.28275403 -046.51368684   4 
115 -19.28284522 -046.51365505 
120 Default hold RWY 18 (centre)
111 -19.28746395 -046.51204484   4 
115 -19.28755514 -046.51201305 
120 Default hold RWY 18 (far)
111 -19.29217387 -046.51040285   4 
115 -19.29226506 -046.51037105 
19  -19.28239158 -046.51317075 1 WS
19  -19.29244742 -046.51030727 1 WS
1     3757 1 1 SNRP Rio Paranaiba
100   14.33   2   0 0.25 0 2 0 16  -19.20877506 -046.24361691    0.00    0.00 2 10 0 0 34  -19.21566714 -046.23749269    0.00    0.00 2 10 0 0
21  -19.21000251 -046.24220081  1 140.00   3.00 16  VASI
21  -19.21443973 -046.23890890  1 320.00   3.00 34  VASI
110   2 0.30 140.00 Default taxiway for RWY 16
111 -19.20881505 -046.24366738  53 102 
111 -19.20902366 -046.24393066  53 102 
111 -19.21591584 -046.23780671  53 102 
111 -19.21570723 -046.23754342 
112 -19.21560847 -046.23763117 -19.21565929 -046.23758911  53 102 
111 -19.21570901 -046.23765187  53 102 
112 -19.21577531 -046.23773554 -19.21582503 -046.23779829  53 102 
111 -19.21577565 -046.23784217  53 102 
111 -19.21245301 -046.24079445  53 102 
111 -19.21228583 -046.24058346 
111 -19.21223645 -046.24062734  53 102 
111 -19.21240363 -046.24083833  53 102 
112 -19.20908099 -046.24379062 -19.20903161 -046.24383449  53 102 
111 -19.20898189 -046.24377174  53 102 
112 -19.20891559 -046.24368807 -19.20886587 -046.24362532  53 102 
113 -19.20891381 -046.24357963 
120 Default hold RWY 16 (near)
111 -19.20889936 -046.24377378  54 
115 -19.20894874 -046.24372990 
120 Default hold RWY 16 (centre)
111 -19.21232076 -046.24073375  54 
115 -19.21237014 -046.24068987 
120 Default hold RWY 16 (far)
111 -19.21574216 -046.23769370  54 
115 -19.21579154 -046.23764983 
18  -19.21193194 -046.24018993 1 BCN
19  -19.20855288 -046.24354890 1 WS
19  -19.21588932 -046.23756069 1 WS
17    1113 0 0 SJBQ [H] CBMM
102 H1  -19.67583333 -046.90388889  89.23   24.08   24.08   1 0   0 0.00 0
130 Heliport Boundary
111 -19.67563801 -046.90408953 
111 -19.67603398 -046.90408421 
111 -19.67602865 -046.90368825 
113 -19.67563269 -046.90369357 
19  -19.67567829 -046.90373796 0 Windsock