1     2762 0 0 SWJX Fazenda das Perobas
100   17.98   3   0 0.00 0 0 0 02  -19.50446569 -044.15769552    0.00    0.00 0  0 0 0 20  -19.49997875 -044.15786004    0.00    0.00 0  0 0 0
130 Airport Boundary
111 -19.49849792 -044.15862647 
111 -19.50599868 -044.15835143 
111 -19.50594652 -044.15692909 
113 -19.49844576 -044.15720413 
19  -19.50221040 -044.15745543 0 Windsock
1     2451 0 0 SWZT Fazenda do Brejo
100   22.86   1   0 0.00 0 0 0 03  -19.26020733 -044.47406517    0.00    0.00 1  0 0 0 21  -19.24979267 -044.47260149    0.00    0.00 1  0 0 0
130 Airport Boundary
111 -19.24818176 -044.47312532 
111 -19.26161144 -044.47501274 
111 -19.26181824 -044.47354134 
113 -19.24838856 -044.47165392 
19  -19.25505148 -044.47296704 0 Windsock
1     2598 1 1 SNPA Para De Minas
100   22.86   1   0 0.25 0 0 0 12  -19.84172200 -044.60652800    0.00    0.00 2  0 0 0 30  -19.84350000 -044.59577800    0.00    0.00 2  0 0 0
110   1 0.30  99.97 Default taxiway for RWY 12
111 -19.84182109 -044.60654653   3 
111 -19.84232984 -044.60664165   3 
111 -19.84410816 -044.59589177   3 
111 -19.84359941 -044.59579665 
112 -19.84356378 -044.59601205 -19.84358382 -044.59590476   3 
111 -19.84370539 -044.59592749   3 
112 -19.84386748 -044.59595780 -19.84398905 -044.59598053   3 
111 -19.84397123 -044.59608823   3 
111 -19.84312661 -044.60119392   3 
111 -19.84271916 -044.60111774 
111 -19.84270134 -044.60122544   3 
111 -19.84310879 -044.60130162   3 
112 -19.84226417 -044.60640731 -19.84224636 -044.60651501   3 
111 -19.84212479 -044.60649228   3 
112 -19.84196270 -044.60646197 -19.84184113 -044.60643924   3 
113 -19.84185672 -044.60633113 
120 Default hold RWY 12 (near)
111 -19.84202592 -044.60658482   4 
115 -19.84204374 -044.60647712 
120 Default hold RWY 12 (centre)
111 -19.84290617 -044.60126373   4 
115 -19.84292399 -044.60115603 
120 Default hold RWY 12 (far)
111 -19.84378643 -044.59594264   4 
115 -19.84380424 -044.59583494 
19  -19.84138380 -044.60668683 1 WS
19  -19.84383819 -044.59561914 1 WS
17     756 0 0 SIDH [H] Brahma Juatuba
102 H1  -19.95777778 -044.33611111 158.18   28.04   28.04   2 0   0 0.00 0
130 Heliport Boundary
111 -19.95749697 -044.33599087 
111 -19.95765754 -044.33639192 
111 -19.95805859 -044.33623135 
113 -19.95789802 -044.33583030 
19  -19.95787297 -044.33588880 0 Windsock
17     888 0 0 SNHN [H] Megafort
102 H1  -19.89111111 -044.05333333  28.08   21.03   21.03   2 0   0 0.00 1
130 Heliport Boundary
111 -19.89118705 -044.05358296 
111 -19.89136074 -044.05325740 
111 -19.89103517 -044.05308371 
113 -19.89086148 -044.05340927 
18  -19.89079995 -044.05395358 3 BCN
19  -19.89092237 -044.05339075 1 Windsock
17     908 0 0 SWYF [H] Minas Empreendimentos
102 H1  -19.90138889 -044.06472222 138.08   21.03   21.03   2 0   0 0.00 1
130 Heliport Boundary
111 -19.90112834 -044.06470820 
111 -19.90137487 -044.06498277 
111 -19.90164943 -044.06473624 
113 -19.90140291 -044.06446168 
18  -19.90094724 -044.06419910 3 BCN
19  -19.90139949 -044.06452522 1 Windsock
17    2421 0 0 SDBO [H] Morada Nova
102 H1  -19.46638889 -044.37305556 207.70   21.03   21.03   2 0   0 0.00 1
130 Heliport Boundary
111 -19.46631130 -044.37280644 
111 -19.46613977 -044.37313315 
111 -19.46646648 -044.37330467 
113 -19.46663801 -044.37297796 
18  -19.46669618 -044.37243478 3 BCN
19  -19.46657725 -044.37299689 0 Windsock
17     962 0 0 SIZV [H] Sada
102 H1  -19.95972222 -044.11750000  68.10   21.03   21.03   1 0   0 0.00 0
130 Heliport Boundary
111 -19.95961985 -044.11774000 
111 -19.95996222 -044.11760237 
111 -19.95982459 -044.11726000 
113 -19.95948222 -044.11739763 
19  -19.95954076 -044.11742260 0 Windsock
17     987 0 0 SNXC [H] Vigano 2
102 H1  -19.95416667 -044.07194444  48.08   24.08   24.08   2 0   0 0.00 1
130 Heliport Boundary
111 -19.95415162 -044.07222405 
111 -19.95444628 -044.07195949 
111 -19.95418171 -044.07166483 
113 -19.95388706 -044.07192940 
18  -19.95360336 -044.07248253 3 BCN
19  -19.95395060 -044.07193282 1 Windsock
17     720 0 0 SNWV [H] Vigano 3
102 H1  -19.72555556 -044.39527778   8.18   19.51   19.51   3 0   0 0.00 1
130 Heliport Boundary
111 -19.72570621 -044.39547901 
111 -19.72575679 -044.39512713 
111 -19.72540490 -044.39507655 
113 -19.72535432 -044.39542843 
18  -19.72546814 -044.39592387 3 BCN
19  -19.72540527 -044.39539029 1 Windsock