1     4300 0 0 FYBY Byseewah
100   24.99   4   0 0.00 0 0 0 09  -19.61310000  015.41940000    0.00    0.00 0  0 0 0 27  -19.61310000  015.43560000    0.00    0.00 0  0 0 0
19  -19.61276260  015.41916124 1 WS
19  -19.61343738  015.43583880 1 WS
1     3871 0 0 FYEP Epacha
100   20.12   5   0 0.00 0 0 0 11  -19.41890000  015.67430000    0.00    0.00 0  0 0 0 29  -19.42350000  015.68770000    0.00    0.00 0  0 0 0
19  -19.41858290  015.67421812 1 WS
19  -19.42381710  015.68778191 1 WS
1     4100 0 0 FY1N Holstein
100   10.06   4   0 0.00 0 0 0 09  -19.76330000  015.47930000    0.00    0.00 0  0 0 0 27  -19.76330000  015.49070000    0.00    0.00 0  0 0 0
19  -19.76316559  015.47920382 1 WS
19  -19.76343441  015.49079618 1 WS
1     4020 0 0 FYNU Naua Naua
100   10.06   5   0 0.00 0 0 0 06  -19.56550000  015.72840000    0.00    0.00 0  0 0 0 24  -19.56010000  015.73830000    0.00    0.00 0  0 0 0
19  -19.56542903  015.72824540 1 WS
19  -19.56017097  015.73845460 1 WS
1     3916 0 0 FY2R Ohorongo
100   10.06   5   0 0.00 0 0 0 08  -19.92070000  015.16440000    0.00    0.00 0  0 0 0 26  -19.91930000  015.17280000    0.00    0.00 0  0 0 0
19  -19.92058346  015.16428025 1 WS
19  -19.91941654  015.17291976 1 WS
1     3775 0 0 FYNG Ongava Lodge
100   28.04   5   0 0.00 0 0 0 07  -19.33140000  015.90720000    0.00    0.00 0  0 0 0 25  -19.32610000  015.92240000    0.00    0.00 0  0 0 0
19  -19.33113239  015.90681012 1 WS
19  -19.32636758  015.92278989 1 WS
1     3737 0 0 FY3D Otjitambi
100   20.12   4   0 0.00 0 0 0 06  -19.79920000  015.17140000    0.00    0.00 0  0 0 0 24  -19.79470000  015.17970000    0.00    0.00 0  0 0 0
19  -19.79905509  015.17108919 1 WS
19  -19.79484489  015.18001081 1 WS
1     3850 0 0 FY3W Safarihoek
100   10.06   5   0 0.00 0 0 0 06  -19.24150000  015.29130000    0.00    0.00 0  0 0 0 24  -19.23650000  015.30040000    0.00    0.00 0  0 0 0
19  -19.24142936  015.29114553 1 WS
19  -19.23657064  015.30055446 1 WS
1     4350 0 0 FY4Q Transvaal Farm
100   10.06   3   0 0.00 0 0 0 01  -19.91930000  015.57680000    0.00    0.00 0  0 0 0 19  -19.90870000  015.57880000    0.00    0.00 0  0 0 0
19  -19.91936565  015.57664242 1 WS
19  -19.90863435  015.57895757 1 WS