1       56 0 0 YAPA Anna Plains HS
100   49.99   4   0 0.25 0 0 0 10  -19.26672516  121.50294218    0.00    0.00 0  0 0 0 28  -19.26969000  121.52021300    0.00    0.00 0  0 0 0
110   4 0.25   0.00 New Taxiway 22
112 -19.26811744  121.51178731 -19.26806945  121.51168563 
111 -19.26779349  121.51157125 
112 -19.26533386  121.51201609 -19.26508190  121.51207964 
112 -19.26496192  121.51234654 -19.26492592  121.51242280 
111 -19.26493792  121.51277867 
111 -19.26420603  121.51289306 
111 -19.26405005  121.51202880 
112 -19.26775750  121.51132976 -19.26785348  121.51130434 
113 -19.26796147  121.51111369 
14  -19.26526941  121.51296835    6 0 New Tower Viewpoint 23
15  -19.26422677  121.51238117 185.71 New Ramp Start 21
19  -19.26488667  121.51288447 0 New Windsock 22
51 12760 CTAF
1      108 0 0 YSFI Sandfire
100   49.99   4   0 1.00 0 0 0 09  -19.77130542  121.08424838    0.00    0.00 0  0 0 0 27  -19.77273812  121.09662997    0.00    0.00 0  0 0 0
110   4 1.00  97.01 New Taxiway 40
111 -19.77181775  121.09007017 
111 -19.77169145  121.09007017 
112 -19.77163827  121.09027501 -19.77162498  121.09035271 
112 -19.77147209  121.09038096 -19.77139232  121.09040215 
112 -19.77109320  121.09033152 -19.77106661  121.09030326 
112 -19.77100679  121.09016199 -19.77090043  121.09017612 
112 -19.77028888  121.09030326 -19.77018917  121.09034564 
112 -19.77009611  121.09056461 -19.77007617  121.09062818 
112 -19.76990334  121.09088247 -19.76982358  121.09092485 
112 -19.76981028  121.09110850 -19.76979034  121.09114381 
111 -19.76977705  121.09193492 
111 -19.76990334  121.09255651 
111 -19.76929845  121.09252825 
112 -19.76903256  121.09188548 -19.76883314  121.09188548 
112 -19.76864702  121.09219627 -19.76854731  121.09235873 
111 -19.76841436  121.09276134 
111 -19.76818836  121.09003485 
112 -19.76836119  121.09014080 -19.76846090  121.09016199 
112 -19.76858719  121.09015493 -19.76860049  121.09015493 
112 -19.76859384  121.09012668 -19.76858719  121.09010549 
112 -19.76861378  121.08951215 -19.76866031  121.08945565 
112 -19.76981028  121.08946977 -19.77000305  121.08953334 
112 -19.76992329  121.08996422 -19.76994988  121.09005604 
112 -19.77005623  121.09016199 -19.77008282  121.09016199 
112 -19.77103029  121.08998369 -19.77112563  121.08994991 
113 -19.77178395  121.08995956 
111 -19.77148961  121.09013664 
112 -19.77128202  121.09011213 -19.77120001  121.09014481 
112 -19.77114107  121.09022924 -19.77114619  121.09026736 
112 -19.77123589  121.09031094 -19.77129483  121.09030549 
114 -19.77148961  121.09025919 -19.77150242  121.09023196 
112 -19.76862560  121.09067717 -19.76871641  121.09072059 
112 -19.76897519  121.09062893 -19.76914318  121.09058551 
112 -19.76914772  121.09041183 -19.76914772  121.09030086 
112 -19.76867554  121.09023332 -19.76856204  121.09022850 
113 -19.76840768  121.09021885 
110   4 1.00  97.01 New Taxiway 39
111 -19.77236963  121.09152271 
112 -19.77250583  121.09140210 -19.77264204  121.09139245 
112 -19.77281910  121.09152753 -19.77284635  121.09163367 
112 -19.77284181  121.09191832 -19.77279186  121.09200999 
112 -19.77251491  121.09203893 -19.77244681  121.09202928 
111 -19.77234239  121.09193762 
113 -19.77222889  121.09168192 
14  -19.77255124  121.09187972    6 0 New Tower Viewpoint 123
15  -19.77259664  121.09154201  93.00 New Ramp Start 122
19  -19.77276462  121.09173016 0 New Windsock 124