1      208 0 0 YLRN LORRAINE STN
100   34.14   4   0 0.25 0 0 0 11  -19.00502491  139.89511807    0.00    0.00 0  0 0 0 29  -19.00989529  139.90850784    0.00    0.00 0  0 0 0
110   4 0.25   0.00 New Taxiway 1
111 -19.00527381  139.89232743 
112 -19.00528917  139.89283107 -19.00528917  139.89300979 
112 -19.00570394  139.89289606 -19.00575003  139.89284732 
112 -19.00585756  139.89312351 -19.00585756  139.89317225 
112 -19.00628769  139.89343220 -19.00634914  139.89354593 
111 -19.00673319  139.89432577 
112 -19.00667174  139.89440701 -19.00664102  139.89445575 
112 -19.00644131  139.89440701 -19.00636450  139.89437451 
112 -19.00614944  139.89445575 -19.00605727  139.89448824 
112 -19.00602654  139.89461821 -19.00599582  139.89466695 
112 -19.00590365  139.89463446 -19.00587292  139.89460197 
112 -19.00576539  139.89456947 -19.00568858  139.89458572 
112 -19.00512019  139.89456947 -19.00498193  139.89460197 
112 -19.00518164  139.89481317 -19.00531989  139.89489441 
112 -19.00634914  139.89533307 -19.00653348  139.89541430 
112 -19.00713260  139.89539805 -19.00722477  139.89538181 
112 -19.00707115  139.89556052 -19.00700970  139.89560926 
112 -19.00650276  139.89557677 -19.00639523  139.89554428 
112 -19.00610335  139.89534931 -19.00598046  139.89533307 
112 -19.00581147  139.89534931 -19.00568858  139.89541430 
112 -19.00558105  139.89580422 -19.00548888  139.89603168 
111 -19.00522772  139.89599918 
111 -19.00492049  139.89518685 
111 -18.99955919  139.90100317 
111 -18.99951310  139.90087320 
112 -19.00450571  139.89521934 -19.00453644  139.89515435 
112 -19.00485904  139.89476443 -19.00487440  139.89471569 
111 -19.00485904  139.89443950 
112 -19.00444427  139.89435827 -19.00433673  139.89435827 
112 -19.00438282  139.89403333 -19.00438282  139.89393585 
111 -19.00450571  139.89359467 
112 -19.00470542  139.89313976 -19.00479759  139.89299354 
113 -19.00484368  139.89274984 
111 -19.00516490  139.89352180 
112 -19.00508411  139.89374152 -19.00513028  139.89377814 
111 -19.00599590  139.89418095 
112 -19.00623827  139.89414433 -19.00626136  139.89401006 
112 -19.00629598  139.89385138 -19.00626136  139.89385138 
114 -19.00575352  139.89360725 -19.00553423  139.89355842 
111 -19.00538419  139.89414433 
112 -19.00514182  139.89421757 -19.00514182  139.89432743 
112 -19.00529186  139.89437626 -19.00543036  139.89441288 
112 -19.00588048  139.89440067 -19.00591511  139.89432743 
112 -19.00589202  139.89426640 -19.00585740  139.89426640 
114 -19.00563811  139.89413213 -19.00551115  139.89407110 
14  -19.00523922  139.89497644    6 0 New Tower Viewpoint 3
15  -19.00543867  139.89517820   0.00 New Ramp Start 1
19  -19.00547335  139.89568261 0 New Windsock 2
1      878 0 0 YGON MOUNT GORDON
100   15.85   1   0 0.25 0 1 0 9   -19.77261773  139.39866934    0.00    0.00 0  0 0 0 27  -19.77265419  139.40976997    0.00    0.00 1  0 0 0
110   1 0.25 180.20 New Taxiway 18
111 -19.77255656  139.40188032 102 
112 -19.77241802  139.40174598 -19.77237070  139.40173880 102 
111 -19.77226254  139.40174598 102 
111 -19.77225578  139.40187528 
111 -19.77210706  139.40187528 
111 -19.77208002  139.40150174 
111 -19.77226254  139.40149456 102 
111 -19.77226254  139.40162386 102 
111 -19.77247210  139.40159513 102 
112 -19.77255726  139.40145361 -19.77257078  139.40141051 
111 -19.77258026  139.40141554 
113 -19.77261406  139.40186810 
110   4 0.25  90.20 New Taxiway 19
111 -19.77224563  139.39749775 
111 -19.77291627  139.39744685 
112 -19.77300010  139.39754865 -19.77302405  139.39772681 
111 -19.77313368  139.41056841 
112 -19.77265465  139.41073384 -19.77261872  139.41069567 
111 -19.77237920  139.41051751 
111 -19.77236297  139.40254001 
112 -19.77214740  139.40241275 -19.77202765  139.40237458 
112 -19.77193184  139.40231095 -19.77191986  139.40224732 
112 -19.77174023  139.40203098 -19.77172825  139.40204371 
112 -19.77171628  139.40220914 -19.77172825  139.40228550 
112 -19.77213582  139.40479135 -19.77218364  139.40529948 
112 -19.77211988  139.40709489 -19.77205612  139.40755222 
112 -19.77184890  139.40911050 -19.77181702  139.40943232 
112 -19.77197642  139.41038083 -19.77211988  139.41063490 
112 -19.77253431  139.41092285 -19.77267777  139.41095672 
111 -19.78436493  139.41057445 
111 -19.78436493  139.41066463 
111 -19.77245684  139.41098869 
112 -19.77202136  139.41066476 -19.77190160  139.41044495 
112 -19.77176007  139.40941531 -19.77179273  139.40889471 
112 -19.77192337  139.40805018 -19.77195603  139.40779566 
112 -19.77209757  139.40668504 -19.77210845  139.40651150 
112 -19.77212490  139.40586400 -19.77209417  139.40553748 
112 -19.77196512  139.40432937 -19.77191596  139.40403551 
112 -19.77156567  139.40182825 -19.77151650  139.40149521 
111 -19.77116595  139.39965039 
112 -19.77041148  139.39786883 -19.77008813  139.39728346 
112 -19.76940551  139.39623997 -19.76930971  139.39606182 
112 -19.76812411  139.39499288 -19.76786064  139.39480200 
111 -19.76782471  139.39471292 
111 -19.76804028  139.39480200 
112 -19.76933366  139.39603637 -19.76951329  139.39626542 
112 -19.77043543  139.39757614 -19.77065099  139.39795791 
112 -19.77114200  139.39901412 -19.77129768  139.39975219 
112 -19.77152522  139.40071933 -19.77156115  139.40101201 
112 -19.77160905  139.40133015 -19.77165695  139.40134287 
112 -19.77192042  139.40122835 -19.77198030  139.40121562 
112 -19.77217191  139.40111382 -19.77221982  139.40111382 
113 -19.77230365  139.40108837 
111 -19.77270841  139.39869357 
112 -19.77268290  139.39865291 -19.77265740  139.39865291 
111 -19.77255538  139.39865517 
112 -19.77252987  139.39869131 -19.77252775  139.39872293 
111 -19.77256852  139.40973870 
112 -19.77259403  139.40978161 -19.77263016  139.40978387 
111 -19.77271518  139.40978613 
114 -19.77274281  139.40976129 -19.77274281  139.40973870 
14  -19.77197163  139.40185131    6 0 New Tower Viewpoint 5
15  -19.77215632  139.40154801  95.44 New Ramp Start 6
18  -19.77213691  139.40422101 1 BCN
19  -19.77204719  139.40231518 1 New Windsock 4