1       56 0 0 SWAJ Salso
100   60.05   3   0 0.00 0 0 0 03  -33.21877145 -053.26511286    0.00    0.00 0  0 0 0 21  -33.20511744 -053.26099826    0.00    0.00 0  0 0 0
130 Airport Boundary
111 -33.20337417 -053.26140026 
111 -33.22000236 -053.26641112 
111 -33.22051473 -053.26471085 
113 -33.20388654 -053.25970000 
19  -33.21214570 -053.26238771 0 Windsock
1       82 0 0 SSVP Santa Vitoria do Palmar
100   60.05   4   0 0.00 0 0 0 11  -33.50159754 -053.34897646    0.00    0.00 0  0 0 0 29  -33.50284690 -053.33935689    0.00    0.00 0  0 0 0
130 Airport Boundary
111 -33.50207695 -053.33748172 
111 -33.50037413 -053.35059274 
111 -33.50236749 -053.35085163 
113 -33.50407032 -053.33774062 
19  -33.50300599 -053.34426846 0 Windsock