1      380 0 0 YBGE BOODGE
100   14.94   3   0 0.25 0 0 0 2   -33.82645430  115.10060375    0.00    0.00 0  0 0 0 20  -33.83063993  115.09837761    0.00    0.00 0  0 0 0
110   3 0.25   0.00 New Taxiway 10
111 -33.82721982  115.10208707 
112 -33.82722783  115.10191348 -33.82722783  115.10184597 
112 -33.82700351  115.10150843 -33.82695544  115.10147950 
112 -33.82651480  115.10061154 -33.82650679  115.10053439 
111 -33.82659492  115.10055368 
112 -33.82666702  115.10068869 -33.82670708  115.10083335 
112 -33.82677117  115.10092015 -33.82677117  115.10094908 
111 -33.82693941  115.10126733 
112 -33.82726789  115.10176882 -33.82737204  115.10192312 
113 -33.82729993  115.10215458 
14  -33.82701953  115.10173989    6 0 New Tower Viewpoint 29
15  -33.82659492  115.10068869 275.67 New Ramp Start 27
19  -33.82721181  115.10061154 0 New Windsock 28
1       52 0 0 YBUN Bunbury
100   17.98   1   0 0.25 0 1 0 07  -33.38050742  115.67265741    0.00    0.00 2  0 0 0 25  -33.37558312  115.68433140  210.01    0.00 2  0 0 0
110   1 1.00  63.20 New Taxiway 23
111 -33.37573259  115.68364298 
111 -33.37595589  115.68377853 
111 -33.37568879  115.68439644 
113 -33.37546580  115.68426293 
110   1 1.00 104.00 New Taxiway 22
112 -33.37598063  115.68145139 -33.37600161  115.68145313 
112 -33.37601174  115.68148864 -33.37601174  115.68151117 
112 -33.37598136  115.68152243 -33.37596689  115.68152243 
114 -33.37595170  115.68148778 -33.37595242  115.68146785 
110   1 1.00 104.00 New Taxiway 21
112 -33.37587128  115.68134979 -33.37591577  115.68137135 
112 -33.37591683  115.68145506 -33.37590941  115.68148550 
112 -33.37583951  115.68150960 -33.37581197  115.68150579 
114 -33.37578232  115.68141701 -33.37578444  115.68137896 
110   2 1.00 150.00 New Taxiway 10
111 -33.37487185  115.68210872 
111 -33.37495249  115.68190446 
111 -33.37505173  115.68195274 
111 -33.37502227  115.68202702 
111 -33.37507499  115.68206230 
111 -33.37503467  115.68216071 
111 -33.37497730  115.68212357 
113 -33.37495404  115.68216071 
110   1 1.00 104.00 New Taxiway 9
111 -33.37503312  115.68202887 
111 -33.37514632  115.68211058 
112 -33.37517423  115.68211058 -33.37519129  115.68210872 
111 -33.37520680  115.68210500 
111 -33.37514322  115.68225356 
112 -33.37511221  115.68221456 -33.37510600  115.68220713 
112 -33.37506569  115.68215885 -33.37506413  115.68215885 
111 -33.37504087  115.68213843 
111 -33.37497575  115.68210129 
113 -33.37501141  115.68201773 
110   1 1.00 104.00 New Taxiway 8
111 -33.37464277  115.68157348 
111 -33.37486622  115.68168990 
111 -33.37478775  115.68186148 
113 -33.37456601  115.68174505 
110   2 1.00 150.00 New Taxiway 7
111 -33.37479799  115.68149382 
111 -33.37489692  115.68156735 
111 -33.37484746  115.68166743 
113 -33.37473488  115.68161228 
110   2 1.00 150.00 New Taxiway 6
111 -33.37502263  115.68089385 
111 -33.37517701  115.68098085 
111 -33.37512252  115.68109775 
113 -33.37497495  115.68101348 
110   1 1.00 104.00 New Taxiway 2
111 -33.37795234  115.67872329 
112 -33.37782106  115.67881928 -33.37782618  115.67871510 
111 -33.37774771  115.67868038 
112 -33.37741874  115.67849874 -33.37728927  115.67842684 
111 -33.37716919  115.67862232 
111 -33.37653436  115.68010652 
112 -33.37564411  115.68134670 -33.37560096  115.68141411 
111 -33.37566287  115.68148152 
111 -33.37575106  115.68154443   1 
112 -33.37560283  115.68197358 -33.37560283  115.68197582   1 102 
112 -33.37558970  115.68213760 -33.37559720  115.68224994 102 
111 -33.37571916  115.68237576 102 
112 -33.37607879  115.68258193 -33.37614873  115.68262074 102 
111 -33.37625448  115.68253291 
111 -33.37620816  115.68280076 
112 -33.37610178  115.68290117 -33.37610349  115.68284194 102 
111 -33.37608984  115.68274798 102 
112 -33.37565074  115.68248642 -33.37550251  115.68241677 102 
111 -33.37534865  115.68260325 
111 -33.37511111  115.68314602 
111 -33.37478932  115.68297545 
111 -33.37465310  115.68332640 
112 -33.37464691  115.68340302 -33.37465104  115.68342279 
112 -33.37473772  115.68348952 -33.37475836  115.68350188 
111 -33.37478107  115.68355873 
112 -33.37484790  115.68455379 -33.37485789  115.68467640 
111 -33.37491533  115.68469136 
112 -33.37472553  115.68469136 -33.37474550  115.68467939 
111 -33.37479795  115.68457772 
112 -33.37473809  115.68365924 -33.37472870  115.68355139 
111 -33.37466866  115.68351095 
111 -33.37455608  115.68346377 
111 -33.37453544  115.68349972 
111 -33.37441161  115.68344130 
111 -33.37443225  115.68338962 
111 -33.37430150  115.68330648 
111 -33.37443119  115.68299925 
111 -33.37431137  115.68293342 
111 -33.37412035  115.68342343 
111 -33.37415497  115.68345287 
111 -33.37414559  115.68347085 
111 -33.37430507  115.68355622 
111 -33.37422439  115.68376293 
111 -33.37411181  115.68371350 
111 -33.37409305  115.68378540 
111 -33.37403488  115.68376068 
112 -33.37402175  115.68377866 -33.37401424  115.68378989 
112 -33.37394482  115.68382809 -33.37390917  115.68383708 
112 -33.37389979  115.68375844 -33.37390166  115.68374046 
111 -33.37391871  115.68365740 
111 -33.37376519  115.68356752 
111 -33.37396104  115.68315362 
111 -33.37409801  115.68323451   1 
111 -33.37427063  115.68285479 
111 -33.37407549  115.68278065 
111 -33.37426543  115.68239911 
111 -33.37439114  115.68248449 
111 -33.37438364  115.68250920 
112 -33.37442304  115.68250471 -33.37443242  115.68250022 
111 -33.37443805  115.68246876   1 
111 -33.37473116  115.68207633   1 
112 -33.37519810  115.68099896 -33.37524577  115.68088206   1 
111 -33.37533205  115.68092012   1 
112 -33.37565119  115.68108703 -33.37566481  115.68109791   1 
111 -33.37569659  115.68109519 
111 -33.37646135  115.68003596 
112 -33.37710750  115.67852657 -33.37720365  115.67830002 
111 -33.37740779  115.67837903 
112 -33.37782420  115.67860116 -33.37786755  115.67862340 
113 -33.37792740  115.67856903 
111 -33.37558942  115.68112770   1 
111 -33.37534587  115.68100165   1 
112 -33.37524267  115.68106096 -33.37520346  115.68114994   1 
111 -33.37478051  115.68210921   1 
112 -33.37474298  115.68225627 -33.37474128  115.68229508 
111 -33.37474128  115.68233593 
111 -33.37476345  115.68229917 
111 -33.37487944  115.68235432 
111 -33.37481292  115.68250342 
111 -33.37494085  115.68257900 
113 -33.37498861  115.68255653 
111 -33.37468490  115.68230316   1 
111 -33.37448874  115.68251763 
111 -33.37452285  115.68254622 
111 -33.37451774  115.68256052 
111 -33.37461667  115.68261159 
111 -33.37472925  115.68235422 
113 -33.37472243  115.68233380 
110   1 1.00  63.20 vvvvv
111 -33.38041365  115.67260288 
111 -33.38059833  115.67271092 
111 -33.38045454  115.67306882 
113 -33.38026563  115.67296753 
110   4 1.00 104.00 New Taxiway 5
111 -33.37544259  115.67956378 
111 -33.37602097  115.67993793 
111 -33.37560879  115.68092905 
111 -33.37578164  115.68103652 
111 -33.37559217  115.68128728 
112 -33.37534952  115.68175696 -33.37533290  115.68175696 
112 -33.37523650  115.68171318 -33.37518332  115.68170920 
112 -33.37504703  115.68169328 -33.37501712  115.68169328 
112 -33.37497391  115.68171318 -33.37493402  115.68174502 
112 -33.37489745  115.68197589 -33.37488748  115.68199579 
112 -33.37479773  115.68219083 -33.37477779  115.68222267 
111 -33.37468139  115.68229034 
111 -33.37451519  115.68241771 
112 -33.37449525  115.68235004 -33.37448528  115.68229034 
111 -33.37446533  115.68224655 
113 -33.37435564  115.68216694 
120 Linear Feature 18
111 -33.37490972  115.68276114   2 
112 -33.37496995  115.68272738 -33.37499045  115.68274272   2 
115 -33.37499045  115.68280564 
120 Linear Feature 11
111 -33.37431137  115.68293342   1 
115 -33.37416274  115.68328739 
120 Linear Feature 17
111 -33.37480463  115.68297445   1 
115 -33.37498861  115.68255653 
120 Linear Feature 24
111 -33.37478932  115.68297545  20 
111 -33.37468236  115.68290605  20 
115 -33.37484588  115.68252961 
120 Linear Feature 20
111 -33.37755288  115.67857166   4 
115 -33.37758948  115.67847637 
120 Linear Feature 19
111 -33.37585199  115.68259557   4 
115 -33.37589626  115.68248535 
120 Linear Feature 16
111 -33.37554567  115.68234566   1 
112 -33.37529193  115.68244695 -33.37523426  115.68258200   1 
111 -33.37510271  115.68291456   1 
112 -33.37500826  115.68296014 -33.37496738  115.68293482   1 
111 -33.37485319  115.68286223   1 
112 -33.37484896  115.68279302 -33.37486306  115.68276601   1 
112 -33.37491663  115.68276432 -33.37494060  115.68277782   1 
115 -33.37503646  115.68283184 
120 Linear Feature 15
111 -33.37567439  115.68116384   1 
116 -33.37567342  115.68121375 -33.37566159  115.68124052 
120 Linear Feature 14
111 -33.37571156  115.68115770   1 
112 -33.37567439  115.68116384 -33.37566670  115.68115616   1 
112 -33.37557315  115.68107943 -33.37553983  115.68105948   1 
111 -33.37534162  115.68095226   1 
112 -33.37522179  115.68101304 -33.37518373  115.68110588   1 
111 -33.37476086  115.68208331   1 
112 -33.37466218  115.68223862 -33.37462271  115.68228757   1 
111 -33.37448274  115.68246340   1 
112 -33.37443839  115.68254510 -33.37441451  115.68260842   1 
111 -33.37404267  115.68347027   1 
112 -33.37405220  115.68352988 -33.37408291  115.68354636   1 
115 -33.37409139  115.68355271 
120 Linear Feature 13
111 -33.37610549  115.68307580   1 
111 -33.37623001  115.68277350   1 
116 -33.37622077  115.68274056 -33.37620201  115.68270379 
120 Linear Feature 12
111 -33.37805534  115.67844499   1 
111 -33.37795008  115.67867485   1 
112 -33.37789022  115.67870203 -33.37786339  115.67868720   1 
111 -33.37738662  115.67843016   1 
112 -33.37713688  115.67857598 -33.37705019  115.67878112   1 
111 -33.37651918  115.68001757   1 
112 -33.37645161  115.68013616 -33.37641084  115.68019476   1 
111 -33.37571149  115.68115804   1 
111 -33.37567342  115.68121375   1 
111 -33.37558840  115.68132809   1 
112 -33.37553552  115.68145269 -33.37552870  115.68150375   1 
111 -33.37545044  115.68212149   1 
112 -33.37554503  115.68234618 -33.37563652  115.68240374   1 
111 -33.37622077  115.68274056   1 
112 -33.37625799  115.68272385 -33.37626419  115.68270899   1 
115 -33.37636499  115.68246388 
14  -33.37497106  115.68230873    6 0 New Tower Viewpoint 4
15  -33.37508728  115.68097888 112.93 New Ramp Start 2
15  -33.37503239  115.68253356 241.29 New Ramp Start 3
18  -33.37754220  115.67818725 1 BCN
19  -33.37585116  115.68142716 0 New Windsock 1
51 12510 ACTIVATE LIGHTS ONLY MULT
51 12670 BUNBURY MULT
51 12490 MELBOURNE CENTRE MULT
1       55 0 0 YBLN Busselton
100   29.87   1   0 0.00 0 2 0 03  -33.69492056  115.39776699    0.00   85.95 2  0 0 0 21  -33.68029145  115.40610840    0.00   86.87 2  0 0 0
21  -33.68248802  115.40547877  2 205.38   3.00 API PAPI-4L
21  -33.69276803  115.39862611  2  25.38   3.00 API PAPI-4L
110   2 0.00   0.00 New Taxiway 27
111 -33.68680842  115.39902788 
111 -33.68667658  115.39910446 
111 -33.68661691  115.39895534 
113 -33.68674909  115.39888000 
110   1 0.00  25.00 New Taxiway 16
111 -33.68699271  115.40210922   1 102 
112 -33.68709477  115.40176860 -33.68700753  115.40154658   1 102 
112 -33.68653710  115.40036904 -33.68649850  115.40026466   1 102 
111 -33.68642129  115.40023373   1 102 
111 -33.68597070  115.40002296 
111 -33.68575129  115.39948284 
111 -33.68562743  115.39951687 
111 -33.68554958  115.39927020 
111 -33.68567698  115.39918940 
112 -33.68559912  115.39897676 -33.68557081  115.39890021 
112 -33.68549296  115.39880239 -33.68548234  115.39879814 
112 -33.68539033  115.39881515 -33.68531248  115.39884067 
111 -33.68523817  115.39875136 
112 -33.68511785  115.39847917 -33.68508954  115.39840262 
111 -33.68517047  115.39828120 
112 -33.68558851  115.39803263 -33.68566636  115.39799435 
111 -33.68564159  115.39780722 
112 -33.68542572  115.39727137 -33.68539033  115.39718206 
112 -33.68548942  115.39719907 -33.68550358  115.39721183 
112 -33.68559558  115.39719907 -33.68562743  115.39719056 
112 -33.68602378  115.39705447 -33.68618302  115.39708424 
111 -33.68635288  115.39728412 
112 -33.68654398  115.39773918 -33.68662891  115.39798159 
111 -33.68675971  115.39792286 
111 -33.68800902  115.39722873 
111 -33.68860262  115.39878924 
111 -33.68839122  115.39890041 
111 -33.68843722  115.39902548   1 
112 -33.68677095  115.39995349 -33.68665192  115.40001148   1 102 
111 -33.68666157  115.40018546   1 102 
112 -33.68728573  115.40167751 -33.68735972  115.40187082   1 102 
113 -33.68758581  115.40177414 
111 -33.68786491  115.39823445 
111 -33.68762761  115.39837969 
111 -33.68790007  115.39908213   1 
113 -33.68814257  115.39893734 
111 -33.68755949  115.39841666 
111 -33.68730680  115.39855662 
111 -33.68727823  115.39860152 
111 -33.68754631  115.39927226   1 
113 -33.68784074  115.39910590 
111 -33.68749194  115.39930374 
111 -33.68721789  115.39861528 
112 -33.68715186  115.39857957 -33.68713700  115.39856171 
111 -33.68700493  115.39824427 
111 -33.68678041  115.39837918 
112 -33.68677711  115.39843275 -33.68678371  115.39846846 
111 -33.68689267  115.39868670 
111 -33.68674176  115.39878217 
111 -33.68677626  115.39885419 
111 -33.68675084  115.39888038   1 
111 -33.68689793  115.39924703   1 
113 -33.68678534  115.39971188   1 
111 -33.68769506  115.39772188 
111 -33.68762051  115.39754493 
112 -33.68758044  115.39754381 -33.68755528  115.39755949 
111 -33.68734560  115.39768380 
112 -33.68733815  115.39771964 -33.68735026  115.39775212 
113 -33.68740245  115.39788651 
111 -33.68737623  115.39790358 
111 -33.68731286  115.39773895 
112 -33.68726254  115.39772775 -33.68723365  115.39774567 
111 -33.68700809  115.39787086 
112 -33.68699169  115.39792507 -33.68700501  115.39795956 
113 -33.68705934  115.39809384 
111 -33.68669214  115.39820483 
112 -33.68674481  115.39820265 -33.68675389  115.39819829 
111 -33.68699541  115.39802369 
111 -33.68695727  115.39792767 
112 -33.68693548  115.39791457 -33.68691732  115.39792549 
111 -33.68674117  115.39802369 
112 -33.68668306  115.39809135 -33.68667762  115.39812627 
114 -33.68668670  115.39817428 -33.68668851  115.39818301 
111 -33.68675227  115.39855260 
111 -33.68659646  115.39821651 
111 -33.68664640  115.39819971 
111 -33.68634277  115.39741710 
112 -33.68609308  115.39716264 -33.68595325  115.39709782 
112 -33.68579544  115.39718184 -33.68573152  115.39721065 
111 -33.68561310  115.39729162 
112 -33.68556718  115.39746591 -33.68560827  115.39755886 
111 -33.68593940  115.39836638 
112 -33.68589106  115.39857552 -33.68581613  115.39861909 
111 -33.68563379  115.39871823 
112 -33.68562519  115.39890376 -33.68568319  115.39904319 
111 -33.68589015  115.39956023 
111 -33.68658940  115.39915763 
111 -33.68652824  115.39901065 
111 -33.68630052  115.39913079 
112 -33.68626782  115.39911846 -33.68625938  115.39910035 
111 -33.68619733  115.39894305 
112 -33.68620412  115.39889900 -33.68621859  115.39889103 
112 -33.68634521  115.39881064 -33.68636510  115.39880194 
111 -33.68637934  115.39882573 
111 -33.68643245  115.39896111 
111 -33.68654686  115.39889882 
111 -33.68651495  115.39879657 
111 -33.68670638  115.39868474 
113 -33.68667448  115.39861444 
111 -33.68824208  115.39887579   1 
111 -33.68845956  115.39875074 
111 -33.68818981  115.39803390 
113 -33.68796735  115.39816062 
111 -33.68778564  115.39766339 
111 -33.68800344  115.39754220 
111 -33.68794974  115.39740562 
112 -33.68792039  115.39739125 -33.68790017  115.39740295 
112 -33.68773946  115.39749267 -33.68772568  115.39750078 
113 -33.68773107  115.39752289 
110   1 0.00   0.00 New Taxiway 15
111 -33.69435218  115.39793286   1 
112 -33.69452346  115.39757729 -33.69455849  115.39755389   1 
111 -33.69478525  115.39741996   1 
111 -33.69489063  115.39769064 
113 -33.69436775  115.39801240 
110   1 0.00   0.00 New Taxiway 14
111 -33.68078997  115.40573594 
111 -33.68026060  115.40603224   1 
111 -33.68015966  115.40577726   1 
112 -33.68040070  115.40562112 -33.68051040  115.40555733   1 
113 -33.68075960  115.40566476 
110   4 0.00   0.00 New Taxiway 25
111 -33.68665013  115.39814784 
112 -33.68665313  115.39822179 -33.68662912  115.39823622 
112 -33.68661861  115.39825065 -33.68659610  115.39823622 
112 -33.68656008  115.39822901 -33.68652707  115.39822901 
112 -33.68616538  115.39842921 -33.68614887  115.39843282 
112 -33.68614737  115.39844003 -33.68616538  115.39845626 
112 -33.68640250  115.39870156 -33.68643402  115.39871599 
112 -33.68652707  115.39873042 -33.68657209  115.39872140 
112 -33.68663812  115.39866188 -33.68666814  115.39864384 
111 -33.68669365  115.39862220 
111 -33.68672517  115.39869074 
111 -33.68653457  115.39882601 
112 -33.68648504  115.39882421 -33.68645803  115.39880076 
112 -33.68619989  115.39856268 -33.68616838  115.39851578 
112 -33.68611885  115.39848152 -33.68609934  115.39846528 
112 -33.68601197  115.39846260 -33.68596094  115.39849146 
112 -33.68593543  115.39852032 -33.68591442  115.39851310 
111 -33.68587636  115.39847491 
112 -33.68589286  115.39837968 -33.68591928  115.39837968 
112 -33.68605135  115.39838762 -33.68609757  115.39837770 
112 -33.68639473  115.39822691 -33.68642775  115.39821104 
112 -33.68650699  115.39814954 -33.68653340  115.39812771 
112 -33.68658128  115.39809795 -33.68661099  115.39809200 
113 -33.68663411  115.39809200 
110   1 0.00   0.00 New Taxiway 41
112 -33.69309312  115.39575583 -33.69309560  115.39571111  20 
112 -33.69315266  115.39567086 -33.69318987  115.39567086  20 
112 -33.69321839  115.39576179 -33.69321591  115.39580949  20 
114 -33.69315266  115.39583782 -33.69312165  115.39583782  20 
110   1 0.00   0.00 New Taxiway 40
112 -33.68591214  115.40078792 -33.68591487  115.40073381  20 
112 -33.68598854  115.40069610 -33.68602538  115.40069610  20 
112 -33.68606222  115.40079120 -33.68605812  115.40083547  20 
114 -33.68598581  115.40088138 -33.68595170  115.40087974  20 
110   3 0.00  25.00 New Taxiway 26
111 -33.68611743  115.39943826 
111 -33.68588331  115.39957714 
111 -33.68555089  115.39872160 
111 -33.68587449  115.39854396 
111 -33.68589048  115.39834710 
111 -33.68551761  115.39735814 
112 -33.68571170  115.39716962 -33.68573031  115.39716323 
112 -33.68607861  115.39711530 -33.68619559  115.39715045 
112 -33.68644285  115.39755944 -33.68648273  115.39769683 
112 -33.68669103  115.39797954 -33.68675859  115.39796407 
111 -33.68798276  115.39729203 
111 -33.68857585  115.39879781 
113 -33.68675061  115.39981587 
120 Linear Feature 39
112 -33.68719774  115.40174315 -33.68724403  115.40185646   1 
112 -33.68695887  115.40230738 -33.68666832  115.40247325   1 
115 -33.68666832  115.40247325 
120 Linear Feature 33
111 -33.68606531  115.39964650   1 
115 -33.68608841  115.39959281 
120 Linear Feature 32
111 -33.68604452  115.39963909   2 
112 -33.68598598  115.39971869 -33.68597982  115.39975849   2 
112 -33.68600370  115.39985104 -33.68603296  115.39988066   2 
115 -33.68611460  115.39993527 
120 Linear Feature 31
111 -33.68782788  115.40181299   1 
112 -33.68745924  115.40192211 -33.68735936  115.40190028   1 
112 -33.68719774  115.40174315 -33.68716886  115.40167102   1 
112 -33.68644062  115.39985807 -33.68641361  115.39979656   1 
112 -33.68632123  115.39975565 -33.68623569  115.39971958   1 
115 -33.68591713  115.39958364 
120 Linear Feature 30
111 -33.68679849  115.39952358   1 
111 -33.68665982  115.39916249   1 
111 -33.68584683  115.39962129   1 
115 -33.68600635  115.40000152 
120 Linear Feature 29
111 -33.68597045  115.40002243   1 
115 -33.68683681  115.39950420 
120 Linear Feature 28
111 -33.68667541  115.39910156   1 
115 -33.68683585  115.39950008 
120 Linear Feature 38
112 -33.68655926  115.40000659 -33.68656650  115.39998657   1 
112 -33.68661283  115.39994218 -33.68665588  115.39991508   1 
115 -33.68837884  115.39894201 
120 Linear Feature 37
111 -33.68648460  115.39942104   1 
115 -33.68650490  115.39936683 
120 Linear Feature 36
111 -33.68645867  115.39941155   2 
112 -33.68640680  115.39949421 -33.68639552  115.39954435   2 
112 -33.68643273  115.39964599 -33.68645867  115.39968122   2 
111 -33.68650941  115.39969612   2 
115 -33.68650377  115.39982757 
120 Linear Feature 35
111 -33.68656128  115.39945356   1 
115 -33.68631885  115.39935328 
120 Linear Feature 34
112 -33.68654697  115.40012281 -33.68652633  115.40007181   1 
112 -33.68657112  115.39997158 -33.68659777  115.39988781   1 
112 -33.68670232  115.39948867 -33.68670954  115.39945781   1 
112 -33.68661724  115.39941599 -33.68655882  115.39942461   1 
115 -33.68653985  115.39944272 
14  -33.68656845  115.39968139    5 0 Tower Viewpoint
15  -33.68663400  115.39959200   0.00 Custom Startup Location
15  -33.68598284  115.39926341  55.78 New Ramp Start 15
18  -33.68720419  115.40091607 1 BCN
19  -33.68129862  115.40727746 0 New Windsock 11
19  -33.68598718  115.40078956 1 New Windsock 11
19  -33.69315514  115.39576030 1 New Windsock 13
1300 -33.68679981  115.39929598   0.00 misc props Apron ramp 1
1300 -33.68601229  115.39966880  55.78 misc props Apron ramp 2
1300 -33.68649183  115.39938744  72.35 misc props Apron ramp 3
1300 -33.68752438  115.39870187 114.30 misc props Hangar 1
51 12670 CTAF
1      321 0 0 YEBV ELLENSBROOK VINEYARD
100   15.85   4   0 0.25 0 0 0 16  -33.89089794  115.03811166    0.00    0.00 0  0 0 0 34  -33.89771603  115.04005910    0.00    0.00 0  0 0 0
110   4 0.25   0.00 New Taxiway 1
111 -33.89708338  115.03982945 
112 -33.89724518  115.03972776 -33.89730079  115.03961051 
112 -33.89729384  115.03911640 -33.89724518  115.03897402 
111 -33.89719651  115.03900752 
111 -33.89719651  115.03863903 
111 -33.89743288  115.03867253 
111 -33.89762057  115.03781829 
112 -33.89749544  115.03750005 -33.89734250  115.03747493 
112 -33.89648048  115.03726555 -33.89632754  115.03722368 
112 -33.89593128  115.03716506 -33.89579225  115.03725718 
112 -33.89518049  115.03750005 -33.89496498  115.03752517 
112 -33.89482594  115.03747493 -33.89479119  115.03748330 
112 -33.89439257  115.03750622 -33.89423963  115.03744760 
111 -33.89380862  115.03718798 
112 -33.89366958  115.03717123 -33.89360701  115.03713773 
112 -33.89359311  115.03681111 -33.89369739  115.03673574 
112 -33.89388509  115.03686973 -33.89390594  115.03702048 
111 -33.89390594  115.03717960 
112 -33.89430915  115.03735547 -33.89453856  115.03743922 
112 -33.89472626  115.03743922 -33.89484444  115.03739735 
112 -33.89503214  115.03738897 -33.89508775  115.03739735 
112 -33.89548400  115.03732198 -33.89574817  115.03719635 
112 -33.89602624  115.03706235 -33.89613747  115.03706235 
112 -33.89631127  115.03715448 -33.89642945  115.03718798 
111 -33.89752089  115.03745597 
112 -33.89768773  115.03779097 -33.89763907  115.03805896 
111 -33.89751393  115.03865358 
111 -33.89753479  115.03877083 
111 -33.89754869  115.03899695 
112 -33.89743051  115.03913094 -33.89740270  115.03923144 
112 -33.89734709  115.03974231 -33.89734709  115.03975906 
113 -33.89735404  115.03990143 
14  -33.89718537  115.03888788    6 0 New Tower Viewpoint 3
15  -33.89746295  115.03893854   0.00 New Ramp Start 1
19  -33.89694143  115.03924255 0 New Windsock 2
1      374 0 0 YMGT Margaret River
100   17.98   1   0 0.25 0 1 0 02  -33.93529586  115.09835151    0.00    0.00 2  0 0 0 20  -33.92586494  115.10120657    0.00    0.00 2  0 0 0
110   1 0.25  14.10 New Taxiway 48
111 -33.93533287  115.09850780 
111 -33.93481559  115.09866366 
111 -33.93474774  115.09834684 
111 -33.93526079  115.09819098 
113 -33.93527775  115.09826763 
110   1 0.25  14.10 New Taxiway 48
111 -33.92641190  115.10120892 
111 -33.92589461  115.10136477 
111 -33.92582677  115.10104795 
111 -33.92633982  115.10089210 
113 -33.92635678  115.10096875 
110   1 0.25   0.00 New Taxiway 50
111 -33.92748958  115.10071625 
112 -33.92730263  115.10067445 -33.92737009  115.10059547 
111 -33.92737201  115.10049560 
112 -33.92731419  115.10023080 -33.92729878  115.10017274 
111 -33.92723132  115.10019132 
111 -33.92717157  115.10020293 
111 -33.92712146  115.10002873 
112 -33.92705208  115.10003105 -33.92704437  115.10003105 
111 -33.92694030  115.10003337 
111 -33.92691717  115.09993117 
111 -33.92717932  115.09984475 
111 -33.92723538  115.10006858 
111 -33.92740358  115.10003691 
112 -33.92750520  115.10044022 -33.92753499  115.10055213 
113 -33.92766289  115.10057536 
110   1 0.25   0.00 New Taxiway 49
111 -33.92813667  115.10052568 
112 -33.92801753  115.10045599 -33.92806834  115.10040532 
111 -33.92804907  115.10032296 
112 -33.92797723  115.10003790 -33.92797548  115.10003790 
112 -33.92787386  115.10001889 -33.92785985  115.10001256 
111 -33.92771092  115.09997244 
111 -33.92766361  115.09970638 
111 -33.92804732  115.09958180 
111 -33.92811390  115.09990909 
111 -33.92809112  115.09991543 
112 -33.92816646  115.10029762 -33.92818223  115.10038842 
113 -33.92826282  115.10038209 
110   1 0.25   0.00 New Taxiway 56
112 -33.92818096  115.09949701 -33.92820179  115.09949701  22 
112 -33.92822452  115.09954894 -33.92822570  115.09958062  22 
112 -33.92818143  115.09959974 -33.92816059  115.09959945  22 
114 -33.92813834  115.09954581 -33.92813834  115.09951898  22 
120 Linear Feature 53
111 -33.92814265  115.10045254   1 
112 -33.92836894  115.10045123 -33.92857238  115.10038698   1 
115 -33.92857238  115.10038698 
120 Linear Feature 52
111 -33.92746859  115.10063603   1 
112 -33.92738968  115.10073394 -33.92732132  115.10075722   1 
115 -33.92706184  115.10084128 
120 Linear Feature 51
111 -33.92805788  115.10006368   1 
111 -33.92814056  115.10045204   1 
112 -33.92809816  115.10052103 -33.92806636  115.10052869   1 
111 -33.92754271  115.10068710   1 
112 -33.92746851  115.10063600 -33.92746003  115.10059768   1 
115 -33.92737523  115.10017866 
120 Linear Feature 55
111 -33.92734809  115.10025807   4 
115 -33.92742839  115.10023586 
120 Linear Feature 54
111 -33.92798738  115.10006415   4 
115 -33.92811507  115.10003242 
14  -33.92758213  115.10001244    6 0 New Tower Viewpoint 21
15  -33.92782626  115.09972412 147.10 New Ramp Start 19
18  -33.93044409  115.09911829 1 BCN
19  -33.92818096  115.09954666 1 New Windsock 20
51 12670 CTAF
1       73 0 0 A002 Preston Field - Blair Howe
100   12.19   4   0 1.00 0 0 0 08  -33.02021078  115.69918546    0.00    0.00 0  0 0 0 26  -33.01959973  115.70475853    0.00    0.00 0  0 0 0
100   14.33   4   0 1.00 0 0 0 16  -33.01805536  115.70098556    0.00    0.00 0  0 0 0 34  -33.02578831  115.70333581    0.00    0.00 0  0 0 0
110   4 1.00  90.00 New Taxiway 32
111 -33.02025028  115.69919229 
112 -33.02076314  115.69930540 -33.02080179  115.69937662 
112 -33.02077017  115.69951906 -33.02072450  115.69957771 
112 -33.02038727  115.69957771 -33.02035566  115.69960285 
112 -33.02030648  115.69962799 -33.02033458  115.69962799 
112 -33.02065776  115.69964893 -33.02071748  115.69966569 
112 -33.02094932  115.69973691 -33.02095986  115.69975786 
112 -33.02107578  115.69980394 -33.02115306  115.69978300 
112 -33.02137437  115.69971178 -33.02143409  115.69971178 
112 -33.02146219  115.69977462 -33.02149732  115.69977043 
112 -33.02158865  115.69976205 -33.02158865  115.69979138 
111 -33.02157109  115.69985422 
111 -33.02141652  115.69985003 
112 -33.02139193  115.70011396 -33.02150786  115.70022708 
111 -33.02171511  115.70018518 
112 -33.02224906  115.70035276 -33.02239659  115.70049939 
112 -33.02249845  115.70054711 -33.02255274  115.70056616 
112 -33.02300941  115.70069184 -33.02302857  115.70069184 
112 -33.02328171  115.70074812 -33.02334506  115.70071350 
111 -33.02350605  115.70063166 
112 -33.02351396  115.70043965 -33.02349549  115.70038614 
111 -33.02348230  115.70024135 
111 -33.02358258  115.70027597 
111 -33.02358786  115.70049946 
112 -33.02375149  115.70060648 -33.02376469  115.70067887 
111 -33.02376469  115.70067887 
112 -33.02436384  115.70067815 -33.02451740  115.70064381 
112 -33.02483183  115.70095923 -33.02489506  115.70102208 
111 -33.02509178  115.70117290 
112 -33.02492667  115.70121480 -33.02485291  115.70122737 
112 -33.02447352  115.70107654 -33.02431545  115.70102627 
112 -33.02393958  115.70080003 -33.02385176  115.70074557 
112 -33.02353210  115.70071624 -33.02341266  115.70077489 
112 -33.02314569  115.70079584 -33.02297005  115.70077070 
111 -33.02263633  115.70066596 
112 -33.02252392  115.70081260 -33.02256257  115.70103884 
111 -33.02259363  115.70435283 
112 -33.02270956  115.70350487 -33.02282548  115.70345878 
112 -33.02361761  115.70356017 -33.02377990  115.70362008 
112 -33.02423587  115.70365695 -33.02432088  115.70365695 
112 -33.02439816  115.70389198 -33.02440202  115.70413623 
112 -33.02450635  115.70452335 -33.02463000  115.70464317 
112 -33.02483189  115.70436893 -33.02493211  115.70433307 
112 -33.02519270  115.70402229 -33.02527288  115.70402229 
111 -33.02583413  115.70434502 
111 -33.02587322  115.71224242 
111 -33.02252172  115.71218983 
111 -33.02235635  115.70848198 
112 -33.02122082  115.70848198 -33.02095622  115.70837679 
112 -33.01989800  115.70772252 -33.01969956  115.70761734 
112 -33.01945702  115.70753845 -33.01931370  115.70753845 
111 -33.01924755  115.70722289 
112 -33.01895797  115.70738899 -33.01875953  115.70752047 
112 -33.01825239  115.70758620 -33.01817522  115.70765194 
111 -33.01791063  115.70765194 
111 -33.01775628  115.70759935 
111 -33.01785551  115.70377335 
112 -33.01833222  115.70237231 -33.01869316  115.70223130 
112 -33.01930925  115.70211255 -33.01943372  115.70209771 
114 -33.01986311  115.70189733 -33.01990667  115.70171921 
111 -33.01810808  115.70754662 
111 -33.01813379  115.70743622 
111 -33.01836009  115.70734421 
111 -33.01839095  115.70736875 
112 -33.01860696  115.70730741 -33.01874582  115.70725834 
112 -33.01915727  115.70690873 -33.01927556  115.70684126 
112 -33.01928070  115.70668792 -33.01928584  115.70666339 
111 -33.01931670  115.70642417 
112 -33.01922413  115.70655298 -33.01916755  115.70657752 
112 -33.01905440  115.70668792 -33.01900297  115.70671245 
112 -33.01868410  115.70667565 -33.01860181  115.70666952 
112 -33.01866867  115.70618497 -33.01865839  115.70603163 
112 -33.01875096  115.70562681 -33.01879211  115.70545507 
112 -33.01899269  115.70489078 -33.01906469  115.70479264 
112 -33.01929099  115.70497051 -33.01936299  115.70487851 
112 -33.01946071  115.70489078 -33.01954300  115.70489078 
111 -33.01954300  115.70473744 
111 -33.01962014  115.70474357 
112 -33.01972815  115.70470677 -33.01979501  115.70453503 
112 -33.01980529  115.70398301 -33.01982587  115.70385420 
112 -33.01997501  115.70396460 -33.02005216  115.70396460 
112 -33.02008302  115.70381126 -33.02011902  115.70370086 
112 -33.02029903  115.70368859 -33.02037618  115.70366406 
112 -33.02058190  115.70357819 -33.02066933  115.70355365 
112 -33.02060761  115.70413021 -33.02063847  115.70435102 
112 -33.02085448  115.70400754 -33.02090077  115.70392167 
112 -33.02093163  115.70402594 -33.02093677  115.70415475 
112 -33.02101906  115.70424062 -33.02107049  115.70425902 
112 -33.02107564  115.70452889 -33.02109106  115.70460863 
111 -33.02115278  115.70468224 
111 -33.02113735  115.70444916 
112 -33.02101906  115.70366406 -33.02097277  115.70344938 
112 -33.02086991  115.70308750 -33.02080305  115.70301390 
111 -33.02049447  115.70266428 
112 -33.02040703  115.70280536 -33.02038646  115.70286669 
112 -33.02034532  115.70327151 -33.02033503  115.70338191 
112 -33.02017560  115.70340031 -33.02013445  115.70340031 
112 -33.01985981  115.70344753 -33.01979758  115.70347452 
111 -33.01975798  115.70350150 
111 -33.01976363  115.70333958 
112 -33.02025583  115.70333283 -33.02030109  115.70331934 
112 -33.02030109  115.70279982 -33.02029543  115.70262440 
111 -33.02004650  115.70247597 
112 -33.01979192  115.70224658 -33.01974101  115.70219935 
112 -33.01917527  115.70222634 -33.01881319  115.70227356 
112 -33.01821917  115.70254344 -33.01805510  115.70265139 
111 -33.01795893  115.70368367 
113 -33.01787755  115.70752879 
111 -33.02005731  115.70638124 
111 -33.02073105  115.70627084 
112 -33.02088020  115.70600709 -33.02089048  115.70583535 
112 -33.02092134  115.70565748 -33.02097277  115.70562681 
112 -33.02111164  115.70546120 -33.02112707  115.70536306 
112 -33.02111678  115.70486624 -33.02109106  115.70484784 
112 -33.02075676  115.70483558 -33.02068990  115.70477424 
112 -33.02061276  115.70448596 -33.02060247  115.70444303 
112 -33.02049447  115.70440009 -33.02042246  115.70455956 
111 -33.02027331  115.70525879 
112 -33.02016531  115.70538147 -33.02012931  115.70540600 
114 -33.02000073  115.70619723 -33.02000073  115.70625243 
111 -33.01953785  115.70650391 
112 -33.01983615  115.70644871 -33.01988244  115.70642418 
112 -33.01990301  115.70618497 -33.01992358  115.70603163 
112 -33.01986187  115.70603776 -33.01983615  115.70616656 
112 -33.01976415  115.70635057 -33.01967672  115.70639964 
113 -33.01951214  115.70641804 
112 -33.01949157  115.70703140 -33.01955328  115.70694553 
112 -33.01969215  115.70677992 -33.01981558  115.70670019 
112 -33.02004187  115.70682899 -33.02008302  115.70681059 
112 -33.01991844  115.70653458 -33.01984130  115.70642417 
112 -33.01950185  115.70668792 -33.01938870  115.70678606 
113 -33.01936299  115.70714181 
111 -33.02147405  115.70545228 
112 -33.02147405  115.70520693 -33.02146470  115.70507310 
111 -33.02157223  115.70506753 
112 -33.02237642  115.70493928 -33.02241850  115.70492813 
111 -33.02247929  115.70457125 
112 -33.02247929  115.70256385 -33.02246526  115.70237426 
112 -33.02241383  115.70228504 -33.02244656  115.70226274 
111 -33.02250734  115.70217910 
112 -33.02249331  115.70096908 -33.02246993  115.70049511 
112 -33.02212395  115.70036128 -33.02198368  115.70026649 
112 -33.02142729  115.70023303 -33.02133846  115.70021630 
112 -33.02123092  115.69992077 -33.02117481  115.69985386 
112 -33.02101117  115.69989846 -33.02091298  115.69991519 
112 -33.02085688  115.70013266 -33.02082415  115.70021073 
112 -33.02076337  115.70014939 -33.02074467  115.70011036 
112 -33.02046694  115.70014327 -33.02027805  115.70019292 
112 -33.02017378  115.70032115 -33.02015835  115.70040089 
112 -33.02003492  115.70119827 -33.02003492  115.70132095 
112 -33.02008121  115.70146816 -33.02011207  115.70151109 
112 -33.02013264  115.70167057 -33.02009149  115.70167670 
112 -33.01996806  115.70180551 -33.01994234  115.70186072 
112 -33.02001949  115.70204473 -33.02003492  115.70205699 
111 -33.02026122  115.70233915 
112 -33.02093496  115.70307519 -33.02098639  115.70314266 
112 -33.02101725  115.70328987 -33.02101725  115.70332054 
112 -33.02113040  115.70412406 -33.02113040  115.70413633 
112 -33.02119726  115.70464542 -33.02119726  115.70473743 
111 -33.02118183  115.70535080 
113 -33.02126412  115.70543668 
112 -33.02458052  115.70076470 -33.02452951  115.70073429 
112 -33.02437224  115.70070894 -33.02432974  115.70070894 
111 -33.02400670  115.70076977 
112 -33.02416397  115.70089651 -33.02424048  115.70095734 
112 -33.02475479  115.70114491 -33.02484405  115.70117025 
113 -33.02496306  115.70115504 
15  -33.02050389  115.70002928   9.57 New Ramp Start 112
19  -33.02021876  115.70061791 0 New Windsock 113
1      348 0 0 AU55 Yallingup
100   29.87   4   0 0.25 0 0 0 18  -33.77804055  115.04323650    0.00    0.00 0  0 0 0 36  -33.76312700  115.04329600    0.00    0.00 0  0 0 0
110   3 1.00   0.00 New Taxiway 61
111 -33.76289307  115.04376045 
111 -33.76292023  115.04273118 
111 -33.76488967  115.04279653 
111 -33.76490325  115.04307427 
111 -33.77339221  115.04287339 
112 -33.77344151  115.04253730 -33.77347438  115.04243845 
112 -33.77380308  115.04243845 -33.77386881  115.04243845 
111 -33.77400029  115.04277454 
111 -33.77847052  115.04291293 
113 -33.77848695  115.04366420 
110   4 1.00   0.00 New Taxiway 62
111 -33.76493408  115.04322965 
111 -33.76497241  115.04144052 
111 -33.76558576  115.04141286 
112 -33.76558576  115.04187397 -33.76557810  115.04191086 
112 -33.76530976  115.04223364 -33.76528675  115.04230742 
113 -33.76531742  115.04329421 
14  -33.77353103  115.04291260    6 0 New Tower Viewpoint 32
15  -33.77374742  115.04280327  19.54 New Ramp Start 30
19  -33.77371713  115.04363106 0 New Windsock 31
51 12760 CTAF