1      891 0 0 YDUM DUMBLEYUNG
100   38.10   4   0 0.25 0 0 0 9   -33.32297421  117.73887688    0.00    0.00 0  0 0 0 27  -33.32299217  117.74924096    0.00    0.00 0  0 0 0
110   3 0.25   0.00 New Taxiway 32
111 -33.31848148  117.74549268 
111 -33.31927830  117.74341736 
112 -33.31976264  117.74324909 -33.32003606  117.74327713 
112 -33.32034853  117.74368846 -33.32048134  117.74407174 
112 -33.32044228  117.74432414 -33.32037978  117.74452980 
111 -33.31986419  117.74592270 
112 -33.31933298  117.74634337 -33.31914549  117.74638077 
112 -33.31870803  117.74610967 -33.31857522  117.74587596 
114 -33.31848148  117.74564225 -33.31848148  117.74559551 
110   4 0.25   0.00 New Taxiway 30
112 -33.32183202  117.74767401 -33.32183789  117.74766699 
111 -33.32201984  117.74759675 
112 -33.32246003  117.74761782 -33.32259502  117.74761782 
111 -33.32260089  117.74744925 
112 -33.32258034  117.74068600 -33.32258034  117.74065721 
112 -33.32264047  117.74058525 -33.32266051  117.74053248 
111 -33.32268056  117.74029261 
112 -33.32268857  117.73904527 -33.32269258  117.73882938 
111 -33.32283289  117.73878141 
112 -33.32326183  117.73878141 -33.32339412  117.73878621 
111 -33.32338209  117.73898290 
112 -33.32343034  117.74957931 -33.32344454  117.74980028 
111 -33.32326700  117.74978329 
112 -33.32218043  117.74974079 -33.32213782  117.74974079 
111 -33.32210941  117.74944333 
112 -33.32195317  117.74889941 -33.32191766  117.74873793 
112 -33.32186085  117.74865294 -33.32183244  117.74857645 
112 -33.32174722  117.74852546 -33.32170461  117.74839798 
112 -33.32175432  117.74816851 -33.32176142  117.74800703 
112 -33.32182534  117.74803253 -33.32184664  117.74803253 
113 -33.32181114  117.74776907 
111 -33.32287193  117.74879209 
112 -33.32282555  117.74876037 -33.32277917  117.74872865 
112 -33.32273279  117.74871676 -33.32270628  117.74871279 
112 -33.32240811  117.74873658 -33.32233191  117.74874451 
112 -33.32205362  117.74879605 -33.32202711  117.74879605 
111 -33.32204699  117.74891103 
112 -33.32217289  117.74941853 -33.32217620  117.74946215 
112 -33.32221595  117.74955730 -33.32223252  117.74958902 
112 -33.32232860  117.74956127 -33.32240480  117.74956127 
111 -33.32240811  117.74966832 
112 -33.32326287  117.74970797 -33.32335232  117.74970004 
111 -33.32335895  117.74956920 
112 -33.32332592  117.74536481 -33.32331733  117.74533396 
112 -33.32328296  117.74466554 -33.32330014  117.74452157 
112 -33.32324858  117.74387371 -33.32318843  117.74379144 
112 -33.32319702  117.74235175 -33.32319702  117.74220778 
111 -33.32330014  117.74204324 
112 -33.32332803  117.73900917 -33.32331347  117.73877698 
111 -33.32325527  117.73885244 
112 -33.32283811  117.73886405 -33.32274595  117.73887566 
111 -33.32276051  117.73904400 
112 -33.32274110  117.74028044 -33.32274110  117.74038493 
112 -33.32269745  117.74060551 -33.32267804  117.74065776 
111 -33.32264894  117.74072741 
112 -33.32265695  117.74745756 -33.32265695  117.74773039 
111 -33.32247263  117.74768975 
112 -33.32199242  117.74767814 -33.32191966  117.74768395 
111 -33.32189056  117.74778263 
111 -33.32190026  117.74799161 
112 -33.32199727  117.74804966 -33.32209428  117.74810771 
112 -33.32205548  117.74842117 -33.32205548  117.74848502 
111 -33.32215734  117.74852566 
112 -33.32266027  117.74851291 -33.32273788  117.74850653 
113 -33.32286068  117.74840376 
14  -33.32193287  117.74861576    6 0 New Tower Viewpoint 33
15  -33.32207895  117.74862604 136.15 New Ramp Start 31
19  -33.32236252  117.74810158 0 New Windsock 32
1      950 0 0 YKNG Katanning
100   25.91   4   0 0.00 0 0 0 12  -33.70048138  117.65808603    0.00    0.00 0  0 0 0 30  -33.69452608  117.64962794    0.00    0.00 0  0 0 0
100   28.96   4   0 0.00 0 1 0 06  -33.70252587  117.64884904    0.00    0.00 2  0 0 0 24  -33.69680920  117.66357004    0.00    0.00 2  0 0 0
110   1 0.25   0.00 New Taxiway 21
112 -33.69925677  117.65396522 -33.69925717  117.65393328 
112 -33.69929921  117.65391898 -33.69931508  117.65391946 
112 -33.69934641  117.65396904 -33.69934601  117.65400336 
114 -33.69930120  117.65401861 -33.69927780  117.65401814 
110   1 0.25   0.00 New Taxiway 20
111 -33.69940767  117.65378657 
111 -33.69902079  117.65349657 
111 -33.69931082  117.65278539 
111 -33.69912049  117.65268496 
111 -33.69924302  117.65243225 
111 -33.69949520  117.65260854 
111 -33.69940038  117.65281527 
113 -33.69973556  117.65302996 
110   4 0.25   0.00 New Taxiway 19
112 -33.69916553  117.65313852 -33.69915262  117.65309195 
111 -33.69909773  117.65301434 
112 -33.69685067  117.65202820 -33.69662457  117.65191748 
111 -33.69649896  117.65172625 
112 -33.69299265  117.64677494 -33.69292174  117.64668972 
111 -33.69265231  117.64644543 
111 -33.69236397  117.64629204 
111 -33.69237342  117.64611592 
112 -33.69283666  117.64647383 -33.69293592  117.64655337 
111 -33.69322899  117.64687720 
112 -33.69662281  117.65159194 -33.69676369  117.65181066 
111 -33.69692023  117.65189983 
112 -33.69914846  117.65285579 -33.69920991  117.65287284 
113 -33.69928554  117.65284443 
110   4 0.25   0.00 New Taxiway 18
111 -33.70033492  117.65422504 
112 -33.70033123  117.65413982 -33.70035013  117.65405460 102 
111 -33.70029238  117.65396369 102 
111 -33.69953204  117.65349809 
111 -33.69959798  117.65334469 102 
112 -33.70033019  117.65379325 -33.70042473  117.65384438 102 
113 -33.70050462  117.65372507 
110   4 0.25   0.00 New Taxiway 17
112 -33.69963950  117.65652345 -33.69962428  117.65666070 
111 -33.69969279  117.65681625 
112 -33.69966995  117.65710905 -33.69964712  117.65709075 
112 -33.69944919  117.65709075 -33.69943396  117.65709075 
112 -33.69922842  117.65706330 -33.69931977  117.65680710 
111 -33.69907616  117.65626724 
112 -33.69928932  117.65616659 -33.69941112  117.65623064 
113 -33.69960905  117.65616659 
14  -33.69910763  117.65311904    6 0 New Tower Viewpoint 14
15  -33.69914872  117.65341537 178.92 New Ramp Start 13
19  -33.69930318  117.65396808 1 New Windsock 11
19  -33.69612972  117.66242118 1 New Windsock 12
51 12670 CTAF
1      907 0 0 YKOJ KOJONUP
100   35.05  15   0 0.25 0 0 0 16  -33.75598035  117.13383959    0.00    0.00 0  0 0 0 34  -33.76887437  117.13906208    0.00    0.00 0  0 0 0
110   1 0.25   0.00 New Taxiway 4
111 -33.75673289  117.13430207 
111 -33.75678251  117.13409646 
111 -33.75701963  117.13420921 
113 -33.75698103  117.13440155 
110   1 0.25   0.00 New Taxiway 3
111 -33.76762743  117.13847776 
111 -33.76786711  117.13857661 
111 -33.76782945  117.13879490 
113 -33.76757949  117.13870017 
110   4 0.25   0.00 New Taxiway 2
111 -33.76825666  117.13859810 
112 -33.76862789  117.13888013 -33.76868650  117.13889188 
112 -33.76888188  117.13905640 -33.76887212  117.13910340 
111 -33.76882327  117.13924442 
111 -33.75614712  117.13411147 
112 -33.75600154  117.13400203 -33.75598334  117.13398014 
112 -33.75598334  117.13388530 -33.75598334  117.13387071 
112 -33.75611679  117.13376127 -33.75616532  117.13375397 
112 -33.75633516  117.13379045 -33.75634729  117.13379045 
113 -33.75638975  117.13379775 
110   1 0.25   0.00 New Taxiway 1
111 -33.76666430  117.13832782 
112 -33.76654707  117.13848059 -33.76651777  117.13852759 
111 -33.76647869  117.13888013 
112 -33.76661546  117.13906815 -33.76663500  117.13909165 
111 -33.76670338  117.13915041 
111 -33.76658615  117.13971446 
111 -33.76635169  117.13970271 
111 -33.76613677  117.13960870 
111 -33.76643961  117.13846884 
113 -33.76642008  117.13819856 
110   4 0.25   0.00 New Taxiway 5
111 -33.76617569  117.13959907 
111 -33.76561521  117.13947868 
111 -33.76572864  117.13896501 
111 -33.76602890  117.13905330 
112 -33.76599554  117.13890883 -33.76600221  117.13888475 
111 -33.76611564  117.13890080 
111 -33.76641590  117.13856371 
111 -33.76644926  117.13858779 
111 -33.76614233  117.13902922 
111 -33.76620906  117.13918974 
113 -33.76624909  117.13927000 
14  -33.76608698  117.13876322    6 0 New Tower Viewpoint 3
15  -33.76645110  117.13945759   0.00 New Ramp Start 1
19  -33.76690403  117.13889141 0 New Windsock 2
1      837 0 0 YWGN Wagin
100   22.86   4   0 0.25 0 0 0 16  -33.31381815  117.35947219    0.00    0.00 0  0 0 0 34  -33.32269838  117.36163426    0.00    0.00 0  0 0 0
100   25.91   4   0 0.25 0 0 0 05  -33.31920691  117.35592271    0.00    0.00 0  0 0 0 23  -33.31320035  117.36445858    0.00    0.00 0  0 0 0
110   2 1.00 150.00 New Taxiway 12
111 -33.31636032  117.35866112 
111 -33.31638324  117.35868098 
111 -33.31637771  117.35869801 
113 -33.31635004  117.35868004 
110   1 1.00   0.00 New Taxiway 11
111 -33.31706424  117.35869021 
112 -33.31698460  117.35862532 -33.31694224  117.35860505 
112 -33.31672705  117.35860302 -33.31666775  117.35860708 
112 -33.31651356  117.35873482 -33.31646611  117.35879565 
112 -33.31641528  117.35904707 -33.31640173  117.35914237 
112 -33.31643222  117.35931878 -33.31643731  117.35932486 
111 -33.31652881  117.35948505 
111 -33.31646611  117.35955399 
112 -33.31633564  117.35931675 -33.31631362  117.35924984 
112 -33.31631362  117.35907749 -33.31631701  117.35905316 
112 -33.31634750  117.35881390 -33.31635428  117.35879362 
112 -33.31635428  117.35874496 -33.31635598  117.35872671 
112 -33.31641698  117.35860708 -33.31642884  117.35859491 
112 -33.31645934  117.35860302 -33.31647797  117.35859897 
112 -33.31652881  117.35854422 -33.31655592  117.35852394 
112 -33.31688632  117.35847933 -33.31704390  117.35847731 
113 -33.31713540  117.35860708 
110   1 1.00   0.00 New Taxiway 14
112 -33.31690093  117.35767094 -33.31693745  117.35767275 
112 -33.31696792  117.35774900 -33.31696717  117.35778035 
112 -33.31689589  117.35782827 -33.31685030  117.35782706 
114 -33.31683469  117.35774297 -33.31683544  117.35772097 
110   5 1.00   0.00 New Taxiway 13
112 -33.31636345  117.35877302 -33.31635882  117.35876471 
112 -33.31630327  117.35872039 -33.31627781  117.35870655 
112 -33.31628012  117.35863730 -33.31628012  117.35860406 
111 -33.31633186  117.35854572 
113 -33.31642988  117.35861288 
110   4 1.00  49.90 New Taxiway 10
111 -33.31730946  117.35861309 
111 -33.31638481  117.36006234 
111 -33.31600141  117.35999757 
112 -33.31610065  117.35990581 -33.31617958  117.35988422 
112 -33.31629685  117.35974388 -33.31633519  117.35966831 
112 -33.31653562  117.35944345 -33.31656171  117.35942561 
111 -33.31660644  117.35945461 
111 -33.31707800  117.35878548 
112 -33.31703326  117.35869404 -33.31702394  117.35866058 
112 -33.31712646  117.35859144 -33.31714137  117.35858698 
113 -33.31722338  117.35861597 
110   1 1.00  49.90 New Taxiway 1
111 -33.31910418  117.35585826 
111 -33.31942307  117.35538199 
111 -33.31961715  117.35556448 
113 -33.31928410  117.35602284 
110   1 1.00 168.50 New Taxiway 5
111 -33.32270767  117.36150894 
111 -33.32316731  117.36163920 
111 -33.32312564  117.36186080 
113 -33.32267195  117.36174581 
110   1 1.00 168.50 New Taxiway 6
111 -33.31381197  117.35959563 
111 -33.31337153  117.35951323 
111 -33.31341026  117.35928890 
113 -33.31385429  117.35938159 
110   1 1.00  49.90 New Taxiway 2
111 -33.31326297  117.36450056 
111 -33.31295630  117.36495131 
111 -33.31279106  117.36479380 
113 -33.31312854  117.36434472 
110   4 1.00 168.50 New Taxiway 7
111 -33.31342471  117.35929637 
112 -33.31338044  117.35953473 -33.31337807  117.35953757 
111 -33.31336700  117.35954135 
112 -33.31318125  117.35947041 -33.31312908  117.35943920 
112 -33.31311406  117.35931907 -33.31312829  117.35925665 
111 -33.31322235  117.35923016 
113 -33.31341285  117.35928786 
110   4 1.00 168.50 New Taxiway 8
111 -33.32314605  117.36164090 
112 -33.32322769  117.36148974 -33.32326003  117.36149527 
112 -33.32338943  117.36186395 -33.32337402  117.36201143 
111 -33.32310292  117.36202249 
113 -33.32311832  117.36184921 
110   4 1.00  49.90 New Taxiway 4
111 -33.31941598  117.35540940 
111 -33.31933253  117.35532573 
112 -33.31951972  117.35523397 -33.31960993  117.35524477 
112 -33.31970916  117.35543908 -33.31970690  117.35549846 
114 -33.31963473  117.35560911 -33.31962120  117.35561721 
110   4 1.00  49.90 New Taxiway 3
111 -33.31290831  117.36482345 
111 -33.31347954  117.36410435 
112 -33.31352907  117.36420313 -33.31352247  117.36421893 
112 -33.31345643  117.36440858 -33.31343001  117.36448365 
111 -33.31328143  117.36468121 
112 -33.31288188  117.36514558 -33.31283558  117.36517327 
112 -33.31275457  117.36515565 -33.31273774  117.36515313 
112 -33.31269040  117.36517076 -33.31266620  117.36517453 
112 -33.31264305  117.36514306 -33.31264305  117.36513928 
112 -33.31265883  117.36506375 -33.31265673  117.36504234 
112 -33.31259992  117.36493407 -33.31257572  117.36486483 
111 -33.31270512  117.36470117 
113 -33.31279666  117.36478929 
110   4 1.00   0.00 New Taxiway 16
111 -33.31512032  117.35969368 
112 -33.31524013  117.35951376 -33.31525892  117.35945192 
112 -33.31525892  117.35931417 -33.31524717  117.35924389 
112 -33.31525657  117.35907241 -33.31526127  117.35903867 
112 -33.31524717  117.35896840 -33.31519314  117.35892904 
112 -33.31507568  117.35894591 -33.31504279  117.35894591 
112 -33.31490419  117.35885314 -33.31488774  117.35882221 
112 -33.31491359  117.35868447 -33.31492063  117.35863105 
112 -33.31498876  117.35844552 -33.31499111  117.35844271 
112 -33.31503340  117.35844833 -33.31505924  117.35845957 
112 -33.31520724  117.35848206 -33.31521898  117.35847363 
112 -33.31525892  117.35827966 -33.31526362  117.35825717 
112 -33.31528946  117.35824311 -33.31529416  117.35822625 
112 -33.31530121  117.35807725 -33.31529181  117.35804633 
112 -33.31506863  117.35797324 -33.31503574  117.35798449 
112 -33.31494882  117.35796200 -33.31489479  117.35795919 
112 -33.31472565  117.35789734 -33.31465752  117.35789453 
112 -33.31439236  117.35773336 -33.31430981  117.35770043 
112 -33.31374444  117.35760399 -33.31361959  117.35755872 
112 -33.31325638  117.35745006 -33.31322611  117.35744553 
111 -33.31316936  117.35745006 
111 -33.31317693  117.35728255 
112 -33.31357419  117.35743195 -33.31366499  117.35745006 
112 -33.31406603  117.35755872 -33.31418710  117.35759041 
112 -33.31451626  117.35769454 -33.31459571  117.35772623 
112 -33.31550386  117.35796458 -33.31557363  117.35798004 
112 -33.31583205  117.35805117 -33.31583722  117.35805426 
112 -33.31589923  117.35805735 -33.31590699  117.35803261 
112 -33.31591215  117.35788418 -33.31592508  117.35784707 
112 -33.31588115  117.35777904 -33.31582429  117.35773575 
112 -33.31569767  117.35757186 -33.31560206  117.35748837 
112 -33.31545218  117.35734921 -33.31542375  117.35733375 
112 -33.31549094  117.35733994 -33.31552453  117.35736777 
112 -33.31586822  117.35764298 -33.31592508  117.35766463 
112 -33.31605687  117.35779450 -33.31608271  117.35779450 
112 -33.31613439  117.35787800 -33.31615506  117.35789964 
112 -33.31620158  117.35797077 -33.31622742  117.35795840 
111 -33.31640831  117.35795840 
112 -33.31647688  117.35810353 -33.31651384  117.35810694 
112 -33.31655079  117.35801509 -33.31660196  117.35800829 
112 -33.31660480  117.35820558 -33.31654795  117.35824640 
112 -33.31649110  117.35832123 -33.31650247  117.35839607 
112 -33.31660196  117.35846410 -33.31661333  117.35851512 
111 -33.31660764  117.35856274 
111 -33.31638308  117.35884847 
112 -33.31624948  117.35875663 -33.31621821  117.35869880 
112 -33.31612441  117.35853553 -33.31604766  117.35846750 
111 -33.31598797  117.35838586 
112 -33.31601071  117.35869200 -33.31602492  117.35874983 
112 -33.31611588  117.35919883 -33.31613294  117.35928387 
111 -33.31621253  117.35962402 
112 -33.31617273  117.35959001 -33.31616989  117.35956279 
112 -33.31607609  117.35923285 -33.31606472  117.35919543 
112 -33.31589700  117.35914781 -33.31582310  117.35915801 
112 -33.31567529  117.35915801 -33.31562696  117.35914781 
111 -33.31560422  117.35938251 
112 -33.31554169  117.35941653 -33.31550473  117.35940292 
111 -33.31536545  117.35939952 
112 -33.31533418  117.35948116 -33.31533134  117.35953898 
112 -33.31534839  117.35965464 -33.31535124  117.35967845 
113 -33.31537398  117.35983492 
111 -33.31530576  117.35850492 
111 -33.31553600  117.35859676 
111 -33.31552463  117.35872942 
112 -33.31572929  117.35882466 -33.31575204  117.35885187 
112 -33.31570087  117.35903896 -33.31569234  117.35905937 
112 -33.31565823  117.35911719 -33.31568097  117.35913420 
112 -33.31580889  117.35912400 -33.31587995  117.35912400 
112 -33.31595954  117.35898793 -33.31598512  117.35893351 
112 -33.31592827  117.35866479 -33.31590838  117.35859676 
112 -33.31590553  117.35835525 -33.31590553  117.35826341 
112 -33.31580320  117.35819197 -33.31577193  117.35817156 
112 -33.31545925  117.35805251 -33.31541946  117.35805251 
113 -33.31537113  117.35811034 
112 -33.31623811  117.35848791 -33.31624380  117.35848451 
112 -33.31619547  117.35838586 -33.31617842  117.35835185 
112 -33.31612725  117.35821238 -33.31608746  117.35817837 
112 -33.31602492  117.35817156 -33.31600218  117.35814775 
112 -33.31596523  117.35818857 -33.31596523  117.35823279 
112 -33.31602208  117.35829742 -33.31604766  117.35831783 
113 -33.31619832  117.35846750 
112 -33.31601810  117.35783231 -33.31599403  117.35782079 
112 -33.31597157  117.35788223 -33.31595873  117.35789951 
112 -33.31593948  117.35802816 -33.31594108  117.35808192 
111 -33.31597638  117.35814336 
112 -33.31604377  117.35794559 -33.31606302  117.35794367 
111 -33.31613362  117.35802048 
112 -33.31615288  117.35795327 -33.31614004  117.35793407 
113 -33.31608067  117.35787455 
14  -33.31644552  117.35854483    6 0 New Tower Viewpoint 4
15  -33.31640742  117.35871624  69.90 New Ramp Start 1
19  -33.31690017  117.35775111 0 New Windsock 2
19  -33.31699345  117.35981067 0 New Windsock 3
51 12760 CTAF