1      907 0 0 YGNW GNOWANGERUP
100   27.13   4   0 0.25 0 0 0 12  -33.97512382  118.00652344    0.00    0.00 0  0 0 0 30  -33.98178790  118.01953011    0.00    0.00 0  0 0 0
110   1 0.25   0.00 New Taxiway 17
111 -33.97574906  118.00584318 
111 -33.97542043  118.00610602 
111 -33.97537684  118.00601706 
111 -33.97509515  118.00627181 
111 -33.97522594  118.00649825 
111 -33.97504821  118.00660743 
111 -33.97478329  118.00609389 
111 -33.97494090  118.00595640 
111 -33.97505491  118.00616667 
113 -33.97565517  118.00570165 
110   4 0.25   0.00 New Taxiway 2
112 -33.97155562  117.99829921 -33.97154344  117.99841174 
112 -33.97143389  117.99869551 -33.97144200  117.99882761 
112 -33.97142983  117.99896460 -33.97147041  117.99910649 
112 -33.97167329  117.99974252 -33.97171386  117.99983548 
112 -33.97185994  118.00017307 -33.97187617  118.00023668 
112 -33.97218705  118.00099926 -33.97224507  118.00118763 
112 -33.97274148  118.00250911 -33.97292118  118.00295115 
112 -33.97325184  118.00351455 -33.97338123  118.00376591 
112 -33.97359688  118.00416461 -33.97369033  118.00432063 
112 -33.97389879  118.00451132 -33.97394192  118.00455466 
112 -33.97433124  118.00478486 -33.97444625  118.00473285 
112 -33.97464033  118.00458550 -33.97468346  118.00459416 
112 -33.97545260  118.00465484 -33.97563231  118.00473285 
112 -33.97594141  118.00505356 -33.97609955  118.00524426 
112 -33.97756843  118.00680153 -33.97778408  118.00700641 
112 -33.97805200  118.00739254 -33.97813042  118.00743982 
112 -33.97837874  118.00777866 -33.97841795  118.00783382 
112 -33.97882311  118.00810175 -33.97890806  118.00814115 
112 -33.97911064  118.00820419 -33.97916291  118.00825935 
112 -33.97932628  118.00840119 -33.97938510  118.00840119 
112 -33.98019607  118.00854329 -33.98024517  118.00855513 
112 -33.98060849  118.00854329 -33.98074596  118.00846040 
112 -33.98095708  118.00835975 -33.98102581  118.00835383 
112 -33.98131548  118.00856697 -33.98131548  118.00868539 
112 -33.98136949  118.00898734 -33.98141368  118.00907023 
112 -33.98149714  118.00920048 -33.98152169  118.00924192 
112 -33.98178743  118.00927193 -33.98188311  118.00922997 
112 -33.98261372  118.00889433 -33.98271810  118.00886286 
112 -33.98288336  118.00884188 -33.98296164  118.00882091 
112 -33.98313559  118.00874748 -33.98316169  118.00871602 
112 -33.98323997  118.00865309 -33.98338783  118.00865309 
111 -33.98350960  118.00865309 
111 -33.98350090  118.00875797 
112 -33.98258763  118.00902020 -33.98252675  118.00902020 
112 -33.98234409  118.00912508 -33.98227451  118.00917753 
112 -33.98165697  118.00939780 -33.98158738  118.00939780 
111 -33.98153520  118.00939780 
112 -33.98126393  118.00957577 -33.98115696  118.00962026 
112 -33.98047130  118.00976517 -33.98031638  118.00979631 
112 -33.97966074  118.01002704 -33.97951441  118.01008586 
112 -33.97867374  118.01034252 -33.97859340  118.01038558 
112 -33.97823187  118.01071929 -33.97821848  118.01087538 
112 -33.97822294  118.01107453 -33.97829435  118.01122523 
111 -33.97890124  118.01241818 
111 -33.97908015  118.01241818 
111 -33.98021678  118.01441071 
111 -33.98014311  118.01488028 
111 -33.98233025  118.01912003 
111 -33.98134969  118.01993085 
111 -33.97681110  118.01107505 
111 -33.97670324  118.01114937 
111 -33.97659420  118.01112065 
111 -33.97646812  118.01085039 
111 -33.97483122  118.01135527 
112 -33.97476652  118.01144195 -33.97473058  118.01146795 
112 -33.97465870  118.01153729 -33.97462995  118.01154596 
111 -33.97450056  118.01169332 
112 -33.97453650  118.01203136 -33.97460119  118.01225673 
111 -33.97556786  118.01610406 
112 -33.97561135  118.01652359 -33.97560265  118.01670189 
111 -33.97566194  118.01829646 
112 -33.97592027  118.01878102 -33.97604465  118.01880409 
112 -33.97718319  118.01908098 -33.97720232  118.01909252 
111 -33.97735541  118.01909252 
111 -33.97732670  118.01902329 
111 -33.97633168  118.01812341 
111 -33.97623600  118.01816956 
111 -33.97599681  118.01793882 
112 -33.97598724  118.01777730 -33.97600638  118.01774269 
111 -33.97614032  118.01747734 
111 -33.97727887  118.01844644 
112 -33.97739368  118.01868872 -33.97739368  118.01871180 
112 -33.97742238  118.01883870 -33.97744151  118.01886178 
111 -33.97751805  118.01897715 
111 -33.97762330  118.01897715 
112 -33.97770941  118.01887331 -33.97774768  118.01886178 
112 -33.97786249  118.01888485 -33.97790076  118.01889639 
111 -33.97792946  118.01891946 
112 -33.97801557  118.01881563 -33.97802514  118.01881563 
111 -33.97808254  118.01850413 
112 -33.97814952  118.01825032 -33.97817822  118.01820417 
111 -33.97821724  118.01634214 
112 -33.97814595  118.01582635 -33.97806278  118.01550399 
111 -33.97756584  118.01404746 
112 -33.97739188  118.01395211 -33.97732072  118.01381863 
111 -33.97698071  118.01345631 
112 -33.97675931  118.01336096 -33.97660908  118.01332282 
111 -33.97619791  118.01321794 
111 -33.97620582  118.01312259 
111 -33.97662489  118.01310352 
111 -33.97661394  118.01304632 
111 -33.97596765  118.01299485 
112 -33.97573291  118.01302794 -33.97568414  118.01299853 
112 -33.97557874  118.01278316 -33.97556686  118.01270436 
112 -33.97562032  118.01248945 -33.97566785  118.01248228 
111 -33.97581043  118.01248945 
112 -33.97594112  118.01215992 -33.97601241  118.01215992 
112 -33.97626786  118.01226737 -33.97633915  118.01228170 
112 -33.97650549  118.01223872 -33.97660648  118.01224588 
112 -33.97679064  118.01240348 -33.97680252  118.01245363 
112 -33.97692728  118.01246079 -33.97695698  118.01252527 
112 -33.97705798  118.01264705 -33.97705798  118.01270436 
112 -33.97700451  118.01277599 -33.97696886  118.01279749 
112 -33.97686787  118.01274018 -33.97683223  118.01265421 
112 -33.97668371  118.01271152 -33.97664807  118.01279749 
111 -33.97668965  118.01289061 
111 -33.97667777  118.01306971 
111 -33.97668371  118.01313418 
111 -33.97690946  118.01311985 
111 -33.97693916  118.01329894 
112 -33.97701045  118.01338491 -33.97702827  118.01339924 
111 -33.97744412  118.01390069 
112 -33.97757482  118.01395800 -33.97758076  118.01395084 
111 -33.97699857  118.01244647 
112 -33.97665401  118.01206679 -33.97652925  118.01203814 
111 -33.97554309  118.01187337 
112 -33.97534705  118.01178741 -33.97538269  118.01177308 
112 -33.97559656  118.01175875 -33.97561438  118.01175875 
111 -33.97678470  118.01198799 
112 -33.97703421  118.01230319 -33.97708768  118.01243214 
111 -33.97824018  118.01564863 
112 -33.97830553  118.01607845 -33.97831741  118.01625038 
111 -33.97827565  118.01816947 
112 -33.97828458  118.01834708 -33.97825780  118.01843320 
112 -33.97818192  118.01859466 -33.97817300  118.01869154 
112 -33.97816853  118.01881533 -33.97815068  118.01885839 
112 -33.97807480  118.01899295 -33.97804802  118.01907368 
111 -33.97790520  118.01922977 
111 -33.97794537  118.01933741 
112 -33.97866224  118.01892866 -33.97890143  118.01880176 
112 -33.97959987  118.01857102 -33.97964770  118.01853641 
112 -33.97970511  118.01836335 -33.97963814  118.01823645 
112 -33.97920759  118.01682894 -33.97917889  118.01679432 
111 -33.97908322  118.01658666 
111 -33.97909278  118.01572139 
111 -33.97914062  118.01572139 
111 -33.97914062  118.01655205 
112 -33.97941808  118.01727888 -33.97941808  118.01733656 
111 -33.97975295  118.01839796 
111 -33.98004619  118.01770668 
111 -33.98010154  118.01771622 
111 -33.98010154  118.01780203 
111 -33.97986433  118.01834552 
112 -33.98001456  118.01840273 -33.98003037  118.01843133 
112 -33.97992758  118.01854575 -33.97988014  118.01855528 
112 -33.97976153  118.01866970 -33.97972200  118.01874598 
111 -33.97971409  118.01882226 
112 -33.98021224  118.01886993 -33.98023596  118.01900342 
112 -33.98013317  118.01931807 -33.97997502  118.01939435 
112 -33.97957967  118.01951830 -33.97950851  118.01951830 
111 -33.97946106  118.01952784 
111 -33.97937626  118.02027674 
112 -33.97927207  118.02051405 -33.97927207  118.02052801 
111 -33.97922576  118.02105848 
111 -33.97850800  118.02108640 
111 -33.97846169  118.02112828 
111 -33.97826489  118.02104452 
111 -33.97825331  118.02050010 
111 -33.97824173  118.02010923 
111 -33.97791758  118.01969044 
111 -33.97775551  118.01976024 
111 -33.97767447  118.01978816 
112 -33.97777866  118.01957876 -33.97779024  118.01953688 
111 -33.97780182  118.01934145 
111 -33.97758186  118.01925769 
111 -33.97707811  118.01916501 
111 -33.97584087  118.01882755 
112 -33.97568867  118.01870914 -33.97567395  118.01864401 
111 -33.97562976  118.01846048 
111 -33.97564785  118.02050294 
111 -33.97554983  118.02048718 
111 -33.97551642  118.01658398 
112 -33.97541771  118.01584145 -33.97536020  118.01563342 
111 -33.97301423  118.00659830 
112 -33.97296195  118.00590489 -33.97304037  118.00570790 
112 -33.97318413  118.00558971 -33.97326255  118.00553455 
111 -33.97349127  118.00540847 
111 -33.97362850  118.00521148 
111 -33.97366117  118.00514057 
112 -33.97371345  118.00505389 -33.97369385  118.00493570 
111 -33.97343263  118.00420650 
112 -33.97315430  118.00365066 -33.97309341  118.00353529 
112 -33.97283248  118.00306335 -33.97278029  118.00293750 
112 -33.97251840  118.00225052 -33.97248013  118.00214669 
112 -33.97206259  118.00097155 -33.97200518  118.00085619 
112 -33.97152680  117.99963336 -33.97147897  117.99950646 
112 -33.97135459  117.99903348 -33.97135459  117.99896426 
112 -33.97129718  117.99864125 -33.97129718  117.99853742 
113 -33.97148971  117.99787345 
112 -33.97384818  118.00495029 -33.97385976  118.00496425 
111 -33.97383661  118.00515968 
111 -33.97423022  118.00486654 
111 -33.97418391  118.00486654 
113 -33.97366295  118.00455944 
111 -33.97455437  118.00496425 
111 -33.97468171  118.00499217 
111 -33.97491325  118.00488050 
111 -33.97484378  118.00471299 
111 -33.97470486  118.00471299 
113 -33.97449648  118.00489446 
111 -33.97476275  118.00506196 
111 -33.97508690  118.00524343 
113 -33.97491325  118.00497821 
112 -33.97438766  118.00498917 -33.97435526  118.00497614 
111 -33.97422564  118.00500219 
111 -33.97379899  118.00529524 
111 -33.97377739  118.00536687 
111 -33.97368558  118.00540594 
112 -33.97371258  118.00532129 -33.97372878  118.00526919 
111 -33.97366397  118.00528221 
111 -33.97353436  118.00545804 
111 -33.97322652  118.00567294 
112 -33.97305910  118.00591389 -33.97297269  118.00610925 
111 -33.97306990  118.00657813 
111 -33.97436326  118.01145577 
112 -33.97440106  118.01158601 -33.97441186  118.01161857 
111 -33.97446587  118.01163160 
112 -33.97462249  118.01141669 -33.97462249  118.01141018 
112 -33.97445507  118.01148833 -33.97440106  118.01152740 
112 -33.97440106  118.01136460 -33.97442266  118.01130599 
112 -33.97447127  118.01130599 -33.97447127  118.01129947 
112 -33.97451447  118.01113016 -33.97454688  118.01107155 
112 -33.97464409  118.01120179 -33.97464949  118.01124086 
111 -33.97484378  118.01127373 
111 -33.97639507  118.01077121 
111 -33.97647611  118.01060370 
112 -33.97402183  118.00569012 -33.97399868  118.00557845 
111 -33.97407972  118.00541094 
113 -33.97451963  118.00513176 
111 -33.97503031  118.00480778 
111 -33.97532734  118.00528057 
112 -33.97561250  118.00534505 -33.97563032  118.00535221 
112 -33.97574913  118.00518028 -33.97574913  118.00510865 
111 -33.97580260  118.00502985 
112 -33.97545210  118.00475763 -33.97527387  118.00465734 
113 -33.97502878  118.00470761 
111 -33.97453723  118.00520177 
112 -33.97414514  118.00548832 -33.97405009  118.00558861 
111 -33.97413326  118.00575337 
111 -33.97558279  118.00851851 
111 -33.97563626  118.00847553 
111 -33.97433524  118.00590381 
111 -33.97474515  118.00550264 
113 -33.97457287  118.00520177 
111 -33.97465604  118.00515163 
111 -33.97488179  118.00550264 
112 -33.97510159  118.00548832 -33.97513724  118.00550981 
111 -33.97531546  118.00590381 
111 -33.97567784  118.00565308 
111 -33.97593923  118.00611871 
111 -33.97556497  118.00639093 
111 -33.97760804  118.01032286 
111 -33.97767921  118.01031333 
111 -33.97574988  118.00657570 
111 -33.97605873  118.00637428 
111 -33.97611273  118.00596578 
112 -33.97579360  118.00546254 -33.97575924  118.00543886 
111 -33.97571996  118.00542702 
111 -33.97532227  118.00574080 
112 -33.97519198  118.00551715 -33.97518793  118.00549269 
112 -33.97516358  118.00542419 -33.97514329  118.00539483 
113 -33.97509866  118.00537526 
111 -33.97615854  118.00612855 
111 -33.97611534  118.00634346 
113 -33.97620175  118.00626531 
112 -33.97588550  118.00549905 -33.97595031  118.00557720 
111 -33.97615553  118.00596794 
111 -33.97628515  118.00627403 
111 -33.97605832  118.00647591 
111 -33.97597731  118.00681456 
111 -33.97779140  118.01035384 
112 -33.97780329  118.01031086 -33.97780923  118.01028936 
112 -33.97796963  118.01019623 -33.97805874  118.01016758 
112 -33.97842112  118.01008878 -33.97858152  118.01008161 
111 -33.97899737  118.00995266 
112 -33.97943104  118.00889957 -33.97944886  118.00882793 
111 -33.97954986  118.00894256 
111 -33.97908054  118.00992401 
112 -33.97952609  118.00979506 -33.97966273  118.00977357 
111 -33.98003699  118.00966611 
112 -33.98015581  118.00951567 -33.98023304  118.00944403 
111 -33.98023304  118.00920046 
111 -33.98031621  118.00918613 
112 -33.98028056  118.00941537 -33.98023898  118.00952283 
111 -33.98019145  118.00964462 
112 -33.98036373  118.00958014 -33.98044096  118.00956581 
111 -33.98062512  118.00947985 
111 -33.98074394  118.00937955 
111 -33.98074394  118.00949417 
112 -33.98101127  118.00945835 -33.98107068  118.00945119 
111 -33.98127860  118.00936522 
112 -33.98130831  118.00933657 -33.98132019  118.00932224 
112 -33.98140930  118.00934373 -33.98142118  118.00932224 
111 -33.98143900  118.00925777 
112 -33.98123108  118.00893539 -33.98121325  118.00890674 
112 -33.98098751  118.00891390 -33.98092810  118.00891390 
111 -33.98086869  118.00864884 
111 -33.98077958  118.00866316 
111 -33.98057166  118.00872048 
111 -33.98047661  118.00875629 
111 -33.98035185  118.00877779 
111 -33.98031621  118.00868466 
111 -33.98017957  118.00864884 
112 -33.97929465  118.00847666 -33.97920767  118.00844519 
112 -33.97903371  118.00827738 -33.97898153  118.00824592 
112 -33.97884236  118.00817250 -33.97874669  118.00815152 
112 -33.97831180  118.00782639 -33.97828570  118.00780541 
111 -33.97798128  118.00741735 
111 -33.97751160  118.00686147 
111 -33.97585571  118.00507234 
111 -33.97583742  118.00512380 
112 -33.97582828  118.00522674 -33.97582218  118.00523776 
113 -33.97574292  118.00539216 
111 -33.97585310  118.00661267 
111 -33.97596111  118.00675595 
113 -33.97598811  118.00650196 
111 -33.97772089  118.01040298 
112 -33.97764901  118.01043450 -33.97766861  118.01048178 
111 -33.98213028  118.01915416 
113 -33.98220216  118.01911081 
111 -33.97804661  118.01024679 
112 -33.97792484  118.01042510 -33.97792484  118.01050900 
112 -33.97798573  118.01070829 -33.97802052  118.01077122 
111 -33.97810750  118.01090757 
112 -33.97818578  118.01061389 -33.97825536  118.01052998 
112 -33.97867285  118.01022581 -33.97879462  118.01020484 
112 -33.97963831  118.00995311 -33.97973398  118.00987969 
112 -33.98013408  118.00975382 -33.98015148  118.00975382 
112 -33.98048199  118.00970138 -33.98050809  118.00970138 
112 -33.98096037  118.00959650 -33.98096907  118.00958601 
111 -33.98125610  118.00949161 
111 -33.98131090  118.00946347 
111 -33.98128408  118.00943516 
112 -33.98094874  118.00956456 -33.98088503  118.00958883 
112 -33.98053963  118.00964544 -33.98049603  118.00964949 
112 -33.98024453  118.00967779 -33.98020764  118.00969397 
112 -33.97919977  118.00998338 -33.97918357  118.00999640 
112 -33.97889733  118.01004850 -33.97886493  118.01004850 
114 -33.97846528  118.01015270 -33.97839507  118.01016573 
111 -33.97689075  118.01100346 
111 -33.97683728  118.01103212 
111 -33.97772245  118.01270125 
111 -33.97759769  118.01230725 
113 -33.97758581  118.01221412 
111 -33.97795625  118.01319502 
111 -33.97827315  118.01381399 
111 -33.97862576  118.01447601 
111 -33.97940898  118.01595796 
111 -33.98137609  118.01978589 
112 -33.98163140  118.01959643 -33.98164122  118.01958459 
111 -33.98167067  118.01949756 
111 -33.98149239  118.01915973 
111 -33.98100242  118.01888585 
111 -33.98018996  118.01745012 
111 -33.98018996  118.01717987 
111 -33.97943353  118.01574414 
111 -33.97852302  118.01398748 
111 -33.97832691  118.01359899 
113 -33.97780862  118.01255175 
14  -33.97568199  118.00596853    6 0 New Tower Viewpoint 3
15  -33.97558475  118.00589170   0.00 New Ramp Start 1
19  -33.97489730  118.00678131 0 New Windsock 2
1     1049 0 0 YJGP JERRAMUNGUP
100   22.86   4   0 0.25 0 0 0 12  -33.91369819  118.89776179    0.00    0.00 0  0 0 0 30  -33.92277536  118.91107857    0.00    0.00 0  0 0 0
110   1 0.25 129.40 New Taxiway 14
111 -33.92243939  118.91074368 
112 -33.92241551  118.91074368 -33.92240187  118.91074368 
111 -33.92235071  118.91077245 
112 -33.92208469  118.91105194 -33.92206763  118.91107249 
111 -33.92207104  118.91116291 
111 -33.92216313  118.91129032 
111 -33.92180161  118.91166845 
111 -33.92152535  118.91122456 
111 -33.92183912  118.91091630 
112 -33.92190733  118.91095741 -33.92193803  118.91096563 
111 -33.92204035  118.91096974 
112 -33.92229614  118.91070669 -33.92235071  118.91062860 
113 -33.92231661  118.91057928 
110   1 0.25 129.40 New Taxiway 13
111 -33.91365581  118.89783643 
112 -33.91362585  118.89781236 -33.91360587  118.89780635 
111 -33.91354595  118.89775219 
111 -33.91342112  118.89761982 
111 -33.91363084  118.89740922 
111 -33.91373071  118.89754762 
113 -33.91379063  118.89769804 
110   4 0.25   0.00 New Taxiway 16
111 -33.92209709  118.91129849 
111 -33.92220343  118.91152276 
111 -33.92193093  118.91175503 
111 -33.92187111  118.91174702 
111 -33.92183123  118.91177105 
112 -33.92174483  118.91193924 -33.92173154  118.91201133 
111 -33.92175812  118.91221156 
112 -33.92179800  118.91298846 -33.92179800  118.91303652 
112 -33.92182459  118.91370931 -33.92182459  118.91372532 
112 -33.92183788  118.91433403 -33.92183123  118.91435806 
111 -33.92180465  118.91607206 
112 -33.92186447  118.91632035 -33.92187111  118.91643248 
112 -33.92173154  118.91628030 -33.92173819  118.91623225 
111 -33.92172489  118.91618419 
112 -33.92066148  118.91613613 -33.92055514  118.91613613 
112 -33.92048868  118.91599998 -33.92044880  118.91595993 
112 -33.92062161  118.91589585 -33.92075453  118.91587984 
112 -33.92074789  118.91576771 -33.92078776  118.91571965 
112 -33.92097386  118.91571965 -33.92103368  118.91571164 
112 -33.92111343  118.91559951 -33.92114666  118.91556747 
112 -33.92133276  118.91555145 -33.92138593  118.91555145 
112 -33.92141916  118.91567960 -33.92142581  118.91568761 
112 -33.92144575  118.91583979 -33.92144575  118.91584780 
112 -33.92151221  118.91598396 -33.92152550  118.91599197 
112 -33.92155209  118.91592789 -33.92155209  118.91590386 
112 -33.92121977  118.91516700 -33.92112008  118.91495876 
112 -33.92062161  118.91417385 -33.92057508  118.91414181 
111 -33.92050862  118.91410977 
112 -33.92038899  118.91400565 -33.92037569  118.91399764 
111 -33.92031588  118.91382945 
111 -33.92062161  118.91350106 
112 -33.92074124  118.91362921 -33.92076118  118.91366926 
112 -33.92079441  118.91383745 -33.92079441  118.91388551 
112 -33.92063490  118.91399764 -33.92060831  118.91404570 
111 -33.92064819  118.91410176 
112 -33.92107356  118.91469445 -33.92117325  118.91487867 
112 -33.92152550  118.91558349 -33.92155209  118.91565557 
112 -33.92165178  118.91591187 -33.92167172  118.91599197 
111 -33.92169166  118.91606405 
111 -33.92172489  118.91604803 
112 -33.92169166  118.91195526 -33.92168502  118.91180308 
113 -33.92175148  118.91152276 
14  -33.92075453  118.91365324    6 0 New Tower Viewpoint 11
15  -33.92169166  118.91118636 164.99 New Ramp Start 10
19  -33.92189105  118.91060168 0 New Windsock 12
1     1132 0 0 AU93 Kukerin
100   49.99   4   0 1.00 0 0 0 08  -33.17507552  118.07879612    0.00    0.00 0  0 0 0 26  -33.17505818  118.09198190    0.00    0.00 0  0 0 0
110   4 1.00  89.91 New Taxiway 19
111 -33.17488881  118.08812233 
112 -33.17465136  118.08816833 -33.17458718  118.08817600 
111 -33.17434972  118.08837535 
111 -33.17439465  118.08758563 
112 -33.17468986  118.08786931 -33.17477971  118.08796132 
113 -33.17488881  118.08792298 
14  -33.17442674  118.08793832    6 0 New Tower Viewpoint 40
15  -33.17498507  118.08809933 270.00 New Ramp Start 38
19  -33.17476045  118.08555384 0 New Windsock 39
1      926 0 0 YLGC LAKE GRACE
100   43.89  15   0 0.25 0 0 0 10  -33.10544500  118.38265086    0.00    0.00 0  0 0 0 28  -33.10873573  118.39731232    0.00    0.00 0  0 0 0
110   5 0.25 105.00 New Taxiway 6
111 -33.10814164  118.39536258 
112 -33.10825372  118.39533391 -33.10826572  118.39535302 
111 -33.10834177  118.39563973 
112 -33.10833777  118.39574963 -33.10829774  118.39574963 
112 -33.10824971  118.39574963 -33.10823370  118.39571618 
114 -33.10816566  118.39554416 -33.10815765  118.39551549 
110   5 0.25 105.00 New Taxiway 5
111 -33.10554178  118.38322864 
111 -33.10568030  118.38316504 
111 -33.10580816  118.38361659 
113 -33.10562170  118.38364839 
110   1 0.25   0.00 New Taxiway 8
111 -33.10689258  118.38627384 
111 -33.10729173  118.38614003 
111 -33.10738742  118.38667855 
111 -33.10699100  118.38676014 
113 -33.10690899  118.38645661 
110   4 0.25 105.00 New Taxiway 7
111 -33.10657545  118.38637828 
112 -33.10676136  118.38635544 -33.10681877  118.38633259 
111 -33.10691992  118.38627711 
111 -33.10692812  118.38647946 
112 -33.10672035  118.38652515 -33.10667934  118.38653168 
113 -33.10659459  118.38653168 
110   4 0.25 105.00 New Taxiway 4
111 -33.10526906  118.38290673 
111 -33.10554543  118.38259332 
112 -33.10579416  118.38262631 -33.10582180  118.38270879 
112 -33.10645745  118.38566144 -33.10649890  118.38580989 
112 -33.10667854  118.38661816 -33.10672000  118.38679961 
112 -33.10725891  118.38927390 -33.10732801  118.38955431 
112 -33.10763201  118.39095641 -33.10772874  118.39141828 
112 -33.10845018  118.39480106 -33.10850478  118.39505248 
112 -33.10895804  118.39718131 -33.10893917  118.39722638 
112 -33.10882591  118.39733905 -33.10875040  118.39736158 
112 -33.10852389  118.39731651 -33.10852389  118.39728271 
111 -33.10825962  118.39615602 
112 -33.10806142  118.39584055 -33.10804254  118.39575041 
112 -33.10795760  118.39506313 -33.10795760  118.39498427 
112 -33.10785378  118.39483780 -33.10780659  118.39472513 
112 -33.10775940  118.39425192 -33.10772164  118.39418432 
112 -33.10762726  118.39378998 -33.10760839  118.39363224 
112 -33.10748569  118.39287736 -33.10748569  118.39275342 
112 -33.10732524  118.39243795 -33.10730637  118.39238162 
112 -33.10718367  118.39172814 -33.10717423  118.39169434 
112 -33.10703266  118.39096199 -33.10702322  118.39088312 
112 -33.10647116  118.38845556 -33.10644279  118.38843016 
112 -33.10636479  118.38810003 -33.10635061  118.38802385 
112 -33.10632225  118.38775297 -33.10627970  118.38765139 
112 -33.10621588  118.38757520 -33.10621588  118.38748209 
112 -33.10618043  118.38720275 -33.10615915  118.38716042 
112 -33.10610242  118.38696573 -33.10609533  118.38694880 
112 -33.10603860  118.38665253 -33.10603860  118.38662713 
111 -33.10566987  118.38664406 
112 -33.10564151  118.38639858 -33.10566987  118.38639858 
112 -33.10591806  118.38626314 -33.10591806  118.38625468 
112 -33.10597479  118.38617003 -33.10597479  118.38616156 
111 -33.10551387  118.38417231 
112 -33.10542878  118.38396069 -33.10541459  118.38393529 
112 -33.10532241  118.38347818 -33.10532241  118.38344433 
114 -33.10527277  118.38308880 -33.10527277  118.38306340 
14  -33.10724130  118.38624393    6 0 New Tower Viewpoint 6
15  -33.10719875  118.38664179   0.00 New Ramp Start 5
19  -33.10702857  118.38604077 0 New Windsock 4