1      384 0 0 YLOK Lock
100   39.93   4   0 0.25 0 0 0 07  -33.54518015  135.68646783    0.00    0.00 0  0 0 0 25  -33.54224966  135.69898215    0.00    0.00 0  0 0 0
110   4 0.25   0.00 New Taxiway 16
111 -33.54282882  135.69642762 
111 -33.54261571  135.69723554 
111 -33.54134559  135.69558902 
112 -33.53872329  135.69321507 -33.53870583  135.69320808 
111 -33.53871165  135.69308933 
112 -33.54147754  135.69560712 -33.54151505  135.69562962 
112 -33.54194638  135.69551712 -33.54207765  135.69546087 
112 -33.54236833  135.69544962 -33.54252773  135.69544962 
112 -33.54268714  135.69547212 -33.54279966  135.69538212 
113 -33.54318666  135.69498327 
111 -33.54168343  135.69579818 
112 -33.54204272  135.69609400 -33.54210612  135.69609400 
112 -33.54228929  135.69595877 -33.54228929  135.69589115 
112 -33.54221180  135.69562069 -33.54212021  135.69559533 
112 -33.54190887  135.69560378 -33.54183842  135.69564604 
112 -33.54181024  135.69578128 -33.54181024  135.69579818 
113 -33.54173275  135.69577282 
111 -33.54235480  135.69615727 
111 -33.54239002  135.69623334 
112 -33.54239706  135.69648690 -33.54236889  135.69653761 
111 -33.54225617  135.69652916 
111 -33.54258728  135.69702783 
111 -33.54267886  135.69661368 
112 -33.54260137  135.69649535 -33.54258023  135.69647845 
112 -33.54248865  135.69630096 -33.54246751  135.69621643 
113 -33.54241115  135.69605585 
14  -33.54218958  135.69618013    6 0 New Tower Viewpoint 8
15  -33.54246748  135.69578563  86.82 New Ramp Start 6
19  -33.54226179  135.69723195 0 New Windsock 7
51 12670 CTAF
1      310 0 0 YWUD WUDINNA
100   29.87   1   0 0.25 0 1 0 14  -33.03444700  135.44060000    0.00    0.00 2  0 0 0 32  -33.04550800  135.45001700    0.00   35.05 2  0 0 0
100   29.87   4   0 0.25 0 1 0 07  -33.04439427  135.43960836    0.00    0.00 1  0 0 0 25  -33.04193099  135.45017469    0.00    0.00 1  0 0 0
110   1 0.00   0.00 New Taxiway 22
112 -33.04305936  135.44927105 -33.04307394  135.44926857 
112 -33.04309059  135.44931824 -33.04309059  135.44933315 
112 -33.04307186  135.44935550 -33.04306144  135.44936047 
112 -33.04303021  135.44934308 -33.04301980  135.44933315 
113 -33.04303021  135.44929092 
110   1 0.00   0.00 New Taxiway 21
112 -33.04312807  135.44938531 -33.04317388  135.44937289 
112 -33.04320719  135.44946727 -33.04320928  135.44952440 
112 -33.04313432  135.44955421 -33.04308018  135.44956414 
113 -33.04307394  135.44944989 
110   3 0.00   0.00 New Taxiway 14
111 -33.04455728  135.45248942 
111 -33.04424039  135.45294199 
111 -33.04416898  135.45286745 
113 -33.04449033  135.45242020 
110   1 0.00   0.00 New Taxiway 13
111 -33.04550944  135.45020714 102 
112 -33.04539992  135.45023260 -33.04536944  135.45027987 102 
111 -33.04431079  135.45206503 
112 -33.04440834  135.45233051 -33.04450284  135.45245415 
111 -33.04490228  135.45287251 
111 -33.04453497  135.45324521 
111 -33.04449480  135.45328781 
111 -33.04442785  135.45324521 
111 -33.04424039  135.45353273 
111 -33.04398599  135.45327716 
111 -33.04389673  135.45338365 
111 -33.04366018  135.45309613 
112 -33.04369588  135.45286186 -33.04376730  135.45275537 
111 -33.04530710  135.45015735 102 
112 -33.04528288  135.45001838 -33.04522932  135.44995449 
111 -33.04525800  135.44988048 
113 -33.04555704  135.45005618 
110   4 0.00   0.00 New Taxiway 20
111 -33.04230266  135.44907615 
111 -33.04235716  135.44887729 
111 -33.04259297  135.44891338 
112 -33.04269083  135.44895312 -33.04271790  135.44896802 
112 -33.04293860  135.44918908 -33.04297191  135.44922137 
112 -33.04305936  135.44922386 -33.04312599  135.44922386 
112 -33.04324496  135.44938530 -33.04329077  135.44953682 
111 -33.04327203  135.44963617 
111 -33.04376549  135.45076142 
112 -33.04407365  135.45146931 -33.04412570  135.45161835 
112 -33.04428810  135.45182451 -33.04432558  135.45183692 
111 -33.04439637  135.45181209 
111 -33.04424438  135.45202570 
111 -33.04421315  135.45199341 
111 -33.04424646  135.45188412 
112 -33.04412778  135.45171273 -33.04410071  135.45168044 
112 -33.04400285  135.45143951 -33.04398203  135.45139480 
112 -33.04378631  135.45092535 -33.04377382  135.45087319 
111 -33.04332112  135.44985048 
112 -33.04321909  135.44963439 -33.04318786  135.44961204 
112 -33.04304419  135.44955242 -33.04301713  135.44950771 
112 -33.04296091  135.44925933 -33.04293176  135.44919972 
111 -33.04267358  135.44901592 
113 -33.04254032  135.44906311 
120 Linear Feature 19
111 -33.04518637  135.45036027   4 
115 -33.04527569  135.45043598 
120 Linear Feature 18
111 -33.04537982  135.44990871   1 
112 -33.04535984  135.45017651 -33.04526934  135.45033915   1 
115 -33.04425642  135.45203367 
120 Linear Feature 17
111 -33.04423100  135.45197899 102 
115 -33.04531048  135.45015968 
120 Linear Feature 15
111 -33.04431181  135.45206347   1 102 
112 -33.04437429  135.45230839 -33.04444570  135.45239890   1 102 
111 -33.04446029  135.45239500   1 
111 -33.04414667  135.45284615   1 
112 -33.04419130  135.45303783 -33.04428503  135.45312834   1 
111 -33.04440553  135.45326145   1 102 
111 -33.04424039  135.45351702   1 102 
111 -33.04366018  135.45293134   1 102 
115 -33.04423147  135.45198360 
14  -33.04429137  135.45282062    5 0 New Tower Viewpoint 6
15  -33.04411856  135.45274859 232.16 New Ramp Start 5
18  -33.03943100  135.44622135 1 BCN
19  -33.04313908  135.44947722 1 New Windsock 8
51 12670 CTAF