1     1073 0 0 YCWW CANOWINDRA
100   22.86   3   0 0.25 0 0 0 1   -33.53615839  148.66495792    0.00    0.00 0  0 0 0 19  -33.54993944  148.66240389    0.00    0.00 0  0 0 0
110   3 0.25   0.00 New Taxiway 17
111 -33.54990821  148.66228273 
112 -33.55006049  148.66234016 -33.55009530  148.66240281 
111 -33.55018232  148.66256465 
111 -33.54998652  148.66262730 
112 -33.54992126  148.66249678 -33.54989950  148.66249156 
113 -33.54989950  148.66249156 
14  -33.55011705  148.66275259    6 0 New Tower Viewpoint 26
15  -33.55007790  148.66254899   0.00 New Ramp Start 25
19  -33.54955577  148.66222008 0 New Windsock 27
1      966 0 0 YCWR Cowra
100   29.87   1   0 0.25 0 1 0 15  -33.83913379  148.64486425    0.00    0.00 2  0 0 0 33  -33.85308100  148.65046700    0.00    0.00 2  0 0 0
100   73.15   3   0 0.25 0 0 0 4   -33.84670763  148.64285388    0.00    0.00 0  0 0 0 22  -33.83793692  148.65207961    0.00    0.00 0  0 0 0
110   1 0.25   0.00 New Taxiway 37
112 -33.84575633  148.64921262 -33.84580845  148.64921262  20 
112 -33.84584847  148.64933251 -33.84584567  148.64938630  20 
112 -33.84575447  148.64942888 -33.84570887  148.64942888  20 
114 -33.84567444  148.64932355 -33.84567351  148.64926640  20 
110   1 0.25   0.00 New Taxiway 26
111 -33.84542239  148.64745157 
111 -33.84711562  148.64811490 
112 -33.84699251  148.64820209 -33.84689837  148.64821662 
111 -33.84681147  148.64835031 
112 -33.84614727  148.65056885 -33.84610493  148.65069911 
111 -33.84621126  148.65080299 
111 -33.84635355  148.65084410 
111 -33.84631371  148.65109081 
111 -33.84632509  148.65118674 
111 -33.84623972  148.65120045 
111 -33.84633648  148.65178979 
111 -33.84627387  148.65179664 
112 -33.84624541  148.65163218 -33.84623403  148.65154309 
111 -33.84608604  148.65142659 
111 -33.84555672  148.65122786 
111 -33.84563071  148.65094690 
111 -33.84546565  148.65090578 
111 -33.84538597  148.65107025 
111 -33.84495909  148.65117989 
111 -33.84534340  148.65364602 
112 -33.84533087  148.65376663 -33.84534340  148.65382693 
111 -33.84546861  148.65384201 
112 -33.84506166  148.65393247 -33.84525574  148.65388724 
111 -33.84527702  148.65367478 
112 -33.84475656  148.65051249 -33.84477263  148.65043513 
111 -33.84482718  148.65046018 
111 -33.84493409  148.65014096 102 
112 -33.84553369  148.64808190 -33.84565385  148.64765639 102 
113 -33.84541706  148.64752874 
111 -33.84603193  148.64779824 102 
112 -33.84566817  148.64810195 -33.84558054  148.64839927 102 
111 -33.84532564  148.64929122 102 
112 -33.84540265  148.64961730 -33.84552213  148.64968124 
111 -33.84569737  148.64975477 
111 -33.84587793  148.65006488 
111 -33.84582697  148.65026776 
112 -33.84591990  148.65035728 -33.84596239  148.65037965 
111 -33.84604735  148.65040203 
112 -33.84615356  148.65032531 -33.84616949  148.65026456 
111 -33.84672613  148.64834085 
114 -33.84668630  148.64806591 -33.84662523  148.64798919 
111 -33.84529019  148.65065126 
111 -33.84567520  148.65075995 
111 -33.84568051  148.65077913 
112 -33.84587700  148.65085906 -33.84594603  148.65088144 
111 -33.84599648  148.65083348 
112 -33.84606020  148.65063527 -33.84607879  148.65056494 
111 -33.84599648  148.65048182 
112 -33.84588231  148.65044026 -33.84586372  148.65043067 
111 -33.84578937  148.65041788 
111 -33.84576548  148.65050420 
113 -33.84536719  148.65036353 
110   3 0.25   0.00 New Taxiway 38
111 -33.84572414  148.65358728 
112 -33.84566769  148.65304357 -33.84567710  148.65302658 
112 -33.84568180  148.65287367 -33.84567240  148.65281137 
111 -33.84563006  148.65257916 
111 -33.84529609  148.65265279 
111 -33.84505619  148.65121991 
111 -33.84544661  148.65114628 
111 -33.84563006  148.65124256 
111 -33.84624627  148.65146910 
111 -33.84630742  148.65179759 
111 -33.84663669  148.65180325 
111 -33.84676369  148.65283969 
111 -33.84618512  148.65295862 
113 -33.84624627  148.65358161 
120 Linear Feature 36
111 -33.84564288  148.65093354   1 
111 -33.84574935  148.65096436   1 
111 -33.84579132  148.65082877   1 
115 -33.84568076  148.65078687 
120 Linear Feature 35
111 -33.84544897  148.65031671   1 
115 -33.84543426  148.65038628 
120 Linear Feature 34
111 -33.84493526  148.65014013   1 
111 -33.84558873  148.65036390   1 
115 -33.84557374  148.65043428 
120 Linear Feature 33
111 -33.84557931  148.64840654   4 
115 -33.84545554  148.64835612 
120 Linear Feature 32
111 -33.84669856  148.64873058   4 
115 -33.84662242  148.64869910 
120 Linear Feature 31
111 -33.84792038  148.64840120   1 
111 -33.84707795  148.64806115   1 
116 -33.84680071  148.64822972 -33.84673327  148.64845530 
120 Linear Feature 30
111 -33.84568945  148.64780636   1 
112 -33.84599576  148.64763079 -33.84618910  148.64770659   1 
111 -33.84669563  148.64791492   1 
112 -33.84680081  148.64822935 -33.84674278  148.64843461   1 
115 -33.84601491  148.65089714 
120 Linear Feature 29
111 -33.84499419  148.64723333   1 
111 -33.84554621  148.64744784   1 
112 -33.84568932  148.64780653 -33.84563675  148.64800346   1 
115 -33.84503216  148.65004310 
14  -33.84553317  148.65092446    6 0 New Tower Viewpoint 11
15  -33.84496670  148.65034496 257.91 New Ramp Start 10
19  -33.84575726  148.64932243 1 New Windsock 9
51 12670 CTAF
1     1576 0 0 YCUA CUDAL
100   14.94   1   0 0.25 0 1 0 9   -33.27723294  148.76320819   67.06  132.89 1  0 0 0 27  -33.27933654  148.77824448    0.00    0.00 1  0 0 0
100   11.89   4   0 0.00 0 0 0 6   -33.27755643  148.76226024    0.00    0.00 0  0 0 0 24  -33.27552200  148.76713640    0.00    0.00 0  0 0 0
110   1 0.25   0.00 New Taxiway 7
112 -33.27650631  148.76567670 -33.27650445  148.76557008  20 
112 -33.27664188  148.76552565 -33.27669388  148.76552788  20 
112 -33.27674216  148.76567004 -33.27674216  148.76575889  20 
114 -33.27661402  148.76580998 -33.27654902  148.76581442  20 
110   4 0.25   0.00 New Taxiway 8
111 -33.27557827  148.76705748 
112 -33.27582349  148.76712557 -33.27587604  148.76716747 
112 -33.27585852  148.76721461 -33.27584538  148.76726175 
112 -33.27574905  148.76729317 -33.27572277  148.76729317 
112 -33.27546880  148.76727746 -33.27542501  148.76726175 
113 -33.27548631  148.76709938 
110   1 0.25  99.50 New Taxiway 1
111 -33.27708239  148.76179606 
112 -33.27730878  148.76141581 -33.27740512  148.76137548 
112 -33.27756407  148.76149647 -33.27758334  148.76164627 
111 -33.27775674  148.76295412 
111 -33.27799993  148.76291448 
111 -33.27804009  148.76330917 
111 -33.27833488  148.76326277 
111 -33.27853657  148.76471025   1 
111 -33.27782094  148.76482587   1 102 
111 -33.27776082  148.76436694   1 102 
112 -33.27763670  148.76421848 -33.27758240  148.76421848   1 102 
112 -33.27746604  148.76428343 -33.27743501  148.76434838 
113 -33.27741949  148.76436694 
111 -33.27733319  148.76265005 
111 -33.27758651  148.76209913 
111 -33.27750755  148.76156788 
112 -33.27732332  148.76147737 -33.27718843  148.76159936 
113 -33.27721146  148.76166233 
111 -33.27739321  148.76396795   1 102 
111 -33.27747967  148.76395472 
111 -33.27717198  148.76174890 
112 -33.27713908  148.76180793 -33.27712263  148.76183547 
113 -33.27711276  148.76189057 
111 -33.27753097  148.76394260   1 102 
111 -33.27772748  148.76389992   1 102 
111 -33.27759455  148.76298563   1 
111 -33.27768463  148.76296989 
112 -33.27760515  148.76233286 -33.27760515  148.76224414 
111 -33.27757336  148.76226949 
113 -33.27736142  148.76272579 
110   1 0.25  99.50 New Taxiway 9
111 -33.27929573  148.77825184   1 
111 -33.27916318  148.77827187   1 
111 -33.27907249  148.77764935   1 
113 -33.27917574  148.77752585 
110   4 0.25   0.00 New Taxiway 11
111 -33.27514696  148.76561630 
112 -33.27536192  148.76718758 -33.27539775  148.76759231 
111 -33.27554106  148.76754945 
112 -33.27608815  148.76744037 -33.27628854  148.76739744 
111 -33.27631735  148.76755888 
112 -33.27653498  148.76849479 -33.27655862  148.76860990 
111 -33.27664234  148.76859259 
111 -33.27719568  148.76846879 
111 -33.27719966  148.76851165 
112 -33.27661049  148.76865449 -33.27654680  148.76867354 
111 -33.27648709  148.76853545 
112 -33.27630665  148.76771953 -33.27627375  148.76750846 
111 -33.27616608  148.76751204 
112 -33.27559781  148.76764440 -33.27533462  148.76770522 
111 -33.27532169  148.76739834 
113 -33.27507209  148.76575373 
110   3 0.25  99.50 New Taxiway 10
111 -33.27771453  148.76415871 
111 -33.27853022  148.76469681 
111 -33.27897171  148.76810803 
111 -33.27862185  148.76810803 
111 -33.27858789  148.76737795 
111 -33.27849251  148.76738429 
111 -33.27846072  148.76688361 
111 -33.27781431  148.76701670 
111 -33.27777722  148.76723218 
111 -33.27761826  148.76724486 
111 -33.27727916  148.76737795 
112 -33.27703543  148.76744766 -33.27679170  148.76751738 
112 -33.27648438  148.76737795 -33.27639961  148.76733359 
112 -33.27635722  148.76733359 -33.27637841  148.76733359 
112 -33.27650028  148.76724486 -33.27653737  148.76719416 
112 -33.27678640  148.76693431 -33.27679170  148.76693431 
111 -33.27765705  148.76667219 
111 -33.27771836  148.76646268 
111 -33.27792855  148.76641030 
113 -33.27760013  148.76417903 
120 Linear Feature 6
111 -33.27761094  148.76392429   4 
115 -33.27765990  148.76422316 
14  -33.27803203  148.76350095    6 0 New Tower Viewpoint 2
15  -33.27799396  148.76364730  96.14 New Ramp Start 1
18  -33.27782246  148.77081792 1 BCN
19  -33.27661465  148.76567533 1 New Windsock 3
1     1114 0 0 YGNF GRENFELL
100   32.92   4   0 0.25 0 0 0 1   -33.99823020  148.13826728    0.00    0.00 0  0 0 0 19  -33.99420629  148.13909690    0.00    0.00 0  0 0 0
100   27.13   4   0 0.25 0 0 0 3   -33.99731486  148.13838541    0.00    0.00 0  0 0 0 21  -33.99294088  148.14266811    0.00    0.00 0  0 0 0
110   4 0.25   9.70 New Taxiway 11
111 -33.99821465  148.13822161 
112 -33.99830427  148.13884524 -33.99827670  148.13887850 
112 -33.99820776  148.13881198 -33.99819397  148.13878703 
112 -33.99803541  148.13857915 -33.99800094  148.13852926 
113 -33.99771829  148.13852926 
110   4 0.25   9.70 New Taxiway 12
111 -33.99426783  148.13923352 
112 -33.99391939  148.13930167 -33.99374046  148.13932439 
111 -33.99365570  148.13932439 
111 -33.99364158  148.13929599 
111 -33.99361804  148.13894956 
112 -33.99385347  148.13903475 -33.99399002  148.13903475 
113 -33.99419249  148.13895524 
14  -33.99349071  148.13922089    6 0 New Tower Viewpoint 11
15  -33.99379351  148.13909916 148.49 New Ramp Start 10
19  -33.99355127  148.13897742 0 New Windsock 12
1     1069 0 0 YPKS Parkes
100   45.11   1   0 0.25 0 1 0 04  -33.13723209  148.23058820    0.00    0.00 2  0 0 0 22  -33.12848955  148.24533319    0.00    0.00 2  0 0 0
100   24.08   1   0 0.25 0 0 0 12  -33.12485732  148.23040628    0.00    0.00 2  0 0 0 30  -33.13319926  148.24464659  178.92    0.00 2  0 0 0
110   1 1.00   0.00 New Taxiway 6
111 -33.13618002  148.23059958 
111 -33.13693561  148.23049710 
112 -33.13699997  148.23050849 -33.13702619  148.23052557 
111 -33.13734873  148.23081224   1 102 
111 -33.13752964  148.23096879   1 102 
112 -33.13763452  148.23123181 -33.13765812  148.23138210   1 102 
111 -33.13775248  148.23211734   1 
111 -33.13827478  148.23198929 
111 -33.13857604  148.23393619 
111 -33.13831638  148.23396572 
111 -33.13837043  148.23432010 
111 -33.13897886  148.23426988 
111 -33.13902563  148.23461973 
111 -33.13867960  148.23467666 
111 -33.13874473  148.23508617 
111 -33.13877564  148.23543316 
111 -33.13782975  148.23558820 102 
111 -33.13768137  148.23450292 
112 -33.13757009  148.23436264 -33.13753299  148.23434788 
111 -33.13611106  148.23384584 
112 -33.13555465  148.23384584 -33.13535063  148.23394182 
111 -33.13533827  148.23387537 
111 -33.13695804  148.23072289 
112 -33.13656855  148.23071550 -33.13631508  148.23073765 
113 -33.13614916  148.23074995 
111 -33.13685580  148.23117777 
111 -33.13552483  148.23371406 
112 -33.13569499  148.23369340 -33.13575268  148.23368651 
112 -33.13604109  148.23371062 -33.13607570  148.23371751 
112 -33.13746832  148.23422884 -33.13752225  148.23425536 
111 -33.13763012  148.23424020 102 
112 -33.13735794  148.23232086 -33.13733172  148.23213613   1 102 
112 -33.13751787  148.23163202 -33.13757031  148.23143789   1 102 
112 -33.13739464  148.23126568 -33.13733958  148.23120306   1 102 
113 -33.13708788  148.23124063 
110   1 1.00   0.00 New Taxiway 2
111 -33.12568703  148.23161390 
112 -33.12614307  148.23169457 -33.12636265  148.23168449 
111 -33.12672550  148.23166701 
111 -33.12672465  148.23181794 
111 -33.12632887  148.23186600 
112 -33.12620641  148.23205256 -33.12618108  148.23220886 
111 -33.12619374  148.23247609 
111 -33.12613040  148.23254668 
113 -33.12558569  148.23159373 
110   1 1.00   0.00 New Taxiway 1
112 -33.12868820  148.24178932 -33.12873071  148.24179016  20 
112 -33.12876473  148.24187351 -33.12876437  148.24192978  20 
112 -33.12868359  148.24198097 -33.12864143  148.24198012  20 
114 -33.12860494  148.24188324 -33.12860458  148.24182951  20 
110   1 1.00   0.00 New Taxiway 12
112 -33.13378111  148.24440284 -33.13376681  148.24440854 
112 -33.13343036  148.24449159 -33.13337462  148.24449714 
111 -33.13327244  148.24456370 
111 -33.13310987  148.24466908 
112 -33.13251532  148.24530695 -33.13247816  148.24535133 
111 -33.13245029  148.24528477 
112 -33.13278937  148.24479111 -33.13284511  148.24470236 
111 -33.13290549  148.24436401 
111 -33.13302626  148.24422535 
112 -33.13319972  148.24428565 -33.13326000  148.24431217 
112 -33.13346304  148.24428186 -33.13352649  148.24427807 
113 -33.13379932  148.24425534 
110   4 1.00   0.00 New Taxiway 11
112 -33.13828522  148.23644165 -33.13826273  148.23659602 
112 -33.13754420  148.24322291 -33.13749361  148.24374643 
111 -33.13716202  148.24373300 
111 -33.13376603  148.24440995 
111 -33.13377426  148.24426256 
112 -33.13708191  148.24360725 -33.13739285  148.24357057 
111 -33.13743508  148.24316257 
111 -33.13806475  148.23772002 
112 -33.13809812  148.23725320 -33.13810289  148.23711941 
113 -33.13818631  148.23639071 
110   3 1.00   0.00 New Taxiway 10
111 -33.13786224  148.23536215 
111 -33.13867509  148.23528449 
111 -33.13876334  148.23540652 
111 -33.13886553  148.23677661 
111 -33.13801552  148.23676552 
111 -33.13797836  148.23628848 
111 -33.13791798  148.23630512 
113 -33.13782508  148.23550082 
110   1 1.00   0.00 New Taxiway 16
112 -33.13571139  148.22986233 -33.13574959  148.22986177  20 
112 -33.13580335  148.22997158 -33.13580382  148.23002959  20 
112 -33.13571045  148.23007915 -33.13566754  148.23007858  20 
114 -33.13562180  148.22997271 -33.13561991  148.22991245  20 
110   1 1.00  54.70 New Taxiway 15
111 -33.12469403  148.23049990 
111 -33.12500113  148.23024155 
111 -33.12523494  148.23061658 
113 -33.12490341  148.23088743 
110   1 1.00  54.70 New Taxiway 14
111 -33.13223929  148.24259903 
111 -33.13245953  148.24293404 
111 -33.13212393  148.24320016 
111 -33.13191680  148.24284011 
113 -33.13198235  148.24278375 
110   4 1.00  54.70 New Taxiway 13
111 -33.13255656  148.24520900 
112 -33.13251716  148.24530545 -33.13250140  148.24532897 
112 -33.13228363  148.24566643 -33.13218639  148.24579149 
112 -33.13167022  148.24632744 -33.13155053  148.24648822 
112 -33.13095957  148.24689018 -33.13082492  148.24696164 
112 -33.12940360  148.24806034 -33.12910437  148.24824792 
112 -33.12856160  148.24853729 -33.12847319  148.24860225 
112 -33.12805836  148.24894330 -33.12793595  148.24903262 
112 -33.12749748  148.24937359 -33.12740227  148.24943855 
112 -33.12668141  148.24977960 -33.12645019  148.24986892 
112 -33.12620912  148.24962183 -33.12611358  148.24953459 
112 -33.12590001  148.24905141 -33.12586628  148.24887692 
112 -33.12604201  148.24797429 -33.12606449  148.24778638 
112 -33.12627806  148.24704818 -33.12643543  148.24665224 
112 -33.12675408  148.24626317 -33.12693393  148.24598131 
112 -33.12738018  148.24521190 -33.12749820  148.24498373 
112 -33.12771676  148.24448665 -33.12782557  148.24424304 
112 -33.12828121  148.24323613 -33.12841042  148.24295192 
112 -33.12876966  148.24237544 -33.12882075  148.24229225 
111 -33.12902513  148.24197611 
112 -33.12968860  148.24082206 -33.12979839  148.24055987 
111 -33.12967316  148.24034382 
111 -33.12821033  148.23775707 
112 -33.12810916  148.23745508 -33.12805858  148.23730073 
111 -33.12782253  148.23701886 
112 -33.12492189  148.23199993 -33.12482900  148.23184363 
112 -33.12474032  148.23128397 -33.12470232  148.23112263 
112 -33.12456297  148.23073944 -33.12451230  148.23047726 
112 -33.12476143  148.23015457 -33.12485433  148.23005878 
112 -33.12522592  148.23015962 -33.12547505  148.23017474 
112 -33.12597927  148.23060381 -33.12613101  148.23074474 
112 -33.12635021  148.23108699 -33.12643451  148.23119436 
112 -33.12685603  148.23155004 -33.12693472  148.23161715 
111 -33.12696282  148.23171781 
111 -33.12685603  148.23167754 
112 -33.12664246  148.23150977 -33.12655816  148.23140911 
112 -33.12608043  148.23081856 -33.12582752  148.23048301 
112 -33.12525136  148.23026376 -33.12509090  148.23020830 
112 -33.12499347  148.23026290 -33.12496555  148.23030457 
111 -33.12498300  148.23040874 
112 -33.12477711  148.23047958 -33.12470731  148.23048374 
111 -33.12465763  148.23050656 
112 -33.12467953  148.23084657 -33.12469049  148.23092503 
112 -33.12488763  148.23169658 -33.12493144  148.23187966 
112 -33.12531477  148.23258583 -33.12542429  148.23275584 
112 -33.12779790  148.23687873 -33.12787031  148.23697600 
112 -33.12820522  148.23748397 -33.12836815  148.23782982 
112 -33.12896555  148.23893222 -33.12916468  148.23929968 
112 -33.12971434  148.24027457 -33.12980120  148.24040880 
112 -33.12979609  148.24063453 -33.12979098  148.24078096 
112 -33.12955595  148.24126904 -33.12947931  148.24143376 
112 -33.12893220  148.24227606 -33.12881474  148.24244585 
112 -33.12845616  148.24309548 -33.12836961  148.24326527 
112 -33.12794921  148.24415113 -33.12783793  148.24437260 
112 -33.12753407  148.24506467 -33.12748298  148.24518059 
112 -33.12732970  148.24546123 -33.12730926  148.24552224 
112 -33.12647349  148.24687730 -33.12646601  148.24688623 
112 -33.12624908  148.24734178 -33.12612190  148.24764548 
112 -33.12597977  148.24903893 -33.12597977  148.24917292 
111 -33.12603962  148.24914612 
111 -33.12833422  148.24519288 
111 -33.12872934  148.24489671 
111 -33.12866878  148.24546151 
112 -33.12636559  148.24951464 -33.12630223  148.24964433 
112 -33.12661903  148.24967676 -33.12679101  148.24968757 
112 -33.12751513  148.24928766 -33.12765091  148.24923362 
112 -33.12827546  148.24863917 -33.12831167  148.24859594 
112 -33.13118349  148.24657904 -33.13168932  148.24618857 
113 -33.13246932  148.24526623 
110   4 1.00   0.00 New Taxiway 4
111 -33.12666038  148.23167321 
111 -33.13619974  148.23059710 
111 -33.13619657  148.23074485 
113 -33.12667396  148.23181991 
120 Linear Feature 9
111 -33.13617790  148.23375906   4 
115 -33.13611341  148.23384537 
120 Linear Feature 8
111 -33.13771318  148.23182245   4 
115 -33.13744654  148.23187065 
120 Linear Feature 3
111 -33.12633221  148.23168741   4 
115 -33.12634807  148.23185997 
120 Linear Feature 18
111 -33.13739516  148.23206964   1 
112 -33.13742971  148.23245013 -33.13745275  148.23258765   1 
115 -33.13785785  148.23558594 
120 Linear Feature 17
111 -33.13722631  148.23096239   1 
112 -33.13757563  148.23129246 -33.13761018  148.23149875   1 
111 -33.13770795  148.23240625   1 
112 -33.13782392  148.23264116 -33.13792509  148.23274855   1 
115 -33.13802173  148.23281567 
14  -33.13838104  148.23312535    6 0 New Tower Viewpoint 6
15  -33.13841410  148.23506266 276.34 New Ramp Start 1
19  -33.12868536  148.24188303 0 New Windsock 1
19  -33.13570951  148.22997327 1 New Windsock 2
51 12670 CTAF
1     1947 0 0 YWEB WERRIBEE (NSW)
100   17.98   4   0 0.25 0 0 0 2   -33.71717904  148.88885990    0.00    0.00 0  0 0 0 20  -33.71046447  148.89305910    0.00    0.00 0  0 0 0
100   17.07   4   0 0.25 0 0 0 12  -33.71321761  148.88496718    0.00    0.00 0  0 0 0 30  -33.71611264  148.88965546    0.00    0.00 0  0 0 0
110   4 0.25   0.00 New Taxiway 1
111 -33.71350657  148.89115752 
112 -33.71316161  148.89343009 -33.71314781  148.89355174 
112 -33.71322140  148.89369550 -33.71324900  148.89377291 
112 -33.71357096  148.89376738 -33.71370895  148.89371209 
112 -33.71462842  148.89371710 -33.71478323  148.89368771 
112 -33.71504398  148.89339384 -33.71504398  148.89334486 
112 -33.71480768  148.89203224 -33.71479138  148.89195388 
112 -33.71468546  148.89158164 -33.71466101  148.89143471 
112 -33.71457138  148.89065106 -33.71456323  148.89055310 
112 -33.71444915  148.88978904 -33.71444915  148.88969108 
111 -33.71438397  148.88948537 
111 -33.71441656  148.88942660 
112 -33.71455508  148.89001434 -33.71458768  148.89016127 
112 -33.71470175  148.89148369 -33.71471805  148.89158164 
112 -33.71479953  148.89174817 -33.71481583  148.89185592 
112 -33.71510917  148.89340364 -33.71513361  148.89341343 
111 -33.71514991  148.89322732 
112 -33.71495435  148.89214979 -33.71493805  148.89194408 
112 -33.71498694  148.89179715 -33.71502768  148.89178735 
111 -33.71550029  148.89180694 
112 -33.71522324  148.89324691 -33.71522324  148.89337425 
111 -33.71523954  148.89334486 
111 -33.71769218  148.89264937 
111 -33.71779811  148.89266896 
112 -33.71527156  148.89337843 -33.71520489  148.89340515 
112 -33.71517425  148.89351440 -33.71517425  148.89357917 
112 -33.71537627  148.89436443 -33.71543014  148.89459920 
112 -33.71543014  148.89502016 -33.71543688  148.89504445 
112 -33.71540321  148.89519826 -33.71538300  148.89528731 
112 -33.71553789  148.89554636 -33.71560523  148.89559494 
112 -33.71573318  148.89561113 -33.71580726  148.89563541 
112 -33.71576012  148.89566779 -33.71575338  148.89569208 
112 -33.71590153  148.89616162 -33.71592847  148.89622638 
111 -33.71614396  148.89669592 
112 -33.71602948  148.89659068 -33.71598908  148.89648544 
112 -33.71578705  148.89599161 -33.71573991  148.89583780 
112 -33.71540899  148.89556822 -33.71536346  148.89550132 
112 -33.71495870  148.89515463 -33.71487269  148.89508164 
112 -33.71456912  148.89517896 -33.71448817  148.89520937 
112 -33.71415425  148.89508773 -33.71403282  148.89502690 
112 -33.71335322  148.89486659 -33.71328099  148.89486202 
112 -33.71320117  148.89487116 -33.71317836  148.89488030 
111 -33.71294371  148.89505651 
112 -33.71286552  148.89522239 -33.71282872  148.89531639 
112 -33.71266314  148.89547120 -33.71260334  148.89548226 
112 -33.71238717  148.89546568 -33.71233197  148.89542697 
112 -33.71214799  148.89539380 -33.71205600  148.89539932 
111 -33.71183981  148.89553307 
112 -33.71178641  148.89559727 -33.71178012  148.89560860 
112 -33.71172986  148.89574078 -33.71172357  148.89578610 
112 -33.71171101  148.89591828 -33.71170473  148.89594094 
112 -33.71172357  148.89609200 -33.71172357  148.89611843 
111 -33.71170473  148.89613354 
112 -33.71162305  148.89586163 -33.71156022  148.89575966 
112 -33.71139686  148.89586163 -33.71137487  148.89586163 
112 -33.71124606  148.89601647 -33.71121779  148.89606178 
111 -33.71097589  148.89620907 
112 -33.71058320  148.89658672 -33.71052037  148.89665092 
112 -33.71043300  148.89676369 -33.71042559  148.89676369 
112 -33.71024781  148.89688835 -33.71023299  148.89689726 
112 -33.71023299  148.89685273 -33.71032188  148.89681712 
112 -33.71052930  148.89660340 -33.71063300  148.89647874 
111 -33.71111837  148.89603759 
111 -33.71115379  148.89593420 
112 -33.71108295  148.89551453 -33.71107789  148.89541722 
112 -33.71105627  148.89491848 -33.71103787  148.89480237 
112 -33.71087229  148.89461990 -33.71083549  148.89455908 
111 -33.71085050  148.89432077 
111 -33.71084705  148.89291665 
111 -33.71081940  148.89286264 
112 -33.71096799  148.89284187 -33.71090234  148.89289588 
111 -33.71088538  148.89302399 
111 -33.71088538  148.89404400 
111 -33.71091231  148.89433543 
112 -33.71180795  148.89418162 -33.71186856  148.89416543 
111 -33.71217833  148.89407638 
111 -33.71297296  148.89389828 
113 -33.71333660  148.89129970 
111 -33.71508269  148.89351353 
112 -33.71471231  148.89378068 -33.71466787  148.89382521 
111 -33.71292709  148.89422594 
111 -33.71157895  148.89441705 
111 -33.71092664  148.89446290 
112 -33.71096032  148.89464910 -33.71097378  148.89467338 
112 -33.71110173  148.89494862 -33.71110847  148.89504577 
112 -33.71115560  148.89570958 -33.71116907  148.89572577 
112 -33.71122295  148.89587959 -33.71125662  148.89587959 
112 -33.71135763  148.89569339 -33.71133069  148.89560434 
111 -33.71134416  148.89549911 
112 -33.71149231  148.89557196 -33.71149905  148.89557196 
112 -33.71160006  148.89556387 -33.71162026  148.89553958 
112 -33.71164720  148.89545863 -33.71161353  148.89544244 
112 -33.71155292  148.89532910 -33.71152598  148.89527244 
112 -33.71160679  148.89529672 -33.71163373  148.89532910 
112 -33.71168760  148.89528053 -33.71170107  148.89526434 
112 -33.71174147  148.89529672 -33.71173474  148.89542625 
112 -33.71183575  148.89549911 -33.71188963  148.89549101 
111 -33.71188963  148.89549101 
112 -33.71203778  148.89537768 -33.71209838  148.89537768 
112 -33.71242162  148.89533720 -33.71244856  148.89533720 
112 -33.71269559  148.89525882 -33.71275078  148.89520352 
111 -33.71293956  148.89500495 
111 -33.71328062  148.89478267 
111 -33.71443172  148.89421423 
111 -33.71501234  148.89393697 
112 -33.71512273  148.89380426 -33.71516412  148.89374344 
114 -33.71512733  148.89361073 -33.71511813  148.89358309 
112 -33.71486056  148.89431849 -33.71491575  148.89438484 
112 -33.71505373  148.89455626 -33.71508593  148.89463920 
112 -33.71530671  148.89488802 -33.71534350  148.89491014 
112 -33.71534350  148.89487143 -33.71534810  148.89484378 
112 -33.71532970  148.89440696 -33.71532511  148.89435720 
112 -33.71528831  148.89415814 -33.71528371  148.89409732 
112 -33.71520092  148.89390932 -33.71518712  148.89389826 
111 -33.71514112  148.89391485 
111 -33.71503994  148.89398120 
113 -33.71456159  148.89418579 
111 -33.71326913  148.89483272 
112 -33.71340711  148.89483825 -33.71349450  148.89484378 
112 -33.71412923  148.89504837 -33.71419363  148.89507602 
112 -33.71452019  148.89512578 -33.71456619  148.89513684 
112 -33.71479156  148.89508155 -33.71488355  148.89507602 
111 -33.71496634  148.89511472 
111 -33.71535730  148.89542437 
112 -33.71533430  148.89528060 -33.71533430  148.89525296 
112 -33.71535270  148.89508708 -33.71538490  148.89504284 
111 -33.71527911  148.89489908 
111 -33.71503994  148.89457837 
112 -33.71481916  148.89433508 -33.71476397  148.89423002 
113 -33.71450639  148.89423002 
112 -33.71239543  148.89543614 -33.71242664  148.89545021 
112 -33.71266267  148.89545021 -33.71272899  148.89543379 
112 -33.71281677  148.89525323 -33.71285383  148.89519929 
111 -33.71287138  148.89513364 
112 -33.71274069  148.89524854 -33.71270168  148.89528137 
112 -33.71256123  148.89536344 -33.71248906  148.89538689 
113 -33.71234666  148.89540800 
14  -33.71279697  148.89400558    6 0 New Tower Viewpoint 3
15  -33.71312756  148.89390255 278.75 New Ramp Start 1
19  -33.71287044  148.89297525 0 New Windsock 2