1      434 0 1 CSL3 LAC A LA TORTUE
100   12.19   1   0 0.25 0 0 0 03   46.61888900 -072.63333100    0.00    0.00 2  0 0 0 21   46.62666700 -072.63055300    0.00    0.00 2  0 0 0
100   12.19   1   0 0.25 0 0 0 16   46.62305600 -072.63388900    0.00    0.00 2  0 0 0 34   46.61861100 -072.62916700    0.00    0.00 2  0 0 0
110   1 0.30  13.78 Default taxiway for RWY 03
111  46.61887647 -072.63325661   3 
111  46.61881059 -072.63286557   3 
111  46.62658862 -072.63008790   3 
111  46.62665450 -072.63047900 
112  46.62654794 -072.63051705  46.62660068 -072.63049485   3 
111  46.62658500 -072.63040175   3 
112  46.62656409 -072.63027761  46.62654841 -072.63018451   3 
111  46.62649513 -072.63020353   3 
111  46.62273932 -072.63154480   3 
111  46.62279213 -072.63185829 
111  46.62273885 -072.63187731   3 
111  46.62268604 -072.63156382   3 
112  46.61893022 -072.63290509  46.61887694 -072.63292411   3 
111  46.61889262 -072.63301720   3 
112  46.61891353 -072.63314131  46.61892921 -072.63323440   3 
113  46.61898303 -072.63321856 
120 Default hold RWY 03 (near)
111  46.61884979 -072.63309828   4 
115  46.61890307 -072.63307925 
120 Default hold RWY 03 (centre)
111  46.62271217 -072.63171898   4 
115  46.62276545 -072.63169996 
120 Default hold RWY 03 (far)
111  46.62657454 -072.63033968   4 
115  46.62662782 -072.63032065 
19   46.61882165 -072.63360177 1 WS
19   46.62324164 -072.63378959 1 WS
19   46.61842536 -072.62926642 1 WS
19   46.62673435 -072.63028219 1 WS
51 12270 CTAF/UNICOM
1       40 0 1 CSJ4 LOUISEVILLE
100   22.86   1   0 0.25 0 0 0 09   46.24888900 -072.92222200    0.00    0.00 2  0 0 0 27   46.25111100 -072.91111100    0.00    0.00 2  0 0 0
110   1 0.30  73.87 Default taxiway for RWY 09
111  46.24879235 -072.92218157   3 
111  46.24829614 -072.92197400   3 
111  46.25051868 -072.91086344   3 
111  46.25101489 -072.91107102 
112  46.25095772 -072.91135680  46.25098415 -072.91121301   3 
111  46.25086558 -072.91116340   3 
112  46.25070748 -072.91109727  46.25058891 -072.91104767   3 
111  46.25056032 -072.91119056   3 
111  46.24952051 -072.91638861   3 
111  46.24991791 -072.91655485 
111  46.24988933 -072.91669774   3 
111  46.24949193 -072.91653150   3 
112  46.24845212 -072.92172955  46.24842353 -072.92187244   3 
111  46.24854210 -072.92192204   3 
112  46.24870020 -072.92198818  46.24881877 -072.92203778   3 
113  46.24884952 -072.92189579 
120 Default hold RWY 09 (near)
111  46.24859257 -072.92209800   4 
115  46.24862115 -072.92195511 
120 Default hold RWY 09 (centre)
111  46.24968955 -072.91661417   4 
115  46.24971813 -072.91647128 
120 Default hold RWY 09 (far)
111  46.25078653 -072.91113034   4 
115  46.25081511 -072.91098745 
19   46.24912694 -072.92263123 1 WS
19   46.25087301 -072.91070181 1 WS
51 12280 CTAF/UNICOM
1      199 0 1 CYRQ TROIS RIVIERES
100   45.72   1   0 0.25 0 2 0 05   46.34571700 -072.68563600    0.00   91.44 2  0 0 0 23   46.35976400 -072.67324700    0.00   91.44 2  0 0 1
21   46.35801673 -072.67410365  2 211.34   3.00 23  PAPI-4L
110   1 0.30  31.33 Default taxiway for RWY 05
111  46.34561121 -072.68538421   3 102 
111  46.34507525 -072.68410856   3 102 
111  46.35912292 -072.67172235   3 102 
111  46.35965888 -072.67299833 
112  46.35930741 -072.67330822  46.35948198 -072.67315049   3 102 
111  46.35935363 -072.67284493   3 102 
112  46.35918250 -072.67243751  46.35905415 -072.67213194   3 102 
111  46.35887841 -072.67228689   3 102 
111  46.35229391 -072.67809259   3 102 
111  46.35272291 -072.67911380 
111  46.35254718 -072.67926874   3 102 
111  46.35211818 -072.67824753   3 102 
112  46.34553368 -072.68405324  46.34535794 -072.68420819   3 102 
111  46.34548629 -072.68451368   3 102 
112  46.34565742 -072.68492100  46.34578577 -072.68522649   3 102 
113  46.34596268 -072.68507432 
120 Default hold RWY 05 (near)
111  46.34539612 -072.68487228   4 
115  46.34557185 -072.68471734 
120 Default hold RWY 05 (centre)
111  46.35233209 -072.67875674   4 
115  46.35250782 -072.67860180 
120 Default hold RWY 05 (far)
111  46.35926806 -072.67264122   4 
115  46.35944379 -072.67248627 
18   46.35348800 -072.68122669 1 BCN
19   46.34568641 -072.68670960 1 WS
19   46.35979447 -072.67217310 1 WS
51 12300 MF/UNICOM