1     1330 0 0 CDJ4 CLEARWATER
100   18.29   1   0 0.25 0 0 0 14   46.71562200 -066.83546100    0.00    0.00 2  0 0 0 32   46.71089200 -066.82116900    0.00    0.00 2  0 0 0
110   1 0.30 115.76 Default taxiway for RWY 14
111  46.71554992 -066.83551174   3 
111  46.71517733 -066.83577398   3 
111  46.71044822 -066.82148070   3 
111  46.71082081 -066.82121848 
112  46.71089234 -066.82143466  46.71085454 -066.82132800   3 
111  46.71076561 -066.82139059   3 
112  46.71064703 -066.82147404  46.71055809 -066.82153663   3 
111  46.71059386 -066.82164472   3 
111  46.71286900 -066.82852114   3 
111  46.71316748 -066.82831106 
111  46.71320325 -066.82841915   3 
111  46.71290477 -066.82862923   3 
112  46.71517991 -066.83550563  46.71521568 -066.83561373   3 
111  46.71530462 -066.83555113   3 
112  46.71542320 -066.83546767  46.71551213 -066.83540507   3 
113  46.71547839 -066.83529555 
120 Default hold RWY 14 (near)
111  46.71539967 -066.83561749   4 
115  46.71536391 -066.83550940 
120 Default hold RWY 14 (centre)
111  46.71305300 -066.82852490   4 
115  46.71301723 -066.82841681 
120 Default hold RWY 14 (far)
111  46.71070632 -066.82143232   4 
115  46.71067056 -066.82132423 
19   46.71591586 -066.83552070 1 WS
19   46.71059813 -066.82110938 1 WS
51 12320 CTAF
1      326 0 1 CDU6 DOAKTOWN
100   15.24   1   0 0.25 0 0 0 11   46.55285800 -066.10184700    0.00    0.00 2  0 0 0 29   46.55195600 -066.08600800    0.00    0.00 2  0 0 0
110   1 0.30  94.73 Default taxiway for RWY 11
111  46.55279190 -066.10185495   3 
111  46.55244795 -066.10189632   3 
111  46.55154704 -066.08605706   3 
111  46.55189099 -066.08601569 
112  46.55190230 -066.08621444  46.55189441 -066.08611534   3 
111  46.55181240 -066.08612520   3 
112  46.55170305 -066.08613835  46.55162104 -066.08614822   3 
111  46.55162669 -066.08624759   3 
111  46.55206301 -066.09391878   3 
111  46.55233862 -066.09388563 
111  46.55234427 -066.09398501   3 
111  46.55206866 -066.09401816   3 
112  46.55250499 -066.10168934  46.55251064 -066.10178872   3 
111  46.55259265 -066.10177885   3 
112  46.55270200 -066.10176570  46.55278401 -066.10175584   3 
113  46.55278060 -066.10165619 
120 Default hold RWY 11 (near)
111  46.55265298 -066.10187166   4 
115  46.55264733 -066.10177228 
120 Default hold RWY 11 (centre)
111  46.55220535 -066.09400172   4 
115  46.55219970 -066.09390234 
120 Default hold RWY 11 (far)
111  46.55175773 -066.08613178   4 
115  46.55175207 -066.08603240 
19   46.55307432 -066.10202110 1 WS
19   46.55173965 -066.08583397 1 WS
51 12320 CTAF