1     2973 0 0 KBHK Baker Muni
100   22.86   1   0 0.25 0 2 0 13   46.35260300 -104.26596900    0.00    0.00 2  0 0 0 31   46.34266900 -104.25292500    0.00    0.00 2  0 0 0
21   46.35147158 -104.26389469  2 137.81   3.00 13  PAPI-4L
21   46.34380066 -104.25499869  2 317.82   3.00 31  PAPI-4L
10   46.34741600 -104.25988000 xxx 137.81  4888 0.0 0.0    40 161161  1 0 0 0.25 0
10   46.35628500 -104.26956900 xxx   0.81  1800 0.0 0.0   100 161161  1 0 0 0.25 0
10   46.35331300 -104.26853200 xxx 122.81  1300 0.0 0.0    40 161161  1 0 0 0.25 0
10   46.35792500 -104.27005000 xxx   0.00   600 0.0 0.0   200 161161  1 0 0 0.25 0
10   46.35481300 -104.27005800 xxx   0.00   480 0.0 0.0   200 101101  1 0 0 0.25 0
10   46.35477400 -104.27053100 xxx   0.81   400 0.0 0.0   100 161161  1 0 0 0.25 0
10   46.35551800 -104.27007300 xxx  50.00   350 0.0 0.0   100 161161  1 0 0 0.25 0
10   46.35702500 -104.26992800 xxx 130.00   240 0.0 0.0   120 161161  1 0 0 0.25 0
10   46.35409900 -104.26994300 xxx 120.00   200 0.0 0.0   100 101101  1 0 0 0.25 0
10   46.35549900 -104.26979100 xxx   0.00   101 0.0 0.0   100 101101  1 0 0 0.25 0
10   46.35242800 -104.26608300 xxx 227.81   145 0.0 0.0    40 161161  1 0 0 0.25 0
10   46.34876300 -104.26126100 xxx 227.81   145 0.0 0.0    40 161161  1 0 0 0.25 0
10   46.34258300 -104.25325000 xxx 227.81   135 0.0 0.0    40 161161  1 0 0 0.25 0
10   46.35385100 -104.26948500 xxx   0.00   101 0.0 0.0    30 161161  1 0 0 0.25 0
14   46.35626200 -104.27075200    0 0 ATC Tower
18   46.35452200 -104.27901000 1 BCN
19   46.34269900 -104.25440600 1 WS
19   46.35885200 -104.27008500 1 WS
19   46.35070200 -104.26183500 1 WS
50 13547 ASOS
51 12290 CTAF
1     2778 0 1 MT20 Hollstein Ranch
100   15.24   3   0 0.25 0 0 0 08   46.85847028 -104.10403214    0.00    0.00 1  0 0 0 26   46.85822138 -104.09360898    0.00    0.00 1  0 0 0
100   15.24   3   0 0.25 0 0 0 13   46.86115578 -104.10203109    0.00    0.00 1  0 0 0 31   46.85553588 -104.09561003    0.00    0.00 1  0 0 0
19   46.85868066 -104.10422211 1 WS
19   46.86139051 -104.10191750 1 WS
19   46.85801098 -104.09341906 1 WS
19   46.85530115 -104.09572363 1 WS
1     3330 0 1 MT74 Sikorski Ranch
100    9.14   3   0 0.25 0 0 0 11   46.10993287 -104.42186000    0.00    0.00 1  0 0 0 29   46.10395713 -104.40858778    0.00    0.00 1  0 0 0
19   46.11008121 -104.42186259 1 WS
19   46.10380880 -104.40858522 1 WS