1      980 0 1 Y18  Andvik
100   18.29   3   0 0.25 0 0 0 17   46.65135829 -097.13101293    0.00    0.00 1  0 0 0 35   46.64413447 -097.13027709    0.00    0.00 1  0 0 0
19   46.65153969 -097.13067090 1 WS
19   46.64395307 -097.13061908 1 WS
1     1020 0 1 8ND5 Ausk Strip
100   19.81   3   0 0.25 0 0 0 18   46.76727327 -097.40484763    0.00    0.00 1  0 0 0 36   46.76045339 -097.40589405    0.00    0.00 1  0 0 0
19   46.76742278 -097.40443410 1 WS
19   46.76030388 -097.40630751 1 WS
1     1040 0 1 NA99 Bakko Airstrip
100   12.19   3   0 0.25 0 0 0 17   46.55394092 -097.03237917    0.00    0.00 1  0 0 0 35   46.54710018 -097.03168361    0.00    0.00 1  0 0 0
19   46.55406185 -097.03215155 1 WS
19   46.54697925 -097.03191119 1 WS
1     1048 0 1 27ND Braaten Airstrip
100   30.48   3   0 0.25 0 0 0 17   46.32464157 -097.04175179    0.00    0.00 1  0 0 0 35   46.31916897 -097.04119767    0.00    0.00 1  0 0 0
19   46.32494390 -097.04118514 1 WS
19   46.31886664 -097.04176426 1 WS
1      933 0 1 5N8  CASSELTON ROBERT MILLER RGNL
100   22.86   2   0 0.25 0 2 0 13   46.85833300 -097.21416700    0.00    0.00 2  0 0 0 31   46.85030800 -097.20306400    0.00    0.00 2  0 0 1
21   46.85723246 -097.21203832  2 136.58   3.00 13  PAPI-4L
21   46.85140874 -097.20519215  2 316.59   3.00 31  PAPI-4L
110   2 0.30 136.58 Default taxiway for RWY 13
111  46.85826385 -097.21427387  53 102 
111  46.85790880 -097.21482257  53 102 
111  46.84988434 -097.20371781  53 102 
111  46.85023939 -097.20316920 
112  46.85038881 -097.20337598  46.85031255 -097.20327497  53 102 
111  46.85022771 -097.20340607  53 102 
112  46.85011459 -097.20358086  46.85002975 -097.20371195  53 102 
111  46.85010446 -097.20381535  53 102 
111  46.85392991 -097.20910923  53 102 
111  46.85421426 -097.20866983 
111  46.85428898 -097.20877323  53 102 
111  46.85400463 -097.20921264  53 102 
112  46.85783007 -097.21450652  46.85790479 -097.21460991  53 102 
111  46.85798963 -097.21447880  53 102 
112  46.85810275 -097.21430398  46.85818759 -097.21417287  53 102 
113  46.85811442 -097.21406709 
120 Default hold RWY 13 (near)
111  46.85812090 -097.21449478  54 
115  46.85804619 -097.21439139 
120 Default hold RWY 13 (centre)
111  46.85414603 -097.20899413  54 
115  46.85407131 -097.20889073 
120 Default hold RWY 13 (far)
111  46.85017115 -097.20349346  54 
115  46.85009644 -097.20339007 
18   46.85481635 -097.20785361 1 BCN
19   46.85869359 -097.21404745 1 WS
19   46.84994742 -097.20318360 1 WS
51 12280 CTAF/UNICOM
55 12040 FARGO APP/DEP
1      943 0 1 1ND7 Dittmer
100   20.12   3   0 0.25 0 0 0 36   46.82641260 -097.26745380    0.00    0.00 1  0 0 0 18   46.83186850 -097.26661566    0.00    0.00 1  0 0 0
19   46.82626093 -097.26787617 1 WS
19   46.83202015 -097.26619325 1 WS
1     1062 0 1 ND91 Dotzenrod
100   36.58   3   0 0.25 0 0 0 11   46.28220074 -097.15481723    0.00    0.00 1  0 0 0 29   46.27938702 -097.14647001    0.00    0.00 1  0 0 0
19   46.28278880 -097.15493216 1 WS
19   46.27879895 -097.14635517 1 WS
1     1350 0 1 NA36 Falk Airstrip
100   56.39   3   0 0.25 0 0 0 08   46.49978840 -097.91930225    0.00    0.00 1  0 0 0 26   46.50015160 -097.90923443    0.00    0.00 1  0 0 0
19   46.50052057 -097.92009627 1 WS
19   46.49941936 -097.90844054 1 WS
1     1045 0 1 0NA1 Goerger
100   15.24   3   0 0.25 0 0 0 08   46.24532366 -097.04154221    0.00    0.00 1  0 0 0 26   46.24570634 -097.03362891    0.00    0.00 1  0 0 0
19   46.24551931 -097.04176081 1 WS
19   46.24551068 -097.03341034 1 WS
1     1208 0 1 Y20  Grieve
100   15.24   3   0 0.25 0 0 0 17   46.99103765 -097.52980997    0.00    0.00 1  0 0 0 35   46.98391567 -097.52926281    0.00    0.00 1  0 0 0
19   46.99118538 -097.52951931 1 WS
19   46.98376794 -097.52955343 1 WS
1     1266 0 1 KGWR GWINNER ROGER MELROE FLD
100   18.29   1   0 0.25 0 2 0 16   46.22441700 -097.64536100    0.00    0.00 2  0 0 0 34   46.21108300 -097.63980600    0.00    0.00 2  0 0 1
100   30.48   3   0 0.25 0 0 0 06   46.21886100 -097.65008300    0.00    0.00 1  0 0 0 24   46.22275000 -097.63952800    0.00    0.00 1  0 0 0
21   46.21273483 -097.64091550  2 343.92   3.00 34  PAPI-4L
110   1 0.30 163.92 Default taxiway for RWY 16
111  46.22439483 -097.64547216   3 102 
111  46.22428023 -097.64604673   3 102 
111  46.21094636 -097.64049022   3 102 
111  46.21106096 -097.63991579 
112  46.21121910 -097.63998169  46.21113940 -097.63995186   3 102 
111  46.21111205 -097.64008897   3 102 
112  46.21107558 -097.64027179  46.21104822 -097.64040891   3 102 
111  46.21112729 -097.64044186   3 102 
111  46.21759655 -097.64313772   3 102 
111  46.21768836 -097.64267750 
111  46.21776743 -097.64271045   3 102 
111  46.21767562 -097.64317068   3 102 
112  46.22414488 -097.64586654  46.22422395 -097.64589949   3 102 
111  46.22425131 -097.64576235   3 102 
112  46.22428778 -097.64557949  46.22431513 -097.64544234   3 102 
113  46.22423669 -097.64540626 
120 Default hold RWY 16 (near)
111  46.22434861 -097.64570387   4 
115  46.22426954 -097.64567092 
120 Default hold RWY 16 (centre)
111  46.21772121 -097.64294213   4 
115  46.21764214 -097.64290917 
120 Default hold RWY 16 (far)
111  46.21109381 -097.64018038   4 
115  46.21101474 -097.64014743 
18   46.21791104 -097.64178348 1 BCN
19   46.21909520 -097.65071245 1 WS
19   46.22464353 -097.64508403 1 WS
19   46.21085649 -097.64008292 1 WS
19   46.22251574 -097.63889855 1 WS
50 11832 AWOS 3
51 12270 CTAF
1     1037 0 1 NA55 Hager Strip
100   30.48   3   0 0.25 0 0 0 09   46.26644357 -097.02132600    0.00    0.00 1  0 0 0 27   46.26569809 -097.01106624    0.00    0.00 1  0 0 0
19   46.26688142 -097.02165843 1 WS
19   46.26526021 -097.01073389 1 WS
1     1064 0 1 04ND Hahn Field
100   15.24   3   0 0.25 0 0 0 17   46.73025419 -097.44030591    0.00    0.00 1  0 0 0 35   46.72469357 -097.43988077    0.00    0.00 1  0 0 0
19   46.73040192 -097.44001665 1 WS
19   46.72454584 -097.44016999 1 WS
1      945 0 1 1ND3 Hamry Field
100   15.24   1   0 0.25 0 1 0 15   46.65196038 -097.00783711    0.00    0.00 2  0 0 0 33   46.64519462 -097.00344901    0.00    0.00 2  0 0 0
110   1 0.30 156.00 Default taxiway for RWY 15
111  46.65193340 -097.00792538   3 102 
111  46.65179302 -097.00838469   3 102 
111  46.64502734 -097.00399597   3 102 
111  46.64516772 -097.00353672 
112  46.64529301 -097.00361799  46.64522946 -097.00358035   3 102 
111  46.64519598 -097.00368985   3 102 
112  46.64515135 -097.00383585  46.64511788 -097.00394536   3 102 
111  46.64518052 -097.00398599   3 102 
111  46.64840675 -097.00607875   3 102 
111  46.64851924 -097.00571073 
111  46.64858188 -097.00575136   3 102 
111  46.64846939 -097.00611938   3 102 
112  46.65169562 -097.00821215  46.65175826 -097.00825278   3 102 
111  46.65179173 -097.00814327   3 102 
112  46.65183636 -097.00799725  46.65186984 -097.00788773   3 102 
113  46.65180811 -097.00784411 
120 Default hold RWY 15 (near)
111  46.65187670 -097.00811090   4 
115  46.65181405 -097.00807026 
120 Default hold RWY 15 (centre)
111  46.64852518 -097.00593687   4 
115  46.64846254 -097.00589624 
120 Default hold RWY 15 (far)
111  46.64517367 -097.00376285   4 
115  46.64511102 -097.00372221 
18   46.64877274 -097.00500411 1 BCN
19   46.65216935 -097.00764459 1 WS
19   46.64498566 -097.00364152 1 WS
1     1251 0 1 7NA3 Hiam - Private
100   22.86   3   0 0.25 0 0 0 08   46.34983635 -097.69783576    0.00    0.00 1  0 0 0 26   46.35009475 -097.69069258    0.00    0.00 1  0 0 0
19   46.35013236 -097.69815670 1 WS
19   46.34979872 -097.69037168 1 WS
1     1080 0 1 NA20 Hudsons Strip
100   27.43   3   0 0.25 0 0 0 17   46.25294172 -097.25781027    0.00    0.00 1  0 0 0 35   46.24309104 -097.25681419    0.00    0.00 1  0 0 0
19   46.25321382 -097.25730096 1 WS
19   46.24281894 -097.25732341 1 WS
1     1025 0 1 8ND6 J Vining
100   18.29   3   0 0.25 0 0 0 17   46.71630802 -097.39128890    0.00    0.00 1  0 0 0 35   46.70919364 -097.39056334    0.00    0.00 1  0 0 0
19   46.71648942 -097.39094646 1 WS
19   46.70901224 -097.39090574 1 WS
1      913 0 1 0NA3 Kasowski
100   15.24   3   0 0.25 0 0 0 17   46.90605719 -097.09869740    0.00    0.00 1  0 0 0 35   46.89894281 -097.09796928    0.00    0.00 1  0 0 0
19   46.90620835 -097.09841101 1 WS
19   46.89879165 -097.09825563 1 WS
1      910 0 1 2ND0 Kraft
100   36.58   3   0 0.25 0 0 0 17   46.81875667 -097.05025399    0.00    0.00 1  0 0 0 35   46.81007165 -097.04936657    0.00    0.00 1  0 0 0
19   46.81911947 -097.04956779 1 WS
19   46.80970885 -097.05005265 1 WS
1     1060 0 1 NA05 Kraig Farms
100   21.34   3   0 0.25 0 0 0 17   46.61561708 -097.43590929    0.00    0.00 1  0 0 0 35   46.60876902 -097.43538683    0.00    0.00 1  0 0 0
19   46.61582390 -097.43550519 1 WS
19   46.60856220 -097.43579087 1 WS
1     1060 0 1 ND49 Krause - Private
100   18.29   3   0 0.25 0 0 0 08   46.22340530 -097.13493826    0.00    0.00 1  0 0 0 26   46.22373692 -097.12579230    0.00    0.00 1  0 0 0
19   46.22364321 -097.13519452 1 WS
19   46.22349899 -097.12553609 1 WS
1     1480 0 1 0NA4 Kreidelcamp
100   15.24   3   0 0.25 0 0 0 08   46.80533594 -097.91060403    0.00    0.00 1  0 0 0 26   46.80573072 -097.89959875    0.00    0.00 1  0 0 0
19   46.80553419 -097.91081987 1 WS
19   46.80553245 -097.89938294 1 WS
1     1055 0 1 NA82 L. Thompson Airstrip
100   21.34   3   0 0.25 0 0 0 08   46.47342220 -097.11048829    0.00    0.00 1  0 0 0 26   46.47372834 -097.10413117    0.00    0.00 1  0 0 0
19   46.47369611 -097.11079560 1 WS
19   46.47345442 -097.10382388 1 WS
1     1160 0 1 9ND6 Larson Airstrip
100   15.24   3   0 0.25 0 0 0 17   46.95994141 -097.48805791    0.00    0.00 1  0 0 0 35   46.95501081 -097.48767933    0.00    0.00 1  0 0 0
19   46.96008914 -097.48776742 1 WS
19   46.95486308 -097.48796979 1 WS
1     1050 0 1 90Y  Leonard Municipal
100   12.19   1   0 0.25 0 0 0 17   46.65723471 -097.25068445    0.00    0.00 2  0 0 0 35   46.65103973 -097.25005333    0.00    0.00 2  0 0 0
19   46.65735564 -097.25045640 1 WS
19   46.65091880 -097.25028135 1 WS
1     1081 0 1 4N4  Lidgerwood Municipal
100   30.48   3   0 0.25 0 0 0 17   46.09268413 -097.16683644    0.00    0.00 1  0 0 0 35   46.08556975 -097.16611912    0.00    0.00 1  0 0 0
19   46.09298646 -097.16627218 1 WS
19   46.08526742 -097.16668330 1 WS
1     1199 0 1 ND35 Lindemann
100   30.48   3   0 0.25 0 0 0 32   46.69802965 -097.69816359    0.00    0.00 1  0 0 0 14   46.70192035 -097.70259587    0.00    0.00 1  0 0 0
19   46.69756020 -097.69839012 1 WS
19   46.70238982 -097.70236937 1 WS
1     1240 0 1 6L3  LISBON MUNI
100   15.24   1   0 0.25 0 1 0 14   46.45010300 -097.73069700    0.00    0.00 2  0 0 0 32   46.44316100 -097.72395000    0.00    0.00 2  0 0 0
100   30.48   4   0 0.25 0 0 0 03   46.44196900 -097.73096700    0.00    0.00 1  0 0 0 21   46.44600300 -097.72671400    0.00    0.00 1  0 0 0
110   1 0.30 146.19 Default taxiway for RWY 14
111  46.45006609 -097.73077698   3 102 
111  46.44987404 -097.73119318   3 102 
111  46.44293224 -097.72444525   3 102 
111  46.44312429 -097.72402911 
112  46.44323824 -097.72413988  46.44318001 -097.72408721   3 102 
111  46.44313422 -097.72418643   3 102 
112  46.44307316 -097.72431873  46.44302737 -097.72441795   3 102 
111  46.44308435 -097.72447334   3 102 
111  46.44641281 -097.72770883   3 102 
111  46.44656670 -097.72737536 
111  46.44662368 -097.72743074   3 102 
111  46.44646979 -097.72776422   3 102 
112  46.44979825 -097.73099971  46.44985522 -097.73105510   3 102 
111  46.44990101 -097.73095587   3 102 
112  46.44996207 -097.73082355  46.45000786 -097.73072432   3 102 
113  46.44995214 -097.73066621 
120 Default hold RWY 14 (near)
111  46.44998852 -097.73094509   4 
115  46.44993154 -097.73088971 
120 Default hold RWY 14 (centre)
111  46.44654611 -097.72759883   4 
115  46.44648913 -097.72754345 
120 Default hold RWY 14 (far)
111  46.44310369 -097.72425258   4 
115  46.44304672 -097.72419720 
18   46.44690139 -097.72674634 1 BCN
19   46.44198890 -097.73168403 1 WS
19   46.45033143 -097.73055968 1 WS
19   46.44293258 -097.72408733 1 WS
19   46.44598307 -097.72599692 1 WS
51 12290 CTAF
1     1091 0 1 ND42 Milnor Municipal
100   27.43   3   0 0.25 0 1 0 08   46.25813553 -097.44224641    0.00    0.00 1  0 0 0 26   46.25845279 -097.43349083    0.00    0.00 1  0 0 0
18   46.25915701 -097.43793403 1 BCN
19   46.25849239 -097.44263103 1 WS
19   46.25809590 -097.43310627 1 WS
1     1240 0 1 63ND Moellenkamp
100    9.75   3   0 0.25 0 0 0 36   46.36184071 -097.72875999    0.00    0.00 1  0 0 0 18   46.36864705 -097.72754891    0.00    0.00 1  0 0 0
19   46.36176963 -097.72896486 1 WS
19   46.36871812 -097.72734402 1 WS
1     1020 0 1 57ND Odegaard
100   18.29   3   0 0.25 0 0 0 12   46.61055692 -097.06405485    0.00    0.00 1  0 0 0 30   46.60604252 -097.05501017    0.00    0.00 1  0 0 0
19   46.61085338 -097.06403747 1 WS
19   46.60574607 -097.05502760 1 WS
1      928 0 1 34ND Plath Farms
100   18.29   3   0 0.25 0 0 0 18   46.70853156 -097.15606078    0.00    0.00 1  0 0 0 36   46.70307566 -097.15689700    0.00    0.00 1  0 0 0
19   46.70866943 -097.15567764 1 WS
19   46.70293778 -097.15728009 1 WS
1     1065 0 1 4ND8 Sanden
100   45.72   3   0 0.25 0 0 0 13   46.35738428 -097.12158711    0.00    0.00 1  0 0 0 31   46.35087294 -097.11247679    0.00    0.00 1  0 0 0
19   46.35810898 -097.12135803 1 WS
19   46.35014825 -097.11270595 1 WS
1      920 0 1 ND92 Schroeder
100   30.48   3   0 0.25 0 0 0 18   46.71184939 -097.11649060    0.00    0.00 1  0 0 0 36   46.70475671 -097.11757774    0.00    0.00 1  0 0 0
100   27.43   3   0 0.25 0 0 0 09   46.70856110 -097.12061462    0.00    0.00 1  0 0 0 27   46.70804500 -097.11345372    0.00    0.00 1  0 0 0
19   46.70895517 -097.12091625 1 WS
19   46.71207918 -097.11585200 1 WS
19   46.70452691 -097.11821625 1 WS
19   46.70765091 -097.11315215 1 WS
1     1147 0 1 ND13 Sky Haven
100   12.19   1   0 0.25 0 1 0 12   46.62955532 -097.62493740    0.00    0.00 2  0 0 0 30   46.62483412 -097.61581428    0.00    0.00 2  0 0 0
100    7.01   1   0 0.25 0 0 0 03   46.62483321 -097.62296710    0.00    0.00 2  0 0 0 21   46.62955623 -097.61778458    0.00    0.00 2  0 0 0
110   1 0.30 127.00 Default taxiway for RWY 12
111  46.62951330 -097.62498350   3 102 
111  46.62929243 -097.62522584   3 102 
111  46.62457159 -097.61610190   3 102 
111  46.62479246 -097.61585958 
112  46.62485849 -097.61598719  46.62482369 -097.61592536   3 102 
111  46.62477111 -097.61598304   3 102 
112  46.62470100 -097.61605995  46.62464843 -097.61611764   3 102 
111  46.62468144 -097.61618144   3 102 
111  46.62695932 -097.62058390   3 102 
111  46.62713637 -097.62038964 
111  46.62716939 -097.62045344   3 102 
111  46.62699234 -097.62064770   3 102 
112  46.62927022 -097.62505016  46.62930324 -097.62511397   3 102 
111  46.62935581 -097.62505628   3 102 
112  46.62942592 -097.62497936  46.62947850 -097.62492167   3 102 
113  46.62944727 -097.62485589 
120 Default hold RWY 12 (near)
111  46.62942388 -097.62508162   4 
115  46.62939087 -097.62501782 
120 Default hold RWY 12 (centre)
111  46.62707997 -097.62055155   4 
115  46.62704695 -097.62048775 
120 Default hold RWY 12 (far)
111  46.62473606 -097.61602150   4 
115  46.62470304 -097.61595769 
18   46.62750141 -097.62003911 1 BCN
19   46.62483894 -097.62313083 1 WS
19   46.62975279 -097.62492079 1 WS
19   46.62463665 -097.61583093 1 WS
19   46.62955048 -097.61762083 1 WS
1     1114 0 1 5ND4 Tesch Strip
100   24.38   3   0 0.25 0 0 0 17   46.14562416 -097.24335351    0.00    0.00 1  0 0 0 35   46.14151972 -097.24293927    0.00    0.00 1  0 0 0
19   46.14586602 -097.24290166 1 WS
19   46.14127786 -097.24339108 1 WS
1     1075 0 1 NA21 Thompson - Private
100   18.29   1   0 0.25 0 0 0 18   46.23184022 -097.23566204    0.00    0.00 2  0 0 0 36   46.22474754 -097.23673964    0.00    0.00 2  0 0 0
110   1 0.30 186.00 Default taxiway for RWY 18
111  46.23184859 -097.23577711   3 
111  46.23189183 -097.23637189   3 
111  46.22479916 -097.23744954   3 
111  46.22475592 -097.23685484 
112  46.22491959 -097.23682997  46.22483798 -097.23684563   3 
111  46.22484830 -097.23698758   3 
112  46.22486207 -097.23717685  46.22487239 -097.23731880   3 
111  46.22495423 -097.23730638   3 
111  46.22829597 -097.23679863   3 
111  46.22826133 -097.23632220 
111  46.22834317 -097.23630976   3 
111  46.22837781 -097.23678619   3 
112  46.23171955 -097.23627845  46.23180139 -097.23626602   3 
111  46.23179107 -097.23612405   3 
112  46.23177730 -097.23593476  46.23176698 -097.23579279   3 
113  46.23168491 -097.23580198 
120 Default hold RWY 18 (near)
111  46.23186603 -097.23601696   4 
115  46.23178419 -097.23602940 
120 Default hold RWY 18 (centre)
111  46.22836061 -097.23654959   4 
115  46.22827877 -097.23656203 
120 Default hold RWY 18 (far)
111  46.22485519 -097.23708222   4 
115  46.22477336 -097.23709466 
19   46.23197809 -097.23528225 1 WS
19   46.22460966 -097.23711938 1 WS
1      980 0 1 ND68 Vining
100   22.86   3   0 0.25 0 0 0 17   46.96018613 -097.30164852    0.00    0.00 1  0 0 0 35   46.95142997 -097.30075148    0.00    0.00 1  0 0 0
19   46.96041278 -097.30122052 1 WS
19   46.95120332 -097.30117941 1 WS