1      680 0 1 9WI9 Carlson
100   22.86   3   0 0.25 0 0 0 09   46.62089327 -092.08684688    0.00    0.00 1  0 0 0 27   46.62065395 -092.07686868    0.00    0.00 1  0 0 0
19   46.62120747 -092.08713065 1 WS
19   46.62033973 -092.07658498 1 WS
1     1279 0 1 KCOQ CLOQUET CARLTON CO
100   22.86   1   0 0.25 0 2 0 17   46.70565600 -092.50564200    0.00    0.00 2  0 0 1 35   46.69468300 -092.50541700    0.00    0.00 2 11 0 0
100   22.86   1   0 0.25 0 2 0 07   46.70113100 -092.50702500    0.00    0.00 2  0 0 0 25   46.70363100 -092.49521700    0.00    0.00 2  0 0 0
21   46.70386018 -092.50520580  1 179.19   3.00 17  VASI
21   46.69647882 -092.50585313  1 359.19   3.00 35  VASI
110   1 0.30  72.84 Default taxiway for RWY 07
111  46.70103487 -092.50698171   3 102 
111  46.70054131 -092.50675947   3 102 
111  46.70304192 -092.49495201   3 102 
111  46.70353548 -092.49517426 
112  46.70347478 -092.49546088  46.70350298 -092.49531660   3 102 
111  46.70338504 -092.49526349   3 102 
112  46.70322779 -092.49519268  46.70310985 -092.49513957   3 102 
111  46.70307950 -092.49528288   3 102 
111  46.70190507 -092.50082834   3 102 
111  46.70230035 -092.50100633 
111  46.70227000 -092.50114964   3 102 
111  46.70187472 -092.50097165   3 102 
112  46.70070029 -092.50651710  46.70066994 -092.50666041   3 102 
111  46.70078788 -092.50671352   3 102 
112  46.70094513 -092.50678433  46.70106307 -092.50683743   3 102 
113  46.70109557 -092.50669509 
110   1 0.30 179.19 Default taxiway for RWY 17
111  46.70565459 -092.50578870   3 102 
111  46.70564732 -092.50654191   3 102 
111  46.69467432 -092.50631668   3 102 
111  46.69468159 -092.50556362 
112  46.69488729 -092.50556785  46.69478440 -092.50556901   3 102 
111  46.69478267 -092.50574896   3 102 
112  46.69478035 -092.50598889  46.69477862 -092.50616883   3 102 
111  46.69488147 -092.50617094   3 102 
111  46.70011084 -092.50627827   3 102 
111  46.70011666 -092.50567511 
111  46.70021952 -092.50567722   3 102 
111  46.70021370 -092.50628038   3 102 
112  46.70544307 -092.50638770  46.70554592 -092.50638981   3 102 
111  46.70554765 -092.50620983   3 102 
112  46.70554997 -092.50596986  46.70555170 -092.50578987   3 102 
113  46.70544889 -092.50578448 
120 Default hold RWY 07 (near)
111  46.70083615 -092.50689223   4 
115  46.70086650 -092.50674892 
120 Default hold RWY 17 (near)
111  46.70565166 -092.50609195   4 
115  46.70554881 -092.50608984 
120 Default hold RWY 07 (centre)
111  46.70207128 -092.50106016   4 
115  46.70210163 -092.50091685 
120 Default hold RWY 17 (centre)
111  46.70021659 -092.50598044   4 
115  46.70011373 -092.50597833 
120 Default hold RWY 07 (far)
111  46.70330641 -092.49522809   4 
115  46.70333676 -092.49508478 
120 Default hold RWY 17 (far)
111  46.69478151 -092.50586892   4 
115  46.69467866 -092.50586681 
18   46.70018069 -092.50448171 1 BCN
19   46.70136384 -092.50744380 1 WS
19   46.70586602 -092.50519826 1 WS
19   46.70339812 -092.49479823 1 WS
19   46.69447298 -092.50586064 1 WS
50 11852 AWOS 3
51 12280 CTAF/UNICOM
52 12215 DULUTH CLNC DEL
55 12545 DULUTH APP/DEP
1     1309 0 1 MY94 Country Haven
100   15.24   3   0 0.25 0 0 0 09   46.75255744 -092.42156729    0.00    0.00 1  0 0 0 27   46.75244256 -092.41676605    0.00    0.00 1  0 0 0
19   46.75276782 -092.42175687 1 WS
19   46.75223217 -092.41657649 1 WS
1     1428 1 0 KDLH DULUTH INTL
100   45.72   2   0 0.25 1 3 0 09   46.84245300 -092.22028900    0.00  304.80 3  2 0 0 27   46.84135000 -092.17975800    0.00  304.80 3  8 0 0
100   45.72   1   0 0.25 0 3 0 03   46.83576700 -092.18825000    0.00    0.00 2  0 0 1 21   46.84908100 -092.17633300    0.00    0.00 2  0 0 1
21   46.83751285 -092.18737973  2  31.47   3.00 03  PAPI-4L
21   46.84273179 -092.21565698  2  92.26   3.00 09  PAPI-4L
21   46.84734934 -092.17723757  1 211.48   3.00 21  VASI
21   46.84111996 -092.18611016  2 272.29   3.00 27  PAPI-4L
10   46.84500900 -092.18260200 xxx  37.00  4100 0.0 0.0   100 101101  1 0 0 0.25 0
10   46.84085100 -092.17990100 xxx   2.00   300 0.0 0.0   100 101101  1 0 0 0.25 0
10   46.84130100 -092.17830700 xxx  92.25   700 0.0 0.0   150 161161  2 0 0 0.25 0
10   46.84112200 -092.19149000 xxx 360.00   350 0.0 0.0   100 161161  2 0 0 0.25 0
10   46.83612100 -092.18888900 xxx 120.00   400 0.0 0.0   100 161161  2 0 0 0.25 0
10   46.84109900 -092.20146900 xxx 120.00   400 0.0 0.0   100 161161  2 0 0 0.25 0
10   46.84931200 -092.17700200 xxx 120.00   400 0.0 0.0   100 161161  2 0 0 0.25 0
10   46.84502000 -092.18123600 xxx 121.00   500 0.0 0.0   100 161161  2 0 0 0.25 0
10   46.84096900 -092.18499800 xxx 135.00   520 0.0 0.0   100 161161  2 0 0 0.25 0
10   46.84059100 -092.20076800 xxx 360.00   300 0.0 0.0   100 161161  2 0 0 0.25 0
10   46.84219000 -092.20197300 xxx   4.00   700 0.0 0.0   100 161161  2 0 0 0.25 0
10   46.84006100 -092.20146200 xxx  90.00   800 0.0 0.0   400 161161  2 0 0 0.25 0
10   46.84318900 -092.20007300 xxx  90.00  1000 0.0 0.0   100 161161  2 0 0 0.25 0
10   46.83982100 -092.18060300 xxx  92.25  1000 0.0 0.0   400 161161  2 0 0 0.25 0
10   46.83992000 -092.18940000 xxx  92.25  1000 0.0 0.0   500 161161  2 0 0 0.25 0
10   46.83762000 -092.18708800 xxx 100.00  1100 0.0 0.0   100 161161  2 0 0 0.25 0
10   46.83781800 -092.18908700 xxx  10.00  1200 0.0 0.0   100 161161  2 0 0 0.25 0
10   46.83882100 -092.18389100 xxx  31.00  1300 0.0 0.0   100 161161  2 0 0 0.25 0
10   46.83812000 -092.18818700 xxx  10.00  1500 0.0 0.0   100 161161  2 0 0 0.25 0
10   46.84141200 -092.21315000 xxx   2.00   600 0.0 0.0   100 161161  2 0 0 0.25 0
10   46.84199900 -092.22017700 xxx   5.00   300 0.0 0.0   100 161161  2 0 0 0.25 0
10   46.84388000 -092.19436600 xxx  75.00  2000 0.0 0.0   100 161161  2 0 0 0.25 0
10   46.84108000 -092.21675100 xxx 100.00  1900 0.0 0.0   100 161161  2 0 0 0.25 0
10   46.84048100 -092.20806100 xxx  92.25  2600 0.0 0.0   100 161161  2 0 0 0.25 0
10   46.84457000 -092.17681100 xxx   2.00  3200 0.0 0.0   100 161161  2 0 0 0.25 0
10   46.84061100 -092.18890400 xxx  92.25  6000 0.0 0.0   100 161161  2 0 0 0.25 0
10   46.84341800 -092.17729900 xxx  43.00  2000 0.0 0.0   100 161161  2 0 0 0.25 0
18   46.84334408 -092.19994227 4 BCN
19   46.83573829 -092.18933346 1 WS
19   46.84308594 -092.22085442 1 WS
19   46.84071686 -092.17919307 1 WS
19   46.84910960 -092.17524926 1 WS
50 12410 ATIS
51 12295 UNICOM
53 12190 GND
54 11830 TWR
55 12545 APP/DEP
1     1250 0 1 MN92 Lennartson
100   22.86   3   0 0.25 0 0 0 36   46.74720091 -092.30033083    0.00    0.00 1  0 0 0 18   46.75268353 -092.30005141    0.00    0.00 1  0 0 0
19   46.74700603 -092.30078938 1 WS
19   46.75287841 -092.29959281 1 WS
1     1076 0 1 KMZH MOOSE LAKE CARLTON CO
100   22.86   1   0 0.25 0 2 0 04   46.41525600 -092.80889200    0.00    0.00 2  0 0 0 22   46.42194200 -092.80066700    0.00    0.00 2  0 0 0
110   1 0.30  40.30 Default taxiway for RWY 04
111  46.41519093 -092.80878069   3 102 
111  46.41485684 -092.80820924   3 102 
111  46.42154313 -092.79998516   3 102 
111  46.42187722 -092.80055669 
112  46.42172032 -092.80074968  46.42179731 -092.80065069   3 102 
111  46.42171748 -092.80051412   3 102 
112  46.42161104 -092.80033203  46.42153121 -092.80019546   3 102 
111  46.42145276 -092.80029196   3 102 
111  46.41830574 -092.80416275   3 102 
111  46.41857330 -092.80462045 
111  46.41849485 -092.80471694   3 102 
111  46.41822729 -092.80425925   3 102 
112  46.41508028 -092.80813004  46.41500182 -092.80822654   3 102 
111  46.41508165 -092.80836309   3 102 
112  46.41518809 -092.80854516  46.41526792 -092.80868172   3 102 
113  46.41534784 -092.80858770 
120 Default hold RWY 04 (near)
111  46.41505642 -092.80855062   4 
115  46.41513487 -092.80845413 
120 Default hold RWY 04 (centre)
111  46.41836034 -092.80448685   4 
115  46.41843879 -092.80439036 
120 Default hold RWY 04 (far)
111  46.42166426 -092.80042308   4 
115  46.42174271 -092.80032659 
18   46.41906393 -092.80557512 1 BCN
19   46.41529778 -092.80942485 1 WS
19   46.42190017 -092.80013408 1 WS
51 12290 CTAF
55 12545 DULUTH APP/DEP
1      674 0 0 KSUW Richard I Bong
100   22.86   1   0 0.00 0 2 0 03   46.68915521 -092.10031349    0.00    0.00 2  0 0 1 21   46.70035639 -092.08809509    0.00    0.00 2  0 0 1
100   22.86   1   0 0.00 0 2 0 13   46.68744805 -092.10027907    0.00    0.00 2  0 0 1 31   46.67901456 -092.09004850    0.00    0.00 2  0 0 1
21   46.69078409 -092.09907972  2  36.80   3.00 03  PAPI-4L
21   46.68020880 -092.09210955  2 320.23   4.00 31  PAPI-4L
110   1 0.00   0.00 New Taxiway 12
111  46.68317856 -092.09526479 
111  46.68314948 -092.09526008   1 102 
112  46.68288454 -092.09529305  46.68279407 -092.09542492   1 102 
111  46.68226742 -092.09630560   1 102 
111  46.68222109 -092.09638838   1 102 
112  46.68239311 -092.09653084  46.68255340 -092.09652515   1 102 
111  46.68296780 -092.09655364 106 
111  46.68299126 -092.09797826 106 
111  46.68149784 -092.09790415 106 
111  46.68150175 -092.09734001 106 
111  46.68025462 -092.09731721 106 
111  46.68027026 -092.09682145 106 
111  46.68037190 -092.09683855 106 
111  46.68037581 -092.09638268 106 
111  46.68040318 -092.09600660 106 
111  46.68075503 -092.09600660 106 
111  46.68088796 -092.09601229 106 
111  46.68093878 -092.09568749   1 102 
111  46.68155648 -092.09572168   1 102 
111  46.68161512 -092.09592112   1 102 
111  46.68192397 -092.09594391   1 102 
111  46.68191615 -092.09647956   1 102 
112  46.68211806 -092.09635435  46.68225699 -092.09609062   1 102 
111  46.68278687 -092.09511105   1 102 
112  46.68277304 -092.09480101  46.68269078 -092.09462848 
113  46.68269078 -092.09462848 
110   1 0.00   0.00 New Taxiway 3
111  46.68909720 -092.10019448 
111  46.68909384 -092.10019308   1 102 
112  46.68876457 -092.09947869  46.68872086 -092.09939299   1 102 
111  46.68865152 -092.09936663   1 102 
112  46.68809348 -092.09934364  46.68800907 -092.09934144   1 102 
111  46.68798646 -092.09940077   1 102 
111  46.68774530 -092.09981165   1 102 
111  46.68765990 -092.09996259   1 102 
111  46.68751325 -092.10016376 
112  46.68728638 -092.09988965  46.68735270 -092.09992261   1 102 
111  46.68738284 -092.09988746   1 102 
112  46.68763908 -092.09969410  46.68768882 -092.09966773   1 102 
111  46.68772349 -092.09962159   1 102 
112  46.68808071 -092.09899537  46.68811086 -092.09895143   1 102 
112  46.68836559 -092.09883937  46.68850124 -092.09884156   1 102 
111  46.68865046 -092.09900196   1 102 
111  46.68869116 -092.09907228   1 102 
112  46.68897000 -092.09961501  46.68900316 -092.09967653   1 102 
111  46.68904386 -092.09971609   1 102 
112  46.68929407 -092.09988748  46.68931969 -092.09990066   1 102 
111  46.68932874 -092.09989846   1 102 
111  46.68944932 -092.09980618 
113  46.68947796 -092.09980618 
110   1 0.00   0.00 New Taxiway 2
111  46.69737149 -092.09119615 
112  46.69736190 -092.09117817  46.69739068 -092.09113022 102 
111  46.69737286 -092.09106029 102 
111  46.69729613 -092.09053286 102 
111  46.69750989 -092.09027913 102 
111  46.69775516 -092.09074663 102 
113  46.69776064 -092.09074663 
110   1 0.00   0.00 New Taxiway 1
111  46.69987415 -092.08843774 102 
112  46.69989056 -092.08829680  46.69988144 -092.08817979 102 
111  46.69982673 -092.08778356 102 
111  46.70004194 -092.08752827 102 
111  46.70029443 -092.08797565 102 
113  46.70029371 -092.08798039 
110   1 0.00   0.00 New Taxiway 9
111  46.68632896 -092.09911571   1 102 
112  46.68599883 -092.09917587  46.68585803 -092.09932449   1 102 
111  46.68547449 -092.09977742   1 102 
111  46.68542351 -092.09990127   1 102 
112  46.68545264 -092.10006050  46.68549391 -092.10015604   1 102 
111  46.68562985 -092.10043913 106 
111  46.68526645 -092.10085101 106 
111  46.68498341 -092.10118575 106 
111  46.68462293 -092.10145821 106 
111  46.68460691 -092.09932910   1 102 
111  46.68517834 -092.09967552   1 102 
111  46.68515430 -092.09976115   1 102 
112  46.68523441 -092.09983511  46.68528248 -092.09981954   1 102 
111  46.68537059 -092.09976504   1 102 
111  46.68585955 -092.09915617   1 102 
111  46.68595286 -092.09898586   1 102 
112  46.68595286 -092.09865716  46.68586996 -092.09849765 
113  46.68586996 -092.09849765 
110   1 0.00   0.00 New Taxiway 19
111  46.67929028 -092.09057593 102 
112  46.67913249 -092.09056532  46.67900869 -092.09062547 102 
111  46.67884362 -092.09075284 102 
111  46.67871982 -092.09058655 102 
111  46.67894933 -092.09016430 
113  46.67895572 -092.09016175 
130 Airport Boundary 2
111  46.69759515 -092.08763732 
111  46.69759515 -092.08554299 
112  46.69919145 -092.08545573  46.69955061 -092.08548481 
111  46.70036872 -092.08516485 
111  46.70148612 -092.08452491 
112  46.70250376 -092.08685194  46.70292279 -092.08816090 
111  46.70224437 -092.08900444 
111  46.70144622 -092.08970254 
111  46.70036872 -092.09112782 
111  46.69967034 -092.09089512 
111  46.69346557 -092.09751679 
111  46.69342929 -092.09852153 
111  46.69062831 -092.10175590 
111  46.69094163 -092.10230873 
111  46.69030222 -092.10401072 
111  46.68448747 -092.10400454 
112  46.68445942 -092.09993183  46.68447634 -092.09888341 
111  46.68388338 -092.09828382 
111  46.68144385 -092.09810506 
111  46.67826649 -092.09789386 
111  46.67713194 -092.09860687 
111  46.67715008 -092.09041170 
111  46.67881894 -092.08747730 
111  46.68430351 -092.08768406 
111  46.68534242 -092.09352457 
111  46.68702371 -092.09737545 
111  46.68733717 -092.09699800 
111  46.68841384 -092.09809063 
113  46.69116683 -092.09513059 
120 Linear Feature 18
111  46.68281851 -092.09539371   4 
115  46.68270640 -092.09526330 
120 Linear Feature 17
111  46.68606887 -092.09897456   1 
112  46.68603873 -092.09857248  46.68589554 -092.09839890   1 
115  46.68576441 -092.09823411 
120 Linear Feature 16
111  46.68277695 -092.09461613   1 
115  46.68262347 -092.09442787 
120 Linear Feature 15
111  46.68286712 -092.09514327   1 
116  46.68277805 -092.09461598  46.68259444 -092.09439427 
120 Linear Feature 14
111  46.68209767 -092.09651132   1 
111  46.68229449 -092.09615180   1 
111  46.68286786 -092.09514429   1 
112  46.68319797 -092.09512302  46.68333841 -092.09529582   1 
115  46.68339859 -092.09537026 
120 Linear Feature 11
111  46.68586250 -092.09932864   4 
115  46.68579409 -092.09924178 
120 Linear Feature 8
111  46.68774072 -092.09959254   4 
115  46.68782093 -092.09968425 
120 Linear Feature 6
111  46.68887840 -092.09972210   4 
115  46.68897681 -092.09962948 
120 Linear Feature 5
111  46.68955359 -092.09987784   1 
111  46.68935698 -092.10009718   1 
112  46.68909618 -092.10002699  46.68899587 -092.09982812   1 
111  46.68885343 -092.09953566   1 
111  46.68874108 -092.09933971   1 
112  46.68862071 -092.09929292  46.68851037 -092.09928122   1 
111  46.68824957 -092.09927830   1 
111  46.68807704 -092.09926368   1 
112  46.68793259 -092.09936311  46.68787040 -092.09946839   1 
111  46.68773599 -092.09971113   1 
111  46.68753424 -092.09995315   1 
112  46.68722826 -092.10001467  46.68707301 -092.09982791   1 
115  46.68683486 -092.09953787 
120 Linear Feature 10
111  46.68655996 -092.09920271   1 
111  46.68638121 -092.09897752   1 
112  46.68597736 -092.09906760  46.68579199 -092.09932495   1 
111  46.68544332 -092.09974636   1 
111  46.68537490 -092.09983642   1 
112  46.68523808 -092.09990397  46.68517188 -092.09991363   1 
115  46.68512995 -092.09989111 
15   46.68466881 -092.10121200   3.07 NW ramp 1
15   46.68463571 -092.09963899   2.39 NW ramp 2
15   46.68464233 -092.10039815 357.71 NW ramp 3
15   46.68293485 -092.09783931 181.36 SW ramp 1
15   46.68293485 -092.09667136 176.53 SW ramp 2
15   46.68296392 -092.09727417 181.68 SW ramp 3
15   46.68238989 -092.09791839  91.36 SW ramp 4
15   46.68170299 -092.09598108 266.73 SW ramp 5
15   46.68040956 -092.09653330 357.51 SW ramp 6
18   46.68030500 -092.09760900 1 BCN
19   46.68941500 -092.10074100 1 WS
19   46.70054600 -092.08861300 1 WS
19   46.68675100 -092.10033100 1 WS
19   46.67924500 -092.08975300 1 WS
20   46.68898696 -092.09962217 306.67  0 3 {@R}03
20   46.68887085 -092.09973075 303.69  0 3 {@R}03
20   46.68782297 -092.09968686 232.43  0 2 {@R}13
20   46.68773717 -092.09958902 231.34  0 3 {@R}13
20   46.68282184 -092.09539776  51.34  0 3 {@R}13-31
20   46.68270095 -092.09525226  46.74  0 3 {@R}13-31
20   46.68579173 -092.09923752  42.40  0 3 {@R}13-31
20   46.68586619 -092.09933448  40.06  0 3 {@R}13-31
50 11887 AWOS 3
51 12270 CTAF/UNICOM
52 12480 CLNC DEL
55 12545 DULUTH APP/DEP
1     1089 0 0 57Y  Sandstone Municipal
100   18.29   1   0 0.25 0 1 0 17   46.12056323 -092.88423398    0.00    0.00 2  0 0 0 35   46.11266787 -092.88283548    0.00    0.00 2  0 0 0
10   46.11276630 -092.88254550 xxx  83.00   100 0.0 0.0    60 101101  1 0 0 0.25 0
10   46.12051390 -092.88391110 xxx  83.00   100 0.0 0.0    60 101101  1 0 0 0.25 0
10   46.11716080 -092.88272090 xxx  83.00   400 0.0 0.0    50 101101  1 0 0 0.25 0
10   46.11672970 -092.88224790 xxx 172.92   300 0.0 0.0   200 101101  1 0 0 0.25 0
18   46.11668575 -092.88270990 1 BCN
19   46.12075667 -092.88390942 1 WS
19   46.11247444 -092.88316000 1 WS
1     1320 0 1 MN37 Sheltons - Private
100   15.24   3   0 0.25 0 0 0 05   46.94325552 -092.35977823    0.00    0.00 1  0 0 0 23   46.94662280 -092.35448901    0.00    0.00 1  0 0 0
19   46.94331243 -092.36013065 1 WS
19   46.94656587 -092.35413657 1 WS
1      610 0 0 KDYT Sky Harbor
100   22.86   1   0 0.25 0 2 0 14   46.72497800 -092.04748600    0.00    0.00 2  0 0 1 32   46.71874200 -092.03939200    0.00    0.00 2  0 0 1
21   46.72383344 -092.04541271  2 138.34   3.00 14  PAPI-4L
21   46.71988671 -092.04146490  2 318.34   3.00 32  PAPI-4L
10   46.72507800 -092.04690900 xxx 228.34   225 0.0 0.0    38 161161  1 0 0 0.35 0
10   46.71892000 -092.03924900 xxx 228.34   166 0.0 0.0    38 161161  1 0 0 0.35 0
10   46.72202200 -092.04318800 xxx 228.34   153 0.0 0.0    38 161161  1 0 0 0.35 0
10   46.72209500 -092.04289300 xxx 138.34  2984 0.0 0.0    38 161161  1 0 0 0.35 0
10   46.72592700 -092.04644400 xxx 138.34   538 0.0 0.0   190 101101  1 0 0 0.25 0
10   46.72656200 -092.04727000 xxx 358.50   184 0.0 0.0    92 101101  1 0 0 0.25 0
10   46.72657200 -092.04697800 xxx 138.34   328 0.0 0.0    79 101101  1 0 0 0.25 0
10   46.72682300 -092.04752000 xxx  90.00    66 0.0 0.0    26 101101  1 0 0 0.25 0
10   46.72532400 -092.04656600 xxx   3.70   256 0.0 0.0    33 161161  1 0 0 0.25 0
10   46.72513000 -092.04668200 xxx   0.00    52 0.0 0.0    33 101101  1 0 0 0.25 0
15   46.71614500 -092.04131200   0.00 A
18   46.72728500 -092.04686600 1 BCN
19   46.72525100 -092.04703800 1 WS
19   46.71912800 -092.03942700 1 WS
50 11927 AWOS 3
51 12270 CTAF/UNICOM
52 12480 DULUTH CLNC DEL
55 12545 DULUTH APP/DEP
1     1090 0 1 51MN Zeman
100   30.48   3   0 0.25 0 0 0 17   46.02247324 -092.99078125    0.00    0.00 1  0 0 0 35   46.01909730 -092.99018431    0.00    0.00 1  0 0 0
19   46.02279563 -092.99024126 1 WS
19   46.01877491 -092.99072426 1 WS
16    1380 0 1 MN35 [S] Wild Rice Lake
101 1828.80 0 18   46.90816198 -092.16171219 36   46.89171412 -092.16255281
17     680 0 1 MN48 [H] St Luke Hospital
102 H1   46.79743916 -092.08602250   0.00   15.24   15.24   2 2   0 0.25 0
19   46.79764488 -092.08572199 1 WS
17     260 0 1 MN33 [H] St Marys Hospital
102 H1   46.79355055 -092.09768945   0.00   38.10   38.10   2 2   0 0.25 0
19   46.79406348 -092.09694022 1 WS