1     1143 0 1 Y77  Bayfield County
100   39.62   3   0 0.25 0 2 0 08   46.57568607 -091.46443420    0.00    0.00 1  0 0 0 26   46.57697337 -091.45261026    0.00    0.00 1  0 0 0
21   46.57634696 -091.45511703  1 261.00   3.00 26  VASI
18   46.57756241 -091.45880633 1 BCN
19   46.57615855 -091.46506834 1 WS
19   46.57650083 -091.45197621 1 WS
1     1056 0 1 WI33 Ben Sutherland
100   30.48   3   0 0.25 0 0 0 18   46.10639992 -091.90226281    0.00    0.00 1  0 0 0 36   46.10070896 -091.90254943    0.00    0.00 1  0 0 0
19   46.10665969 -091.90165592 1 WS
19   46.10044919 -091.90315625 1 WS
1     1360 0 1 3CU  CABLE UNION
100   22.86   1   0 0.25 0 1 0 16   46.19915300 -091.24832200    0.00    0.00 2  0 0 1 34   46.18933900 -091.24449200    0.00    0.00 2  0 0 0
100   60.96   3   0 0.25 0 0 0 08   46.19553300 -091.25614200    0.00    0.00 1  0 0 0 26   46.19717500 -091.24518600  152.40    0.00 1  0 0 0
110   1 0.30 164.88 Default taxiway for RWY 16
111  46.19912676 -091.24846233   3 102 
111  46.19899203 -091.24918280   3 102 
111  46.18917809 -091.24535197   3 102 
111  46.18931282 -091.24463162 
112  46.18951143 -091.24470914  46.18941154 -091.24467352   3 102 
111  46.18937935 -091.24484565   3 102 
112  46.18933642 -091.24507516  46.18930423 -091.24524729   3 102 
111  46.18940353 -091.24528605   3 102 
111  46.19406224 -091.24710455   3 102 
111  46.19417014 -091.24652760 
111  46.19426944 -091.24656636   3 102 
111  46.19416154 -091.24714331   3 102 
112  46.19882026 -091.24896181  46.19891956 -091.24900058   3 102 
111  46.19895175 -091.24882842   3 102 
112  46.19899468 -091.24859887  46.19902687 -091.24842671   3 102 
113  46.19892816 -091.24838481 
120 Default hold RWY 16 (near)
111  46.19907252 -091.24875240   4 
115  46.19897322 -091.24871364 
120 Default hold RWY 16 (centre)
111  46.19421520 -091.24685640   4 
115  46.19411590 -091.24681764 
120 Default hold RWY 16 (far)
111  46.18935789 -091.24496041   4 
115  46.18925858 -091.24492165 
18   46.19443362 -091.24540445 1 BCN
19   46.19622112 -091.25716823 1 WS
19   46.19943173 -091.24797103 1 WS
19   46.19648678 -091.24415987 1 WS
19   46.18906028 -091.24484293 1 WS
51 12280 CTAF/UNICOM
1     1229 0 1 WI10 Cedar Island
100   45.72   3   0 0.25 0 0 0 05   46.44497568 -091.62018499    0.00    0.00 1  0 0 0 23   46.45069832 -091.60754101    0.00    0.00 1  0 0 0
100   45.72   3   0 0.25 0 0 0 32   46.44617629 -091.61095617    0.00    0.00 1  0 0 0 14   46.44988371 -091.61472383    0.00    0.00 1  0 0 0
14   46.44644600 -091.61349400   20 0 Tower Viewpoint
19   46.44564900 -091.62055800 1 WS
19   46.44671400 -091.61045400 1 WS
19   46.44949100 -091.61530500 1 WS
19   46.45013100 -091.60721600 1 WS
1      760 0 1 WI23 Cornucopia Field
100   24.38   3   0 0.25 0 0 0 05   46.86486377 -091.08665321    0.00    0.00 1  0 0 0 23   46.86833345 -091.08038625    0.00    0.00 1  0 0 0
19   46.86498147 -091.08720561 1 WS
19   46.86821573 -091.07983383 1 WS
1     1207 0 1 WI31 MINNESUING
100   22.86   1   0 0.25 0 0 0 18   46.42388900 -091.65333600   92.96    0.00 2  0 0 0 36   46.40944200 -091.65277800   92.96    0.00 2  0 0 0
110   1 0.30 178.48 Default taxiway for RWY 18
111  46.42388632 -091.65348191   3 
111  46.42387257 -091.65423102   3 
111  46.40942557 -091.65367263   3 
111  46.40943932 -091.65292372 
112  46.40964497 -091.65293167  46.40954209 -091.65293095   3 
111  46.40953881 -091.65310991   3 
112  46.40953442 -091.65334852  46.40953114 -091.65352747   3 
111  46.40963396 -091.65353145   3 
111  46.41660040 -091.65380069   3 
111  46.41661141 -091.65320083 
111  46.41671423 -091.65320480   3 
111  46.41670322 -091.65380466   3 
112  46.42366966 -091.65407390  46.42377248 -091.65407788   3 
111  46.42377576 -091.65389887   3 
112  46.42378015 -091.65366020  46.42378343 -091.65348120   3 
113  46.42368067 -091.65347396 
120 Default hold RWY 18 (near)
111  46.42388078 -091.65378351   4 
115  46.42377795 -091.65377954 
120 Default hold RWY 18 (centre)
111  46.41670869 -091.65350636   4 
115  46.41660587 -091.65350239 
120 Default hold RWY 18 (far)
111  46.40953661 -091.65322921   4 
115  46.40943378 -091.65322524 
19   46.42410283 -091.65289843 1 WS
19   46.40922817 -091.65321546 1 WS
1     1216 0 1 KHYR SAWYER CO
100   30.48   1   0 0.25 0 2 0 02   46.01962800 -091.44836900    0.00    0.00 2  0 0 0 20   46.03208300 -091.44011700    0.00    0.00 2  0 0 1
100   36.58   3   0 0.25 0 0 0 16   46.02539400 -091.44524700    0.00  213.36 1  0 0 0 34   46.02220600 -091.44355000    0.00   13.72 1  0 0 0
21   46.02140321 -091.44772437  2  24.70   3.00 02  PAPI-4L
21   46.03030783 -091.44076207  2 204.71   3.00 20  PAPI-4L
110   1 0.30  24.70 Default taxiway for RWY 02
111  46.01957163 -091.44819251   3 102 
111  46.01928413 -091.44729240   3 102 
111  46.03173943 -091.43904202   3 102 
111  46.03202693 -091.43994233 
112  46.03177773 -091.44010739  46.03190139 -091.44002192   3 102 
111  46.03183261 -091.43980655   3 102 
112  46.03174092 -091.43951939  46.03167214 -091.43930403   3 102 
111  46.03154754 -091.43938656   3 102 
111  46.02563139 -091.44330539   3 102 
111  46.02586158 -091.44402615 
111  46.02573698 -091.44410869   3 102 
111  46.02550679 -091.44338794   3 102 
112  46.01959064 -091.44730676  46.01946604 -091.44738930   3 102 
111  46.01953482 -091.44760462   3 102 
112  46.01962651 -091.44789172  46.01969529 -091.44810704   3 102 
113  46.01982083 -091.44802744 
120 Default hold RWY 02 (near)
111  46.01945606 -091.44783070   4 
115  46.01958066 -091.44774817 
120 Default hold RWY 02 (centre)
111  46.02562141 -091.44374684   4 
115  46.02574601 -091.44366430 
120 Default hold RWY 02 (far)
111  46.03178676 -091.43966297   4 
115  46.03191136 -091.43958044 
19   46.01955074 -091.44907237 1 WS
19   46.02587392 -091.44474437 1 WS
19   46.03216022 -091.43941346 1 WS
19   46.02172609 -091.44405261 1 WS
51 12280 CTAF/UNICOM
55 12645 MINNEAPOLIS CNTR
1     1102 0 1 KOLG SOLON SPRINGS MUNICIPAL
100   18.29   1   0 0.25 0 1 0 01   46.31054200 -091.81720000    0.00    0.00 2  0 0 0 19   46.31896100 -091.81555300    0.00    0.00 2  0 0 0
110   1 0.30   7.70 Default taxiway for RWY 01
111  46.31053128 -091.81708517   3 102 
111  46.31047589 -091.81649165   3 102 
111  46.31889490 -091.81484479   3 102 
111  46.31895029 -091.81543840 
112  46.31878719 -091.81547030  46.31886844 -091.81545112   3 102 
111  46.31885522 -091.81530943   3 102 
112  46.31883759 -091.81512051  46.31882437 -091.81497882   3 102 
111  46.31874282 -091.81499477   3 102 
111  46.31473719 -091.81577831   3 102 
111  46.31478156 -091.81625381 
111  46.31470001 -091.81626976   3 102 
111  46.31465564 -091.81579427   3 102 
112  46.31065001 -091.81657781  46.31056846 -091.81659376   3 102 
111  46.31058168 -091.81673543   3 102 
112  46.31059931 -091.81692432  46.31061253 -091.81706599   3 102 
113  46.31069438 -091.81705327 
120 Default hold RWY 01 (near)
111  46.31050895 -091.81684583   4 
115  46.31059050 -091.81682988 
120 Default hold RWY 01 (centre)
111  46.31467768 -091.81603040   4 
115  46.31475923 -091.81601445 
120 Default hold RWY 01 (far)
111  46.31884641 -091.81521497   4 
115  46.31892796 -091.81519902 
18   46.31482703 -091.81720341 1 BCN
19   46.31041195 -091.81758607 1 WS
19   46.31909104 -091.81516686 1 WS
51 12290 CTAF
55 12545 DULUTH APP/DEP
1      795 0 1 WS67 Vietmeier
100   24.38   3   0 0.25 0 0 0 16   46.80252742 -091.20982289    0.00    0.00 1  0 0 0 34   46.79734034 -091.20721379    0.00    0.00 1  0 0 0
19   46.80284207 -091.20947260 1 WS
19   46.79702570 -091.20756406 1 WS
16    1346 0 1 WS24 [S] Round Lake
101  152.40 0 09   46.00701912 -091.32032254 27   46.00677976 -091.30057970
101  152.40 0 14   46.01222868 -091.31666435 32   46.00157020 -091.30423789