1     1046 1 0 ENBL BRINGELAND
100   29.87   1   0 0.00 1 3 0 07   61.39062800  005.75279200   29.87   63.09 2 10 0 0 25   61.39300300  005.76986800   45.11   20.12 2 10 0 0
21   61.39122656  005.75409667  1  74.00   3.00 ASI VASI
21   61.39235114  005.76759360  1 254.00   3.00 ASI VASI
110   1 0.00  70.00 GA apron
111  61.39223569  005.76523097 
112  61.39219402  005.76532404  61.39216303  005.76535409 
111  61.39180655  005.76555898 
112  61.39166675  005.76541496  61.39164358  005.76525675 
111  61.39163072  005.76514029 
111  61.39085420  005.76556158 
111  61.39100120  005.76667643 
111  61.39127704  005.76649354 
111  61.39129693  005.76661900 
111  61.39177951  005.76630871 
112  61.39175357  005.76612986  61.39173614  005.76593917 
111  61.39184229  005.76589466 
112  61.39223887  005.76569027  61.39229105  005.76571048 
113  61.39230211  005.76573512 
110   1 0.00  70.00 New Taxiway 2
111  61.39212054  005.76446170 
111  61.39134705  005.76484650 
112  61.39127236  005.76476692  61.39125704  005.76463182 
111  61.39125830  005.76461853 
111  61.39076038  005.76486293 
111  61.39083237  005.76546596 
113  61.39216132  005.76475390 
110   1 0.00   0.00 Main Apron
111  61.39173726  005.76170788 
112  61.39164107  005.76185934  61.39156915  005.76188068 
111  61.39094863  005.76218365 
112  61.39080893  005.76121933  61.39077619  005.76112041 
112  61.39063773  005.76101746  61.39056917  005.76099956 
111  61.39014736  005.76119132 
111  61.39019089  005.76152286 
111  61.39036579  005.76144508 
111  61.39036035  005.76140012 
111  61.39058095  005.76130705 
112  61.39070097  005.76140720  61.39072954  005.76151210 
111  61.39082609  005.76226651 
111  61.39046580  005.76244964 
111  61.39057159  005.76324439 
112  61.39054888  005.76352961  61.39056811  005.76366404 
111  61.39063593  005.76375049 
111  61.39069124  005.76413705 
111  61.39171806  005.76357499 
112  61.39182168  005.76340525  61.39191378  005.76335437 
111  61.39182168  005.76340525 
112  61.39182168  005.76340525  61.39192798  005.76335568 
113  61.39196432  005.76343317 
111  61.39188990  005.76287753 
112  61.39168528  005.76308776  61.39156822  005.76303701 
111  61.39158264  005.76274279 
112  61.39158263  005.76231194  61.39168448  005.76214308 
113  61.39180664  005.76224238 
110   1 0.00  70.00 New Taxiway 5
111  61.39149680  005.75983287 
111  61.39071708  005.76023359 
112  61.39056443  005.76020196  61.39048261  005.76013498 
111  61.39056443  005.76020196 
112  61.39056443  005.76020196  61.39040079  005.76006800 
111  61.39035668  005.75981221 
111  61.39011586  005.75817114 
111  61.38995223  005.75825829 
111  61.39018755  005.75989720 
112  61.39030642  005.75994492  61.39032721  005.76005796 
112  61.39057824  005.76038958  61.39069623  005.76041804 
111  61.39072876  005.76039725 
111  61.39151728  005.75999381 
113  61.39150704  005.75991334 
130 Airport Boundary 1
111  61.39322695  005.74839733 
111  61.39052324  005.74727554 
111  61.38846080  005.75042379 
111  61.38887675  005.75903625 
111  61.39014195  005.77083314 
111  61.39322695  005.77278722 
113  61.39567068  005.76971135 
120 Holding
111  61.39155627  005.76236117   4 103 
115  61.39149862  005.76192511 
120 Holding
111  61.39165288  005.76305756   4 103 
115  61.39171988  005.76356846 
120 Centerline from 25
111  61.39209097  005.76334919   1 101 
112  61.39205877  005.76319769  61.39204409  005.76317045   1 101 
112  61.39198775  005.76313254  61.39195840  005.76312560   1 101 
115  61.39192295  005.76314096 
120 Centerline from 07
111  61.39201859  005.76280087   1 101 
112  61.39201519  005.76296834  61.39199132  005.76305349   1 101 
112  61.39192295  005.76314096  61.39187174  005.76317411   1 101 
111  61.39172695  005.76324522   1 101 
115  61.39153401  005.76334530 
120 Centerline from 25
111  61.39195266  005.76228369   1 101 
112  61.39191583  005.76211926  61.39190025  005.76208346   1 101 
112  61.39186988  005.76203988  61.39185055  005.76201720   1 101 
112  61.39179447  005.76200820  61.39176303  005.76200177   1 101 
115  61.39171539  005.76201240 
120 Centerline from 07
111  61.39185074  005.76152599   1 101 
112  61.39184862  005.76170938  61.39183098  005.76180244   1 101 
112  61.39179828  005.76188566  61.39178246  005.76192250   1 101 
112  61.39171539  005.76201240  61.39166748  005.76204098   1 101 
111  61.39148270  005.76213931   1 101 
115  61.39137547  005.76220040 
14   61.39084889  005.76338914   82 0 AFIS
15   61.39088779  005.76358137 165.00 Stand 1
18   61.39271949  005.76078098 1 BCN
19   61.39312228  005.76768126 0 WS
19   61.39064965  005.75418070 0 WS
54 11845 AFIS
1       37 1 0 ENFL FLORO
100   29.87   1   1 0.00 0 3 0 07   61.58079700  005.00741400   34.14    0.00 2 10 0 0 25   61.58450800  005.02988900   20.12    0.00 2 10 0 0
21   61.58163157  005.00883342  1  70.86   3.00 07  VASI
21   61.58460467  005.02824778  1 250.88   3.00 25  VASI
110   1 0.00   0.00 Apron
111  61.58469869  005.02973998   1 
111  61.58482214  005.02965921   1 
112  61.58483611  005.02930034  61.58485434  005.02914786   1 
111  61.58505524  005.02864878   1 
111  61.58584187  005.02683645   1 
111  61.58536506  005.02406522   1 
112  61.58507872  005.02383393  61.58490937  005.02383949 
111  61.58507872  005.02383393   1 
111  61.58449176  005.02425511   1 
111  61.58427078  005.02306368   1 
111  61.58466374  005.02270782   1 
111  61.58447978  005.02168806   1 
111  61.58364664  005.02234305 
112  61.58364664  005.02234305  61.58355911  005.02240672   1 
113  61.58345304  005.02220955   1 
112  61.58371107  005.02271138  61.58380866  005.02264212 
111  61.58371107  005.02271138   1 
111  61.58385837  005.02259816   1 
111  61.58404318  005.02319637   1 
111  61.58436269  005.02513894   1 
112  61.58438081  005.02541053  61.58435462  005.02551005 
111  61.58438081  005.02541053   1 
111  61.58417156  005.02557606 
112  61.58417156  005.02557606  61.58406306  005.02565946   1 
111  61.58399699  005.02547154   1 
113  61.58360028  005.02309471   1 
112  61.58481024  005.02561838  61.58487361  005.02569844   1 
111  61.58488626  005.02581947   1 
112  61.58512941  005.02724243  61.58512697  005.02739642 
111  61.58512941  005.02724243 
112  61.58512941  005.02724243  61.58512452  005.02755040   1 
112  61.58499093  005.02821959  61.58493196  005.02846382   1 
112  61.58459788  005.02911450  61.58448409  005.02899773 
111  61.58459788  005.02911450   1 
111  61.58413078  005.02629078 
112  61.58413078  005.02629078  61.58410432  005.02609060   1 
111  61.58423884  005.02598006   1 
113  61.58464592  005.02565265   1 
130 Airport Boundary 8
111  61.58036790  005.00535939 
111  61.57973814  005.00976832 
111  61.58348175  005.03195992 
111  61.58530108  005.03254777 
111  61.58659561  005.02527304 
113  61.58152248  005.00675555 
120 Holding 1
111  61.58422573  005.02553730   4 104 
115  61.58429453  005.02593766 
120 Holding 2
111  61.58371579  005.02228444   4 104 
115  61.58378259  005.02265937 
120 Linear Feature 12
112  61.58408346  005.02585706  61.58400406  005.02591615   1 101 
116  61.58379011  005.02555865  61.58374248  005.02529175 
120 Linear Feature 11
112  61.58353299  005.02261308  61.58346673  005.02264791   1 101 
116  61.58341134  005.02323251  61.58345931  005.02358537 
120 Linear Feature 10
112  61.58454128  005.02524266  61.58459223  005.02546310   1 101 
115  61.58451308  005.02554372 
120 Linear Feature 9
111  61.58386431  005.02217087   1 102 
112  61.58408897  005.02242154  61.58417247  005.02260536   1 102 
115  61.58427078  005.02306368 
120 Linear Feature 8
111  61.58384725  005.02237645   1 101 
111  61.58423673  005.02207597   1 101 
112  61.58433725  005.02212447  61.58436928  005.02221774   1 101 
112  61.58433095  005.02235664  61.58430249  005.02242133   1 101 
112  61.58420221  005.02231444  61.58417881  005.02219448   1 101 
112  61.58423673  005.02207597  61.58426993  005.02205261 
111  61.58423673  005.02207597   1 101 
111  61.58435513  005.02197698 
112  61.58435513  005.02197698  61.58442184  005.02191474   1 101 
115  61.58443452  005.02207539 
120 Linear Feature 7
111  61.58438924  005.02434057   1 101 
115  61.58447509  005.02480515 
120 Linear Feature 6
111  61.58456191  005.02448796   1 101 
112  61.58447509  005.02480515  61.58449934  005.02500625 
111  61.58447509  005.02480515   1 101 
111  61.58454128  005.02524266 
112  61.58454128  005.02524266  61.58459223  005.02546310   1 101 
111  61.58469653  005.02541462   1 101 
111  61.58509021  005.02513405   1 101 
112  61.58514571  005.02512731  61.58516819  005.02515941   1 101 
111  61.58517804  005.02523214   1 101 
111  61.58537370  005.02624807   1 101 
112  61.58538620  005.02634833  61.58537964  005.02641267   1 101 
111  61.58534272  005.02643175   1 101 
111  61.58525085  005.02651626   1 101 
112  61.58520710  005.02653183  61.58518523  005.02650885   1 101 
111  61.58517857  005.02644854   1 101 
111  61.58496415  005.02539098   1 101 
112  61.58489662  005.02526716  61.58483538  005.02526716 
111  61.58489662  005.02526716   1 101 
111  61.58408346  005.02585706 
112  61.58408346  005.02585706  61.58400406  005.02591615   1 101 
116  61.58395043  005.02649354  61.58399455  005.02677210 
120 Linear Feature 5
112  61.58325105  005.02228253  61.58330630  005.02259517   1 101 
112  61.58353299  005.02261308  61.58359925  005.02257825 
111  61.58353299  005.02261308   1 101 
111  61.58384725  005.02237645   1 101 
112  61.58399644  005.02244101  61.58406839  005.02257946   1 101 
111  61.58409593  005.02276178   1 101 
111  61.58438924  005.02434057 
112  61.58438924  005.02434057  61.58442678  005.02450753   1 101 
111  61.58456191  005.02448796   1 101 
111  61.58495852  005.02422044   1 101 
112  61.58501034  005.02420591  61.58504096  005.02422888   1 101 
111  61.58505743  005.02426949   1 101 
111  61.58516429  005.02486999   1 101 
112  61.58517132  005.02502957  61.58516321  005.02509055   1 101 
115  61.58509021  005.02513405 
14   61.58546125  005.02526228   82 0 New Tower Viewpoint 3
15   61.58535164  005.02658528 215.00 GA
15   61.58511214  005.02456481 250.00 Stand 1
18   61.58354996  005.01804080 1 BCN
19   61.58243665  005.01159985 1 WS
19   61.58343359  005.02680059 1 WS
54 11920 AFIS
54 12185 AFIS