1       95 1 1 ESNH HUDIKSVALL
100   29.87   1   0 0.25 0 2 0 12   61.77158300  017.07061900   89.00    0.00 2  0 0 0 30   61.76460000  017.09081700  180.14    0.00 2  0 0 0
110   1 0.30 126.15 Default taxiway for RWY 12
111  61.77147629  017.07045417   3 102 
111  61.77093184  017.06961316   3 102 
111  61.76395032  017.08981598   3 102 
111  61.76449477  017.09065679 
112  61.76465336  017.09019789  61.76457225  017.09042454   3 102 
111  61.76444202  017.09022342   3 102 
112  61.76426838  017.08995525  61.76413815  017.08975413   3 102 
111  61.76421744  017.08952468   3 102 
111  61.76750997  017.07999692   3 102 
111  61.76794589  017.08067021 
111  61.76802518  017.08044076   3 102 
111  61.76758926  017.07976747   3 102 
112  61.77088179  017.07023970  61.77096108  017.07001026   3 102 
111  61.77109131  017.07021142   3 102 
112  61.77126495  017.07047964  61.77139518  017.07068081   3 102 
113  61.77131771  017.07091306 
120 Default hold RWY 12 (near)
111  61.77125742  017.07011608   4 
115  61.77117813  017.07034553 
120 Default hold RWY 12 (centre)
111  61.76780631  017.08010271   4 
115  61.76772702  017.08033216 
120 Default hold RWY 12 (far)
111  61.76435520  017.09008933   4 
115  61.76427590  017.09031879 
18   61.76885224  017.08189271 1 BCN
19   61.77206716  017.07066303 1 WS
19   61.76411585  017.09077267 1 WS
1       88 1 1 ESNY SODERHAMN
100   39.93   1   0 0.25 0 3 0 12   61.26870000  017.08092500    0.00   33.53 2  0 0 0 30   61.25426100  017.11717200   69.49    0.00 3 10 0 0
100   17.07   1   0 0.25 0 0 0 03   61.25756100  017.09281100    0.00  252.98 2  0 0 0 21   61.26380600  017.10061400    0.00  469.39 2  0 0 0
21   61.26784299  017.08430992  2 129.63   3.00 12  PAPI-4L
110   1 0.30 129.63 Default taxiway for RWY 12
111  61.26856335  017.08068962   3 102 
111  61.26786970  017.07949478   3 102 
111  61.25343553  017.11575910   3 102 
111  61.25412918  017.11695338 
112  61.25435835  017.11637763  61.25424204  017.11666252   3 102 
111  61.25407598  017.11637661   3 102 
112  61.25385456  017.11599539  61.25368850  017.11570948   3 102 
111  61.25380308  017.11542160   3 102 
111  61.26073371  017.09800920   3 102 
111  61.26128898  017.09896544 
111  61.26140356  017.09867756   3 102 
111  61.26084829  017.09772131   3 102 
112  61.26777891  017.08030891  61.26789350  017.08002104   3 102 
111  61.26805956  017.08030708   3 102 
112  61.26828098  017.08068847  61.26844704  017.08097451   3 102 
113  61.26833418  017.08126537 
120 Default hold RWY 12 (near)
111  61.26828485  017.08020989   4 
115  61.26817027  017.08049777 
120 Default hold RWY 12 (centre)
111  61.26112506  017.09819794   4 
115  61.26101048  017.09848583 
120 Default hold RWY 12 (far)
111  61.25396527  017.11618600   4 
115  61.25385068  017.11647388 
18   61.26245141  017.10072104 1 BCN
19   61.25754797  017.09223577 1 WS
19   61.26934326  017.08106254 1 WS
19   61.26381900  017.10118934 1 WS
19   61.25361778  017.11703380 1 WS
54 13535 AFIS
17      73 0 0 ESHX [H] Hudiksvall/Sjukhuset
102 H1   61.73159000  017.10261200   0.00   23.16   23.16   1 2   0 0.25 1
10   61.73159000  017.10261200 xxx   0.00    76 0.0 0.0    76 101101  1 0 0 0.25 0
14   61.73259400  017.10261200    0 0 ATC Tower
18   61.73159000  017.10107140 3 BCN
19   61.73190270  017.10327226 1 WS