1      409 0 1 WX33 Beginci Laut (MAF)
100   35.05   3   0 0.00 0 0 0 14  -00.24876027  110.98229673    0.00    0.00 1  0 0 0 32  -00.25123973  110.98437727    0.00    0.00 1  0 0 0
14  -00.25059100  110.98263200    6 0 ATC Tower
19  -00.24970400  110.98368900 0 WS
1       39 0 1 WZ06 Hulu Tayan (MAF)
100   24.99   3   0 0.00 0 0 0 09  -00.03053300  110.11409453    0.00    0.00 1  0 0 0 27  -00.03053300  110.11724347    0.00    0.00 1  0 0 0
14  -00.03118900  110.11566900    6 0 ATC Tower
19  -00.03020500  110.11566900 0 WS
1      221 0 0 WZ54 Kuala Randau (MAF)
100   22.86   3   0 0.25 0 0 0 11  -00.58501902  110.47219091    0.00    0.00 0  0 0 0 29  -00.58124698  110.47291109    0.00    0.00 0  0 0 0
14  -00.58478042  110.47250813    5 0 Viewpoint
19  -00.58438168  110.47205373 0 Windsock
1      117 0 1 WT26 Sungai Tontang (MAF)
100   20.12   3   0 0.00 0 0 0 26  -00.73159040  110.37841899    0.00    0.00 1  0 0 0 08  -00.73220960  110.37490701    0.00    0.00 1  0 0 0
14  -00.73138000  110.37657100    6 0 ATC Tower
19  -00.73216000  110.37670900 0 WS
1      165 0 0 WT40 Tanjung Maju (YMMP)
100   27.13   3   0 0.25 0 0 0 26  -00.70947676  110.50021914    0.00    0.00 0  0 0 0 08  -00.71019124  110.49616686    0.00    0.00 0  0 0 0
14  -00.70952376  110.49808541    5 0 Viewpoint
19  -00.71011422  110.49818549 0 Windsock
1      228 0 1 WT41 Tanjung Rimba (MAF)
100   24.99   3   0 0.00 0 0 0 01  -00.41842285  110.46636539    0.00    0.00 1  0 0 0 19  -00.41491115  110.46698461    0.00    0.00 1  0 0 0
14  -00.41678100  110.46732100    6 0 ATC Tower
19  -00.41661000  110.46635200 0 WS
1      313 0 1 WT43 Tembaga (MAF)
100   24.99   3   0 0.00 0 0 0 04  -00.53480387  110.69877074    0.00    0.00 1  0 0 0 22  -00.53186213  110.70123926    0.00    0.00 1  0 0 0
14  -00.53375500  110.70050800    6 0 ATC Tower
19  -00.53312200  110.69975400 0 WS