1      485 0 0 SA56 Arroyito Arcor
100   29.87   4   0 0.00 0 0 0 01  -31.42169812 -063.16755385    0.00    0.00 0  0 0 0 19  -31.41163521 -063.16577949    0.00    0.00 0  0 0 0
19  -31.42190394 -063.16806797 1 WS
19  -31.41142939 -063.16526542 1 WS
1     1066 0 0 SAD5 RIO SEGUNDO CARLOS SAQUI
100   20.12   4   0 0.00 0 0 0 17  -31.63221946 -063.86160140    0.00    0.00 0  0 0 0 35  -31.63778054 -063.86062083    0.00    0.00 0  0 0 0
19  -31.63200012 -063.86131756 1 WS
19  -31.63799989 -063.86090468 1 WS
1      830 0 0 SA2B VILLA DEL ROSARIO
100   29.87   3   0 0.00 0 0 0 18  -31.57517759 -063.53888889    0.00    0.00 0  0 0 0 36  -31.58593353 -063.53888889    0.00    0.00 0  0 0 0
19  -31.57490877 -063.53841561 1 WS
19  -31.58620234 -063.53936223 1 WS