1     1479 0 0 YRKP ARKAPENA
100   14.02   4   0 0.25 0 0 0 8   -31.67433331  138.63886701    0.00    0.00 0  0 0 0 26  -31.67382722  138.64570223    0.00    0.00 0  0 0 0
100   20.12   4   0 0.00 0 0 0 12  -31.66940453  138.63179715    0.00    0.00 0  0 0 0 30  -31.67417043  138.64103539    0.00    0.00 0  0 0 0
14  -31.66991399  138.63328194    6 0 New Tower Viewpoint 41
15  -31.66951725  138.63186658   0.00 New Ramp Start 39
19  -31.67124846  138.63595163 0 New Windsock 40
1     1972 0 0 YBLM Blinman
100   28.96   4   0 0.25 0 0 0 14  -31.11591692  138.72356816    0.00    0.00 0  0 0 0 32  -31.12068442  138.72809377    0.00    0.00 0  0 0 0
100   17.98   4   0 0.00 0 0 0 04  -31.12283363  138.72164485    0.00    0.00 2  0 0 0 22  -31.11497200  138.72964400    0.00    0.00 2  0 0 0
110   4 0.25   0.00 New Taxiway 32
111 -31.11261345  138.72390434 
111 -31.11288842  138.72380493 
112 -31.11514224  138.72321660 -31.11527295  138.72319625 
112 -31.11556051  138.72344052 -31.11563894  138.72353213 
112 -31.11584808  138.72415301 -31.11591779  138.72434639 
112 -31.11599800  138.72500716 -31.11601543  138.72508859 
112 -31.11605900  138.72537358 -31.11606771  138.72539394 
112 -31.11616356  138.72570947 -31.11618099  138.72577054 
111 -31.11625942  138.72607590 
112 -31.11629427  138.72572983 -31.11632042  138.72561787 
112 -31.11651212  138.72482395 -31.11657312  138.72464074 
112 -31.11700882  138.72396896 -31.11713082  138.72377557 
112 -31.11797608  138.72311397 -31.11825493  138.72292058 
112 -31.11920475  138.72286969 -31.11952717  138.72286969 
112 -31.12039857  138.72340914 -31.12064257  138.72363307 
112 -31.12122967  138.72445849 -31.12143097  138.72488395 
112 -31.12142138  138.72618272 -31.12135429  138.72685450 
112 -31.12069289  138.72782858 -31.12066414  138.72787337 
112 -31.12079833  138.72787337 -31.12089419  138.72778380 
112 -31.12091336  138.72800772 -31.12090377  138.72805251 
112 -31.12084626  138.72834361 -31.12077916  138.72841079 
111 -31.12068331  138.72846677 
112 -31.12077916  138.72879147 -31.12080792  138.72888104 
112 -31.12127760  138.72913855 -31.12145972  138.72921693 
112 -31.12200609  138.72970957 -31.12216905  138.72986632 
112 -31.12252371  138.73030297 -31.12267707  138.73044853 
111 -31.12328155  138.73078164 
111 -31.12382495  138.73099981 
111 -31.12374004  138.73109898 
112 -31.12268721  138.73052380 -31.12244947  138.73038496 
112 -31.12187212  138.72973044 -31.12156645  138.72935359 
112 -31.12097211  138.72909575 -31.12059853  138.72887758 
112 -31.12015800  138.72899180 -31.11989123  138.72905953 
112 -31.11920693  138.72910018 -31.11885898  138.72910018 
112 -31.11753119  138.72870310 -31.11731082  138.72860827 
112 -31.11626697  138.72791740 -31.11603500  138.72771420 
112 -31.11598632  138.72722959 -31.11599503  138.72698533 
112 -31.11601246  138.72570292 -31.11601246  138.72544848 
112 -31.11589918  138.72477674 -31.11584689  138.72442052 
112 -31.11553319  138.72356558 -31.11541119  138.72332131 
111 -31.11501035  138.72332131 
113 -31.11291027  138.72387091 
112 -31.11608475  138.72683277 -31.11607755  138.72699260 
112 -31.11605594  138.72733749 -31.11607755  138.72743843 
112 -31.11623599  138.72774967 -31.11625759  138.72775808 
112 -31.11626479  138.72766555 -31.11627920  138.72762349 
112 -31.11640883  138.72761508 -31.11643043  138.72758143 
112 -31.11633681  138.72746367 -31.11630080  138.72738796 
112 -31.11645924  138.72741319 -31.11653846  138.72748890 
112 -31.11656726  138.72780014 -31.11659607  138.72791791 
112 -31.11643763  138.72792632 -31.11640883  138.72801044 
112 -31.11655286  138.72805250 -31.11656726  138.72805250 
112 -31.11694175  138.72829645 -31.11702097  138.72834692 
112 -31.11758270  138.72862451 -31.11775554  138.72870863 
112 -31.11916706  138.72901987 -31.11942632  138.72906193 
112 -31.11993764  138.72896099 -31.12006727  138.72895258 
112 -31.12045616  138.72883481 -31.12057139  138.72880958 
111 -31.12071542  138.72888528 
112 -31.12065781  138.72873387 -31.12063620  138.72866657 
112 -31.12048497  138.72829645 -31.12044176  138.72816186 
111 -31.12033373  138.72823756 
112 -31.11991604  138.72848151 -31.11966398  138.72856563 
112 -31.11904660  138.72861175 -31.11883775  138.72861175 
112 -31.11834084  138.72840145 -31.11807437  138.72825004 
112 -31.11729601  138.72780018 -31.11714451  138.72772434 
111 -31.11683482  138.72745367 
112 -31.11637491  138.72708079 -31.11633162  138.72703655 
112 -31.11622341  138.72656888 -31.11621258  138.72642352 
111 -31.11625046  138.72648040 
112 -31.11639114  138.72694175 -31.11640737  138.72701127 
111 -31.11648853  138.72696703 
112 -31.11636069  138.72673380 -31.11626707  138.72645621 
113 -31.11608703  138.72569916 
112 -31.11642075  138.72671930 -31.11645348  138.72687990 
111 -31.11649931  138.72684166 
112 -31.11666299  138.72678813 -31.11678083  138.72677283 
112 -31.11676576  138.72711456 -31.11675921  138.72713750 
112 -31.11693598  138.72723692 -31.11698836  138.72725986 
112 -31.11729607  138.72772634 -31.11738118  138.72775693 
112 -31.11828710  138.72832119 -31.11847696  138.72845884 
112 -31.11902691  138.72852767 -31.11925605  138.72856590 
112 -31.12013989  138.72826766 -31.12035594  138.72813765 
112 -31.12057199  138.72789294 -31.12071603  138.72771705 
112 -31.12133799  138.72611876 -31.12141000  138.72563698 
112 -31.12116122  138.72449752 -31.12102373  138.72410751 
112 -31.12035534  138.72348482 -31.12009608  138.72324929 
112 -31.11918147  138.72294646 -31.11895101  138.72290440 
112 -31.11794998  138.72324929 -31.11779875  138.72333341 
112 -31.11736665  138.72376241 -31.11727302  138.72382971 
112 -31.11679051  138.72448584 -31.11669689  138.72456996 
112 -31.11648804  138.72507468 -31.11638722  138.72536068 
113 -31.11634401  138.72621870 
14  -31.11689444  138.72689813    6 0 New Tower Viewpoint 20
15  -31.11642961  138.72779285  21.80 New Ramp Start 18
19  -31.11685516  138.72737990 0 New Windsock 19
51 12670 CTAF
1      373 0 0 YCMD COMMODORE
100   13.11   4   0 0.25 0 0 0 7   -31.23388762  138.38076776    0.00    0.00 0  0 0 0 25  -31.23243348  138.38921405    0.00    0.00 0  0 0 0
110   4 0.25   0.00 New Taxiway 10
111 -31.23323636  138.38477950 
112 -31.23351899  138.38506026 -31.23357185  138.38506026 
111 -31.23729874  138.38614215 
111 -31.23716658  138.38615761 
111 -31.23354542  138.38515300 
112 -31.23322824  138.38519936 -31.23320180  138.38519936 
113 -31.23316216  138.38519936 
14  -31.23345410  138.38485683    6 0 New Tower Viewpoint 16
15  -31.23334951  138.38500972   0.00 New Ramp Start 15
19  -31.23333905  138.38526353 0 New Windsock 17
1     1052 0 0 YHAW Hawker
100   21.03   1   0 0.25 0 1 0 18  -31.86034750  138.46773753    0.00    0.00 2  0 0 0 36  -31.84935500  138.46839100    0.00    7.92 2  0 0 0
110   1 1.00   0.00 New Taxiway 1
111 -31.84938602  138.46839919 
111 -31.84963247  138.46842921 
112 -31.84962443  138.46848852 -31.84958713  138.46850534 102 
111 -31.84953049  138.46856927 102 
112 -31.84954749  138.46917955 -31.84956873  138.46939464 102 
111 -31.84968771  138.46941465 102 
111 -31.85008289  138.46941465 
111 -31.85013812  138.46986486 
111 -31.84949225  138.46991488 
111 -31.84941576  138.46991488 
111 -31.84929253  138.46991488 
111 -31.84930953  138.47017500 
111 -31.84911832  138.47019501 
111 -31.84910557  138.46998991 
112 -31.84848094  138.47005494 -31.84790305  138.47009996 
111 -31.84780107  138.46927459 
111 -31.84776707  138.46764885 
111 -31.84784781  138.46765886 
112 -31.84787755  138.46932962 -31.84789030  138.46993489 
111 -31.84856167  138.46996490 
111 -31.84910557  138.46986986 
111 -31.84908008  138.46966977 
111 -31.84926279  138.46964476 
111 -31.84928404  138.46983985 
111 -31.84944976  138.46983484 102 
113 -31.84939323  138.46848908 
110   1 1.00   0.00 New Taxiway 6
112 -31.85035566  138.46915977 -31.85038002  138.46915977 
112 -31.85038998  138.46919991 -31.85039064  138.46921867 
112 -31.85035323  138.46923796 -31.85033198  138.46923822 
114 -31.85032047  138.46919835 -31.85032024  138.46917828 
110   1 1.00   0.00 New Taxiway 5
112 -31.85036188  138.46934062 -31.85040032  138.46934006 
112 -31.85043543  138.46942609 -31.85043496  138.46947861 
112 -31.85035998  138.46950095 -31.85032107  138.46950151 
114 -31.85029687  138.46942442 -31.85029734  138.46939369 
110   4 1.00   0.00 New Taxiway 4
111 -31.84986386  138.46844233 
112 -31.84964046  138.46857743 -31.84959091  138.46860310 
111 -31.84958694  138.46864277 
112 -31.84962064  138.46922851 -31.84962659  138.46928918 
111 -31.84968407  138.46932652 
112 -31.85006269  138.46929618 -31.85017568  138.46929385 
111 -31.85019352  138.46943854 
111 -31.85020343  138.46998927 
111 -31.84941647  138.47009662 
113 -31.84933569  138.46845801 
120 Linear Feature 3
111 -31.84953047  138.46886905   4 
115 -31.84940596  138.46887657 
120 Linear Feature 2
111 -31.84950499  138.46839919   1 
112 -31.84944976  138.46861929 -31.84945400  138.46876436   1 
115 -31.84949225  138.46936463 
14  -31.84976416  138.46994206    6 0 New Tower Viewpoint 3
15  -31.84976188  138.46980918   3.18 New Ramp Start 1
18  -31.85481874  138.46728696 1 BCN
19  -31.85036568  138.46942386 1 New Windsock 2
51 12670 CTAF
1     2193 0 0 YORP ORAPARINNA
100   24.99   4   0 0.25 0 0 0 1   -31.44324357  138.73061272    0.00    0.00 0  0 0 0 19  -31.43379047  138.73335198    0.00    0.00 0  0 0 0
110   4 0.25   0.00 New Taxiway 9
111 -31.44179101  138.73001865 
112 -31.44189262  138.73045999 -31.44192848  138.73070518 
111 -31.44192848  138.73090833 
111 -31.44182687  138.73093635 
112 -31.44183285  138.73053705 -31.44182089  138.73048801 
112 -31.44173124  138.73006769 -31.44172526  138.73006068 
113 -31.44170135  138.73000464 
14  -31.44154595  138.73078924    6 0 New Tower Viewpoint 9
15  -31.44199422  138.73089432   0.00 New Ramp Start 7
19  -31.44110366  138.73091534 0 New Windsock 8
1     1384 0 0 YRYK Rawnsley Park
100   35.97   4   0 1.00 0 0 0 03  -31.65709020  138.60591202    0.00    0.00 0  0 0 0 21  -31.64923765  138.61314521    0.00    0.00 0  0 0 0
110   2 1.00 157.70 New Taxiway 5
111 -31.65495672  138.60726721 
111 -31.65497705  138.60720861 
111 -31.65502744  138.60723270 
113 -31.65500694  138.60729129 
110   4 1.00  38.10 New Taxiway 4
111 -31.65504338  138.60757018 
112 -31.65501747  138.60744842 -31.65498045  138.60739189 
112 -31.65494714  138.60732014 -31.65494159  138.60728970 
112 -31.65493973  138.60717229 -31.65495269  138.60715273 
112 -31.65506189  138.60710707 -31.65509150  138.60710489 
112 -31.65512666  138.60713533 -31.65514517  138.60714620 
112 -31.65527288  138.60722448 -31.65528953  138.60722665 
112 -31.65535061  138.60720056 -31.65535431  138.60719404 
112 -31.65534506  138.60715055 -31.65533025  138.60712881 
112 -31.65529694  138.60706576 -31.65529138  138.60705706 
111 -31.65528398  138.60703966 
112 -31.65528398  138.60692878 -31.65528398  138.60690486 
112 -31.65526547  138.60685268 -31.65526918  138.60684615 
112 -31.65543760  138.60672657 -31.65544315  138.60672222 
111 -31.65550793  138.60668309 
112 -31.65551718  138.60659394 -31.65548757  138.60653306 
112 -31.65534508  138.60621899 -31.65531820  138.60605588 
112 -31.65542794  138.60556917 -31.65556230  138.60533766 
111 -31.65701186  138.60336538 
111 -31.65707148  138.60340676 
111 -31.65552692  138.60554598 
112 -31.65540191  138.60615917 -31.65548126  138.60638373 
112 -31.65563274  138.60654473 -31.65569405  138.60654050 
112 -31.65595734  138.60639220 -31.65600062  138.60639220 
112 -31.65605111  138.60648542 -31.65596816  138.60658287 
112 -31.65581307  138.60672693 -31.65581668  138.60677353 
112 -31.65587799  138.60679048 -31.65592488  138.60678624 
111 -31.65592849  138.60680319 
113 -31.65510977  138.60759551 
14  -31.65536397  138.60710726    6 0 New Tower Viewpoint 23
15  -31.65499045  138.60725353 251.56 New Ramp Start 22
19  -31.65495511  138.60754409 0 New Windsock 24
1     1707 0 0 YWPD WILPENA POUND
100   28.96   4   0 0.25 0 0 0 10  -31.51596425  138.62122981    0.00    0.00 0  0 0 0 28  -31.51772049  138.62836638    0.00    0.00 0  0 0 0
110   4 0.25   0.00 New Taxiway 34
111 -31.51632813  138.62241535 
112 -31.51666285  138.62271843 -31.51670983  138.62284242 
112 -31.51692710  138.62359325 -31.51692710  138.62370346 
112 -31.51686838  138.62404787 -31.51685663  138.62424763 
113 -31.51686251  138.62455761 
14  -31.51648081  138.62260133    6 0 New Tower Viewpoint 42
15  -31.51673020  138.62342311 280.64 New Ramp Start 40
19  -31.51683314  138.62372412 0 New Windsock 41
1      733 0 0 YWPA WIRREALPA
100   49.99   4   0 0.25 0 0 0 11  -31.13829038  138.97356907    0.00    0.00 0  0 0 0 29  -31.14328200  138.98882300    0.00    0.00 0  0 0 0
100   21.95   4   0 0.25 0 0 0 4   -31.14263515  138.97727957    0.00    0.00 0  0 0 0 22  -31.13674988  138.98358651    0.00    0.00 0  0 0 0
14  -31.13803895  138.97481460    6 0 New Tower Viewpoint 38
15  -31.13874287  138.97433707  75.38 New Ramp Start 37
19  -31.13946951  138.97493398 0 New Windsock 39