1      617 0 0 YACS Acacia Downs
100   49.99   4   0 0.25 0 0 0 14  -31.42100005  141.90211219    0.00    0.00 0  0 0 0 32  -31.43254200  141.90726000    0.00    0.00 0  0 0 0
110   4 0.25   0.00 New Taxiway 10
112 -31.41899140  141.90261280 -31.41929093  141.90248745 
112 -31.42038206  141.90133421 -31.42059600  141.90115872 
112 -31.42217921  141.90008069 -31.42277827  141.89960435 
112 -31.42247874  141.90063224 -31.42250013  141.90113365 
112 -31.42181550  141.90153477 -31.42151598  141.90181055 
112 -31.42132342  141.90226182 -31.42113087  141.90263787 
112 -31.42055321  141.90293872 -31.42038206  141.90301393 
112 -31.41967603  141.90293872 -31.41931232  141.90286350 
113 -31.41849766  141.90308907 
14  -31.42228639  141.90095462    6 0 New Tower Viewpoint 24
15  -31.42168713  141.90078266   0.00 New Ramp Start 22
19  -31.42201691  141.90029965 0 New Windsock 23
1      712 0 0 YYAW YALCAWINNA
100   34.14   4   0 0.25 0 0 0 1   -31.71592916  141.80375760    0.00    0.00 0  0 0 0 19  -31.70820457  141.80622425    0.00    0.00 0  0 0 0
100   21.03   4   0 0.25 0 0 0 6   -31.71376054  141.80275256    0.00    0.00 0  0 0 0 24  -31.71135825  141.80908292    0.00    0.00 0  0 0 0
110   4 0.25   0.00 New Taxiway 14
111 -31.71101460  141.80241926 
111 -31.70789296  141.80622521 
111 -31.70741382  141.80666895 
111 -31.71081133  141.80241926 
111 -31.70763508  141.80218128 
111 -31.70722366  141.80207162 
112 -31.71726519  141.80267404 -31.71747638  141.80265852 
113 -31.71788556  141.80284471 
14  -31.70937088  141.80536189    6 0 New Tower Viewpoint 24
15  -31.70826741  141.80612991 180.00 New Ramp Start 23
19  -31.70825289  141.80665899 0 New Windsock 22