1      511 0 0 EPNM NOWE MIASTO
100   59.44   2   0 0.00 0 0 0 08   51.62494575  020.51897295   29.87    0.00 0  0 0 0 26   51.63017225  020.55236369   22.86    4.88 0  0 0 0
110   2 0.00   0.00 New Taxiway 9
111  51.62432972  020.54166195 
112  51.62425884  020.54173643  51.62422382  020.54174897 
111  51.62425884  020.54173643 
112  51.62425884  020.54173643  51.62412070  020.54180224 
111  51.62407984  020.54154840 
111  51.62402926  020.54155780 
112  51.62425884  020.54180537  51.62442811  020.54173956 
111  51.62425884  020.54180537 
112  51.62425884  020.54180537  51.62429775  020.54179597 
113  51.62434525  020.54182463 
110   2 0.00   0.00 New Taxiway 8
111  51.62426450  020.54122221 
111  51.62421215  020.54132276 
111  51.62393003  020.54142304 
111  51.62395922  020.54158600 
111  51.62402926  020.54155780 
111  51.62407984  020.54154840 
111  51.62424133  020.54147945 
113  51.62431418  020.54156184 
110   2 0.00   0.00 New Taxiway 7
111  51.62442294  020.54152013 
111  51.62447869  020.54139170 
111  51.62477442  020.54127575 
111  51.62475108  020.54112532 
111  51.62445729  020.54123501 
113  51.62437152  020.54116922 
110   2 0.00   0.00 New Taxiway 10
111  51.62371991  020.54010054 
111  51.62372855  020.54015622 
111  51.62374326  020.54025097 
111  51.62403998  020.54013262 
111  51.62411548  020.54020102 
111  51.62422315  020.54015677 
111  51.62426597  020.54004249 
111  51.62456041  020.53992505 
111  51.62453706  020.53978402 
111  51.62424804  020.53989597 
111  51.62417223  020.53980924 
111  51.62406423  020.53985298 
113  51.62401717  020.53998540 
110   2 0.00   0.00 New Taxiway 12
111  51.62413432  020.53712652 
111  51.62406428  020.53711712 
111  51.62384637  020.53718606 
111  51.62377391  020.53709112 
111  51.62382506  020.53744017 
111  51.62387167  020.53734589 
111  51.62408568  020.53726754 
113  51.62414600  020.53721113 
110   2 0.00   0.00 New Taxiway 11
111  51.62360317  020.53872478 
111  51.62353897  020.53879059 
111  51.62354675  020.53885327 
111  51.62362652  020.53886894 
111  51.62384698  020.53878593 
111  51.62391753  020.53884997 
111  51.62402533  020.53880684 
111  51.62408380  020.53869676 
111  51.62437558  020.53858689 
111  51.62435807  020.53844900 
111  51.62406281  020.53855686 
111  51.62397666  020.53847465 
111  51.62386943  020.53852112 
113  51.62381997  020.53864558 
110   2 0.00   0.00 New Taxiway 25
111  51.62373758  020.53903238 
111  51.62374928  020.53911479 
111  51.62425212  020.53892172 
113  51.62424189  020.53883931 
110   2 0.00   0.00 New Taxiway 33
111  51.62404359  020.54109328 
111  51.62405643  020.54117602 
111  51.62455081  020.54098986 
113  51.62453797  020.54090368 
110   2 0.00   0.00 New Taxiway 32
111  51.62401149  020.54084853 
111  51.62402861  020.54093815 
111  51.62451871  020.54074855 
113  51.62450801  020.54066927 
110   2 0.00   0.00 New Taxiway 31
111  51.62397511  020.54061066 
111  51.62398795  020.54069684 
111  51.62448447  020.54051069 
113  51.62447162  020.54042451 
110   2 0.00   0.00 New Taxiway 30
111  51.62393658  020.54037625 
111  51.62395156  020.54045898 
111  51.62444808  020.54025904 
113  51.62443524  020.54017286 
110   2 0.00   0.00 New Taxiway 29
111  51.62384670  020.53975574 
111  51.62385526  020.53983503 
111  51.62436033  020.53964198 
113  51.62434964  020.53956269 
110   2 0.00   0.00 New Taxiway 28
111  51.62381031  020.53951443 
111  51.62382530  020.53958682 
111  51.62432395  020.53940412 
113  51.62431325  020.53932828 
110   2 0.00   0.00 New Taxiway 27
111  51.62427697  020.53908418 
111  51.62377997  020.53927019 
111  51.62379167  020.53935024 
113  51.62429013  020.53916659 
110   5 0.00   0.00 New Taxiway 26
111  51.62362210  020.53895939 
111  51.62366596  020.53925842 
111  51.62373758  020.53922310 
113  51.62369227  020.53893349 
110   2 0.00   0.00 New Taxiway 24
111  51.62364988  020.53841314 
111  51.62366449  020.53849084 
111  51.62416295  020.53829777 
113  51.62415272  020.53821537 
110   2 0.00   0.00 New Taxiway 23
111  51.62411472  020.53797992 
111  51.62361480  020.53817298 
111  51.62362795  020.53825068 
113  51.62412641  020.53806232 
110   2 0.00   0.00 New Taxiway 22
111  51.62408110  020.53773740 
111  51.62387999  020.53781501 
111  51.62377169  020.53785291 
111  51.62357971  020.53793047 
111  51.62359287  020.53801288 
111  51.62378441  020.53793988 
111  51.62389175  020.53789527 
113  51.62409133  020.53782216 
110   2 0.00   0.00 New Taxiway 21
111  51.62353732  020.53768325 
111  51.62355194  020.53777272 
111  51.62374892  020.53769721 
111  51.62385724  020.53765973 
111  51.62405624  020.53758436 
111  51.62404601  020.53749959 
111  51.62384342  020.53756544 
113  51.62373617  020.53761004 
110   2 0.00   0.00 New Taxiway 6
111  51.62361854  020.53728692 
111  51.62334922  020.53739120 
111  51.62332447  020.53739867 
111  51.62334954  020.53754504 
111  51.62365974  020.53743905 
111  51.62371928  020.53749456 
111  51.62373617  020.53761004 
111  51.62374892  020.53769721 
111  51.62377169  020.53785291 
111  51.62378441  020.53793988 
111  51.62386943  020.53852112 
111  51.62391753  020.53884997 
111  51.62406423  020.53985298 
111  51.62411548  020.54020102 
111  51.62426450  020.54122221 
111  51.62431418  020.54156184 
111  51.62442294  020.54152013 
111  51.62437152  020.54116922 
111  51.62422315  020.54015677 
111  51.62417223  020.53980924 
111  51.62402533  020.53880684 
111  51.62397666  020.53847465 
111  51.62389175  020.53789527 
111  51.62387999  020.53781501 
111  51.62385724  020.53765973 
111  51.62384342  020.53756544 
111  51.62382506  020.53744017 
113  51.62377391  020.53709112 
110   2 0.00   0.00 New Taxiway 4
111  51.62377391  020.53709112 
111  51.62291417  020.53147263 
111  51.62285202  020.53116397 
111  51.62290381  020.53081777 
111  51.62308508  020.53065093 
111  51.62370140  020.53070098 
111  51.62370140  020.53054248 
111  51.62296078  020.53043403 
112  51.62296078  020.53043403  51.62278469  020.53039649 
112  51.62271995  020.52992516  51.62270182  020.52962068 
111  51.62271995  020.52992516 
111  51.62258011  020.52357682 
111  51.62263449  020.52332239 
111  51.62271477  020.52316806 
111  51.62279246  020.52308047 
111  51.62495218  020.52222120 
111  51.62512309  020.52227542 
111  51.62524403  020.52254655 
111  51.62506845  020.52142574 
111  51.62505058  020.52184579 
111  51.62492887  020.52202515 
111  51.62437988  020.52225456 
111  51.62420897  020.52208354 
111  51.62417530  020.52185830 
111  51.62414423  020.52176236 
111  51.62284425  020.52225041 
111  51.62286756  020.52233384 
111  51.62290640  020.52258827 
111  51.62280541  020.52286355 
111  51.62252589  020.52292516 
111  51.62239884  020.52279265 
111  51.62069489  020.51972287 
111  51.62045664  020.51933499 
111  51.62028573  020.51906805 
111  51.62020286  020.51921403 
111  51.62228231  020.52283016 
111  51.62238071  020.52299283 
111  51.62244804  020.52325561 
111  51.62245063  020.52356009 
111  51.62262931  020.53058823 
111  51.62281576  020.53168521 
111  51.62273031  020.53187707 
111  51.62256716  020.53192713 
111  51.62252314  020.53194381 
111  51.62334922  020.53739120 
113  51.62361854  020.53728692 
110   2 0.00   0.00 New Taxiway 3
111  51.62465859  020.54396029 
111  51.62460186  020.54409511 
111  51.62453819  020.54412359 
111  51.62446567  020.54403813 
111  51.62442322  020.54377602 
111  51.62431887  020.54381875 
111  51.62436308  020.54409511 
111  51.62432417  020.54419767 
111  51.62401641  020.54429738 
112  51.62387668  020.54400963  51.62382716  020.54370480 
111  51.62387668  020.54400963 
111  51.62336906  020.54419766 
111  51.62350348  020.54499822 
112  51.62393505  020.54481589  51.62392975  020.54483298 
111  51.62393505  020.54481589 
112  51.62393505  020.54481589  51.62397927  020.54494979 
112  51.62371573  020.54499822  51.62353002  020.54508369 
111  51.62371573  020.54499822 
111  51.62375287  020.54524323 
111  51.62394920  020.54516346 
111  51.62397220  020.54509509 
112  51.62397220  020.54509509  51.62402172  020.54508084 
112  51.62416853  020.54620904  51.62433479  020.54722897 
111  51.62416853  020.54620904 
111  51.62410308  020.54629736 
111  51.62411546  020.54647115 
111  51.62419859  020.54654522 
111  51.62429410  020.54650248 
111  51.62432771  020.54637998 
111  51.62429941  020.54623753 
111  51.62422512  020.54618340 
111  51.62398635  020.54457657 
111  51.62403587  020.54443697 
111  51.62434540  020.54432586 
111  51.62440907  020.54438284 
111  51.62445152  020.54461931 
111  51.62448159  020.54460506 
111  51.62449928  020.54472187 
111  51.62453642  020.54470478 
111  51.62451873  020.54459936 
111  51.62454880  020.54457942 
111  51.62451166  020.54435720 
111  51.62455588  020.54423185 
111  51.62462132  020.54420904 
113  51.62471815  020.54426478 
110   2 0.00   0.00 New Taxiway 2
111  51.62586684  020.54757172 
111  51.62492791  020.54455261 
111  51.62491237  020.54415634 
111  51.62505221  020.54389772 
111  51.62514026  020.54393109 
111  51.62522830  020.54417720 
111  51.62531376  020.54408543 
111  51.62522054  020.54384349 
111  51.62524125  020.54371836 
111  51.62553906  020.54342220 
111  51.62549503  020.54329706 
111  51.62504703  020.54372670 
111  51.62485540  020.54367247 
111  51.62469226  020.54339717 
111  51.62442294  020.54152013 
111  51.62431418  020.54156184 
111  51.62432972  020.54166195 
111  51.62434525  020.54182463 
111  51.62465859  020.54396029 
111  51.62471815  020.54426478 
113  51.62575310  020.54764501 
110   2 0.00   0.00 New Taxiway 1
111  51.62611971  020.54988710 
111  51.62607755  020.55026263 
111  51.62601724  020.55028770 
111  51.62592579  020.55100226 
111  51.62597249  020.55107747 
111  51.62596900  020.55123515 
111  51.62612146  020.55117201 
111  51.62604058  020.55103986 
113  51.62616640  020.54987770 
110   2 0.00   0.00 Taxiway 1
111  51.62939983  020.54909143 
112  51.62939983  020.54909143  51.62941520  020.54972549 
111  51.62916906  020.54980086 
111  51.62711797  020.55066806 
111  51.62700044  020.55066195 
111  51.62688291  020.55058867 
112  51.62676538  020.55038102  51.62673814  020.55027447 
111  51.62676538  020.55038102 
111  51.62586684  020.54757172 
111  51.62575310  020.54764501 
111  51.62582135  020.54784654 
112  51.62582135  020.54784654  51.62584473  020.54792895 
111  51.62575310  020.54806028 
111  51.62561192  020.54816973 
111  51.62556717  020.54821361 
111  51.62611971  020.54988710 
111  51.62616640  020.54987770 
111  51.62628897  020.54975234 
111  51.62644461  020.54980249 
111  51.62674617  020.55075207 
112  51.62674617  020.55075207  51.62675395  020.55081788 
111  51.62668975  020.55091190 
111  51.62612146  020.55117201 
111  51.62596900  020.55123515 
111  51.62534450  020.55149380 
111  51.62535392  020.55155779 
111  51.62598956  020.55129506 
112  51.62605052  020.55145228  51.62603690  020.55161525 
111  51.62605052  020.55145228 
112  51.62605052  020.55145228  51.62605052  020.55152437 
111  51.62594191  020.55156723 
111  51.62598166  020.55173303 
111  51.62617204  020.55165464 
111  51.62631815  020.55161390 
112  51.62631815  020.55161390  51.62636679  020.55160449 
111  51.62638235  020.55171105 
111  51.62675200  020.55154809 
112  51.62675200  020.55154809  51.62685901  020.55151048 
111  51.62691932  020.55136945 
111  51.62738041  020.55130051 
111  51.62863917  020.55076458 
111  51.62863139  020.55069250 
112  51.62869170  020.55020044  51.62887264  020.54998733 
111  51.62869170  020.55020044 
111  51.62920727  020.54997164 
112  51.62958720  020.55028859  51.62974339  020.55071066 
113  51.62958720  020.55028859 
111  51.62732983  020.55100278 
112  51.62732983  020.55100278  51.62735512  020.55105919 
111  51.62737068  020.55123469 
111  51.62700881  020.55129111 
112  51.62695239  020.55118768  51.62695239  020.55111247 
111  51.62695239  020.55118768 
112  51.62695239  020.55118768  51.62694461  020.55111874 
113  51.62698741  020.55105606 
111  51.62678897  020.55094951 
111  51.62682788  020.55109367 
111  51.62672671  020.55134125 
112  51.62634733  020.55152929  51.62632204  020.55154496 
111  51.62634733  020.55152929 
112  51.62634733  020.55152929  51.62620920  020.55156377 
111  51.62615472  020.55144781 
112  51.62615472  020.55144781  51.62611581  020.55134438 
112  51.62619169  020.55121276  51.62634345  020.55116575 
113  51.62619169  020.55121276 
110   1 0.00   0.00 New Taxiway 20
111  51.62244804  020.52325561 
111  51.62238071  020.52299283 
111  51.62228231  020.52283016 
112  51.62217818  020.52325857  51.62202253  020.52338079 
111  51.62217818  020.52325857 
112  51.62142523  020.52368162  51.62137270  020.52369103 
111  51.62142523  020.52368162 
112  51.62142523  020.52368162  51.62131044  020.52375683 
111  51.62106335  020.52412974 
111  51.62106140  020.52425823 
112  51.62137854  020.52381637  51.62146998  020.52373176 
111  51.62137854  020.52381637 
112  51.62137854  020.52381637  51.62154975  020.52369416 
111  51.62214900  020.52338079 
112  51.62214900  020.52338079  51.62232410  020.52323663 
113  51.62245063  020.52356009 
110   1 0.00   0.00 New Taxiway 19
111  51.62284425  020.52225041 
112  51.62261399  020.52273841  51.62257703  020.52289196 
111  51.62261399  020.52273841 
112  51.62255757  020.52250024  51.62254784  020.52215866 
111  51.62255757  020.52250024 
111  51.62250504  020.52009351 
111  51.62234745  020.51889955 
111  51.62227935  020.51889955 
111  51.62244667  020.52009977 
111  51.62251282  020.52269453 
112  51.62251282  020.52269453  51.62251811  020.52287189 
111  51.62239884  020.52279265 
111  51.62252589  020.52292516 
111  51.62280541  020.52286355 
112  51.62264512  020.52280735  51.62265290  020.52273214 
111  51.62264512  020.52280735 
112  51.62264512  020.52280735  51.62265096  020.52269766 
113  51.62286756  020.52233384 
110   2 0.00   0.00 New Taxiway 18
111  51.62428137  020.52432725 
111  51.62273657  020.52326176 
111  51.62271477  020.52316806 
111  51.62263060  020.52330672 
111  51.62271711  020.52329936 
111  51.62425674  020.52436912 
111  51.62433821  020.52439940 
111  51.62436954  020.52453062 
111  51.62451681  020.52448015 
111  51.62449920  020.52432125 
111  51.62457127  020.52428645 
113  51.62455755  020.52421771 
110   4 0.00   0.00 New Taxiway 16
111  51.62561192  020.54816973 
111  51.62545004  020.54771653 
112  51.62545004  020.54771653  51.62525064  020.54733569 
112  51.62519937  020.54801019  51.62533040  020.54831302 
111  51.62519937  020.54801019 
112  51.62519937  020.54801019  51.62526203  020.54811113 
111  51.62545289  020.54810655 
112  51.62545289  020.54810655  51.62551271  020.54810655 
113  51.62556717  020.54821361 
112  51.62524209  020.54793219  51.62517088  020.54781289 
111  51.62524209  020.54793219 
112  51.62524209  020.54793219  51.62515949  020.54788172 
112  51.62539307  020.54775324  51.62554974  020.54805149 
111  51.62539307  020.54775324 
112  51.62539307  020.54775324  51.62543295  020.54780830 
113  51.62548992  020.54800560 
110   2 0.00   0.00 New Taxiway 15
111  51.62795961  020.54829924 
111  51.62797671  020.54842313 
111  51.62695692  020.55056143 
111  51.62688291  020.55058867 
111  51.62700044  020.55066195 
111  51.62697971  020.55058896 
111  51.62795392  020.54855620 
111  51.62827011  020.54839560 
111  51.62825871  020.54833595 
111  51.62820459  020.54835430 
113  51.62818180  020.54819370 
110   2 0.00   0.00 New Taxiway 14
111  51.62800253  020.54011441 
112  51.62777497  020.54092603  51.62750677  020.54109621 
111  51.62777497  020.54092603 
111  51.62549503  020.54329706 
111  51.62553906  020.54342220 
111  51.62781560  020.54113549 
112  51.62781560  020.54113549  51.62808380  020.54089985 
113  51.62823009  020.54152821 
110   2 0.00   0.00 New Taxiway 13
111  51.62643905  020.53018991 
112  51.62633797  020.53084550  51.62619010  020.53090046 
111  51.62633797  020.53084550 
111  51.62370140  020.53054248 
111  51.62370140  020.53070098 
111  51.62635140  020.53102941 
112  51.62635140  020.53102941  51.62656751  020.53110270 
113  51.62663643  020.53145030 
110   1 0.00   0.00 New Taxiway 1
111  51.62372855  020.54015622 
111  51.62304081  020.54044202 
111  51.62298239  020.54040996 
111  51.62289265  020.53983010 
111  51.62284706  020.53931548 
111  51.62295486  020.53914748 
111  51.62288722  020.53864740 
111  51.62268105  020.53869939 
111  51.62273956  020.53909565 
111  51.62269582  020.53925128 
111  51.62274889  020.53988634 
111  51.62256866  020.53995431 
111  51.62267561  020.54061320 
111  51.62268549  020.54068065 
113  51.62374326  020.54025097 
110   1 0.00   0.00 New Taxiway 1
111  51.62234745  020.51889955 
111  51.62179571  020.51498599 
112  51.62158102  020.51440799  51.62139863  020.51413999 
111  51.62158102  020.51440799 
111  51.62140602  020.51430756 
112  51.61950299  020.51445717  51.61945179  020.51445717 
111  51.61950299  020.51445717 
112  51.61950299  020.51445717  51.61917019  020.51461694 
111  51.61923161  020.51549772 
112  51.61947857  020.51623020  51.61967377  020.51652397 
111  51.61947857  020.51623020 
112  51.61947857  020.51623020  51.61958417  020.51637451 
111  51.62034912  020.51708240 
112  51.62034912  020.51708240  51.62050592  020.51723186 
111  51.62050145  020.51764332 
111  51.62050145  020.51907675 
112  51.62050145  020.51907675  51.62051425  020.51929322 
111  51.62045664  020.51933499 
111  51.62069489  020.51972287 
112  51.62056134  020.51886676  51.62058694  020.51849568 
111  51.62056134  020.51886676 
111  51.62056381  020.51764332 
112  51.62039447  020.51701407  51.62019608  020.51675637 
111  51.62039447  020.51701407 
112  51.61952639  020.51612771  51.61946879  020.51601432 
111  51.61952639  020.51612771 
112  51.61952639  020.51612771  51.61936319  020.51596278 
111  51.61930613  020.51549022 
112  51.61954788  020.51455025  51.61984548  020.51448325 
111  51.61954788  020.51455025 
111  51.62140849  020.51442036 
112  51.62140849  020.51442036  51.62161329  020.51449767 
111  51.62173628  020.51502222 
113  51.62227935  020.51889955 
130 Airport Boundary 1
111  51.62803940  020.51017753 
111  51.62602083  020.51058884 
111  51.62153290  020.51132765 
111  51.61953810  020.51332893 
111  51.61742857  020.51611085 
111  51.62108050  020.52184936 
111  51.62095901  020.52374912 
111  51.62137441  020.53426524 
111  51.62240110  020.54584909 
111  51.62502610  020.55134843 
112  51.62502610  020.55134843  51.62543695  020.55233369 
112  51.62569057  020.55390998  51.62576361  020.55570404 
111  51.62569057  020.55390998 
111  51.62570826  020.55986803 
111  51.62372932  020.56534134 
111  51.62409256  020.56629322 
111  51.62662942  020.56485350 
111  51.62975302  020.56852387 
111  51.63212757  020.56737862 
111  51.63193680  020.56602685 
111  51.63313992  020.56486739 
111  51.63262600  020.55935818 
111  51.63368549  020.55867223 
111  51.63346618  020.55727981 
111  51.63406308  020.55668013 
111  51.63338306  020.55266847 
113  51.63445070  020.55164400 
14   51.62273153  020.54030021  328 0 TOWER
15   51.62346420  020.53709968 345.07 STOJANKA1
15   51.62839508  020.55067314 254.74 STOJANKA2
15   51.62395375  020.52209942  77.59 STOJANKA3
19   51.62381131  020.54075549 0 New Windsock 5
19   51.62829742  020.54833862 0 New Windsock 6
19   51.62459009  020.52410766 0 New Windsock 7
1      603 1 0 EPTM TOMASZOW MAZOWECKI
100   60.05   1   0 0.00 0 0 0 11   51.58839986  020.08427618    0.00    0.00 0  0 0 0 29   51.58051014  020.11030240    0.00    0.00 0  0 0 0
110   3 0.00   0.00 New Taxiway 13
112  51.59019490  020.09132010  51.59028316  020.09103030 
111  51.59019490  020.09132010 
111  51.58996895  020.09111553 
111  51.58900868  020.09405326 
111  51.58928622  020.09431096 
112  51.58928622  020.09431096  51.58960748  020.09422004 
112  51.58999366  020.09464421  51.59029728  020.09485446 
111  51.58999366  020.09464421 
111  51.59040319  020.09318386 
114  51.59040319  020.09318386  51.58980302  020.09210993 
110   2 0.00   0.00 New Taxiway 1
111  51.58215983  020.08773026 
112  51.58220318  020.08754676  51.58226737  020.08747445 
111  51.58220318  020.08754676 
111  51.58229946  020.08744863 
111  51.58206196  020.08677720 
111  51.58157733  020.08721621 
111  51.58161905  020.08733500 
112  51.58161905  020.08733500  51.58165757  020.08742797 
111  51.58160942  020.08746929 
111  51.58142328  020.08763456 
111  51.58147142  020.08776885 
111  51.58165436  020.08761390 
112  51.58165436  020.08761390  51.58171534  020.08758808 
111  51.58177953  020.08777918 
111  51.58182446  020.08790315 
111  51.58196247  020.08777920 
112  51.58196247  020.08777920  51.58202986  020.08770173 
113  51.58207988  020.08779681 
110   5 0.00   0.00 New Taxiway 12
111  51.58626094  020.08572654 
111  51.58574875  020.08267893 
112  51.58574875  020.08267893  51.58573082  020.08261157 
111  51.58573909  020.08254608 
111  51.58565469  020.08260514 
112  51.58571586  020.08266380  51.58572582  020.08270550 
111  51.58571586  020.08266380 
111  51.58621865  020.08574922 
111  51.58618106  020.08585510 
111  51.58638312  020.08601390 
113  51.58642954  020.08585189 
110   2 0.00   0.00 New Taxiway 11
111  51.58179697  020.09199483 
111  51.58162352  020.09187571 
111  51.58159091  020.09199232 
113  51.58176365  020.09210855 
110   2 0.00   0.00 New Taxiway 10
111  51.58171965  020.09225872 
111  51.58153475  020.09213226 
111  51.58150395  020.09223430 
113  51.58168694  020.09237037 
110   2 0.00   0.00 New Taxiway 9
111  51.58105613  020.09445784 
111  51.58089342  020.09433920 
111  51.58085900  020.09443832 
113  51.58102353  020.09456473 
110   2 0.00   0.00 New Taxiway 8
111  51.58113080  020.09421298 
111  51.58096770  020.09409140 
111  51.58093509  020.09419052 
113  51.58109974  020.09431483 
110   2 0.00   0.00 New Taxiway 7
111  51.58126119  020.09378528 
111  51.58118328  020.09382901 
111  51.58098581  020.09367158 
111  51.58090066  020.09366283 
111  51.58088798  020.09370365 
111  51.58094233  020.09380277 
111  51.58113980  020.09396603 
113  51.58117288  020.09407501 
110   2 0.00 320.00 New Taxiway 5
111  51.58163071  020.09256228 
112  51.58154603  020.09258969  51.58148803  020.09256969 
111  51.58154603  020.09258969 
111  51.58079000  020.09201392 
111  51.58081504  020.09193403 
111  51.58046644  020.09167058 
111  51.58044671  020.09174670 
111  51.57997792  020.09139408 
112  51.57997792  020.09139408  51.57989506  020.09132408 
112  51.57989574  020.09106626  51.57993303  020.09087960 
111  51.57989574  020.09106626 
111  51.58102205  020.08631049 
111  51.58097809  020.08627905 
111  51.57953234  020.09233100 
111  51.57945419  020.09264539 
111  51.57854083  020.09652002 
111  51.57706879  020.10569741 
112  51.57706879  020.10569741  51.57700665  020.10603739 
111  51.57701252  020.10642786 
111  51.57705503  020.10811173 
111  51.57794586  020.10825680 
111  51.57795075  020.10816248 
111  51.57721236  020.10804118 
112  51.57721236  020.10804118  51.57715436  020.10804785 
112  51.57709728  020.10787180  51.57708899  020.10772181 
111  51.57709728  020.10787180 
111  51.57706058  020.10643107 
112  51.57710549  020.10570363  51.57715727  020.10532700 
111  51.57710549  020.10570363 
111  51.57857709  020.09657279 
112  51.57857709  020.09657279  51.57860609  020.09648279 
111  51.57868623  020.09668832 
112  51.57868623  020.09668832  51.57875252  020.09688164 
112  51.57890865  020.09704555  51.57904744  020.09716554 
111  51.57890865  020.09704555 
111  51.57996901  020.09779583 
112  51.57996901  020.09779583  51.58003530  020.09784916 
111  51.58002246  020.09798760 
111  51.58010472  020.09769393 
112  51.57998162  020.09772754  51.57993190  020.09767754 
111  51.57998162  020.09772754 
111  51.57893210  020.09698352 
112  51.57893210  020.09698352  51.57876432  020.09686352 
112  51.57871926  020.09664694  51.57869648  020.09661360 
111  51.57871926  020.09664694 
112  51.57871926  020.09664694  51.57864883  020.09626695 
111  51.57870458  020.09606825 
111  51.57921833  020.09392475 
111  51.57994859  020.09449753 
112  51.57994859  020.09449753  51.57996930  020.09453420 
111  51.57995593  020.09456249 
111  51.57988988  020.09479869 
111  51.58004767  020.09491678 
111  51.58011005  020.09471011 
111  51.58005501  020.09466439 
111  51.58012106  020.09443848 
111  51.58001097  020.09435581 
111  51.57998162  020.09444439 
111  51.57923573  020.09384132 
111  51.57976878  020.09156867 
112  51.57997061  020.09148010  51.58009587  020.09157944 
111  51.57997061  020.09148010 
112  51.58001419  020.09166446  51.57997069  020.09178113 
111  51.58001419  020.09166446 
111  51.57994526  020.09162453 
111  51.57984325  020.09202382 
111  51.58000247  020.09214138 
111  51.58003001  020.09204378 
111  51.58025475  020.09220796 
111  51.58028299  020.09210258 
111  51.58092126  020.09258284 
111  51.58100673  020.09233439 
112  51.58100673  020.09233439  51.58103987  020.09226772 
111  51.58113475  020.09232470 
111  51.58125319  020.09242199 
111  51.58122675  020.09251854 
111  51.58150438  020.09272702 
112  51.58150438  020.09272702  51.58153753  020.09278702 
113  51.58154501  020.09285477 
111  51.58035210  020.09194040 
111  51.58039455  020.09181149 
111  51.58080574  020.09211373 
112  51.58080574  020.09211373  51.58085546  020.09216706 
113  51.58080989  020.09228706 
112  51.58017189  020.09162707  51.58027132  020.09164374 
111  51.58017189  020.09162707 
111  51.58035625  020.09177373 
111  51.58031482  020.09191040 
113  51.58006625  020.09171707 
110   2 0.00   0.00 New Taxiway 4
111  51.58199141  020.09133119 
112  51.58188499  020.09134172  51.58184390  020.09131141 
111  51.58188499  020.09134172 
111  51.58166073  020.09116265 
111  51.58162135  020.09128937 
111  51.58184561  020.09146293 
112  51.58184561  020.09146293  51.58189012  020.09150150 
113  51.58190997  020.09160916 
110   2 0.00   0.00 New Taxiway 3
111  51.58236137  020.09006849 
112  51.58223764  020.09007721  51.58216917  020.09003038 
111  51.58223764  020.09007721 
111  51.58201852  020.08989539 
111  51.58197914  020.09002487 
111  51.58219827  020.09020118 
112  51.58219827  020.09020118  51.58226674  020.09025628 
113  51.58227716  020.09035591 
110   1 0.00   0.00 New Taxiway 2
111  51.58253817  020.08869979 
111  51.58265759  020.08739963 
112  51.58265759  020.08739963  51.58267293  020.08720561 
112  51.58283544  020.08711808  51.58293189  020.08708633 
111  51.58283544  020.08711808 
111  51.58275035  020.08689323 
111  51.58279912  020.08683376 
111  51.58255943  020.08621940 
111  51.58239817  020.08636755 
111  51.58268053  020.08708659 
112  51.58260757  020.08740731  51.58261414  020.08765778 
111  51.58260757  020.08740731 
113  51.58249403  020.08866411 
110   5 0.00   0.00 New Taxiway 6
111  51.58000550  020.10673975 
111  51.57819253  020.10813108 
111  51.57821366  020.10822575 
111  51.58001715  020.10679599 
111  51.58017637  020.10692722 
111  51.58023074  020.10677725 
113  51.58007540  020.10662727 
110   3 0.00   0.00 New Taxiway 4
112  51.57605620  020.12201329  51.57593745  020.12189968 
111  51.57605620  020.12201329 
111  51.57592932  020.12241401 
111  51.57616519  020.12268342 
112  51.57621126  020.12332129  51.57638778  020.12347105 
111  51.57621126  020.12332129 
111  51.57625355  020.12394127 
111  51.57616093  020.12408138 
112  51.57589505  020.12448360  51.57571211  020.12439581 
111  51.57589505  020.12448360 
112  51.57570377  020.12477295  51.57565242  020.12497952 
111  51.57570377  020.12477295 
111  51.57645091  020.12534757 
111  51.57668884  020.12447531 
112  51.57679222  020.12430142  51.57686924  020.12432207 
111  51.57679222  020.12430142 
111  51.57694430  020.12428906 
112  51.57708997  020.12412273  51.57713811  020.12399879 
111  51.57708997  020.12412273 
111  51.57726383  020.12361616 
112  51.57724504  020.12336666  51.57716480  020.12321690 
111  51.57724504  020.12336666 
112  51.57724504  020.12336666  51.57721294  020.12330985 
111  51.57700069  020.12268619 
112  51.57708997  020.12245181  51.57705146  020.12240533 
111  51.57708997  020.12245181 
114  51.57708997  020.12245181  51.57707071  020.12232271 
111  51.57631764  020.12415311 
111  51.57627154  020.12427456 
111  51.57620083  020.12420421 
113  51.57624185  020.12409365 
110   2 0.00   0.00 New Taxiway 3
111  51.58192345  020.10114649 
111  51.58322759  020.09661082 
111  51.58334720  020.09666582 
111  51.58351380  020.09614337 
111  51.58328740  020.09597151 
111  51.58315497  020.09652146 
111  51.58318487  020.09657645 
111  51.58192042  020.10100352 
112  51.58192042  020.10100352  51.58189655  020.10108462 
113  51.58184298  020.10111056 
110   2 0.00   0.00 New Taxiway 2
111  51.58817021  020.08410533 
111  51.58742305  020.08345305 
111  51.58736791  020.08315132 
111  51.58745889  020.08289839 
111  51.58623200  020.08197104 
111  51.58614713  020.08220833 
112  51.58614713  020.08220833  51.58600358  020.08240269 
112  51.58569989  020.08217515  51.58555179  020.08204313 
111  51.58569989  020.08217515 
111  51.58440408  020.08063105 
112  51.58440408  020.08063105  51.58431977  020.08056504 
112  51.58427450  020.08016960  51.58428361  020.07996425 
111  51.58427450  020.08016960 
111  51.58428252  020.07978493 
111  51.58440048  020.07967632 
111  51.58440408  020.07951292 
111  51.58430758  020.07936650 
111  51.58431585  020.07905591 
111  51.58442062  020.07892723 
111  51.58441235  020.07877194 
111  51.58433791  020.07864770 
111  51.58416649  020.07864711 
111  51.58409804  020.07880743 
111  51.58410907  020.07894942 
111  51.58419178  020.07907365 
111  51.58418351  020.07937537 
111  51.58409804  020.07949961 
111  51.58410488  020.07966301 
111  51.58418160  020.07978955 
111  51.58417249  020.08039589 
112  51.58417249  020.08039589  51.58417476  020.08048389 
112  51.58428001  020.08071091  51.58436432  020.08080626 
111  51.58428001  020.08071091 
111  51.58550139  020.08215296 
111  51.58551241  020.08256561 
111  51.58281374  020.08867742 
111  51.58264508  020.08878621 
111  51.58253817  020.08869979 
111  51.58249403  020.08866411 
111  51.58215983  020.08773026 
111  51.58207988  020.08779681 
111  51.58250627  020.08900438 
111  51.58254858  020.08942955 
111  51.58236137  020.09006849 
111  51.58227716  020.09035591 
111  51.58222255  020.09054229 
111  51.58219660  020.09063087 
111  51.58214821  020.09079604 
111  51.58211739  020.09090122 
111  51.58207386  020.09104977 
111  51.58203892  020.09116903 
111  51.58199141  020.09133119 
111  51.58190997  020.09160916 
111  51.58187766  020.09171941 
111  51.58184137  020.09184328 
111  51.58179697  020.09199483 
111  51.58176365  020.09210855 
111  51.58171965  020.09225872 
111  51.58168694  020.09237037 
111  51.58163071  020.09256228 
111  51.58154501  020.09285477 
111  51.58139979  020.09333096 
111  51.58136031  020.09346041 
111  51.58133338  020.09354870 
111  51.58129314  020.09368067 
111  51.58126193  020.09378300 
111  51.58117288  020.09407501 
111  51.58113080  020.09421298 
111  51.58109974  020.09431483 
111  51.58105613  020.09445784 
111  51.58102353  020.09456473 
111  51.58099001  020.09467462 
111  51.58096034  020.09477191 
111  51.58091552  020.09491887 
111  51.58088608  020.09501543 
111  51.58010472  020.09769393 
111  51.58002246  020.09798760 
111  51.57939649  020.09998891 
111  51.57802889  020.10799744 
112  51.57802889  020.10799744  51.57801978  020.10813310 
111  51.57795075  020.10816248 
111  51.57794586  020.10825680 
111  51.57821450  020.10850044 
111  51.57827929  020.10877973 
111  51.57819138  020.10906317 
111  51.57940138  020.10998591 
111  51.57947464  020.10978156 
112  51.57947464  020.10978156  51.57952705  020.10964956 
112  51.57974816  020.10969510  51.57989627  020.10977943 
111  51.57974816  020.10969510 
111  51.58028219  020.11011533 
111  51.58040234  020.10971238 
112  51.58016125  020.10977969  51.58000175  020.10969536 
111  51.58016125  020.10977969 
111  51.57824201  020.10830475 
111  51.57821366  020.10822575 
111  51.57819253  020.10813108 
112  51.57819253  020.10813108  51.57815380  020.10801742 
111  51.57817963  020.10778511 
111  51.57942616  020.10056115 
112  51.57942616  020.10056115  51.57946718  020.10035625 
112  51.57976124  020.10034174  51.57985886  020.10038727 
111  51.57976124  020.10034174 
111  51.58263100  020.10164383 
112  51.58263100  020.10164383  51.58277788  020.10175596 
111  51.58270429  020.10212248 
111  51.58295383  020.10130163 
112  51.58267474  020.10148198  51.58249962  020.10141531 
111  51.58267474  020.10148198 
111  51.58192345  020.10114649 
111  51.58184298  020.10111056 
111  51.57978662  020.10019230 
112  51.57978662  020.10019230  51.57965504  020.10013766 
112  51.57963785  020.09963090  51.57969019  020.09938502 
111  51.57963785  020.09963090 
111  51.57999610  020.09849074 
111  51.58008784  020.09844941 
111  51.58033371  020.09860885 
111  51.58278870  020.09051271 
111  51.58252448  020.09030602 
112  51.58252448  020.09030602  51.58246296  020.09024368 
112  51.58248412  020.09009933  51.58250690  020.09001499 
111  51.58248412  020.09009933 
111  51.58257953  020.08980405 
112  51.58257953  020.08980405  51.58266611  020.08958771 
112  51.58294978  020.08965213  51.58307510  020.08980614 
111  51.58294978  020.08965213 
111  51.58528405  020.09239659 
112  51.58528405  020.09239659  51.58548178  020.09257510 
111  51.58547120  020.09297535 
111  51.58572808  020.09214264 
112  51.58533910  020.09223713  51.58515101  020.09206638 
111  51.58533910  020.09223713 
111  51.58293915  020.08943191 
112  51.58293915  020.08943191  51.58283889  020.08926690 
112  51.58289195  020.08891814  51.58293980  020.08877147 
111  51.58289195  020.08891814 
111  51.58385289  020.08662684 
111  51.58391528  020.08651464 
111  51.58565469  020.08260514 
111  51.58573909  020.08254608 
111  51.58590422  020.08251655 
111  51.58792986  020.08411709 
113  51.58805830  020.08446554 
110   3 0.00   0.00 meteo
111  51.58312322  020.08644678 
111  51.58302613  020.08655927 
111  51.58308827  020.08670925 
113  51.58318924  020.08659676 
130 Airport Boundary 1
111  51.59183759  020.07610570 
111  51.59014685  020.07761385 
111  51.58981270  020.07685026 
111  51.58753567  020.07768753 
111  51.58701663  020.07723966 
111  51.58676503  020.07911537 
111  51.58577035  020.07985990 
111  51.58527738  020.07881029 
111  51.58447656  020.07885453 
111  51.58443609  020.07803827 
112  51.58443609  020.07803827  51.58442427  020.07779099 
112  51.58398237  020.07806162  51.58393045  020.07848507 
111  51.58398237  020.07806162 
111  51.58414917  020.08061235 
112  51.58474452  020.08253009  51.58485090  020.08379504 
111  51.58474452  020.08253009 
111  51.58079138  020.08634103 
111  51.57843948  020.09641885 
111  51.57691708  020.10615352 
111  51.57698990  020.10819795 
111  51.57767133  020.10830588 
111  51.57785019  020.10899056 
111  51.57747393  020.11080933 
111  51.57720883  020.11348834 
111  51.57595965  020.12188246 
111  51.57525012  020.12456950 
111  51.57652208  020.12554407 
111  51.57678166  020.12449989 
111  51.57709631  020.12445748 
111  51.57742873  020.12348042 
111  51.57729434  020.12289239 
111  51.57793629  020.12098987 
111  51.57912601  020.12210370 
111  51.58077849  020.12355086 
111  51.58201914  020.11964263 
111  51.58260109  020.11799824 
112  51.58363465  020.11186049  51.58435755  020.11022153 
111  51.58363465  020.11186049 
112  51.58363465  020.11186049  51.58485044  020.10821248 
112  51.58660392  020.10141622  51.58650275  020.10141622 
111  51.58660392  020.10141622 
112  51.58660392  020.10141622  51.58672195  020.10106345 
111  51.58728712  020.10161468 
112  51.58752995  020.10069526  51.58742878  020.09996259 
111  51.58752995  020.10069526 
112  51.58703128  020.10013322  51.58662660  020.10016035 
111  51.58703128  020.10013322 
111  51.58723834  020.09920291 
112  51.58883256  020.09579855  51.58982741  020.09389901 
111  51.58883256  020.09579855 
111  51.58918513  020.09468843 
111  51.59004968  020.09472297 
111  51.59048809  020.09313427 
112  51.59009873  020.09173059  51.59016618  020.09094362 
111  51.59009873  020.09173059 
111  51.59151820  020.08739621 
111  51.59193055  020.08655005 
112  51.59294635  020.08432906  51.59335103  020.08283653 
111  51.59294635  020.08432906 
111  51.59403013  020.08030477 
111  51.59455103  020.08034847 
113  51.59499541  020.07852900 
120 Linear Feature 23
112  51.58287468  020.08872168  51.58274688  020.08891570   1 
116  51.58247625  020.08876797  51.58238945  020.08861275 
120 Linear Feature 20
112  51.58530714  020.09229936  51.58582075  020.09283102   1 
115  51.58548076  020.09390599 
120 Linear Feature 22
112  51.58256400  020.08965285  51.58260017  020.08938121   1 
112  51.58247625  020.08876797  51.58233157  020.08827903 
111  51.58247625  020.08876797   1 
115  51.58201328  020.08746413 
120 Linear Feature 21
112  51.58296334  020.08956357  51.58275114  020.08938119   1 
116  51.58256400  020.08965285  51.58250613  020.08973046 
120 Linear Feature 19
112  51.58287468  020.08872168  51.58279269  020.08899719   1 
112  51.58296334  020.08956357  51.58317554  020.08974596 
111  51.58296334  020.08956357   1 
111  51.58530714  020.09229936 
112  51.58530714  020.09229936  51.58580490  020.09263719   1 
116  51.58622103  020.09145724  51.58637536  020.09104200 
120 Linear Feature 18
112  51.57981063  020.10028256  51.57950493  020.10009802   1 
116  51.57935238  020.10060143  51.57933068  020.10073336 
120 Linear Feature 17
112  51.58264944  020.10157616  51.58291061  020.10177506   1 
116  51.58267274  020.10319478  51.58242808  020.10420719 
120 Linear Feature 16
112  51.58338729  020.10081998  51.58308050  020.10173865   1 
112  51.58264944  020.10157616  51.58251740  020.10155117 
111  51.58264944  020.10157616   1 
111  51.57981063  020.10028256 
112  51.57981063  020.10028256  51.57950493  020.10009802   1 
116  51.57958151  020.09963283  51.57957752  020.09938887 
120 Linear Feature 15
112  51.58807074  020.08535953  51.58819372  020.08482785   1 
112  51.58795688  020.08402650  51.58764582  020.08370826 
111  51.58795688  020.08402650   1 
111  51.58594649  020.08243450   1 
112  51.58553672  020.08267069  51.58538481  020.08312862 
111  51.58553672  020.08267069   1 
111  51.58287468  020.08872168   1 
111  51.58256400  020.08965285   1 
111  51.57958151  020.09963283 
112  51.57958151  020.09963283  51.57946500  020.09991403   1 
111  51.57935238  020.10060143   1 
111  51.57813298  020.10770643 
112  51.57813298  020.10770643  51.57808249  020.10797513   1 
112  51.57827667  020.10845628  51.57848634  020.10861917 
111  51.57827667  020.10845628   1 
111  51.58018344  020.10989978 
112  51.58018344  020.10989978  51.58057317  020.11018273   1 
116  51.58096790  020.10879995  51.58113489  020.10836875 
14   51.58265720  020.08665926   82 0 New Tower Viewpoint 1
15   51.58179277  020.09328882 205.92 Apron C
15   51.58644515  020.08238321 115.28 Apron D
15   51.57910340  020.10948293 297.51 Apron E
19   51.58936402  020.08406530 1 WS
19   51.57954594  020.11051269 1 WS