1       52 1 1 GOGS CAP SKIRING
100   29.87   1   0 0.25 0 2 0 15   12.39819400 -016.75080600    0.00  249.94 2  0 0 0 33   12.38886900 -016.74144200    0.00    0.00 2  0 0 0
21   12.38994016 -016.74295553  1 315.56   3.00 33  VASI
110   1 0.30 135.56 Default taxiway for RWY 15
111  12.39810146 -016.75090260   3 102 
111  12.39762931 -016.75139548   3 102 
111  12.38830447 -016.74203113   3 102 
111  12.38877662 -016.74153827 
112  12.38896853 -016.74173099  12.38887101 -016.74163627   3 102 
111  12.38875807 -016.74175416   3 102 
112  12.38860748 -016.74191135  12.38849455 -016.74202925   3 102 
111  12.38859050 -016.74212561   3 102 
111  12.39301303 -016.74656687   3 102 
111  12.39339106 -016.74617225 
111  12.39348702 -016.74626861   3 102 
111  12.39310899 -016.74666323   3 102 
112  12.39753152 -016.75110451  12.39762747 -016.75120087   3 102 
111  12.39774040 -016.75108298   3 102 
112  12.39789099 -016.75092578  12.39800393 -016.75080789   3 102 
113  12.39790955 -016.75070988 
120 Default hold RWY 15 (near)
111  12.39791166 -016.75110074   4 
115  12.39781570 -016.75100438 
120 Default hold RWY 15 (centre)
111  12.39329722 -016.74646674   4 
115  12.39320126 -016.74637038 
120 Default hold RWY 15 (far)
111  12.38868278 -016.74183276   4 
115  12.38858682 -016.74173640 
18   12.39419211 -016.74543786 1 BCN
19   12.39866825 -016.75070398 1 WS
19   12.38839475 -016.74154403 1 WS
54 11890 TWR
1       75 1 1 GOGG ZIGUINCHOR
100   29.87   1   0 0.25 0 2 0 10   12.55535800 -016.28888900    0.00   60.05 2  0 0 0 28   12.55587200 -016.27467800    0.00    0.00 2  0 0 0
21   12.55550022 -016.27650911  1 267.88   3.00 28  VASI
110   1 0.30  87.88 Default taxiway for RWY 10
111  12.55522593 -016.28888398   3 102 
111  12.55455212 -016.28885838   3 102 
111  12.55506649 -016.27464741   3 102 
111  12.55574030 -016.27467301 
112  12.55573034 -016.27494822  12.55573308 -016.27481053   3 102 
111  12.55557190 -016.27480440   3 102 
112  12.55535700 -016.27479624  12.55519582 -016.27479012   3 102 
111  12.55519084 -016.27492773   3 102 
111  12.55494611 -016.28168920   3 102 
111  12.55548561 -016.28170969 
111  12.55548063 -016.28184730   3 102 
111  12.55494113 -016.28182681   3 102 
112  12.55469639 -016.28858828  12.55469141 -016.28872589   3 102 
111  12.55485259 -016.28873201   3 102 
112  12.55506749 -016.28874017  12.55522867 -016.28874630   3 102 
113  12.55523589 -016.28860877 
120 Default hold RWY 10 (near)
111  12.55495506 -016.28887369   4 
115  12.55496004 -016.28873609 
120 Default hold RWY 10 (centre)
111  12.55520976 -016.28183701   4 
115  12.55521474 -016.28169940 
120 Default hold RWY 10 (far)
111  12.55546445 -016.27480032   4 
115  12.55546943 -016.27466272 
18   12.55655536 -016.28181984 1 BCN
19   12.55575098 -016.28917952 1 WS
19   12.55547901 -016.27438750 1 WS
54 11870 TWR