1       12 0 1 RPVC CALBAYOG
100   29.87   2   0 0.25 0 0 0 17   12.07918900  124.54348900    0.00   15.24 2  0 0 0 35   12.06622200  124.54669700    0.00   71.63 2  0 0 0
21   12.07751778  124.54425219  2 166.40   3.00 17  PAPI-4L
21   12.06789323  124.54593386  2 346.40   3.00 35  PAPI-4L
110   2 0.30 166.40 Default taxiway for RWY 17
111  12.07915792  124.54335764  53 
111  12.07899937  124.54268743  53 
111  12.06603239  124.54589563  53 
111  12.06619094  124.54656581 
112  12.06645221  124.54650116  12.06632105  124.54653124  53 
111  12.06628313  124.54637093  53 
112  12.06623256  124.54615719  12.06619463  124.54599689  53 
111  12.06632526  124.54596457  53 
111  12.07248216  124.54444128  53 
111  12.07260911  124.54497788 
111  12.07273975  124.54494556  53 
111  12.07261280  124.54440896  53 
112  12.07876970  124.54288566  12.07890033  124.54285334  53 
111  12.07893826  124.54301366  53 
112  12.07898883  124.54322741  12.07902675  124.54338772  53 
113  12.07889665  124.54342228 
120 Default hold RWY 17 (near)
111  12.07909418  124.54308821  54 
115  12.07896354  124.54312053 
120 Default hold RWY 17 (centre)
111  12.07267601  124.54467614  54 
115  12.07254537  124.54470846 
120 Default hold RWY 17 (far)
111  12.06625784  124.54626406  54 
115  12.06612720  124.54629639 
19   12.07954509  124.54382515 1 WS
19   12.06586591  124.54636087 1 WS
1        6 0 1 RPVF CATARMAN
100   29.87   2   0 0.25 0 0 0 04   12.49802800  124.63144400    0.00  266.70 2  0 0 0 22   12.50677800  124.64011100    0.00    0.00 2  0 0 0
110   2 0.30  44.04 Default taxiway for RWY 04
111  12.49793613  124.63154131  53 
111  12.49746741  124.63203779  53 
111  12.50621755  124.64070452  53 
111  12.50668627  124.64020802 
112  12.50649303  124.64001662  12.50658809  124.64011398  53 
111  12.50647597  124.64023274  53 
112  12.50632648  124.64039109  12.50621436  124.64050986  53 
111  12.50611774  124.64041415  53 
111  12.50198422  124.63632004  53 
111  12.50235951  124.63592251 
111  12.50226289  124.63582681  53 
111  12.50188760  124.63622434  53 
112  12.49775408  124.63213023  12.49765746  124.63203453  53 
111  12.49776958  124.63191577  53 
112  12.49791907  124.63175742  12.49803119  124.63163867  53 
113  12.49812937  124.63173271 
120 Default hold RWY 04 (near)
111  12.49774771  124.63174090  54 
115  12.49784433  124.63183660 
120 Default hold RWY 04 (centre)
111  12.50207447  124.63602640  54 
115  12.50217109  124.63612210 
120 Default hold RWY 04 (far)
111  12.50640123  124.64031192  54 
115  12.50649785  124.64040762 
19   12.49811505  124.63095570 1 WS
19   12.50669093  124.64059931 1 WS