1     3222 0 1 5CD  Chandalar Shelf
100   24.38   5   0 0.25 0 0 0 01   68.06270731 -149.58545351    0.00    0.00 1  0 0 0 19   68.06817157 -149.57402483    0.00    0.00 1  0 0 0
19   68.06273701 -149.58650942 1 WS
19   68.06814181 -149.57296867 1 WS
1     2670 0 1 PAGB Galbraith Lake
100   45.72   5   0 0.25 0 2 0 12   68.48511112 -149.50032354    0.00    0.00 1  5 0 0 30   68.47301498 -149.47971924    0.00    0.00 1  0 0 0
21   68.48378460 -149.49685124  1 147.99   3.00 12  VASI
21   68.47434193 -149.48318860  1 328.01   3.00 30  VASI
18   68.47982617 -149.48668956 1 BCN
19   68.48578715 -149.49949121 1 WS
19   68.47233906 -149.48055169 1 WS