1       23 1 0 BIHN Hornafjordur
100   29.87   1   0 0.00 0 3 0 18   64.30226501 -015.23079419    0.00    0.00 2 11 0 1 36   64.28910099 -015.22390464    0.00    0.00 2 11 0 1
21   64.29955775 -015.22849354  2 167.20   3.00 18  PAPI-4L
21   64.29144947 -015.22600319  2 347.21   3.00 36  PAPI-4L
110   1 0.00 270.00 Taxiway
111  64.30186252 -015.23030471 102 
112  64.30193278 -015.23011134  64.30195539 -015.22997578 
111  64.30193278 -015.23011134 102 
112  64.30210157 -015.22807683  64.30206426 -015.22795430 
111  64.30210157 -015.22807683 102 
111  64.30177293 -015.22784188 102 
111  64.30193200 -015.22651495 
111  64.30285133 -015.22698918 102 
111  64.30271113 -015.22842139 102 
111  64.30228701 -015.22818845 
112  64.30228701 -015.22818845  64.30222258 -015.22823016 102 
111  64.30206197 -015.23018774 
112  64.30206197 -015.23018774  64.30205971 -015.23035979 102 
113  64.30207298 -015.23042142 
110   1 0.00   0.00 Taxiway18
111  64.30228307 -015.23048897 
111  64.30243600 -015.23057294 
111  64.30245785 -015.23052676 
111  64.30280193 -015.23071988 
111  64.30273093 -015.23144200 
111  64.30239230 -015.23126987 
111  64.30238320 -015.23116911 
113  64.30222481 -015.23108934 
130 Airport Boundary
111  64.30181636 -015.23275760 
112  64.28854119 -015.22580164  64.28822806 -015.22457211 
112  64.28905405 -015.22093702  64.28931986 -015.22083631 
111  64.29905481 -015.22621082 
111  64.30059339 -015.22552886 
111  64.30345356 -015.22652906 
113  64.30299988 -015.23148461 
14   64.30218087 -015.22648520   82 0 Tower Viewpoint
18   64.29589308 -015.22523329 1 BCN
19   64.30244435 -015.22974568 1 WS
19   64.28910841 -015.22247826 1 WS
50 11910 AFIS
54 11810 INFO
1       30 0 0 BISG Steinasandur
100   22.86   5   0 0.25 0 0 0 06   64.15860447 -015.91139827    0.00    0.00 1  0 0 0 24   64.16268453 -015.90381773    0.00    0.00 1  0 0 0
10   64.16126250 -015.90425970 xxx  39.00   200 0.0 0.0   200 101101  5 0 0 0.25 0
10   64.16154480 -015.90507890 xxx 129.00   150 0.0 0.0    70 101101  5 0 0 0.25 0
19   64.15863791 -015.91224303 1 WS
19   64.16265105 -015.90297284 1 WS
1       59 0 0 BISN Svinafell
100   22.86   5   0 0.25 0 0 0 18   64.38535433 -015.38512846    0.00    0.00 1  0 0 0 36   64.38130827 -015.38153614    0.00    0.00 1  0 0 0
19   64.38565649 -015.38463559 1 WS
19   64.38100612 -015.38202897 1 WS