1      670 1 1 VTUK Khon Kaen
100   45.11   1   0 0.25 0 3 1 03   16.45504700  102.77591100  149.96    0.00 2  0 0 1 21   16.47820800  102.79141400  149.96    0.00 2  0 0 1
21   16.45791400  102.77733298  2  32.69   3.00 03  PAPI-4L
21   16.47534110  102.78999163  2 212.70   3.00 21  PAPI-4L
10   16.46640800  102.78553800 xxx  32.70  1200 0.0 0.0   450 161161  2 0 0 0.25 0
10   16.46850600  102.78629300 xxx  32.70   400 0.0 0.0    70 161161  2 0 0 0.25 0
10   16.46914300  102.78611800 xxx 122.70   330 0.0 0.0    70 161161  2 0 0 0.25 0
10   16.46638900  102.78424100 xxx 122.70   330 0.0 0.0    70 161161  2 0 0 0.25 0
10   16.46574200  102.78379800 xxx 122.70   330 0.0 0.0    70 161161  2 0 0 0.25 0
10   16.47799900  102.79090900 xxx  32.70   300 0.0 0.0    80 161161  1 0 0 0.25 0
10   16.45557600  102.77590200 xxx  32.70   300 0.0 0.0    80 161161  1 0 0 0.25 0
10   16.47748900  102.79068800 xxx   2.70   160 0.0 0.0    80 101101  1 0 0 0.25 0
10   16.45598400  102.77629100 xxx  62.70   160 0.0 0.0    80 161161  1 0 0 0.25 0
10   16.46596700  102.78344700 xxx  77.70   100 0.0 0.0   100 161161  2 0 0 0.25 0
10   16.46661400  102.78388200 xxx  77.70   100 0.0 0.0   100 161161  2 0 0 0.25 0
10   16.46937900  102.78573600 xxx  77.70   100 0.0 0.0   100 161161  2 0 0 0.25 0
10   16.46884500  102.78639200 xxx 167.70   100 0.0 0.0    80 161161  2 0 0 0.25 0
14   16.46518100  102.78413400   30 0 ATC Tower
15   16.46627400  102.78586600 303.00 Platform
18   16.46706600  102.78295100 1 BCN
19   16.45548400  102.77520000 1 WS
19   16.47777000  102.79213000 1 WS
54 12225 TWR
55 12340 APP
1      787 1 0 VT85 Nam Phong
100   45.11   2   0 0.25 0 0 1 01   16.63838300  102.96578600    0.00  259.08 2  0 0 0 19   16.66668900  102.96949200    0.00  256.03 2  0 0 0
10   16.65282400  102.96562200 xxx   7.15 10300 0.0 0.0    75 101101  2 0 0 0.35 0
10   16.64943900  102.96403500 xxx   7.15  1100 0.0 0.0   750 101101  2 0 0 0.35 0
10   16.65920100  102.96776600 xxx 152.15   800 0.0 0.0    75 101101  2 0 0 0.25 0
10   16.64614700  102.96608700 xxx  42.15   800 0.0 0.0    75 101101  2 0 0 0.35 0
10   16.63867400  102.96466800 xxx  97.15   700 0.0 0.0    75 101101  2 0 0 0.35 0
10   16.66669700  102.96833800 xxx  97.15   700 0.0 0.0    75 101101  2 0 0 0.35 0
10   16.66015600  102.96695700 xxx  97.15   250 0.0 0.0    75 101101  2 0 0 0.25 0
10   16.64541100  102.96505700 xxx  97.15   250 0.0 0.0    75 101101  2 0 0 0.25 0
10   16.64643100  102.96656000 xxx  20.15   150 0.0 0.0   120 101101  2 0 0 0.25 0
10   16.65875100  102.96820800 xxx 167.15   150 0.0 0.0   120 101101  2 0 0 0.25 0
10   16.64545100  102.96476000 xxx  52.15   101 0.0 0.0   100 101101  2 0 0 0.25 0
10   16.66019200  102.96669000 xxx  52.15   101 0.0 0.0   100 101101  2 0 0 0.25 0
10   16.66647100  102.96925400 xxx 142.15   100 0.0 0.0    75 101101  2 0 0 0.25 0
10   16.66667600  102.96756000 xxx  52.15   100 0.0 0.0    75 101101  2 0 0 0.25 0
10   16.63867200  102.96562200 xxx  52.15   100 0.0 0.0    75 101101  2 0 0 0.25 0
10   16.63888400  102.96392100 xxx 142.15   100 0.0 0.0    75 101101  2 0 0 0.25 0
14   16.65177700  102.96302800   15 0 ATC Tower
15   16.65002400  102.96346300  97.00 Platform
19   16.63848300  102.96494300 0 WS
19   16.66658800  102.97033700 0 WS
1      705 0 0 VTUG Phu Khieo
100   39.93   4   0 0.00 0 0 0 4    16.36720100  102.16313600    0.00    0.00 0  0 0 0 22   16.35956000  102.15719300    0.00    0.00 0  0 0 0
110   4 0.00   0.00 ramp
112  16.36729191  102.16300524  16.36738305  102.16287388 
111  16.36823221  102.16172340 
111  16.36771886  102.16129426 
111  16.36747822  102.16163980 
111  16.36780442  102.16191289 
112  16.36728571  102.16263184  16.36722762  102.16270935 
112  16.36694347  102.16272658  16.36685594  102.16271035 
111  16.36694347  102.16272658 
114  16.36694347  102.16272658  16.36694836  102.16286303 
14   16.36720849  102.16252283    6 0 Phu Khieo Viewpoint
15   16.36807248  102.16174801 124.12 Phu Khieo Start
19   16.36700757  102.16250712 0 Phu Khieo Windsock