1      960 0 0 VTUE Nam Phong Dam
100   24.08   3   0 0.00 0 0 0 8    16.97515244  103.97193268    0.00    0.00 0  0 0 0 26   16.97725239  103.96729576    0.00    0.00 0  0 0 0
14   16.97604227  103.96955643    6 0 Nam Phong Dam Viewpoint
15   16.97610951  103.96971109 321.66 Nam Phong Dam Start
19   16.97613640  103.96940880 0 Nam Phong Dam Windsock
1      945 0 0 VTUF Nam Phung Dam South
100   22.86   3   0 0.00 0 0 0 6    16.96199310  103.96751569    0.00    0.00 0  0 0 0 24   16.96410600  103.96932800    0.00    0.00 0  0 0 0
14   16.96389268  103.96931524    6 0 NP Dam South Viewpoint
15   16.96405614  103.96928617 219.40 NP Dam South Start
19   16.96202891  103.96713096 1 WS
19   16.96407019  103.96971273 1 WS
1      459 1 0 VTUR Rob Muang RTA
100   29.87   1   0 0.25 0 0 1 17   16.07453300  103.64487800    0.00    0.00 2  0 0 0 35   16.06616700  103.64692500    0.00    0.00 2  0 0 0
10   16.06769900  103.64572100 xxx 166.77   650 0.0 0.0   170 101101  1 0 0 0.35 0
10   16.06743000  103.64626300 xxx 256.77   180 0.0 0.0    50 101101  1 0 0 0.35 0
10   16.06748200  103.64648400 xxx 211.77    71 0.0 0.0    70 101101  1 0 0 0.35 0
10   16.06737300  103.64603400 xxx 211.77    71 0.0 0.0    70 101101  1 0 0 0.35 0
14   16.06838400  103.64505800    6 0 ATC Tower
15   16.06775500  103.64559900 120.00 Platform
19   16.07465600  103.64542400 0 WS
19   16.06604400  103.64638500 0 WS
53 12540 GND
54 11975 TWR
55 12540 APP
1      451 1 0 VTUV Roi Et
100   45.11   1   0 0.25 0 3 1 18   16.12625800  103.77422200    0.00   60.05 2  0 0 0 36   16.10726100  103.77337500    0.00   60.05 3  7 0 0
21   16.12444264  103.77455882  2 182.45   3.00 18  PAPI-4L
21   16.10990407  103.77307510  2   2.45   3.00 36  PAPI-4L
10   16.11670100  103.77600900 xxx 182.45   900 0.0 0.0   250 161161  2 0 0 0.35 0
10   16.11787800  103.77487900 xxx 272.45   600 0.0 0.0    75 161161  2 0 0 0.35 0
10   16.11562000  103.77479600 xxx 272.45   600 0.0 0.0    75 161161  2 0 0 0.35 0
10   16.11791000  103.77406300 xxx 227.45   100 0.0 0.0   100 161161  2 0 0 0.35 0
10   16.11565000  103.77396400 xxx  47.45   100 0.0 0.0   100 161161  2 0 0 0.35 0
10   16.11572500  103.77557400 xxx  47.45   100 0.0 0.0    50 161161  2 0 0 0.25 0
10   16.11770200  103.77565800 xxx 137.45   100 0.0 0.0    40 161161  2 0 0 0.25 0
14   16.11812600  103.77671800   30 0 ATC Tower
15   16.11639200  103.77615400 317.00 Platform
18   16.11672600  103.77464300 1 BCN
19   16.12622300  103.77506300 1 WS
19   16.10729600  103.77253000 1 WS
54 11975 TWR
55 12540 APP