1      524 0 0 VTUT Loeng Nok Tha
100   36.88   1   0 0.00 0 0 0 3    16.15362585  104.58973413    0.00  160.02 0  0 0 0 21   16.16569719  104.59668267    0.00  152.10 0  0 0 0
110   1 0.00  28.90 turn21
112  16.16569719  104.59668267  16.16570475  104.59685582 
111  16.16569719  104.59668267 
112  16.16569719  104.59668267  16.16577656  104.59656462 
112  16.16583556  104.59641905  16.16586958  104.59632854 
112  16.16580154  104.59608850  16.16575241  104.59600192 
112  16.16551808  104.59588387  16.16541225  104.59586419 
112  16.16520437  104.59595470  16.16510610  104.59600979 
112  16.16483397  104.59600192  16.16461854  104.59593503 
111  16.16483397  104.59600192 
114  16.16483397  104.59600192  16.16489445  104.59611211 
110   1 0.00 118.90 ramp
112  16.15362585  104.58973413  16.15351150  104.58994651 
111  16.15362585  104.58973413 
112  16.15362585  104.58973413  16.15374583  104.58963172 
112  16.15413522  104.58985098  16.15427885  104.58993362 
111  16.15413522  104.58985098 
112  16.15413522  104.58985098  16.15396136  104.58970146 
112  16.15398734  104.58944004  16.15404403  104.58933773 
112  16.15418765  104.58908560  16.15424057  104.58900297 
112  16.15446967  104.58900045  16.15456038  104.58905160 
112  16.15865113  104.59142729  16.15873806  104.59147844 
112  16.15871044  104.59171141  16.15865752  104.59181372 
112  16.15851535  104.59209441  16.15845110  104.59220459 
111  16.15816957  104.59217563 
111  16.15873932  104.59249785 
112  16.15865510  104.59217186  16.15871557  104.59205774 
112  16.15890911  104.59166617  16.15898092  104.59151664 
112  16.15889438  104.59111033  16.15896619  104.59099228 
111  16.15910778  104.59073086 
111  16.15479469  104.58821950 
112  16.15458449  104.58858403  16.15445976  104.58878471 
114  16.15401416  104.58899063  16.15390833  104.58918344 
130 Loeng Nok Tha Boundary
111  16.15237531  104.58838221 
111  16.15183945  104.58933601 
111  16.16668806  104.59817218 
111  16.16732764  104.59696643 
111  16.15928968  104.59190948 
111  16.16020583  104.58985791 
111  16.15503734  104.58703249 
113  16.15374090  104.58919204 
14   16.15614968  104.58877243    6 0 Loeng Nok Tha Viewpoint
15   16.15730825  104.58994487 208.90 Loeng Nok Tha Start
19   16.15652237  104.59064497 0 Loeng Nok Tha Windsock
1      509 1 1 VLSK SAVANNAKHET
100   38.10   2   0 0.25 0 0 0 04   16.55088900  104.75468100    0.00  251.46 2  0 0 0 22   16.56230000  104.76438100    0.00  200.25 2  0 0 0
110   2 0.30  39.17 Default taxiway for RWY 04
111  16.55078213  104.75481783  53 
111  16.55023927  104.75551291  53 
111  16.56165049  104.76521238  53 
111  16.56219335  104.76451727 
112  16.56192754  104.76429133  16.56205903  104.76440612  53 
111  16.56192909  104.76457251  53 
112  16.56175582  104.76479436  16.56162588  104.76496075  53 
111  16.56149297  104.76484778  53 
111  16.55611963  104.76028048  53 
111  16.55655420  104.75972404 
111  16.55642129  104.75961107  53 
111  16.55598672  104.76016750  53 
112  16.55061337  104.75560020  16.55048047  104.75548722  53 
111  16.55061041  104.75532084  53 
112  16.55078368  104.75509900  16.55091362  104.75493262  53 
113  16.55104794  104.75504377 
120 Default hold RWY 04 (near)
111  16.55056414  104.75509695  54 
115  16.55069705  104.75520992 
120 Default hold RWY 04 (centre)
111  16.55620330  104.75989019  54 
115  16.55633621  104.76000317 
120 Default hold RWY 04 (far)
111  16.56184246  104.76468344  54 
115  16.56197536  104.76479641 
19   16.55094719  104.75404022 1 WS
19   16.56224178  104.76502181 1 WS
54 11850 TWR