1     1491 0 1 MMTG ANGEL ALBINO CORZO
100   45.11   1   0 0.25 0 0 0 14   16.57143100 -093.03223600    0.00    0.00 2  0 0 0 32   16.55221100 -093.01992800    0.00    0.00 2  0 0 0
21   16.57010685 -093.03089709  2 148.46   3.00 14  PAPI-4L
21   16.55353523 -093.02126671  2 328.46   3.00 32  PAPI-4L
110   1 0.30 148.46 Default taxiway for RWY 14
111  16.57132599 -093.03241448   3 
111  16.57079387 -093.03331891   3 
111  16.55157423 -093.02100957   3 
111  16.55210635 -093.02010524 
112  16.55245233 -093.02032682  16.55227816 -093.02021803   3 
111  16.55215073 -093.02043459   3 
112  16.55198083 -093.02072334  16.55185341 -093.02093990   3 
111  16.55202640 -093.02105069   3 
111  16.56120375 -093.02692837   3 
111  16.56162968 -093.02620447 
111  16.56180266 -093.02631526   3 
111  16.56137673 -093.02703916   3 
112  16.57055408 -093.03291684  16.57072707 -093.03302763   3 
111  16.57085449 -093.03281105   3 
112  16.57102439 -093.03252228  16.57115182 -093.03230569   3 
113  16.57098001 -093.03219290 
120 Default hold RWY 14 (near)
111  16.57111243 -093.03277745   4 
115  16.57093944 -093.03266666 
120 Default hold RWY 14 (centre)
111  16.56158910 -093.02667821   4 
115  16.56141612 -093.02656742 
120 Default hold RWY 14 (far)
111  16.55206578 -093.02057896   4 
115  16.55189279 -093.02046817 
19   16.57209555 -093.03191612 1 WS
19   16.55154648 -093.02024788 1 WS
1     1909 1 1 MMTB GENERAL DIV P A ANGEL H CORZO MOLINA
100   41.15   1   0 0.25 0 0 0 17   16.74965300 -093.17345000   56.39    0.00 2  0 0 0 35   16.73018300 -093.17314200   60.96    0.00 2  0 0 0
21   16.73252538 -093.17357918  2 359.13   3.00 35  PAPI-4L
110   1 0.30 179.13 Default taxiway for RWY 17
111  16.74965023 -093.17364098   3 
111  16.74963617 -093.17460999   3 
111  16.73016617 -093.17430185   3 
111  16.73018023 -093.17333293 
112  16.73055049 -093.17333879  16.73036533 -093.17333821   3 
111  16.73036196 -093.17357019   3 
112  16.73035747 -093.17387949  16.73035411 -093.17411146   3 
111  16.73053924 -093.17411440   3 
111  16.73981142 -093.17426113   3 
111  16.73982267 -093.17348549 
111  16.74000780 -093.17348842   3 
111  16.73999655 -093.17426406   3 
112  16.74926872 -093.17441080  16.74945385 -093.17441373   3 
111  16.74945721 -093.17418173   3 
112  16.74946170 -093.17387240  16.74946507 -093.17364040   3 
113  16.74927997 -093.17363512 
120 Default hold RWY 17 (near)
111  16.74964459 -093.17403000   4 
115  16.74945946 -093.17402707 
120 Default hold RWY 17 (centre)
111  16.74000216 -093.17387742   4 
115  16.73981703 -093.17387449 
120 Default hold RWY 17 (far)
111  16.73035972 -093.17372484   4 
115  16.73017459 -093.17372191 
19   16.75003165 -093.17287729 1 WS
19   16.72980435 -093.17371464 1 WS
54 11845 TUXTLA TWR
55 11860 TUXTLA APP