1      210 0 0 SJDJ Arenhart
100   22.86   3   0 0.00 0 0 0 12  -29.88801129 -057.14177210    0.00    0.00 0  0 0 0 30  -29.88921093 -057.13822790    0.00    0.00 0  0 0 0
130 Airport Boundary
111 -29.88899697 -057.13639875 
111 -29.88673033 -057.14309524 
111 -29.88822525 -057.14360125 
113 -29.89049189 -057.13690476 
19  -29.88894727 -057.14011379 0 Windsock
1      229 1 1 SATU CURUZU CUATIA
100   30.48   1   0 0.25 0 2 0 01  -29.78016100 -057.97920000    0.00  140.21 2  0 0 0 19  -29.76102800 -057.97875300  929.64  182.88 2  0 0 0
110   1 0.30   1.16 Default taxiway for RWY 01
111 -29.78016374 -057.97904461   3 102 
111 -29.78017769 -057.97825209   3 102 
111 -29.76104469 -057.97780518   3 102 
111 -29.76103074 -057.97859755 
112 -29.76130498 -057.97860396 -29.76116790 -057.97859817   3 102 
111 -29.76117124 -057.97840862   3 102 
112 -29.76117569 -057.97815589 -29.76117902 -057.97796635   3 102 
111 -29.76131614 -057.97796955   3 102 
111 -29.77053984 -057.97818501   3 102 
111 -29.77052868 -057.97881948 
111 -29.77066580 -057.97882268   3 102 
111 -29.77067696 -057.97818821   3 102 
112 -29.77990066 -057.97840367 -29.78003778 -057.97840688   3 102 
111 -29.78003445 -057.97859646   3 102 
112 -29.78003000 -057.97884923 -29.78002666 -057.97903882   3 102 
113 -29.77988950 -057.97903820 
120 Default hold RWY 01 (near)
111 -29.78016934 -057.97872605   4 
115 -29.78003222 -057.97872285 
120 Default hold RWY 01 (centre)
111 -29.77067140 -057.97850415   4 
115 -29.77053428 -057.97850095 
120 Default hold RWY 01 (far)
111 -29.76117346 -057.97828226   4 
115 -29.76103634 -057.97827905 
18  -29.77057598 -057.98008227 1 BCN
19  -29.78042690 -057.97968037 1 WS
19  -29.76076210 -057.97827273 1 WS
1      265 0 0 SA8N LIBERTAD LA ESMERALDA
100   22.86   4   0 0.00 0 0 0 07  -29.99546768 -057.84211548    0.00    0.00 0  0 0 0 25  -29.99231009 -057.83344007    0.00    0.00 0  0 0 0
19  -29.99526416 -057.84247189 1 WS
19  -29.99251360 -057.83308366 1 WS
1      230 1 1 SARL PASO DE LOS LIBRES
100   44.81   1   0 0.25 0 2 0 18  -29.67935000 -057.15393300   70.10    0.00 2  0 0 0 36  -29.69949700 -057.15021900  307.85    0.00 2  0 0 0
110   1 0.30 170.90 Default taxiway for RWY 18
111 -29.67938152 -057.15415958   3 102 
111 -29.67954126 -057.15530780   3 102 
111 -29.69968831 -057.15159481   3 102 
111 -29.69952857 -057.15044636 
112 -29.69913043 -057.15051975 -29.69932986 -057.15048562   3 102 
111 -29.69936811 -057.15076063   3 102 
112 -29.69941911 -057.15112732 -29.69945737 -057.15140233   3 102 
111 -29.69925830 -057.15143902   3 102 
111 -29.68968245 -057.15320381   3 102 
111 -29.68955458 -057.15228463 
111 -29.68935551 -057.15232132   3 102 
111 -29.68948338 -057.15324050   3 102 
112 -29.67990754 -057.15500529 -29.67970846 -057.15504198   3 102 
111 -29.67967020 -057.15476702   3 102 
112 -29.67961920 -057.15440040 -29.67958095 -057.15412544   3 102 
113 -29.67977967 -057.15408620 
120 Default hold RWY 18 (near)
111 -29.67944563 -057.15462040   4 
115 -29.67964470 -057.15458371 
120 Default hold RWY 18 (centre)
111 -29.68941962 -057.15278219   4 
115 -29.68961869 -057.15274550 
120 Default hold RWY 18 (far)
111 -29.69939361 -057.15094398   4 
115 -29.69959268 -057.15090728 
18  -29.68919990 -057.15047397 1 BCN
19  -29.67885644 -057.15332054 1 WS
19  -29.69999057 -057.15083157 1 WS
54 12030 LIBRES TWR/APP
54 11850 LIBRES TWR/APP
54 11810 LIBRES TWR/APP
1      256 0 0 SBUG Rubem Berta
100   29.87   1   0 0.25 0 1 1 09  -29.78280000 -057.04544200    0.00   59.44 2  0 0 0 27  -29.78156100 -057.02999200    0.00   59.44 2  0 0 0
100   61.57   3   0 0.25 0 0 0 04  -29.78470000 -057.04066100    0.00    0.00 1  0 0 0 22  -29.77857200 -057.03571400    0.00    0.00 1  0 0 0
10  -29.78344200 -057.03738800 xxx  60.00   500 0.0 0.0   300 161161  1 0 0 0.35 0
10  -29.78257600 -057.03698700 xxx 174.72   250 0.0 0.0    74 161161  1 0 0 0.35 0
14  -29.78471900 -057.03703700    0 0 ATC Tower
15  -29.78355000 -057.03736900 150.00 Ramp
18  -29.78164500 -057.03777700 1 BCN
19  -29.78226500 -057.04549800 1 WS
19  -29.78209700 -057.02993800 1 WS
19  -29.78406300 -057.04171400 1 WS
19  -29.77920700 -057.03466800 1 WS
54 11810 URUGUAIANA RDO
54 12590 URUGUAIANA RDO