1     2209 0 0 SSBG Aeroclube de Bento Goncalves
100   29.87   4   0 0.00 0 0 0 13  -29.14625501 -051.54104157    0.00    0.00 0  0 0 0 31  -29.15041165 -051.53173622    0.00    0.00 0  0 0 0
130 Airport Boundary
111 -29.15034591 -051.52987368 
111 -29.14482396 -051.54223551 
111 -29.14632074 -051.54290411 
113 -29.15184269 -051.53054228 
19  -29.14874492 -051.53657275 0 Windsock
1     2472 1 0 SBCX Campo Dos Bugres
100   29.87   1   0 0.00 0 1 1 15  -29.19069714 -051.19459710  274.93    0.00 2  0 0 0 33  -29.20343086 -051.18046667    0.00   64.01 2  0 0 0
21  -29.19296883 -051.19164993  1 135.93   3.00 15  VASI
21  -29.20299804 -051.18136049  1 315.92   3.00 33  VASI
110   1 0.00 135.00 Patio Aeroclube
111 -29.19432103 -051.19036339  20 
112 -29.19423855 -051.19033453 -29.19419552 -051.19028052 
111 -29.19423855 -051.19033453 
112 -29.19423855 -051.19033453 -29.19423225 -051.19032627  20 
112 -29.19423083 -051.19030578 -29.19423173 -051.19029238  20 
112 -29.19430734 -051.18999438 -29.19433054 -051.18981457 
111 -29.19430734 -051.18999438 
112 -29.19430734 -051.18999438 -29.19431134 -051.18977591  20 
112 -29.19429265 -051.18972474 -29.19428896 -051.18969545  20 
111 -29.19420981 -051.18932505  20 
111 -29.19419282 -051.18918078  20 
111 -29.19410128 -051.18915706   1 
111 -29.19405749 -051.18935462  20 
111 -29.19414097 -051.18937837  20 
112 -29.19419030 -051.18948998 -29.19419987 -051.18951556  20 
112 -29.19424820 -051.18972433 -29.19425458 -051.18975722  20 
112 -29.19426483 -051.18991917 -29.19426004 -051.19002515  20 
111 -29.19424048 -051.19010681  20 
111 -29.19419802 -051.19025272  20 
112 -29.19418644 -051.19027925 -29.19418194 -051.19028750  20 
111 -29.19417100 -051.19028589  20 
112 -29.19411117 -051.19025272 -29.19409857 -051.19024654  20 
112 -29.19405134 -051.19023283 -29.19402163 -051.19022767  20 
112 -29.19400309 -051.19023061 -29.19398958 -051.19023061 
111 -29.19400309 -051.19023061 
112 -29.19400309 -051.19023061 -29.19397698 -051.19023165  20 
112 -29.19374061 -051.19032347 -29.19368658 -051.19033688 
111 -29.19374061 -051.19032347 
112 -29.19374061 -051.19032347 -29.19372440 -051.19032450  20 
111 -29.19369815 -051.19032568 
111 -29.19359778 -051.19036341  20 
112 -29.19358041 -051.19040306 -29.19357051 -051.19041647  20 
111 -29.19354760 -051.19043401  20 
111 -29.19316353 -051.19067278  20 
111 -29.19271962 -051.19095798  20 
112 -29.19269716 -051.19095240 -29.19268906 -051.19094518  20 
111 -29.19260885 -051.19083839  20 
111 -29.19240044 -051.19107433  20 
111 -29.19235493 -051.19101882  20 
111 -29.19230063 -051.19107470  20 
111 -29.19252153 -051.19133444  20 
111 -29.19276373 -051.19105322  20 
111 -29.19273886 -051.19102850  20 
112 -29.19273090 -051.19101546 -29.19273270 -051.19101133  20 
112 -29.19273699 -051.19099335 -29.19274510 -051.19098304 
111 -29.19273699 -051.19099335 
112 -29.19273699 -051.19099335 -29.19274510 -051.19098304  20 
112 -29.19319634 -051.19069931 -29.19334490 -051.19060649 
111 -29.19319634 -051.19069931 
112 -29.19319634 -051.19069931 -29.19352227 -051.19048582  20 
112 -29.19396256 -051.19028367 -29.19407691 -051.19023932 
111 -29.19396256 -051.19028367 
112 -29.19396256 -051.19028367 -29.19397426 -051.19028058  20 
112 -29.19405713 -051.19027704 -29.19409765 -051.19028735  20 
111 -29.19412854 -051.19030578  20 
112 -29.19421539 -051.19037432 -29.19423880 -051.19040629  20 
113 -29.19425175 -051.19043731 
110   1 0.00 135.00 New Taxiway 2
111 -29.19248677 -051.19137568 
111 -29.19252153 -051.19133444 
111 -29.19230063 -051.19107470 
113 -29.19226636 -051.19111345 
110   2 0.00 135.00 Patio Aero2
111 -29.19356162 -051.19013350 
111 -29.19346869 -051.19023880 
111 -29.19359744 -051.19036360 
111 -29.19369738 -051.19032543 
113 -29.19370009 -051.19031821 
110   1 0.00  45.00 Patio1
111 -29.19637356 -051.18808294   3 102 
112 -29.19619228 -051.18814851 -29.19608751 -051.18814101   3 102 
112 -29.19603686 -051.18809348 -29.19602989 -051.18808816   3 102 
112 -29.19571341 -051.18772380 -29.19570686 -051.18771349   1 102 
112 -29.19569212 -051.18763707 -29.19569376 -051.18758832 
111 -29.19569212 -051.18763707 
112 -29.19569212 -051.18763707 -29.19569049 -051.18759675   1 102 
112 -29.19570165 -051.18757233 -29.19570902 -051.18755639   1 
111 -29.19584145 -051.18740476   1 
111 -29.19526916 -051.18674495   1 
111 -29.19480402 -051.18726295   1 
111 -29.19467343 -051.18727572   1 
111 -29.19477938 -051.18740406   1 
111 -29.19477867 -051.18740496  20 
111 -29.19529429 -051.18801278   1 
111 -29.19543907 -051.18785309   1 102 
112 -29.19552823 -051.18781510 -29.19557898 -051.18781604   1 102 
111 -29.19560170 -051.18784704   3 102 
112 -29.19594079 -051.18822943 -29.19594734 -051.18824162   3 102 
112 -29.19597061 -051.18841076 -29.19597142 -051.18850640   3 102 
113 -29.19591989 -051.18858627 
110   1 0.00 135.00 Patio1 1
111 -29.19477869 -051.18740493   1 
111 -29.19423340 -051.18797817   1 
111 -29.19419902 -051.18815544   1 
111 -29.19455254 -051.18856132   1 
111 -29.19479384 -051.18859074   1 
114 -29.19529500 -051.18801189 -29.19529500 -051.18800883 
110   1 0.00 135.00 Escape33
111 -29.20394042 -051.18011732 
111 -29.20374892 -051.17989527 
111 -29.20333557 -051.18035544 
113 -29.20352240 -051.18058016 
110   1 0.00 165.00 TaxiPatio2
111 -29.19901768 -051.18514904   1 102 
112 -29.19890470 -051.18516194 -29.19884235 -051.18515031   1 102 
111 -29.19879938 -051.18509131   1 102 
111 -29.19854763 -051.18479410   1 102 
112 -29.19795422 -051.18409372 -29.19794766 -051.18408513 
111 -29.19795422 -051.18409372 
112 -29.19795422 -051.18409372 -29.19791891 -051.18405968   1 
112 -29.19776156 -051.18400838 -29.19763718 -051.18401352 
111 -29.19776156 -051.18400838 
112 -29.19776156 -051.18400838 -29.19774562 -051.18401053   1 
112 -29.19743788 -051.18409372 -29.19741903 -051.18409538 
111 -29.19743788 -051.18409372 
112 -29.19743788 -051.18409372 -29.19741758 -051.18409040   1 
111 -29.19737366 -051.18391127   1 
111 -29.19652593 -051.18420555   1 
111 -29.19664284 -051.18466910   1 
111 -29.19734928 -051.18445289   1 
112 -29.19734544 -051.18437328 -29.19734979 -051.18435999   1 
112 -29.19738659 -051.18432191 -29.19742139 -051.18428536   1 
111 -29.19746231 -051.18425283   1 
112 -29.19772302 -051.18417059 -29.19779420 -051.18415627   1 
112 -29.19786993 -051.18420800 -29.19788155 -051.18422089 
111 -29.19786993 -051.18420800 
112 -29.19786993 -051.18420800 -29.19788416 -051.18421640   1 102 
111 -29.19844474 -051.18488831   1 102 
111 -29.19871195 -051.18519885   1 102 
112 -29.19874395 -051.18532544 -29.19874685 -051.18541680   1 102 
113 -29.19873213 -051.18546583 
110   1 0.00 135.00 Fim15
111 -29.19079088 -051.19470054 102 
112 -29.19112900 -051.19469589 -29.19127820 -051.19454279 
111 -29.19112900 -051.19469589 
112 -29.19112900 -051.19469589 -29.19132679 -051.19450939 102 
112 -29.19131023 -051.19412580 -29.19144566 -051.19386915 
111 -29.19131023 -051.19412580 
114 -29.19131023 -051.19412580 -29.19113913 -051.19428568 
110   1 0.00 133.00 Fim33
111 -29.20334675 -051.18034335   1 102 
112 -29.20301344 -051.18035382 -29.20280518 -051.18054611   1 102 
112 -29.20282184 -051.18092724 -29.20267575 -051.18108391 
111 -29.20282184 -051.18092724 
114 -29.20282184 -051.18092724 -29.20297415 -051.18082041 
110   1 0.00 140.00 Bombeiros
111 -29.19863595 -051.18558250 
112 -29.19859158 -051.18557715 -29.19857193 -051.18556496 
111 -29.19856122 -051.18555040 
111 -29.19793384 -051.18481047 
111 -29.19804880 -051.18468843 
111 -29.19778165 -051.18435506 
111 -29.19751875 -051.18467292 
111 -29.19776330 -051.18499806 
111 -29.19788645 -051.18486562 
111 -29.19851451 -051.18559053 
112 -29.19853553 -051.18562263 -29.19854944 -051.18564982 
113 -29.19853786 -051.18568951 
120 Linear Feature 4
111 -29.19882239 -051.18521249   1 
112 -29.19898206 -051.18527078 -29.19909610 -051.18526676   1 
115 -29.19917155 -051.18518837 
120 EsperaT2
111 -29.19845141 -051.18489606   5 
115 -29.19855027 -051.18479743 
120 Linha Aero5
111 -29.19355302 -051.19048503   5 
115 -29.19353471 -051.19044204 
120 Linha Aero 3
111 -29.19421750 -051.19033944   1 
112 -29.19421145 -051.19030566 -29.19421145 -051.19028233   1 
111 -29.19422344 -051.19024663   1 
112 -29.19427737 -051.19003248 -29.19428336 -051.18996796 
111 -29.19427737 -051.19003248 
112 -29.19427737 -051.19003248 -29.19428802 -051.18998263   1 
112 -29.19428644 -051.18984712 -29.19428404 -051.18981692   1 
112 -29.19427179 -051.18972728 -29.19426460 -051.18968472 
111 -29.19427179 -051.18972728 
112 -29.19427179 -051.18972728 -29.19426341 -051.18968472   1 
116 -29.19417512 -051.18936074 -29.19412581 -051.18921634 
120 Linha Aero2
111 -29.19371179 -051.19036362   1 
112 -29.19367475 -051.19036237 -29.19365949 -051.19035987 
111 -29.19367475 -051.19036237 
112 -29.19367475 -051.19036237 -29.19365840 -051.19035862   1 
111 -29.19364205 -051.19034989   1 
112 -29.19363770 -051.19038234 -29.19363553 -051.19039606   1 
115 -29.19363226 -051.19041104 
120 Linha Aero
111 -29.19427592 -051.19041047   1 
111 -29.19421766 -051.19033934   1 
111 -29.19412077 -051.19027755   1 
112 -29.19404646 -051.19025245 -29.19401456 -051.19024747   1 
112 -29.19398905 -051.19025411 -29.19397822 -051.19025566 
111 -29.19398905 -051.19025411 
112 -29.19398905 -051.19025411 -29.19395455 -051.19026341   1 
111 -29.19371238 -051.19036366   1 
111 -29.19337694 -051.19056307   1 
111 -29.19309803 -051.19074081   1 
115 -29.19271521 -051.19098166 
120 Linha Aero 6
111 -29.19424940 -051.18973019   5 
115 -29.19429258 -051.18972440 
120 Linha Branca
111 -29.19529734 -051.18800918  20 
115 -29.19467569 -051.18727869 
120 LinhaPatio1
111 -29.19569603 -051.18795178   5 
115 -29.19580376 -051.18782820 
120 Marca1Patio1
111 -29.19639985 -051.18826798   1 
112 -29.19623638 -051.18832149 -29.19613833 -051.18832262   1 
115 -29.19606773 -051.18825736 
120 Marca1Patio1
111 -29.19525019 -051.18696965   1 
112 -29.19557558 -051.18735518 -29.19558333 -051.18736850 
111 -29.19557558 -051.18735518 
112 -29.19557558 -051.18735518 -29.19560502 -051.18744040   1 
112 -29.19557196 -051.18755408 -29.19556477 -051.18760488 
111 -29.19557196 -051.18755408 
112 -29.19557196 -051.18755408 -29.19556477 -051.18760762   1 
115 -29.19556756 -051.18767312 
120 Marca1Patio1
111 -29.19604290 -051.18866175   1 
112 -29.19612061 -051.18845167 -29.19611439 -051.18835553   1 
111 -29.19606763 -051.18825728   1 
111 -29.19575383 -051.18788909   1 
111 -29.19556733 -051.18767189   1 
112 -29.19544611 -051.18762916 -29.19539016 -051.18764340   1 
111 -29.19537772 -051.18761492   1 
115 -29.19503581 -051.18722324 
120 Linha Fim33
112 -29.20298527 -051.18095739 -29.20313707 -051.18078884   1 
112 -29.20308436 -051.18046516 -29.20310531 -051.18041997 
111 -29.20308436 -051.18046516 
112 -29.20308436 -051.18046516 -29.20314112 -051.18032112   1 
115 -29.20329120 -051.18040359 
120 LinhaPatio2
111 -29.19880338 -051.18559562   1 
112 -29.19886866 -051.18540334 -29.19886017 -051.18527444   1 
111 -29.19882203 -051.18521106   1 
111 -29.19850188 -051.18483718   1 
111 -29.19791751 -051.18414640   1 
112 -29.19783815 -051.18408990 -29.19778295 -051.18406802 
111 -29.19783815 -051.18408990 
112 -29.19783815 -051.18408990 -29.19777570 -051.18406968   1 
111 -29.19773412 -051.18408587   1 
115 -29.19744194 -051.18417358 
14  -29.19479980 -051.18682369    0 0 ATC Tower
15  -29.19257413 -051.19122306  60.00 Aeroclube Ramp
15  -29.19709269 -051.18447605  75.00 Colombo Ramp
15  -29.19676600 -051.18457593  75.00 Migra Ramp
15  -29.19538782 -051.18713066  42.00 Ramp 1
15  -29.19518163 -051.18738692  42.00 Ramp 2
15  -29.19725990 -051.18441895  75.00 Randon Ramp
18  -29.19429433 -051.18923140 1 BCN
19  -29.19447263 -051.18904037 1 WS
54 13160 CAXIAS RDO
1       26 1 0 SBCO Canoas
100   44.20   1   0 0.25 0 1 1 12  -29.94180300 -051.15781700    0.00  353.26 2  8 0 0 30  -29.95008600 -051.13091700    0.00  312.42 2  0 0 0
21  -29.94203194 -051.15570651  2 109.57   3.00 12  PAPI-4L
21  -29.94983205 -051.13301729  1 289.56   3.00 30  VASI
10  -29.94471500 -051.14430200 xxx 109.29  8663 0.0 0.0    68 161161  1 0 0 0.35 0
10  -29.94231800 -051.14744200 xxx  80.00  1300 0.0 0.0   300 161161  2 0 0 0.35 0
10  -29.94350600 -051.14519500 xxx 349.00   800 0.0 0.0    74 161161  1 0 0 0.25 0
10  -29.94264800 -051.14941800 xxx  20.00   300 0.0 0.0   300 161161  2 0 0 0.25 0
10  -29.94355200 -051.15015000 xxx 199.90   414 0.0 0.0    68 161161  1 0 0 0.25 0
10  -29.94837000 -051.13435700 xxx 199.00   414 0.0 0.0    68 161161  1 0 0 0.25 0
10  -29.94509100 -051.14514500 xxx 199.29   411 0.0 0.0    68 161161  1 0 0 0.35 0
10  -29.94130700 -051.15741000 xxx 199.29   411 0.0 0.0    68 161161  1 0 0 0.35 0
10  -29.94911800 -051.13170200 xxx 199.29   411 0.0 0.0    68 161161  1 0 0 0.35 0
14  -29.94412600 -051.14385200    0 0 ATC Tower
15  -29.94216700 -051.14769000 350.00 Ramp
18  -29.94532200 -051.14419900 1 BCN
19  -29.94139700 -051.15714300 1 WS
19  -29.95066500 -051.13183200 1 WS
50 12785 ATIS
53 12170 GND
54 12280 TWR
54 11850 TWR
55 11900 PALEGRE APP
55 12010 PALEGRE APP
55 12055 PALEGRE APP
55 12890 PALEGRE APP
1     2566 0 0 SIFQ Condominio Menega
100   17.98   4   0 0.00 0 0 0 09  -29.04551802 -051.14257695    0.00    0.00 0  0 0 0 27  -29.04337087 -051.13520084    0.00    0.00 0  0 0 0
130 Airport Boundary
111 -29.04216765 -051.13379692 
111 -29.04525628 -051.14440731 
111 -29.04672123 -051.14398087 
113 -29.04363260 -051.13337048 
19  -29.04476339 -051.13879604 0 Windsock
1       26 0 0 SSJC Fazenda do Jacui
100   20.12   3   0 0.00 0 0 0 06  -29.98555517 -051.30299057    0.00    0.00 0  0 0 0 24  -29.98055595 -051.29812054    0.00    0.00 0  0 0 0
130 Airport Boundary
111 -29.97886036 -051.29751282 
111 -29.98620707 -051.30466967 
111 -29.98725076 -051.30359829 
113 -29.97990405 -051.29644144 
19  -29.98329454 -051.30031024 0 Windsock
1     2231 1 1 SSGA Garibaldi
100   29.87   1   0 0.25 0 0 0 14  -29.26535800 -051.53613600    0.00    0.00 2  0 0 0 32  -29.27286100 -051.52720800    0.00    0.00 2  0 0 0
110   1 0.30 133.93 Default taxiway for RWY 14
111 -29.26545317 -051.53624111   3 
111 -29.26593875 -051.53677739   3 
111 -29.27344205 -051.52785010   3 
111 -29.27295647 -051.52731378 
112 -29.27276996 -051.52753568 -29.27286483 -051.52742652   3 
111 -29.27298098 -051.52755480   3 
112 -29.27313585 -051.52772585 -29.27325200 -051.52785414   3 
111 -29.27315875 -051.52796509   3 
111 -29.26964024 -051.53215136   3 
111 -29.26925145 -051.53172196 
111 -29.26915819 -051.53183291   3 
111 -29.26954698 -051.53226231   3 
112 -29.26602847 -051.53644858 -29.26593521 -051.53655954   3 
111 -29.26581906 -051.53643126   3 
112 -29.26566419 -051.53626023 -29.26554804 -051.53613195   3 
113 -29.26563968 -051.53601920 
120 Default hold RWY 14 (near)
111 -29.26564837 -051.53645669   4 
115 -29.26574162 -051.53634575 
120 Default hold RWY 14 (centre)
111 -29.26935339 -051.53204851   4 
115 -29.26944665 -051.53193756 
120 Default hold RWY 14 (far)
111 -29.27305841 -051.52764033   4 
115 -29.27315167 -051.52752938 
19  -29.26488112 -051.53603722 1 WS
19  -29.27333789 -051.52730675 1 WS
1      125 1 1 SSNG Montenegro
100   13.11   2   0 0.25 0 2 0 13  -29.71735682 -051.49344149    0.00    0.00 2 10 0 0 31  -29.72097858 -051.48489111    0.00    0.00 2 10 0 0
21  -29.71793920 -051.49146277  1 116.00   3.00 13  VASI
21  -29.72039633 -051.48686995  1 296.00   3.00 31  VASI
110   2 0.30 116.00 Default taxiway for RWY 13
111 -29.71740780 -051.49347012  53 102 
111 -29.71767485 -051.49362011  53 102 
111 -29.72129688 -051.48507005  53 102 
111 -29.72102983 -051.48492006 
112 -29.72097813 -051.48504212 -29.72100600 -051.48498222  53 102 
111 -29.72106961 -051.48501795  53 102 
112 -29.72115442 -051.48506558 -29.72121802 -051.48510130  53 102 
111 -29.72119217 -051.48516233  53 102 
111 -29.71944578 -051.48928479  53 102 
111 -29.71923174 -051.48916457 
111 -29.71920589 -051.48922560  53 102 
111 -29.71941993 -051.48934582  53 102 
112 -29.71767355 -051.49346828 -29.71764769 -051.49352931  53 102 
111 -29.71758409 -051.49349359  53 102 
112 -29.71749928 -051.49344595 -29.71743567 -051.49341023  53 102 
113 -29.71745951 -051.49334806 
120 Default hold RWY 13 (near)
111 -29.71751583 -051.49353080  54 
115 -29.71754168 -051.49346977 
120 Default hold RWY 13 (centre)
111 -29.71931392 -051.48928628  54 
115 -29.71933977 -051.48922525 
120 Default hold RWY 13 (far)
111 -29.72111201 -051.48504176  54 
115 -29.72113786 -051.48498073 
18  -29.71879789 -051.48895870 1 BCN
19  -29.71714733 -051.49347493 1 WS
19  -29.72118807 -051.48485765 1 WS
1       66 1 1 SSNH Novo Hamburgo
100   17.07   2   0 0.25 0 2 0 02  -29.70120181 -051.08231847    0.00    0.00 2 10 0 0 20  -29.69046459 -051.08101933    0.00    0.00 2 10 0 0
21  -29.69938592 -051.08238557  1   6.00   3.00 02  VASI
21  -29.69228048 -051.08095221  1 186.00   3.00 20  VASI
110   2 0.30   6.00 Default taxiway for RWY 02
111 -29.70120960 -051.08223311  53 102 
111 -29.70124998 -051.08179086  53 102 
111 -29.69051277 -051.08049163  53 102 
111 -29.69047239 -051.08093384 
112 -29.69062515 -051.08095233 -29.69054901 -051.08094050  53 102 
111 -29.69055864 -051.08083499  53 102 
112 -29.69057149 -051.08069431 -29.69058112 -051.08058880  53 102 
111 -29.69065750 -051.08059805  53 102 
111 -29.69583515 -051.08122456  53 102 
111 -29.69580280 -051.08157885 
111 -29.69587918 -051.08158809  53 102 
111 -29.69591153 -051.08123380  53 102 
112 -29.70108918 -051.08186030 -29.70116557 -051.08186955  53 102 
111 -29.70115594 -051.08197508  53 102 
112 -29.70114309 -051.08211577 -29.70113346 -051.08222129  53 102 
113 -29.70105683 -051.08221462 
120 Default hold RWY 02 (near)
111 -29.70122590 -051.08205466  54 
115 -29.70114952 -051.08204542 
120 Default hold RWY 02 (centre)
111 -29.69589548 -051.08140966  54 
115 -29.69581910 -051.08140042 
120 Default hold RWY 02 (far)
111 -29.69056507 -051.08076465  54 
115 -29.69048869 -051.08075541 
18  -29.69577700 -051.08228438 1 BCN
19  -29.70133049 -051.08260077 1 WS
19  -29.69033590 -051.08073707 1 WS
1      105 0 0 SSEE Regional do Vale do Taquari
100   17.98   3   0 0.00 0 0 0 06  -29.45535377 -051.93615076    0.00    0.00 0  0 0 0 24  -29.45131289 -051.93218258    0.00    0.00 0  0 0 0
130 Airport Boundary
111 -29.44963295 -051.93156716 
111 -29.45599958 -051.93781926 
111 -29.45703372 -051.93676617 
113 -29.45066709 -051.93051408 
19  -29.45355634 -051.93393958 0 Windsock
1       11 1 0 SBPA Salgado Filho
100   42.06   1   0 0.00 0 3 1 11  -29.99414205 -051.18326698    0.00   70.10 3  1 0 0 29  -29.99471395 -051.15958495    0.00   60.05 2  0 0 0
21  -29.99383631 -051.17978467  2  91.60   2.00 11  PAPI-4L
21  -29.99505386 -051.16167288  2 271.59   1.00 29  PAPI-4L
110   1 0.00   0.00 Taxi G
111 -29.99447218 -051.18306266 102 
111 -29.99433759 -051.18295897 
111 -29.99433199 -051.18320124 102 
111 -29.99481030 -051.18355795   5 
113 -29.99490870 -051.18337149 102 
110   1 0.00   0.00 TaxiG
111 -29.99481030 -051.18355795 
112 -29.99638309 -051.18470866 -29.99638057 -051.18470866 
112 -29.99649222 -051.18450832 -29.99649222 -051.18449958 
113 -29.99490870 -051.18337149 
110   1 0.00   0.00 Taxi I
111 -29.99466480 -051.17711911   3 102 
112 -29.99456710 -051.17704860 -29.99452696 -051.17699628   3 102 
111 -29.99448143 -051.17692067 
111 -29.99446450 -051.17759998   3 102 
112 -29.99458847 -051.17740466 -29.99464415 -051.17737177   3 102 
111 -29.99468617 -051.17735530   3 102 
111 -29.99509556 -051.17737293   5 
113 -29.99509835 -051.17714026   3 102 
110   1 0.00   0.00 TaxiI
111 -29.99607979 -051.17699723 
112 -29.99599400 -051.17710503 -29.99595956 -051.17713327 
111 -29.99591578 -051.17715165 
111 -29.99509835 -051.17714026 
111 -29.99509556 -051.17737293 
111 -29.99589055 -051.17741677 
112 -29.99599653 -051.17748087 -29.99602648 -051.17750911 
113 -29.99606266 -051.17759043 
110   1 0.00   0.00 Taxi E
111 -29.99447038 -051.16199110   3 102 
112 -29.99428080 -051.16227784 -29.99421065 -051.16233476   3 102 
111 -29.99413672 -051.16233913   3 102 
111 -29.99382581 -051.16234351   5 
111 -29.99382012 -051.16263464   3 102 
112 -29.99419928 -051.16267404 -29.99422397 -051.16269158   3 102 
112 -29.99432630 -051.16277911 -29.99437180 -051.16284258   3 102 
113 -29.99443625 -051.16305053 
110   1 0.00   0.00 Taxi F
111 -29.99434336 -051.16723793   3 102 
112 -29.99421445 -051.16740647 -29.99416705 -051.16745025   3 102 
111 -29.99410259 -051.16745682   3 102 
111 -29.99369879 -051.16744806   5 
111 -29.99369690 -051.16774138   3 102 
111 -29.99403245 -051.16776108   3 102 
112 -29.99419359 -051.16785739 -29.99423720 -051.16791430   3 102 
113 -29.99431871 -051.16817040 
110   1 0.00   0.00 Taxi C
111 -29.99412724 -051.17614241   3 102 
111 -29.99403624 -051.17647731   3 102 
112 -29.99388458 -051.17686475 -29.99378790 -051.17694355   3 102 
111 -29.99374619 -051.17693479   3 102 
111 -29.99348836 -051.17694793   5 
111 -29.99348267 -051.17748421   3 102 
111 -29.99386562 -051.17750391   3 102 
111 -29.99396231 -051.17752361 
112 -29.99396231 -051.17752361 -29.99407416 -051.17763743   3 102 
113 -29.99408932 -051.17777971 
110   1 0.00   0.00 TaxiC
111 -29.99348267 -051.17748421 
111 -29.99348836 -051.17694793   3 102 
111 -29.99305984 -051.17693423   2 
113 -29.99305358 -051.17746083   3 102 
110   1 0.00  90.00 Taxi A
111 -29.99398102 -051.18214506   3 102 
112 -29.99377396 -051.18234809 -29.99365537 -051.18238305   3 102 
111 -29.99356958 -051.18228982   3 102 
111 -29.99331880 -051.18175514   5 
111 -29.99299679 -051.18190525 
112 -29.99296903 -051.18198391 -29.99292866 -051.18203053 
111 -29.99287567 -051.18203927   5 
111 -29.99272932 -051.18236266 
113 -29.99395816 -051.18312015 
110   1 0.00   0.00 Taxi D
111 -29.99382581 -051.16234351 102 
111 -29.99318684 -051.16232357 102 
112 -29.99283989 -051.16244535 -29.99265392 -051.16259918 102 
111 -29.99261229 -051.16281389 102 
111 -29.99249849 -051.16730054 102 
111 -29.99228754 -051.17581871   1 102 
111 -29.99222022 -051.17668229   2 
111 -29.99263993 -051.17667874   1 102 
111 -29.99256510 -051.17582832 102 
111 -29.99255400 -051.17568411 102 
111 -29.99268445 -051.17035464 102 
111 -29.99274274 -051.16806967 102 
112 -29.99287597 -051.16778444 -29.99297589 -051.16772355 102 
111 -29.99303418 -051.16772035 102 
111 -29.99369690 -051.16774138 
111 -29.99369879 -051.16744806 102 
111 -29.99296201 -051.16741590 102 
112 -29.99283434 -051.16734539 -29.99278993 -051.16729091 102 
111 -29.99275940 -051.16721079 102 
111 -29.99286209 -051.16294847 102 
112 -29.99298144 -051.16269209 -29.99308414 -051.16261518 102 
111 -29.99320904 -051.16261518 102 
113 -29.99382012 -051.16263464 
110   1 0.00  90.00 Cabeceira
111 -29.99452697 -051.15956882   3 102 
112 -29.99423851 -051.16002400 -29.99427377 -051.16033116 
111 -29.99423851 -051.16002400 
112 -29.99423851 -051.16002400 -29.99424813 -051.16024974   3 102 
112 -29.99438915 -051.16040887 -29.99445325 -051.16056430 
111 -29.99438915 -051.16040887 
112 -29.99438915 -051.16040887 -29.99446607 -051.16056800   3 102 
112 -29.99450133 -051.16065312 -29.99451736 -051.16073453 
111 -29.99450133 -051.16065312 
114 -29.99450133 -051.16065312 -29.99451415 -051.16053470 
110   2 0.00   0.00 New Taxiway 10
111 -29.98979825 -051.17841254 
111 -29.98978141 -051.17909402 
111 -29.99092043 -051.17912849 
111 -29.99099295 -051.17593683 
111 -29.99039998 -051.17592206 
113 -29.99033173 -051.17841924 
110   2 0.00  27.00 New Taxiway 9
111 -29.99189859 -051.18256100 
111 -29.99236703 -051.18146489 
111 -29.98914418 -051.17964766 
113 -29.98870073 -051.18059233 
110   1 0.00  90.00 Patio1e2
112 -29.99275156 -051.17993652 -29.99272320 -051.17970212   3 102 
111 -29.99285555 -051.17760504 
112 -29.99285555 -051.17760504 -29.99287346 -051.17746372   3 102 
111 -29.99305358 -051.17746083 
111 -29.99306307 -051.17693193   3 102 
112 -29.99270260 -051.17685199 -29.99263841 -051.17676237   3 102 
111 -29.99263993 -051.17667874 
111 -29.99222022 -051.17668229 
111 -29.99222022 -051.17668229   3 102 
112 -29.99195770 -051.17694154 -29.99175618 -051.17692948   3 102 
111 -29.99166619 -051.17669495   3 102 
111 -29.99168432 -051.17582248   3 
111 -29.99030313 -051.17580241 
111 -29.99022282 -051.17834220 
111 -29.98980211 -051.17834428 
111 -29.98952507 -051.17932944 
111 -29.98932454 -051.17924497 
111 -29.98869715 -051.18059078 
111 -29.99167046 -051.18239955 
111 -29.99157191 -051.18262713 
111 -29.99248352 -051.18312293 
111 -29.99279422 -051.18239094 
111 -29.99274731 -051.18236774 
111 -29.99290771 -051.18203165 
112 -29.99298032 -051.18199152 -29.99301318 -051.18196136 
111 -29.99301118 -051.18191082 
113 -29.99331880 -051.18175514   3 102 
111 -29.99296666 -051.18184211   3 102 
112 -29.99295572 -051.18197275 -29.99292646 -051.18201608   3 102 
111 -29.99288025 -051.18199834   3 102 
112 -29.99255389 -051.18179778 -29.99249629 -051.18171280   3 102 
111 -29.99222752 -051.18112169   3 102 
112 -29.99220192 -051.18101086 -29.99220099 -051.18095521   3 102 
111 -29.99221472 -051.18091849   3 102 
111 -29.99243550 -051.18048994   3 102 
112 -29.99248072 -051.18044191 -29.99250203 -051.18044833   3 102 
113 -29.99251549 -051.18049733   3 102 
111 -29.99268628 -051.18233821 
111 -29.99260542 -051.18249971 
111 -29.99239562 -051.18235840 
113 -29.99247048 -051.18220007 
111 -29.99236968 -051.18214159 
111 -29.99228758 -051.18231411 
111 -29.99208233 -051.18218709 
113 -29.99214801 -051.18202026 
112 -29.99156771 -051.18068237 -29.99154608 -051.18075731   3 102 
111 -29.99144992 -051.18076564   3 102 
111 -29.99102921 -051.18049640   3 102 
112 -29.99098834 -051.18041590 -29.99097098 -051.18037223   3 102 
112 -29.99096747 -051.18033440 -29.99096121 -051.18030546   3 102 
111 -29.99101230 -051.18017967   3 102 
113 -29.99153165 -051.18049084   3 102 
112 -29.99051315 -051.18016445 -29.99047614 -051.18028125   3 102 
112 -29.99039718 -051.18028410 -29.99035647 -051.18026986   3 102 
112 -29.98988275 -051.17988813 -29.98984081 -051.17973430   3 102 
112 -29.98994937 -051.17960041 -29.98997034 -051.17958617   3 102 
113 -29.99046133 -051.17989810   3 102 
111 -29.99173969 -051.17762705   3 102 
112 -29.99168009 -051.17752487 -29.99166925 -051.17743102   3 102 
111 -29.99172344 -051.17740391   3 102 
111 -29.99214428 -051.17739974   3 102 
112 -29.99224605 -051.17752993 -29.99223544 -051.17762251   3 102 
113 -29.99219069 -051.17764092   3 102 
110   1 0.00   0.00 Patio3
111 -29.99703690 -051.17744158 
111 -29.99706895 -051.17535804 
111 -29.99643434 -051.17533213 
113 -29.99638306 -051.17744528 
110   2 0.00  33.00 Patio4
111 -29.99638309 -051.18470866 
111 -29.99631009 -051.18487367 
111 -29.99644996 -051.18498872 
111 -29.99593660 -051.18598353 
111 -29.99613776 -051.18613322 
111 -29.99653560 -051.18542093 
111 -29.99858293 -051.18685067 
111 -29.99899419 -051.18607644 
111 -29.99815827 -051.18554481 
111 -29.99855164 -051.18466218 
111 -29.99706755 -051.18382087 
111 -29.99673676 -051.18449186 
112 -29.99664289 -051.18453315 -29.99658721 -051.18454661 
113 -29.99649222 -051.18450832 
110   1 0.00   0.00 New Taxiway 3
111 -29.99639947 -051.18443338 
112 -29.99648067 -051.18344537 -29.99650565 -051.18324344 
111 -29.99660542 -051.18297936 
111 -29.99709276 -051.18191648 
111 -29.99791096 -051.18015681 
111 -29.99876040 -051.18058230 
111 -29.99879162 -051.18052460 
111 -29.99862923 -051.18041643 
111 -29.99892279 -051.18030825 
111 -29.99925382 -051.18053182 
111 -29.99936624 -051.18032989 
111 -29.99901647 -051.18008468 
111 -29.99892903 -051.18022892 
111 -29.99854804 -051.18038037 
111 -29.99796717 -051.18008468 
111 -29.99842312 -051.17921927 
111 -30.00155853 -051.18134677 
111 -30.00158976 -051.18127465 
111 -29.99848558 -051.17913992 
111 -30.00028438 -051.17564213 
111 -30.00149607 -051.17332707 
112 -30.00143361 -051.17298089 -30.00136630 -051.17287357 
112 -30.00122750 -051.17275011 -30.00106724 -051.17261317 
112 -30.00073408 -051.17249047 -30.00057062 -051.17244236 
111 -30.00027189 -051.17243278 
111 -30.00016571 -051.17263472 
111 -30.00024066 -051.17268520 
112 -30.00067787 -051.17260587 -30.00088620 -051.17264288 
112 -30.00112132 -051.17280059 -30.00132965 -051.17296713 
111 -30.00135241 -051.17320447 
111 -30.00115879 -051.17357949 
112 -30.00103388 -051.17359392 -30.00095375 -051.17357171 
111 -30.00089022 -051.17353622 
111 -30.00032185 -051.17305311 
111 -30.00025315 -051.17318292 
111 -30.00009076 -051.17310359 
111 -30.00003454 -051.17319014 
111 -30.00019694 -051.17335601 
111 -30.00042803 -051.17326226 
111 -30.00104637 -051.17378872 
111 -30.00060292 -051.17464694 
112 -30.00050298 -051.17446664 -30.00046132 -051.17433711 
112 -30.00027230 -051.17398240 -30.00015050 -051.17382326 
111 -29.99997209 -051.17376709 
111 -29.99985342 -051.17396181 
111 -29.99972225 -051.17434404 
112 -30.00010325 -051.17434404 -30.00025709 -051.17445877 
111 -30.00029687 -051.17465415 
111 -30.00018444 -051.17466857 
111 -30.00012199 -051.17456039 
111 -29.99997209 -051.17456761 
111 -29.99997833 -051.17497147 
111 -30.00014072 -051.17497868 
111 -30.00020943 -051.17479839 
111 -30.00040929 -051.17478396 
112 -30.00045302 -051.17484887 -30.00045943 -051.17490068 
111 -30.00044677 -051.17492820 
111 -30.00001581 -051.17576478 
111 -29.99955986 -051.17545467 
111 -29.99922259 -051.17544746 
111 -29.99921634 -051.17667348 
111 -29.99944119 -051.17686098 
111 -29.99839189 -051.17887307 
111 -29.99792970 -051.17975291 
111 -29.99703655 -051.17906058 
111 -29.99660558 -051.17986109 
111 -29.99672425 -051.17994042 
111 -29.99680545 -051.17982503 
111 -29.99719269 -051.18007023 
112 -29.99738631 -051.18040197 -29.99741516 -051.18060922 
111 -29.99735508 -051.18072651 
111 -29.99699283 -051.18051015 
112 -29.99693661 -051.18035149 -29.99689495 -051.18028858 
111 -29.99681794 -051.18021447 
111 -29.99665555 -051.18054621 
111 -29.99677422 -051.18062554 
112 -29.99687415 -051.18063996 -29.99693661 -051.18063275 
111 -29.99693661 -051.18063275 
111 -29.99722392 -051.18078420 
112 -29.99729887 -051.18092122 -29.99731136 -051.18100777 
111 -29.99731136 -051.18100777 
111 -29.99649431 -051.18271758 
112 -29.99631828 -051.18322173 -29.99626831 -051.18345250 
111 -29.99626206 -051.18369049 
113 -29.99621210 -051.18432512 
112 -29.99736770 -051.18014596 -29.99729399 -051.17999423 
111 -29.99720104 -051.17985360 
111 -29.99722347 -051.17978698 
111 -29.99718501 -051.17973147 
111 -29.99724270 -051.17960934 
111 -29.99732604 -051.17959454 
111 -29.99739975 -051.17943911 
111 -29.99785808 -051.17991281 
113 -29.99752475 -051.18051604 
111 -29.99705040 -051.17980179 
111 -29.99687732 -051.17968336 
111 -29.99707283 -051.17929848 
113 -29.99724911 -051.17943541 
110   1 0.00   0.00 New Taxiway 11
111 -29.99626614 -051.18435113 
112 -29.99617652 -051.18419592 -29.99613516 -051.18411234 
111 -29.99612999 -051.18401881 
111 -29.99614894 -051.18325068 
111 -29.99627475 -051.17761707 
112 -29.99631095 -051.17750365 -29.99634197 -051.17746186 
111 -29.99638306 -051.17744528 
111 -29.99639884 -051.17709570 
112 -29.99632301 -051.17709172 -29.99629544 -051.17708177 
111 -29.99630061 -051.17696436 
111 -29.99638161 -051.17360529 
111 -29.99638850 -051.17333465 
112 -29.99643331 -051.17313565 -29.99647640 -051.17306998 
111 -29.99652293 -051.17306401 
111 -29.99844801 -051.17310779 
111 -29.99846180 -051.17283914 
111 -29.99696930 -051.17279537 
111 -29.99645916 -051.17279139 
112 -29.99628165 -051.17290681 -29.99618169 -051.17299835 
111 -29.99616101 -051.17324710 
111 -29.99608001 -051.17695640 
111 -29.99605933 -051.17763100 
111 -29.99591800 -051.18349146 
111 -29.99590077 -051.18372627 
112 -29.99581287 -051.18387950 -29.99575600 -051.18391532 
113 -29.99564570 -051.18391731 
110   1 0.00   0.00 New Taxiway 6
111 -29.99652476 -051.18265878 
111 -29.99613054 -051.18329161 
111 -29.99613054 -051.18345815 
113 -29.99635810 -051.18311768 
110   1 0.00   0.00 New Taxiway 8
111 -29.99840257 -051.17887041 
112 -29.99834051 -051.17872264 -29.99828370 -051.17863459 
111 -29.99823968 -051.17859278 
111 -29.99801087 -051.17843157 
111 -29.99780921 -051.17827037 
111 -29.99754161 -051.17809125 
112 -29.99733995 -051.17788526 -29.99730892 -051.17777779 
111 -29.99731280 -051.17766584 
111 -29.99733219 -051.17708818 
111 -29.99703357 -051.17706579 
111 -29.99703690 -051.17744158 
111 -29.99724299 -051.17745090 
112 -29.99726238 -051.17786735 -29.99729341 -051.17801960 
111 -29.99739036 -051.17809125 
111 -29.99820866 -051.17869577 
112 -29.99829785 -051.17883011 -29.99834570 -051.17891816 
113 -29.99835991 -051.17895997 
120 Linear Feature 5
111 -29.99247346 -051.18273397   1 
111 -29.99239735 -051.18269377   1 
111 -29.99233744 -051.18249653   1 
112 -29.99232611 -051.18244418 -29.99232175 -051.18241040 
111 -29.99232611 -051.18244418 
112 -29.99232611 -051.18244418 -29.99232355 -051.18242649   1 
115 -29.99232355 -051.18239637 
120 Linear Feature 4
111 -29.99222571 -051.18267882   1 
115 -29.99226862 -051.18257505 
120 Linear Feature 3
111 -29.99210022 -051.18261058   1 
115 -29.99214556 -051.18250401 
120 Linear Feature 2
111 -29.99243743 -051.18214392   1 
112 -29.99243545 -051.18204679 -29.99242953 -051.18200579   1 
115 -29.99237142 -051.18195082 
120 Linear Feature 1
111 -29.99198204 -051.18253729   1 
111 -29.99202946 -051.18242794   1 
112 -29.99207425 -051.18237862 -29.99210658 -051.18236742   1 
111 -29.99213140 -051.18238003   1 
115 -29.99253680 -051.18261134 
120 Linear Feature 1
111 -29.99196706 -051.18082506   1 101 
112 -29.99196169 -051.18095475 -29.99196315 -051.18100131   1 101 
112 -29.99197033 -051.18107851 -29.99197725 -051.18116435   1 101 
112 -29.99237142 -051.18195082 -29.99240773 -051.18198875 
111 -29.99237142 -051.18195082 
112 -29.99237142 -051.18195082 -29.99240600 -051.18197677   1 101 
115 -29.99255909 -051.18206699 
120 Linear Feature 25
111 -29.99229014 -051.18247083   1 
111 -29.99243743 -051.18214392   1 
112 -29.99247921 -051.18209569 -29.99250184 -051.18207801   1 
111 -29.99255909 -051.18206699   1 101 
115 -29.99280453 -051.18220758 
120 Linear Feature 24
111 -29.99258906 -051.17911142   1 101 
112 -29.99241816 -051.17979766 -29.99232132 -051.18001472   1 101 
115 -29.99196706 -051.18082506 
120 Linear Feature 23
111 -29.99070917 -051.18005262   1 
115 -29.99066492 -051.18049719 
120 Linear Feature 22
111 -29.99087896 -051.17961427   1 
111 -29.99077638 -051.17980485 
112 -29.99077638 -051.17980485 -29.99078817 -051.17976946   1 
111 -29.99070917 -051.18005534   1 
112 -29.99063135 -051.17986611 -29.99058183 -051.17979805   1 
115 -29.99052288 -051.17973134 
120 Linear Feature 20
111 -29.99147252 -051.17674918   1 
112 -29.99158928 -051.17701164 -29.99168119 -051.17712306   1 
111 -29.99179837 -051.17715755   1 
112 -29.99159617 -051.17726632 -29.99150656 -051.17735386   1 
115 -29.99144702 -051.17757468 
120 Linear Feature 19
111 -29.99213653 -051.18092876   2 
115 -29.99166895 -051.18064278 
120 Linear Feature 18
111 -29.99255322 -051.18048842   2 
115 -29.99283046 -051.18037441 
120 Linear Feature 17
111 -29.99196316 -051.17739563   2 
115 -29.99196448 -051.17694848 
120 Linear Feature 16
111 -29.99259630 -051.17745674   1 101 
112 -29.99245302 -051.17727337 -29.99233390 -051.17715378   1 101 
111 -29.99209031 -051.17716009   1 101 
115 -29.99277591 -051.17719126 
120 Linear Feature 15
111 -29.99262336 -051.17767909   1 101 
112 -29.99253243 -051.17725144 -29.99242832 -051.17698461   1 101 
115 -29.99240448 -051.17673958 
120 Linear Feature 14
111 -29.99244672 -051.17767720   2 
115 -29.99280371 -051.17767501 
120 Linear Feature 12
111 -29.99396173 -051.18289251   1 101 
115 -29.99280453 -051.18220758 
120 Linear Feature 11
111 -29.99389520 -051.17720774   1 101 
111 -29.99346072 -051.17721223   1 101 
111 -29.99277591 -051.17719126   1 101 
112 -29.99255802 -051.17708644 -29.99242832 -051.17698461   1 101 
115 -29.99240448 -051.17673958 
120 Linear Feature 10
111 -29.99429719 -051.17684480   1 
112 -29.99416715 -051.17706700 -29.99408652 -051.17717935   1 
111 -29.99389469 -051.17720824   1 
112 -29.99412823 -051.17736553 -29.99423665 -051.17749393   1 
115 -29.99427915 -051.17759135 
120 Linear Feature 9
111 -29.99289825 -051.16757039   1 101 
115 -29.99418354 -051.16760844 
120 Linear Feature 8
111 -29.99262675 -051.16730765   1 101 
112 -29.99270993 -051.16748342 -29.99276642 -051.16755952   1 101 
111 -29.99289825 -051.16757039   1 101 
112 -29.99273661 -051.16768998 -29.99265971 -051.16776971   1 101 
115 -29.99261106 -051.16794003 
120 Linear Feature 4
111 -29.99434220 -051.18309324   1 
111 -29.99484813 -051.18345957   1 
115 -29.99643689 -051.18461622 
120 Linear Feature 6
111 -29.99432291 -051.16250515   1 101 
111 -29.99380830 -051.16248761   1 101 
111 -29.99312660 -051.16246788   1 101 
112 -29.99286835 -051.16258847 -29.99275162 -051.16269479   1 101 
111 -29.99272213 -051.16288884   1 101 
111 -29.99270884 -051.16380530   1 101 
111 -29.99266516 -051.16572812   1 101 
111 -29.99261959 -051.16756982   1 101 
111 -29.99257782 -051.16926462   1 101 
111 -29.99242970 -051.17562723   1 101 
111 -29.99240448 -051.17673958   1 101 
112 -29.99230161 -051.17699638 -29.99221264 -051.17713128   1 101 
111 -29.99209031 -051.17716009   1 101 
115 -29.99179840 -051.17715688 
120 Linear Feature 5
111 -29.99465307 -051.16207024   1 
112 -29.99456597 -051.16232537 -29.99452229 -051.16241307   1 
111 -29.99432291 -051.16250515   1 
112 -29.99450710 -051.16263232 -29.99461914 -051.16274633   1 
115 -29.99462978 -051.16305474 
120 Linear Feature 3
111 -29.99509181 -051.17725482   1 
111 -29.99618214 -051.17728821   1 
115 -29.99642026 -051.17729062 
120 Linear Feature 2
111 -29.99464589 -051.17724197   1 
112 -29.99445198 -051.17733423 -29.99436038 -051.17740848   1 
115 -29.99427915 -051.17759135 
120 Linear Feature 1
111 -29.99509121 -051.17725434   1 
111 -29.99464589 -051.17724197   1 
112 -29.99443639 -051.17711933 -29.99435064 -051.17701469   1 
115 -29.99429719 -051.17684480 
120 Linear Feature 7
111 -29.99453106 -051.16714258   1 
112 -29.99444225 -051.16743948 -29.99436914 -051.16758418   1 
111 -29.99418324 -051.16760830   1 
112 -29.99441092 -051.16775060 -29.99451536 -051.16787118   1 
115 -29.99450654 -051.16816185 
120 Linear Feature 13
111 -29.99396796 -051.18263419   1 101 
112 -29.99383401 -051.18269839 -29.99377840 -051.18271590   1 101 
112 -29.99359535 -051.18267566 -29.99351953 -051.18263189   1 101 
112 -29.99338412 -051.18248536 -29.99333105 -051.18239198   1 101 
111 -29.99327797 -051.18220230   1 101 
111 -29.99269666 -051.18042803   1 101 
112 -29.99260567 -051.18001656 -29.99257534 -051.17975392   1 101 
111 -29.99259051 -051.17904189   1 101 
111 -29.99262336 -051.17767909   1 101 
112 -29.99274721 -051.17733766 -29.99284578 -051.17724136   1 101 
115 -29.99297685 -051.17719774 
120 Linear Feature 21
111 -29.99100108 -051.17594784   1 
111 -29.99113664 -051.17594784   1 
112 -29.99133883 -051.17606456 -29.99145142 -051.17617068   1 
111 -29.99148129 -051.17635903   1 
111 -29.99146291 -051.17717347   1 
112 -29.99144453 -051.17766690 -29.99144223 -051.17779955   1 
111 -29.99125842 -051.17893763   1 
112 -29.99122625 -051.17905701 -29.99121017 -051.17909415   1 
111 -29.99087930 -051.17961411   1 
112 -29.99070697 -051.17972022 -29.99064724 -051.17973348   1 
111 -29.99052316 -051.17973083   1 
111 -29.99004754 -051.17946024   1 
112 -29.98988900 -051.17946024 -29.98982237 -051.17948146   1 
111 -29.98979250 -051.17953452   1 
115 -29.98965005 -051.17987143 
120 Linear Feature 6
111 -29.99232351 -051.18239632   1 
112 -29.99228662 -051.18242551 -29.99226727 -051.18243624   1 
115 -29.99222780 -051.18243505 
14  -29.98907124 -051.17856093   60 0 ATC Tower
15  -29.99059024 -051.17610978 345.56 GA 1
15  -29.99007108 -051.17872976  90.00 GA 2
15  -29.99084035 -051.17735201  11.31 GA 3
15  -29.99058985 -051.17785103   0.00 GA 4
15  -29.99748698 -051.18430242 288.44 Ramp-Patio 4
15  -29.99660413 -051.17687661   0.00 Smal-Patio 3
15  -29.99200300 -051.18248891 121.45 Small-Patio2
18  -29.99532150 -051.17220561 1 BCN
19  -29.99499214 -051.17855685 1 WS
20  -29.99275338 -051.18187713 209.05  0 3 {@L}A{@R}11
20  -29.99281009 -051.17960765  90.00  0 3 {@L}B
20  -29.99288662 -051.17807604 274.40  0 3 {@L}B
20  -29.99345150 -051.17686857 180.00  0 3 {@L}C{@R}29-11
20  -29.99291548 -051.16303528 267.63  0 3 {@L}D{@Y}{^u}
20  -29.99279906 -051.16805878 267.63  0 3 {@L}D{@Y}{^u}
20  -29.99241995 -051.16805262 267.63  0 3 {@L}D{@Y}{^u}
20  -29.99254501 -051.16304654 267.63  0 3 {@L}D{@Y}{^u}
20  -29.99222431 -051.17581327  88.15  0 3 {@L}D{@Y}29{^u}
20  -29.99382302 -051.16227123 180.00  0 3 {@L}E{@R}29-11
20  -29.99369249 -051.16737672 180.00  0 3 {@L}F{@R}29-11
20  -29.99478651 -051.18360909  31.30  0 3 {@L}G{@R}11
20  -29.99493518 -051.18332600  31.30  0 3 {@L}G{@R}11
20  -29.99508677 -051.17745245   3.10  0 3 {@L}I{@R}11-29
20  -29.99323021 -051.18129796 249.11  0 3 {@L}J{@R}11{@@}J
20  -29.99508979 -051.17704667 359.71  0 3 {@R}11-29{@L}I
20  -29.99257654 -051.18231539 208.47  0 3 {@R}11{@L}A{@@}A
20  -29.99278970 -051.18151227 249.07  0 3 {@R}11{@L}J
20  -29.99343880 -051.17755477 180.00  0 3 {@R}29-11{@L}C
20  -29.99381676 -051.16269653 180.00  0 3 {@R}29-11{@L}E
20  -29.99368953 -051.16780391 180.00  0 3 {@R}29-11{@L}F
20  -29.99196539 -051.17684825 180.00  0 3 {@Y}{^l}D{@Y}|C{^u}|B{^r}
20  -29.99246716 -051.18056262 272.86  0 3 {@Y}{^l}J{@Y}|A{^r}
20  -29.99392363 -051.18176861 269.38  0 3 {@Y}A{^r}
20  -29.99405257 -051.17614234 272.39  0 3 {@Y}C{^r}
20  -29.99440965 -051.16190929 272.39  0 3 {@Y}E{^r}
20  -29.99427585 -051.16715140 272.39  0 3 {@Y}F{^r}
20  -29.99452170 -051.17786846  90.00  0 3 {@Y}I{^r}
50 12785 ATIS
53 12190 GND
54 11810 PALEGRE TWR
55 11900 PALEGRE APP
55 12010 PALEGRE APP
55 12055 PALEGRE APP
55 12890 PALEGRE APP
17      28 0 0 SSTC [H] COPESUL
102 H1  -29.88277778 -051.38111111 194.48   20.12   20.12   3 0   0 0.00 0
130 Heliport Boundary
111 -29.88264850 -051.38089182 
111 -29.88255849 -051.38124039 
111 -29.88290705 -051.38133040 
113 -29.88299707 -051.38098184 
19  -29.88294225 -051.38101416 0 Windsock
17      20 0 0 SSMU [H] Magnum
102 H1  -29.94694444 -051.10527778 174.32   17.98   17.98   3 0   0 0.00 1
130 Heliport Boundary
111 -29.94675736 -051.10512454 
111 -29.94679121 -051.10546486 
111 -29.94713153 -051.10543101 
113 -29.94709768 -051.10509069 
18  -29.94688852 -051.10462886 3 BCN
19  -29.94705736 -051.10513993 1 Windsock
17       4 0 0 SSDD [H] N. S. de Fatima
102 H1  -29.93277778 -051.18333333  14.38   27.43   27.43   2 0   0 0.00 0
130 Heliport Boundary
111 -29.93293110 -051.18359238 
111 -29.93303682 -051.18318001 
111 -29.93262446 -051.18307429 
113 -29.93251873 -051.18348665 
19  -29.93257350 -051.18345424 0 Windsock
17     772 0 0 SJUN [H] UNIMED - Nordeste
102 H1  -29.16416667 -051.20027778 124.08   17.98   17.98   2 0   0 0.00 1
130 Heliport Boundary
111 -29.16392922 -051.20032359 
111 -29.16421248 -051.20051523 
111 -29.16440412 -051.20023197 
113 -29.16412085 -051.20004033 
18  -29.16369866 -051.19991518 3 BCN
19  -29.16413291 -051.20010281 1 Windsock