1      612 0 0 YCGR CHALLENGER
100   35.05   4   0 0.25 0 0 0 15  -29.86612967  133.57034328    0.00    0.00 0  0 0 0 33  -29.87815015  133.57706640    0.00    0.00 0  0 0 0
110   4 0.25   0.00 New Taxiway 96
111 -29.87291015  133.57424420 
111 -29.87241682  133.57526819 
111 -29.87261415  133.57535352 
111 -29.87241682  133.57565218 
112 -29.87202216  133.57548152 -29.87187417  133.57543885 
112 -29.87189883  133.57522552 -29.87192350  133.57516863 
111 -29.87200983  133.57505486 
111 -29.87225649  133.57514019 
112 -29.87241682  133.57475619 -29.87241682  133.57467086 
112 -29.87245382  133.57434376 -29.87240449  133.57428687 
112 -29.87223183  133.57421576 -29.87217016  133.57420154 
112 -29.87192350  133.57417309 -29.87187417  133.57417309 
111 -29.87177550  133.57395976 
113 -29.87187417  133.57366110 
14  -29.87213316  133.57585129    6 0 New Tower Viewpoint 63
15  -29.87218250  133.57535352 238.85 New Ramp Start 61
19  -29.87271282  133.57573751 0 New Windsock 62
1      600 0 0 YLLA Mobella
100   21.03   4   0 0.25 0 0 0 15  -29.79406853  133.34551362    0.00    0.00 0  0 0 0 33  -29.80247486  133.35130707    0.00    0.00 0  0 0 0
100   21.95   4   0 0.25 0 0 0 05  -29.79977960  133.34508593    0.00    0.00 0  0 0 0 23  -29.79382832  133.35370919    0.00    0.00 0  0 0 0
110   4 1.00   0.00 New Taxiway 8
111 -29.80246055  133.35120772 
112 -29.80256103  133.35120410 -29.80257987  133.35118239 
111 -29.80259557  133.35119324 
111 -29.80302575  133.35145016 
112 -29.80303517  133.35151891 -29.80301947  133.35154786 
111 -29.80261032  133.35237086 
112 -29.80251914  133.35238399 -29.80248874  133.35236210 
112 -29.80233676  133.35219134 -29.80229117  133.35215194 
112 -29.80207081  133.35200307 -29.80203661  133.35199431 
112 -29.80203281  133.35192864 -29.80204801  133.35190675 
112 -29.80232917  133.35152582 -29.80234816  133.35149955 
112 -29.80238616  133.35141636 -29.80238616  133.35139885 
113 -29.80238236  133.35132004 
14  -29.80256473  133.35197680    6 0 New Tower Viewpoint 9
15  -29.80272811  133.35167469  11.53 New Ramp Start 7
19  -29.80186564  133.35136820 0 New Windsock 8
51 12670 CTAF