1      950 0 0 YBIA BINGARA
100   29.87   4   0 0.25 0 0 0 11  -29.81285286  150.52741350    0.00    0.00 0  0 0 0 29  -29.81719540  150.54109631    0.00    0.00 0  0 0 0
110   4 0.25   0.00 New Taxiway 1
111 -29.81704810  150.54029032 
111 -29.81739467  150.54024594 
112 -29.81694220  150.53892555 -29.81651861  150.53798241 
112 -29.81623942  150.53706146 -29.81612390  150.53671749 
112 -29.81564254  150.53514190 -29.81553664  150.53473136 
112 -29.81517557  150.53373974 -29.81500229  150.53326263 
112 -29.81428988  150.53116556 -29.81418398  150.53083270 
111 -29.81361599  150.52920164 
112 -29.81363524  150.52876891 -29.81373151  150.52868015 
112 -29.81368352  150.52836317 -29.81362225  150.52826230 
112 -29.81341221  150.52771761 -29.81332469  150.52751587 
112 -29.81321967  150.52706197 -29.81320216  150.52701153 
112 -29.81319341  150.52634580 -29.81319341  150.52628528 
112 -29.81313215  150.52556912 -29.81310589  150.52528669 
112 -29.81307088  150.52500426 -29.81307088  150.52489330 
112 -29.81311428  150.52216773 -29.81309365  150.52126396 
112 -29.81315556  150.51733973 -29.81309365  150.51645975 
112 -29.81220588  150.51232599 -29.81177382  150.51090885 
112 -29.81100941  150.50880229 -29.81100941  150.50811287 
112 -29.81119071  150.50790988 -29.81135955  150.50773691 
111 -29.81147212  150.50773691 
112 -29.81137831  150.50793150 -29.81132203  150.50793150 
112 -29.81108433  150.50847385 -29.81108433  150.50880407 
112 -29.81227286  150.51235963 -29.81279002  150.51388176 
112 -29.81328277  150.51711222 -29.81338528  150.51835267 
112 -29.81321513  150.52222226 -29.81322572  150.52368682 
112 -29.81315159  150.52502933 -29.81320454  150.52574940 
112 -29.81325749  150.52600570 -29.81329985  150.52639625 
112 -29.81327867  150.52701869 -29.81335280  150.52733601 
112 -29.81375521  150.52834899 -29.81379757  150.52843443 
112 -29.81377639  150.52877616 -29.81371285  150.52881277 
111 -29.81365990  150.52892261 
112 -29.81368108  150.52917891 -29.81373403  150.52932537 
112 -29.81475102  150.53232774 -29.81490987  150.53281593 
112 -29.81544995  150.53439036 -29.81567233  150.53500061 
112 -29.81603239  150.53625771 -29.81620182  150.53679472 
112 -29.81702095  150.53885982 -29.81718724  150.53925321 
112 -29.81742873  150.53997367 -29.81744503  150.54009894 
112 -29.81750481  150.54025552 -29.81750481  150.54023047 
112 -29.81752655  150.54015531 -29.81752655  150.54011773 
112 -29.81743416  150.53840784 -29.81747764  150.53794436 
112 -29.81765915  150.53630931 -29.81769531  150.53575077 
112 -29.81786890  150.53534228 -29.81790507  150.53515888 
112 -29.81788337  150.53442528 -29.81780381  150.53392509 
111 -29.81771701  150.53340823 
112 -29.81793400  150.53294140 -29.81820162  150.53287470 
112 -29.81841738  150.53261922 -29.81842395  150.53240702 
112 -29.81843053  150.53202809 -29.81845683  150.53177042 
112 -29.81859491  150.53155822 -29.81864752  150.53153549 
112 -29.81871327  150.53149759 -29.81872642  150.53143697 
111 -29.81871327  150.53128540 
112 -29.81880533  150.53152791 -29.81880533  150.53158854 
112 -29.81868697  150.53161885 -29.81860149  150.53173253 
112 -29.81860149  150.53190684 -29.81868697  150.53202052 
112 -29.81863437  150.53214177 -29.81861464  150.53229334 
112 -29.81852916  150.53225545 -29.81847656  150.53232366 
112 -29.81846998  150.53247523 -29.81847656  150.53256617 
111 -29.81848313  150.53267227 
112 -29.81833190  150.53290721 -29.81816094  150.53295268 
111 -29.81791107  150.53303604 
112 -29.81779271  150.53345286 -29.81784531  150.53386211 
111 -29.81798340  150.53458207 
112 -29.81794395  150.53527930 -29.81780586  150.53572643 
112 -29.81771125  150.53643078 -29.81769643  150.53665854 
112 -29.81757049  150.53792943 -29.81755701  150.53811577 
112 -29.81750303  150.53900794 -29.81753896  150.53944793 
112 -29.81758456  150.54034148 -29.81759355  150.54076594 
112 -29.81754414  150.54082806 -29.81753516  150.54094711 
112 -29.81718207  150.54147429 -29.81680596  150.54169937 
112 -29.81645154  150.54195781 -29.81627795  150.54216622 
111 -29.81614776  150.54244966 
111 -29.81603203  150.54244966 
112 -29.81625625  150.54205784 -29.81632135  150.54199115 
112 -29.81684936  150.54159100 -29.81692892  150.54153265 
112 -29.81728334  150.54129922 -29.81733397  150.54121586 
112 -29.81747139  150.54079904 -29.81747139  150.54061563 
113 -29.81720377  150.54083238 
14  -29.81750732  150.54030747    6 0 New Tower Viewpoint 3
15  -29.81733665  150.54060253   0.00 New Ramp Start 1
19  -29.81721988  150.54004348 0 New Windsock 2
1      785 0 0 YBGY BINIGUY
100   49.99   3   0 0.25 0 0 0 1   -29.49714318  150.19330858    0.00    0.00 0  0 0 0 19  -29.50618700  150.19157200    0.00    0.00 0  0 0 0
110   4 0.25   0.00 New Taxiway 5
111 -29.51125716  150.17745310 
111 -29.51587898  150.18733549 
112 -29.51658743  150.18828958 -29.51669196  150.18836165 
111 -29.51667105  150.18910632 
112 -29.51658743  150.18937056 -29.51662924  150.18939458 
111 -29.51690102  150.18968285 
112 -29.51834351  150.19273361 -29.51863619  150.19343024 
111 -29.51815536  150.19357437 
111 -29.51791551  150.19375646 
112 -29.51716422  150.19404420 -29.51705292  150.19426800 
112 -29.51652423  150.19513124 -29.51624598  150.19564279 
112 -29.51585642  150.19660194 -29.51529991  150.19720941 
112 -29.51426399  150.19797287 -29.51386679  150.19838120 
112 -29.51332324  150.19982239 -29.51319780  150.20066308 
112 -29.51188074  150.20337731 -29.51146263  150.20402584 
112 -29.51019673  150.20463013 -29.50999290  150.20472874 
112 -29.50886647  150.20513551 -29.50864118  150.20518482 
112 -29.50814502  150.20569720 -29.50783894  150.20601368 
111 -29.50667584  150.20625983 
111 -29.50667584  150.20611917 
111 -29.50768590  150.20573236 
111 -29.50725739  150.20260273 
112 -29.50561340  150.20362896 -29.50545999  150.20373743 
112 -29.50484636  150.20387302 -29.50456314  150.20396793 
112 -29.50396130  150.20455095 -29.50345387  150.20480856 
112 -29.50220817  150.20531120 -29.50190136  150.20532476 
112 -29.49942320  150.20574506 -29.49860895  150.20617892 
112 -29.49772224  150.20824812 -29.49772224  150.20916119 
112 -29.49844789  150.21035214 -29.49862066  150.21086822 
112 -29.49879344  150.21201948 -29.49879344  150.21235692 
112 -29.49879344  150.21358757 -29.49877616  150.21386546 
112 -29.49913899  150.21555265 -29.49924265  150.21575114 
112 -29.49924265  150.21747803 -29.49920810  150.21785516 
112 -29.49844972  150.21877934 -29.49803161  150.21915050 
111 -29.49770852  150.21891034 
112 -29.49681527  150.21792785 -29.49670124  150.21779686 
111 -29.49510481  150.21626855 
112 -29.49295722  150.21430358 -29.49257711  150.21386692 
112 -29.49057885  150.21160347 -29.49038880  150.21140499 
112 -29.48943854  150.21110727 -29.48907572  150.21104773 
112 -29.48714064  150.21035305 -29.48650138  150.20995609 
112 -29.48543017  150.20882475 -29.48510190  150.20844764 
111 -29.48539562  150.20814992 
112 -29.48553384  150.20779266 -29.48560295  150.20769342 
112 -29.48579300  150.20664148 -29.48579300  150.20660178 
112 -29.48593122  150.20362458 -29.48598305  150.20298945 
112 -29.48663260  150.20146416 -29.48696929  150.20079609 
111 -29.48755084  150.20062029 
112 -29.48810179  150.20033899 -29.48819361  150.20030383 
112 -29.48966280  150.19865124 -29.48984645  150.19840511 
112 -29.49064225  150.19815898 -29.49094834  150.19812382 
112 -29.49232570  150.19745575 -29.49266239  150.19727994 
112 -29.49394793  150.19597897 -29.49437644  150.19559219 
111 -29.49522768  150.19440848 
112 -29.49521197  150.19334383 -29.49521197  150.19323556 
112 -29.49508632  150.19303706 -29.49507061  150.19301902 
112 -29.49489784  150.19231527 -29.49489784  150.19217091 
112 -29.49474077  150.19083559 -29.49474077  150.19070927 
112 -29.49439522  150.18921154 -29.49436381  150.18895891 
112 -29.49419103  150.18773186 -29.49415962  150.18755141 
112 -29.49392402  150.18682962 -29.49390831  150.18677548 
111 -29.49381407  150.18596346 
111 -29.49371983  150.18276951 
113 -29.49469512  150.18055766 
111 -29.49477989  150.18071186 
111 -29.49386003  150.18277261 
111 -29.49390603  150.18480693 
111 -29.50803986  150.18219809 
112 -29.50826514  150.18205017 -29.50827587  150.18200086 
112 -29.50827587  150.18147083 -29.50825442  150.18135989 
111 -29.50803986  150.17989306 
112 -29.50799695  150.17946163 -29.50799695  150.17926441 
112 -29.50816859  150.17889462 -29.50823296  150.17882066 
112 -29.50850116  150.17827830 -29.50853334  150.17822900 
113 -29.50853334  150.17810574 
111 -29.50864062  150.17814271 
112 -29.50850116  150.17858646 -29.50841533  150.17870973 
112 -29.50814714  150.17912882 -29.50810422  150.17930139 
112 -29.50810422  150.17978212 -29.50813641  150.18000399 
112 -29.50835097  150.18148316 -29.50837242  150.18160642 
112 -29.50834024  150.18223507 -29.50834024  150.18243229 
112 -29.50844892  150.18308314 -29.50855620  150.18344061 
112 -29.50926424  150.18510468 -29.50937152  150.18533888 
111 -29.50985428  150.18621406 
111 -29.51016539  150.18617708 
112 -29.50916769  150.18427881 -29.50908187  150.18405693 
111 -29.50874930  150.18288592 
111 -29.50864202  150.18288592 
111 -29.50865275  150.18251613 
111 -29.50872784  150.18251613 
112 -29.50868493  150.18196144 -29.50868493  150.18187515 
112 -29.50862057  150.18099997 -29.50860984  150.18090136 
112 -29.50850256  150.18054390 -29.50850256  150.18043296 
112 -29.50854547  150.17996455 -29.50853474  150.17995223 
112 -29.50833091  150.17953313 -29.50837382  150.17928660 
112 -29.50858838  150.17883052 -29.50862057  150.17879354 
111 -29.50866348  150.17870725 
113 -29.50902823  150.17806628 
111 -29.50920182  150.17798562 
112 -29.50892875  150.17848989 -29.50890924  150.17863556 
112 -29.50903603  150.17962169 -29.50895801  150.17975616 
111 -29.50887023  150.17993545 
112 -29.50915306  150.18188528 -29.50918232  150.18218784 
112 -29.50935787  150.18321878 -29.50944564  150.18348772 
112 -29.51002105  150.18484364 -29.51019660  150.18521343 
111 -29.51055745  150.18600905 
111 -29.51060621  150.18606508 
111 -29.51473982  150.18530360 
111 -29.51127005  150.17772368 
114 -29.51101303  150.17759243 -29.51095591  150.17759243 
112 -29.50869985  150.17887216 -29.50868557  150.17890497 
112 -29.50847139  150.17954483 -29.50844283  150.17982375 
112 -29.50864273  150.17995500 -29.50864273  150.17997141 
111 -29.50881408  150.18236679 
111 -29.50882836  150.18285900 
112 -29.50924245  150.18418794 -29.50927101  150.18430279 
112 -29.50969937  150.18512313 -29.50978505  150.18525438 
111 -29.51025625  150.18614035 
111 -29.51048471  150.18609113 
112 -29.50992783  150.18487703 -29.50978505  150.18463093 
112 -29.50927101  150.18343323 -29.50925673  150.18338401 
111 -29.50907110  150.18249805 
112 -29.50877124  150.17992219 -29.50877124  150.17975812 
112 -29.50891403  150.17944639 -29.50895687  150.17928233 
113 -29.50881408  150.17887216 
111 -29.51480316  150.18546761 
111 -29.50540208  150.18721581 
111 -29.50533309  150.18729508 
111 -29.50565504  150.18946170 
111 -29.50744875  150.18911821 
111 -29.50770171  150.19088850 
111 -29.51632532  150.18925032 
112 -29.51646330  150.18869546 -29.51634831  150.18832555 
114 -29.51575041  150.18740077 -29.51568142  150.18729508 
111 -29.50918800  150.18514338 
111 -29.50837078  150.18311255 
112 -29.50825675  150.18247929 -29.50827576  150.18239194 
111 -29.50806670  150.18232643 
111 -29.50472178  150.18295970 
111 -29.50523492  150.18695583 
111 -29.50532995  150.18708685 
113 -29.50972298  150.18625642 
111 -29.49402500  150.18506894 
112 -29.49397440  150.18602797 -29.49402500  150.18623140 
112 -29.49412618  150.18692888 -29.49420207  150.18710325 
112 -29.49435384  150.18780072 -29.49435384  150.18797509 
111 -29.49450562  150.18893412 
111 -29.50510461  150.18698700 
113 -29.50459869  150.18303464 
112 -29.49485976  150.19070687 -29.49491035  150.19082311 
112 -29.49506213  150.19245056 -29.49508742  150.19262492 
111 -29.49536568  150.19320615 
111 -29.50530697  150.19125904 
111 -29.50512990  150.18954441 
111 -29.50545875  150.18948629 
111 -29.50518049  150.18721949 
113 -29.49458151  150.18916661 
111 -29.49539792  150.19337361 
112 -29.49535991  150.19446533 -29.49534091  150.19455267 
111 -29.49524588  150.19485835 
111 -29.49572101  150.19802434 
111 -29.50637167  150.19600803 
111 -29.50644307  150.19594241 
111 -29.50591475  150.19215274 
111 -29.50580052  150.19200509 
111 -29.49718905  150.19359368 
112 -29.49658721  150.19362079 -29.49652821  150.19355301 
112 -29.49641020  150.19340387 -29.49637480  150.19334964 
113 -29.49615058  150.19324118 
111 -29.49510751  150.19488803 
112 -29.49393470  150.19615606 -29.49388871  150.19623532 
112 -29.49234796  150.19755618 -29.49202601  150.19774110 
111 -29.49195702  150.19782035 
111 -29.49209500  150.19874496 
113 -29.49556744  150.19805811 
111 -29.49186504  150.19792602 
112 -29.49060024  150.19834870 -29.49050826  150.19834870 
112 -29.48979537  150.19874496 -29.48970339  150.19879779 
112 -29.48816263  150.20046208 -29.48797866  150.20056775 
111 -29.48761072  150.20069984 
112 -29.48673687  150.20159802 -29.48648391  150.20209995 
112 -29.48604698  150.20368499 -29.48602398  150.20376424 
111 -29.48604698  150.20408125 
111 -29.49611750  150.20225983 
111 -29.49616943  150.20215544 
111 -29.49558529  150.19824831 
113 -29.49204153  150.19893429 
111 -29.48602384  150.20424954 
112 -29.48591931  150.20674722 -29.48587750  150.20679525 
111 -29.48564753  150.20787597 
111 -29.48571025  150.20826023 
111 -29.48586077  150.20831045 
111 -29.49882682  150.20589110 
112 -29.49953363  150.20540389 -29.49998912  150.20524149 
111 -29.50215347  150.20510197 
113 -29.50161787  150.20137021 
111 -29.48553776  150.20859503 
112 -29.48719349  150.21020645 -29.48774540  150.21049703 
112 -29.48951612  150.21097253 -29.49004503  150.21110461 
112 -29.49080391  150.21155369 -29.49082690  150.21158011 
111 -29.49089589  150.21160653 
111 -29.49832311  150.21040371 
112 -29.49758723  150.20813159 -29.49774820  150.20723331 
111 -29.49855307  150.20620293 
113 -29.49836910  150.20617651 
111 -29.49103387  150.21173265 
112 -29.49308284  150.21420278 -29.49341169  150.21449339 
111 -29.49515711  150.21612077 
113 -29.49442353  150.21118050 
111 -29.49462589  150.21118050 
111 -29.49530888  150.21620795 
112 -29.49700371  150.21786439 -29.49725667  150.21824217 
112 -29.49781318  150.21870714 -29.49801555  150.21879432 
112 -29.49842028  150.21859090 -29.49849617  150.21850372 
112 -29.49907798  150.21742848 -29.49910327  150.21705070 
112 -29.49897679  150.21551050 -29.49882502  150.21492929 
112 -29.49859735  150.21350533 -29.49859735  150.21309849 
112 -29.49864795  150.21205231 -29.49859735  150.21167453 
113 -29.49839499  150.21051212 
111 -29.49574594  150.19817598 
111 -29.49628949  150.20223511 
111 -29.50701412  150.20024157 
113 -29.50644967  150.19627851 
111 -29.50174588  150.20137044 
111 -29.50228943  150.20516537 
112 -29.50387826  150.20437276 -29.50412913  150.20418061 
112 -29.50473540  150.20372426 -29.50490264  150.20367622 
112 -29.50548800  150.20346006 -29.50573887  150.20331595 
111 -29.50730680  150.20235520 
113 -29.50703503  150.20043372 
111 -29.50745044  150.20223374 
112 -29.50933195  150.20064839 -29.50987550  150.20026406 
111 -29.51052358  150.19995179 
111 -29.50991731  150.19565210 
113 -29.50659330  150.19622860 
111 -29.50742953  150.20244993 
111 -29.50782674  150.20562065 
112 -29.50851663  150.20518828 -29.50893474  150.20494807 
112 -29.51018909  150.20444364 -29.51043995  150.20434756 
112 -29.51177792  150.20324261 -29.51215422  150.20259405 
112 -29.51305317  150.20048024 -29.51319951  150.19985571 
111 -29.51324132  150.19971158 
112 -29.51282321  150.19990375 -29.51263506  150.19987973 
112 -29.51064901  150.20021601 -29.51014727  150.20043220 
114 -29.50939467  150.20088859 -29.50914380  150.20108076 
111 -29.51006365  150.19565210 
111 -29.51064901  150.19992777 
112 -29.51190336  150.19973560 -29.51221694  150.19971158 
112 -29.51309498  150.19954344 -29.51330404  150.19935127 
112 -29.51336676  150.19906303 -29.51353400  150.19863066 
112 -29.51420298  150.19771787 -29.51449566  150.19750169 
112 -29.51579182  150.19642076 -29.51604269  150.19610849 
112 -29.51627265  150.19526777 -29.51627265  150.19512365 
111 -29.51664895  150.19457118 
112 -29.51646080  150.19440303 -29.51593816  150.19452313 
113 -29.51016818  150.19567612 
111 -29.51697827  150.19001307 
111 -29.50603204  150.19202124 
111 -29.50660695  150.19606399 
111 -29.51674831  150.19424079 
112 -29.51713925  150.19381802 -29.51741520  150.19358021 
112 -29.51796711  150.19352736 -29.51808210  150.19347452 
112 -29.51822007  150.19336882 -29.51824307  150.19326313 
114 -29.51824307  150.19270824 -29.51805910  150.19228547 
110   3 0.25   0.00 New Taxiway 3
111 -29.50595117  150.19142087 
112 -29.51601379  150.18954874 -29.51654340  150.18964235 
111 -29.51654340  150.19006358 
113 -29.50612011  150.19184281 
14  -29.50559153  150.19067489    6 0 New Tower Viewpoint 14
15  -29.50563334  150.19108322  91.95 New Ramp Start 12
19  -29.50531975  150.19117930 0 New Windsock 13
1     1140 0 0 YWRL Warialda
100   28.04   4   0 0.25 0 0 0 09  -29.53541017  150.52976094    0.00    0.00 0  0 0 0 27  -29.53684386  150.54148591    0.00    0.00 0  0 0 0
110   1 1.00   0.00 New Taxiway 13
112 -29.53592771  150.54002394 -29.53595449  150.54002130 
112 -29.53597553  150.54007583 -29.53597592  150.54010221 
112 -29.53592044  150.54012684 -29.53590093  150.54012640 
114 -29.53588715  150.54008198 -29.53588715  150.54006791 
110   1 1.00   0.00 New Taxiway 12
112 -29.53609522  150.53983203 -29.53613386  150.53983247 
112 -29.53616409  150.53991382 -29.53616371  150.53995032 
112 -29.53609867  150.53999737 -29.53605773  150.53999913 
114 -29.53602827  150.53992086 -29.53602788  150.53988128 
110   1 1.00   0.00 New Taxiway 11
111 -29.53671221  150.54121907 
112 -29.53561101  150.54137948 -29.53541060  150.54140979 
112 -29.53529435  150.54169021 -29.53528468  150.54171244 
111 -29.53525567  150.54173244 
111 -29.53515705  150.54173911 
111 -29.53509323  150.54133459 
113 -29.53670065  150.54109224 
110   1 1.00  98.00 New Taxiway 9
112 -29.53689001  150.54138081 -29.53689668  150.54140383 
111 -29.53705691  150.54275433 
112 -29.53706359  150.54283873 -29.53706359  150.54284640 
111 -29.53711032  150.54291546 
112 -29.53714370  150.54319170 -29.53715038  150.54322239 
112 -29.53709697  150.54335284 -29.53705023  150.54336051 
111 -29.53697012  150.54330680 
112 -29.53693674  150.54313032 -29.53693006  150.54302289 
111 -29.53696344  150.54278502 
113 -29.53675463  150.54140032 
110   4 1.00   0.00 New Taxiway 14
111 -29.53529480  150.54159762 
112 -29.53530681  150.54167353 -29.53530080  150.54173425 
112 -29.53532790  150.54212333 -29.53533101  150.54218776 
112 -29.53558017  150.54433197 -29.53557706  150.54445010 
111 -29.53552411  150.54430691 
112 -29.53522486  150.54192335 -29.53519976  150.54187173 
112 -29.53502409  150.54190968 -29.53501881  150.54190361 
112 -29.53503730  150.54167438 -29.53506107  150.54166830 
112 -29.53512315  150.54170474 -29.53514297  150.54169259 
113 -29.53515353  150.54165312 
14  -29.53508774  150.54182880    6 0 New Tower Viewpoint 6
15  -29.53522176  150.54135203  96.65 New Ramp Start 5
19  -29.53609560  150.53991514 0 New Windsock 4
51 12670 CTAF