1      602 0 0 YBDS BIRTHDAY SIDING
100   64.92   4   0 0.25 0 0 0 2   -30.28285619  134.53239128    0.00    0.00 0  0 0 0 20  -30.29572684  134.52399990    0.00    0.00 0  0 0 0
110   4 0.25   0.00 New Taxiway 45
111 -30.28617945  134.53057251 
112 -30.28615034  134.53060622 -30.28612123  134.53063993 
111 -30.28611395  134.53079163 
111 -30.28616490  134.53162598 
111 -30.28700183  134.53165126 
111 -30.28705278  134.53263731 
111 -30.28601206  134.53267102 
112 -30.28601206  134.53106974 -30.28600479  134.53071578 
113 -30.28580101  134.53075792 
110   4 0.25   0.00 New Taxiway 44
112 -30.28647869  134.53040967 -30.28647869  134.53042088 
112 -30.28649807  134.53071254 -30.28655619  134.53073497 
112 -30.28681773  134.53080228 -30.28684679  134.53085836 
112 -30.28685647  134.53111636 -30.28680804  134.53120610 
112 -30.28657556  134.53135193 -30.28648838  134.53128462 
112 -30.28643026  134.53103784 -30.28643026  134.53099297 
112 -30.28651744  134.53085836 -30.28653681  134.53084715 
112 -30.28645932  134.53076862 -30.28640120  134.53075741 
112 -30.28638183  134.53057793 -30.28638183  134.53055549 
113 -30.28641089  134.53038723 
14  -30.28600479  134.53256146    6 0 New Tower Viewpoint 61
15  -30.28675439  134.53241818   0.00 New Ramp Start 60
19  -30.28669180  134.53107149 0 New Windsock 59
1      531 0 0 YBUL Bulgunnia
100   22.86   4   0 0.25 0 0 0 16  -30.18066407  134.90563667    0.00    0.00 0  0 0 0 34  -30.19142118  134.90950825    0.00    0.00 0  0 0 0
100   29.87   4   0 0.25 0 0 0 6   -30.18642227  134.89760458    0.00    0.00 0  0 0 0 24  -30.18224845  134.90622057    0.00    0.00 0  0 0 0
100   24.99   4   0 0.25 0 0 0 11  -30.18350780  134.90058344    0.00    0.00 0  0 0 0 29  -30.18752334  134.90884486    0.00    0.00 0  0 0 0
110   4 0.25   0.00 New Taxiway 1
111 -30.17901315  134.89979187 
112 -30.17961947  134.90068141 -30.17964156  134.90076232 
111 -30.17968205  134.90109444 
112 -30.17966732  134.90243145 -30.17967468  134.90261029 
111 -30.18020785  134.90449467 
112 -30.18035012  134.90476212 -30.18041533  134.90489927 
112 -30.18069395  134.90525587 -30.18072359  134.90529015 
111 -30.18113263  134.90557132 
112 -30.18146460  134.90570161 -30.18155353  134.90574961 
112 -30.18156538  134.90566732 -30.18157724  134.90563303 
112 -30.18170173  134.90524215 -30.18177287  134.90510500 
112 -30.18191514  134.90542045 -30.18195664  134.90552331 
112 -30.18206927  134.90570847 -30.18208113  134.90571533 
111 -30.18235975  134.90582505 
111 -30.18220562  134.90607878 
112 -30.18122155  134.90574961 -30.18120377  134.90574276 
111 -30.18112670  134.90563303 
112 -30.18077102  134.90540673 -30.18061096  134.90532444 
112 -30.18033827  134.90481698 -30.18030862  134.90475526 
111 -30.18027898  134.90478955 
112 -30.18163520  134.90885160 -30.18171213  134.90905769 
111 -30.18195912  134.90941367 
111 -30.18743375  134.91477717 
111 -30.18738754  134.91479053 
111 -30.18193975  134.90949875 
112 -30.18173925  134.90922265 -30.18165333  134.90910116 
111 -30.18140510  134.90847164 
111 -30.18040322  134.90546176 
112 -30.17959045  134.90236802 -30.17957467  134.90219460 
112 -30.17960623  134.90109019 -30.17960623  134.90077073 
111 -30.17947210  134.90056080 
112 -30.17936952  134.90065208 -30.17936163  134.90066120 
112 -30.17914070  134.90051517 -30.17912492  134.90046953 
111 -30.17932218  134.90032349 
113 -30.17897501  134.89976672 
14  -30.18182537  134.90535293    6 0 New Tower Viewpoint 3
15  -30.18166909  134.90565217  90.00 New Ramp Start 2
19  -30.18151280  134.90618208 0 New Windsock 1
51 12670 CTAF
1      397 0 0 YTAR TARCOOLA
100   24.08   4   0 0.25 0 0 0 9   -30.70247017  134.57599494    0.00    0.00 0  0 0 0 27  -30.70313630  134.59024774    0.00    0.00 0  0 0 0
100   35.97   4   0 0.25 0 0 0 4   -30.70681286  134.57851962    0.00    0.00 0  0 0 0 22  -30.69847399  134.58753975    0.00    0.00 0  0 0 0
110   4 0.25   0.00 New Taxiway 1
111 -30.70239958  134.58274832 
111 -30.70216927  134.57593335 
111 -30.70287312  134.57592984 
112 -30.70288669  134.57736603 -30.70294478  134.57736603 
111 -30.70296440  134.57728180 
112 -30.70711653  134.56759303 -30.70729441  134.56725452 
112 -30.70752199  134.56692718 -30.70766804  134.56674670 
111 -30.70811719  134.56607370 
111 -30.70820756  134.56550149 
111 -30.70645040  134.56533800 
111 -30.70579774  134.56592189 
111 -30.70501455  134.56592189 
111 -30.70520533  134.56412350 
111 -30.70590819  134.56420525 
111 -30.70645040  134.56503437 
111 -30.70801678  134.56533800 
112 -30.70784609  134.56520954 -30.70778584  134.56517451 
111 -30.70746453  134.56468404 
112 -30.70608893  134.56273384 -30.70602868  134.56266378 
111 -30.70616926  134.56271049 
112 -30.70786757  134.56505582 -30.70811749  134.56536359 
112 -30.70866142  134.56541488 -30.70892604  134.56546617 
111 -30.70907305  134.56520971 
112 -30.70910245  134.56423512 -30.70910245  134.56384187 
111 -30.70933766  134.56281600 
111 -30.70963168  134.56182432 
112 -30.70936706  134.56298698 -30.70916125  134.56360250 
111 -30.70924786  134.56427913 
111 -30.70945872  134.56427913 
111 -30.71065358  134.56440760 
111 -30.71104518  134.56478130 
111 -30.71043442  134.57060572 
112 -30.71032397  134.56999845 -30.71029385  134.56991670 
111 -30.71018340  134.56949628 
111 -30.70981189  134.56949628 
111 -30.70979115  134.57117116 
112 -30.70992392  134.57366124 -30.70994882  134.57389288 
111 -30.70985355  134.57418625 
112 -30.70977886  134.57534443 -30.70977056  134.57555676 
112 -30.71016888  134.57577874 -30.71031825  134.57583665 
112 -30.71099041  134.57559536 -30.71118957  134.57551815 
111 -30.71128085  134.57487150 
112 -30.71138043  134.57341413 -30.71141362  134.57297981 
111 -30.71164597  134.57276748 
111 -30.71233473  134.57178303 
111 -30.71234303  134.57186989 
112 -30.71157129  134.57301842 -30.71133064  134.57343343 
112 -30.71134297  134.57502343 -30.71134297  134.57536209 
112 -30.71093129  134.57574747 -30.71079072  134.57585257 
112 -30.71004770  134.57585257 -30.70994729  134.57585257 
112 -30.70979667  134.57575915 -30.70969626  134.57580586 
111 -30.70969626  134.57591096 
111 -30.70842315  134.59062150 
111 -30.70838670  134.59077693 
111 -30.70832596  134.59059324 
111 -30.70960763  134.57587641 
112 -30.70953032  134.57587641 -30.70948614  134.57587641 
112 -30.70918792  134.57614617 -30.70914374  134.57618471 
112 -30.70896702  134.57635170 -30.70894493  134.57635170 
112 -30.70865776  134.57651869 -30.70856940  134.57658292 
112 -30.70766371  134.57728943 -30.70749804  134.57741788 
112 -30.70727714  134.57777756 -30.70716669  134.57794455 
111 -30.70684638  134.57843268 
112 -30.70694579  134.57867675 -30.70698997  134.57879236 
111 -30.70697892  134.57892082 
111 -30.70322856  134.58300611 
111 -30.70350145  134.59040270 
112 -30.70316734  134.59024728 -30.70307379  134.59018511 
111 -30.70276641  134.59010740 
112 -30.70247239  134.58404589 -30.70245903  134.58381275 
111 -30.70237884  134.58395263 
112 -30.69846306  134.58810244 -30.69838287  134.58813352 
113 -30.69804876  134.58732532 
111 -30.70320464  134.58191450 
111 -30.70653360  134.57828317 
111 -30.70670370  134.57828317 
111 -30.70678874  134.57831143 
111 -30.70723240  134.57773132 
112 -30.70762119  134.57725190 -30.70767271  134.57723011 
111 -30.70863605  134.57645513 
112 -30.70892662  134.57629012 -30.70899349  134.57624510 
112 -30.70915537  134.57607319 -30.70919057  134.57604453 
112 -30.70949580  134.57582534 -30.70955563  134.57581716 
111 -30.70963306  134.57581716 
111 -30.70975465  134.57432497 
112 -30.70956761  134.57339548 -30.70942025  134.57305269 
112 -30.70883000  134.57151990 -30.70871382  134.57101803 
111 -30.70857275  134.57047756 
111 -30.70902866  134.56572892 
112 -30.70870791  134.56555794 -30.70852081  134.56558903 
112 -30.70830698  134.56568229 -30.70828025  134.56588435 
111 -30.70818670  134.56627293 
112 -30.70762539  134.56712781 -30.70750512  134.56723662 
112 -30.70721110  134.56768737 -30.70707745  134.56793606 
111 -30.70297822  134.57761925 
112 -30.70288916  134.57789291 -30.70283344  134.57791655 
113 -30.70311706  134.58194747 
111 -30.70972126  134.57129319 
111 -30.70962168  134.57087818 
112 -30.70976275  134.56782834 -30.70975445  134.56782834 
111 -30.70933124  134.56789590 
112 -30.70901591  134.57158274 -30.70904910  134.57206531 
113 -30.70986233  134.57388942 
111 -30.70890785  134.57110142 
111 -30.70915887  134.56786659 
111 -30.70891789  134.56785491 
111 -30.70870703  134.57013214 
114 -30.70873715  134.57057591 -30.70874720  134.57073940 
111 -30.70900486  134.56749035 
111 -30.70921472  134.56749035 
111 -30.70943562  134.56438166 
114 -30.70923681  134.56447158 -30.70920367  134.56460004 
111 -30.70959025  134.56443304 
111 -30.70933621  134.56743897 
111 -30.70980010  134.56745181 
113 -30.71014249  134.56448442 
111 -30.71035235  134.56445873 
111 -30.71009831  134.56750320 
112 -30.71046280  134.56747751 -30.71055116  134.56745181 
111 -30.71065056  134.56725913 
111 -30.71094878  134.56481842 
113 -30.71063952  134.56451011 
111 -30.71002100  134.56777296 
111 -30.70986637  134.56944292 
111 -30.71020876  134.56939154 
111 -30.71033026  134.56823541 
114 -30.71030817  134.56790142 -30.71020876  134.56774727 
14  -30.70293941  134.57679138    6 0 New Tower Viewpoint 3
15  -30.70288661  134.57754591   5.71 New Ramp Start 1
19  -30.70309029  134.57850223 0 New Windsock 2
1      489 0 0 YWNA Wilgena
100   17.98   4   0 0.25 0 0 0 03  -30.77156873  134.72806735    0.00    0.00 0  0 0 0 21  -30.76519500  134.73224100    0.00    0.00 0  0 0 0
100   18.90   4   0 0.25 0 0 0 7   -30.76942560  134.72945810    0.00    0.00 0  0 0 0 25  -30.76824452  134.73628524    0.00    0.00 0  0 0 0
100   13.11   4   0 0.25 0 0 0 12  -30.76402040  134.72941325    0.00    0.00 0  0 0 0 30  -30.76886748  134.73728145    0.00    0.00 0  0 0 0
10  -30.76600100  134.73272700 xxx 125.29  2500 0.0 0.0    20 101101  4 0 0 0.25 0
10  -30.76363800  134.72557100 xxx  96.85  2500 0.0 0.0    20 101101  4 0 0 0.25 0
10  -30.76737600  134.73551900 xxx 129.28  1000 0.0 0.0    20 101101  4 0 0 0.25 0
10  -30.76553900  134.73329200 xxx 137.99  1000 0.0 0.0    20 101101  4 0 0 0.25 0
10  -30.75861500  134.72821000 xxx 149.66  5000 0.0 0.0    20 101101  4 0 0 0.25 0
10  -30.77466600  134.74194300 xxx 147.20  5000 0.0 0.0    20 101101  4 0 0 0.25 0
10  -30.76855300  134.73716700 xxx 130.40   400 0.0 0.0    20 101101  4 0 0 0.25 0
14  -30.76838380  134.73704777    6 0 New Tower Viewpoint 10
15  -30.76884822  134.73722923 307.57 New Ramp Start 8
19  -30.76848332  134.73713657 0 New Windsock 9
51 12670 CTAF