1      456 0 0 YMLN MONOLON
100   20.12   4   0 0.25 0 0 0 11  -30.20034414  143.21115403    0.00    0.00 0  0 0 0 29  -30.20356458  143.21858283    0.00    0.00 0  0 0 0
100   28.96   4   0 0.25 0 0 0 6   -30.20297940  143.21718209    0.00    0.00 0  0 0 0 24  -30.19990089  143.22539686    0.00    0.00 0  0 0 0
110   4 0.25   0.00 New Taxiway 11
111 -30.20168176  143.22171070 
111 -30.20100848  143.22234686 
111 -30.20032253  143.22400137 
112 -30.19974926  143.22485924 -30.19964725  143.22502019 
111 -30.19937831  143.22534208 
111 -30.19953597  143.22553522 
111 -30.19920211  143.22622192 
112 -30.19931340  143.22652235 -30.19949887  143.22658672 
112 -30.20027787  143.22676913 -30.20044480  143.22676913 
112 -30.20163185  143.22696226 -30.20200280  143.22705883 
112 -30.20192861  143.22710175 -30.20175241  143.22706956 
112 -30.20118670  143.22694080 -30.20089922  143.22688716 
112 -30.20009239  143.22684424 -30.19978636  143.22680132 
111 -30.19924848  143.22655454 
112 -30.19900736  143.22657599 -30.19895172  143.22668329 
111 -30.19873842  143.22711248 
112 -30.19866423  143.22709102 -30.19870132  143.22701591 
112 -30.19871060  143.22689789 -30.19870132  143.22679059 
112 -30.19847875  143.22661891 -30.19837674  143.22656527 
111 -30.19821909  143.22655454 
111 -30.19814490  143.22628629 
112 -30.19734735  143.22610389 -30.19706914  143.22609316 
112 -30.19619740  143.22595367 -30.19601192  143.22587857 
112 -30.19568767  143.22550835 -30.19563667  143.22546114 
112 -30.19567747  143.22540213 -30.19575908  143.22554376 
112 -30.19624874  143.22589783 -30.19642216  143.22592144 
112 -30.19727906  143.22602766 -30.19745248  143.22605127 
112 -30.19799314  143.22616929 -30.19814616  143.22620470 
111 -30.19817676  143.22619290 
111 -30.19796254  143.22462316 
111 -30.19843179  143.22419827 
111 -30.19886024  143.22470578 
111 -30.19964573  143.22359634 
111 -30.19965593  143.22345471 
112 -30.19964413  143.22335572 -30.19960480  143.22329201 
112 -30.19924690  143.22290977 -30.19916824  143.22287337 
112 -30.19900305  143.22287337 -30.19897159  143.22290977 
112 -30.19888113  143.22295528 -30.19891653  143.22288702 
112 -30.19907385  143.22282786 -30.19915644  143.22282331 
112 -30.19930983  143.22290522 -30.19940422  143.22300078 
111 -30.19968346  143.22331477 
111 -30.19969133  143.22285971 
112 -30.19992338  143.22251843 -30.19994697  143.22248202 
112 -30.20005710  143.22265494 -30.20001384  143.22277781 
112 -30.19992731  143.22299623 -30.19991551  143.22301898 
112 -30.19991944  143.22307814 -30.19995484  143.22306904 
111 -30.20000204  143.22307359 
111 -30.19999417  143.22329201 
112 -30.20004137  143.22338758 -30.20004923  143.22344218 
111 -30.20001384  143.22367881 
112 -30.20019082  143.22368791 -30.20021442  143.22368791 
112 -30.20028521  143.22366516 -30.20031668  143.22362420 
112 -30.20040320  143.22321466 -30.20042287  143.22315550 
112 -30.20061054  143.22257141 -30.20060661  143.22242579 
112 -30.20042962  143.22219371 -30.20019364  143.22218461 
112 -30.19996160  143.22217551 -30.19992227  143.22213456 
111 -30.19878170  143.22169770 
112 -30.19894688  143.22118804 -30.19891149  143.22108793 
111 -30.19893902  143.22106518 
112 -30.19896262  143.22092866 -30.19895082  143.22090591 
111 -30.20058379  143.22138769 
112 -30.20080365  143.22127867 -30.20096593  143.22127867 
112 -30.20118579  143.22133318 -30.20128002  143.22136952 
113 -30.20135854  143.22143009 
111 -30.19809045  143.22464171 
112 -30.19807972  143.22481959 -30.19809760  143.22499334 
111 -30.19825134  143.22611857 
112 -30.19832643  143.22621371 -30.19843012  143.22623026 
111 -30.19884845  143.22631713 
112 -30.19897001  143.22625094 -30.19904510  143.22612684 
111 -30.19905582  143.22609374 
112 -30.19899504  143.22594068 -30.19898431  143.22589931 
112 -30.19891638  143.22575039 -30.19880554  143.22566765 
111 -30.19862319  143.22566351 
111 -30.19861962  143.22547735 
111 -30.19897716  143.22559319 
112 -30.19900934  143.22554354 -30.19900219  143.22549804 
111 -30.19893426  143.22542771 
111 -30.19839436  143.22520019 
111 -30.19848017  143.22505540 
111 -30.19876621  143.22481132 
112 -30.19848017  143.22446796 -30.19841582  143.22447210 
114 -30.19831570  143.22445969 -30.19824777  143.22451347 
112 -30.19878409  143.22527465 -30.19884487  143.22529947 
111 -30.19903437  143.22537807 
112 -30.19919526  143.22539875 -30.19923459  143.22539875 
111 -30.19923102  143.22529947 
112 -30.19883057  143.22484855 -30.19880554  143.22481132 
112 -30.19864822  143.22499748 -30.19860174  143.22501403 
113 -30.19858386  143.22512158 
111 -30.19929180  143.22544840 
112 -30.19913091  143.22558905 -30.19910588  143.22566351 
112 -30.19908443  143.22587449 -30.19908800  143.22596964 
112 -30.19911303  143.22609374 -30.19912733  143.22611857 
112 -30.19920242  143.22607306 -30.19924532  143.22600273 
111 -30.19942409  143.22556423 
112 -30.19942767  143.22548976 -30.19940264  143.22546081 
114 -30.19934901  143.22543185 -30.19933471  143.22543185 
111 -30.19889850  143.22475341 
112 -30.19923459  143.22516709 -30.19927035  143.22519605 
111 -30.19930253  143.22517123 
111 -30.19944912  143.22483614 
111 -30.19941337  143.22475341 
111 -30.19952063  143.22460448 
112 -30.19975303  143.22388053 -30.19977449  143.22378538 
113 -30.19971370  143.22357854 
111 -30.19981382  143.22374815 
112 -30.19991035  143.22349580 -30.19986030  143.22345443 
114 -30.19975303  143.22339238 -30.19976376  143.22346685 
112 -30.19935258  143.22518364 -30.19932041  143.22526224 
111 -30.19934186  143.22530361 
111 -30.19948130  143.22514227 
112 -30.20017851  143.22402532 -30.20022857  143.22394672 
112 -30.20011416  143.22377297 -30.20006052  143.22372747 
113 -30.19994253  143.22377297 
111 -30.19831746  143.22631828 
112 -30.19826035  143.22638986 -30.19829842  143.22645042 
112 -30.19841264  143.22647796 -30.19845071  143.22648346 
112 -30.19864583  143.22654953 -30.19869817  143.22659358 
112 -30.19876004  143.22670921 -30.19876956  143.22672022 
111 -30.19878859  143.22675326 
111 -30.19890281  143.22654403 
114 -30.19884570  143.22640638 -30.19876004  143.22637885 
14  -30.20038425  143.22305814    6 0 New Tower Viewpoint 9
15  -30.20041592  143.22343190 223.62 New Ramp Start 7
19  -30.20088465  143.22346121 0 New Windsock 8
1      363 0 0 YNNM NOONAMAH
100   28.04   4   0 0.00 0 0 0 9   -30.17028185  143.89399705    0.00    0.00 0  0 0 0 27  -30.17029486  143.90256005    0.00    0.00 0  0 0 0
110   4 0.25   0.00 New Taxiway 25
111 -30.16245904  143.89032113 
112 -30.16298388  143.89075111 -30.16324631  143.89100403 
111 -30.16366181  143.89166164 
111 -30.16471150  143.89295157 
112 -30.16405544  143.89145930 -30.16398983  143.89133284 
112 -30.16587053  143.89039701 -30.16624229  143.89029584 
111 -30.16669636  143.89110080 
111 -30.16746170  143.89078668 
111 -30.16950762  143.89144126 
111 -30.16956934  143.89205522 
111 -30.17065563  143.89258351 
111 -30.17101361  143.89375430 
111 -30.17111236  143.89435398 
111 -30.17175303  143.90277416 
111 -30.17212335  143.90284555 
111 -30.17441938  143.89987571 
111 -30.17433297  143.90047539 
111 -30.17235789  143.90297405 
111 -30.17434531  143.90338812 
111 -30.17432062  143.90347379 
111 -30.17232729  143.90306233 
111 -30.17187024  143.90370222 
111 -30.17223107  143.90809796 
111 -30.17213485  143.90809796 
111 -30.17170185  143.90381350 
111 -30.17040286  143.90556624 
112 -30.16924820  143.90676254 -30.16886332  143.90706858 
111 -30.16754027  143.90751371 
112 -30.16453335  143.90762500 -30.16412441  143.90762500 
112 -30.16251270  143.90787539 -30.16224809  143.90801449 
112 -30.16296975  143.90759718 -30.16340275  143.90740243 
111 -30.16390791  143.90743025 
112 -30.16790110  143.90712422 -30.16883926  143.90684601 
111 -30.16953687  143.90617830 
111 -30.17157584  143.90371912 
112 -30.17137903  143.90333973 -30.17124781  143.90316268 
111 -30.17056989  143.90293504 
112 -30.16696159  143.90232802 -30.16674290  143.90232802 
112 -30.16525584  143.90187275 -30.16508089  143.90179687 
112 -30.16453418  143.90182216 -30.16427176  143.90187275 
111 -30.16389999  143.90220155 
112 -30.16291591  143.90450319 -30.16287217  143.90468024 
111 -30.16267536  143.90457907 
112 -30.16416242  143.90126572 -30.16470913  143.90002638 
111 -30.16617432  143.89752239 
111 -30.16604311  143.89681420 
112 -30.16381252  143.89246384 -30.16324394  143.89152801 
113 -30.16256601  143.89066806 
112 -30.16494305  143.89315155 -30.16504761  143.89322065 
112 -30.16557038  143.89322065 -30.16583924  143.89315155 
112 -30.16664581  143.89211503 -30.16698935  143.89175224 
112 -30.16672049  143.89154494 -30.16667568  143.89145856 
111 -30.16586911  143.89054296 
113 -30.16418129  143.89149311 
111 -30.16497292  143.89328975 
111 -30.16364358  143.89178679 
112 -30.16452483  143.89332430 -30.16471900  143.89366981 
111 -30.16534633  143.89498274 
112 -30.16521191  143.89432628 -30.16521191  143.89410170 
113 -30.16545089  143.89361799 
111 -30.16695948  143.89197682 
112 -30.16583924  143.89322065 -30.16570481  143.89351433 
112 -30.16539114  143.89404987 -30.16536127  143.89429173 
112 -30.16548076  143.89505185 -30.16557038  143.89522460 
111 -30.16592886  143.89589834 
111 -30.16822908  143.89418808 
112 -30.16769136  143.89320338 -30.16749719  143.89275422 
114 -30.16722833  143.89209775 -30.16719846  143.89197682 
111 -30.16595873  143.89603654 
111 -30.16642176  143.89696942 
111 -30.16546583  143.90166833 
111 -30.17003639  143.90241117 
111 -30.17003639  143.90184109 
111 -30.17049942  143.90180653 
111 -30.17054423  143.90260120 
112 -30.17072347  143.90277396 -30.17084296  143.90277396 
111 -30.17166447  143.90289489 
111 -30.17102220  143.89432628 
112 -30.17081309  143.89341068 -30.17072347  143.89322065 
111 -30.17057411  143.89270239 
112 -30.16999158  143.89265056 -30.16996171  143.89273694 
112 -30.16969285  143.89316883 -30.16978247  143.89339341 
111 -30.16996171  143.89375619 
111 -30.17033512  143.89373891 
111 -30.17046955  143.89373891 
111 -30.17048449  143.89527643 
112 -30.17045461  143.89650298 -30.17036500  143.89655481 
111 -30.17020069  143.89633023 
111 -30.16885641  143.89577741 
112 -30.16864730  143.89627840 -30.16846806  143.89633023 
112 -30.16787060  143.89624385 -30.16778098  143.89624385 
112 -30.16757187  143.89601927 -30.16757187  143.89593289 
112 -30.16758681  143.89539735 -30.16755694  143.89534553 
114 -30.16743744  143.89506912 -30.16727314  143.89512095 
111 -30.16615291  143.89785046 
111 -30.16462938  143.90059726 
112 -30.16479368  143.90123645 -30.16491318  143.90135737 
113 -30.16537621  143.90159923 
111 -30.16398711  143.90196201 
112 -30.16465926  143.90166833 -30.16492811  143.90165106 
111 -30.16519697  143.90166833 
112 -30.16479368  143.90147830 -30.16462938  143.90139192 
113 -30.16452483  143.90089094 
112 -30.17132917  143.90311659 -30.17151434  143.90321653 
111 -30.17165012  143.90361631 
111 -30.17203279  143.90298809 
113 -30.17097119  143.90290242 
111 -30.16844380  143.89184500 
112 -30.16796153  143.89194154 -30.16787806  143.89204881 
112 -30.16783169  143.89242426 -30.16793371  143.89261735 
111 -30.16805428  143.89268171 
113 -30.16866639  143.89228481 
111 -30.16868494  143.89237063 
111 -30.16810992  143.89281044 
111 -30.16846235  143.89340042 
112 -30.16878695  143.89319661 -30.16888897  143.89306789 
114 -30.16898172  143.89273535 -30.16893534  143.89264953 
111 -30.16821194  143.89110483 
112 -30.16801718  143.89106193 -30.16799863  143.89106193 
112 -30.16766475  143.89109411 -30.16754419  143.89109411 
112 -30.16745144  143.89128719 -30.16738652  143.89139446 
111 -30.16745144  143.89190936 
112 -30.16759983  143.89192009 -30.16768330  143.89190936 
113 -30.16824904  143.89171628 
111 -30.16945471  143.89385096 
111 -30.16900954  143.89449458 
112 -30.16900954  143.89465549 -30.16919503  143.89458040 
112 -30.16951963  143.89425859 -30.16956600  143.89416204 
113 -30.16963092  143.89395823 
111 -30.16977004  143.89426932 
112 -30.16899099  143.89555656 -30.16895389  143.89572819 
111 -30.16900954  143.89573892 
111 -30.17018739  143.89622164 
112 -30.17019666  143.89517039 -30.17017811  143.89511675 
112 -30.17001117  143.89482712 -30.16996480  143.89462331 
114 -30.16998335  143.89422641 -30.16990915  143.89408696 
14  -30.16929705  143.89293916    6 0 New Tower Viewpoint 28
15  -30.17001117  143.89395823 163.78 New Ramp Start 26
19  -30.17060473  143.89444095 0 New Windsock 27
1      488 0 0 YQUE Questa Park
100   34.14   4   0 1.00 0 0 0 09  -30.32229289  143.15681509    0.00    0.00 0  0 0 0 27  -30.32376912  143.16842222    0.00    0.00 0  0 0 0
100   22.86   4   0 1.00 0 0 0 01  -30.32759646  143.16448724    0.00    0.00 0  0 0 0 19  -30.31929103  143.16552194    0.00    0.00 0  0 0 0
14  -30.32335582  143.16840258    6 0 New Tower Viewpoint 15
15  -30.32382102  143.16828370 295.91 New Ramp Start 14
19  -30.32410834  143.16791122 0 New Windsock 16
1      530 0 0 YWHC White Cliffs
100   18.90   1   0 0.25 0 1 0 12  -30.84912512  143.06721136    0.00    0.00 1  0 0 0 30  -30.85484178  143.07635927    0.00    0.00 1  0 0 0
100   49.99   4   0 0.25 0 0 0 01  -30.85733728  143.06763879    0.00    0.00 0  0 0 0 19  -30.84962500  143.07284300    0.00    0.00 0  0 0 0
110   1 1.00   0.00 New Taxiway 4
112 -30.85112306  143.07308579 -30.85115573  143.07308518  22 
112 -30.85119981  143.07316432 -30.85119981  143.07321868  22 
112 -30.85112876  143.07324164 -30.85110335  143.07324164  22 
114 -30.85106187  143.07316794 -30.85106187  143.07311720  22 
110   1 1.00   0.00 New Taxiway 3
111 -30.85048101  143.07361581 
112 -30.85007702  143.07622830 -30.84991449  143.07792127 
111 -30.84977782  143.08118704 
111 -30.84970555  143.08118704 
112 -30.85004455  143.07600018 -30.85023899  143.07413602 
113 -30.85043149  143.07358343 
110   1 1.00   0.00 New Taxiway 2
111 -30.85280487  143.07301095 
112 -30.85278754  143.07324309 -30.85264673  143.07318758 102 
111 -30.85250437  143.07328222 102 
111 -30.85181306  143.07386520 102 
112 -30.85156079  143.07395620 -30.85137525  143.07396189 102 
111 -30.85127496  143.07382373   1 
111 -30.85115452  143.07396592 
111 -30.85096409  143.07371946 
111 -30.85084528  143.07364173 
111 -30.85075902  143.07352230 
111 -30.85084884  143.07341469 
111 -30.85102411  143.07362802 
111 -30.85120952  143.07343250 
111 -30.85139858  143.07370519   1 
111 -30.85133575  143.07376322 102 
112 -30.85147873  143.07384901 -30.85159354  143.07388686 102 
111 -30.85173467  143.07380309 102 
112 -30.85244991  143.07320413 -30.85257989  143.07308943 102 
113 -30.85257004  143.07288756 
14  -30.85090444  143.07374404    6 0 New Tower Viewpoint 3
15  -30.85118153  143.07388975 297.95 New Ramp Start 2
18  -30.85150134  143.07219142 1 BCN
19  -30.85112980  143.07316311 1 New Windsock 1
52 12490 Melbourne Centre