1      423 0 0 YEWO BREWON
100   25.91   4   0 0.00 0 0 0 10  -30.23462283  147.51406624    0.00    0.00 0  0 0 0 28  -30.23629553  147.52308776    0.00    0.00 0  0 0 0
100   20.12   4   0 0.25 0 0 0 1   -30.24064250  147.51524209    0.00    0.00 0  0 0 0 19  -30.23165001  147.51807779    0.00    0.00 0  0 0 0
110   4 0.25   0.00 New Taxiway 78
111 -30.23668944  147.52420604 
112 -30.23642553  147.52390057 -30.23638783  147.52381330 
112 -30.23626215  147.52353692 -30.23626215  147.52344965 
112 -30.23632499  147.52342055 -30.23635013  147.52349328 
112 -30.23643810  147.52363874 -30.23645066  147.52366784 
112 -30.23660147  147.52397330 -30.23670201  147.52411876 
113 -30.23680255  147.52411876 
110   4 0.25   0.00 New Taxiway 77
111 -30.24148417  147.51741848 
111 -30.23973099  147.51915131 
111 -30.23902214  147.52024939 
112 -30.23701102  147.52406180 -30.23684485  147.52427818 
111 -30.23693832  147.52429020 
112 -30.23714604  147.52447051 -30.23728106  147.52461476 
111 -30.23752583  147.52515199 
111 -30.23767574  147.52747578 
111 -30.23759993  147.52749077 
112 -30.23746801  147.52519178 -30.23744210  147.52494615 
112 -30.23688639  147.52439839 -30.23674098  147.52430222 
112 -30.23646056  147.52450658 -30.23620090  147.52465083 
111 -30.23558668  147.52438466 
112 -30.23439782  147.52369669 -30.23431487  147.52364869 
111 -30.23420428  147.52376068 
111 -30.23172979  147.52792051 
111 -30.23163303  147.52790451 
111 -30.23410751  147.52353669 
112 -30.22543171  147.51806783 -30.22524924  147.51797984 
111 -30.22462578  147.51792705 
111 -30.21989724  147.51755114 
111 -30.21989724  147.51739656 
112 -30.22481749  147.51783456 -30.22504013  147.51791185 
111 -30.22548860  147.51795148 
112 -30.23597246  147.52432135 -30.23641344  147.52449735 
111 -30.23688484  147.52391655 
112 -30.23904414  147.51988617 -30.23916579  147.51962217 
111 -30.23956116  147.51916457 
112 -30.23908976  147.51914697 -30.23895290  147.51914697 
112 -30.23834465  147.51904137 -30.23820779  147.51897098 
111 -30.23756913  147.51860138 
112 -30.23720417  147.51856618 -30.23706732  147.51847818 
112 -30.23734103  147.51824938 -30.23749309  147.51817898 
111 -30.23756913  147.51849578 
112 -30.23846630  147.51890058 -30.23867919  147.51897098 
111 -30.23968281  147.51904137 
111 -30.23977405  147.51891818 
111 -30.24044313  147.51828458 
113 -30.24143154  147.51719338 
14  -30.23779536  147.52710070    6 0 New Tower Viewpoint 49
15  -30.23632499  147.52292599   0.00 New Ramp Start 47
19  -30.23572176  147.52240233 0 New Windsock 48
1      435 0 0 YCRA CARINDA
100   49.99   4   0 0.25 0 0 0 7   -30.45985300  147.70375000    0.00    0.00 0  0 0 0 25  -30.45634400  147.71655900    0.00    0.00 0  0 0 0
110   4 0.25   0.00 New Taxiway 6
111 -30.45792587  147.71141187 
111 -30.45951260  147.71199226 
111 -30.45951260  147.71204200 
112 -30.45974131  147.71197567 -30.45979849  147.71194251 
111 -30.46297194  147.71020135 
111 -30.46297194  147.71035059 
111 -30.45989856  147.71200884 
112 -30.45949830  147.71210833 -30.45948401  147.71210833 
111 -30.45946971  147.71214150 
113 -30.45785440  147.71161086 
14  -30.45924099  147.71172694    6 0 New Tower Viewpoint 12
15  -30.45862632  147.71174352   0.00 New Ramp Start 13
19  -30.45719684  147.71171035 0 New Windsock 11
1      458 0 0 YPPR PIER PIER
100   14.94   4   0 0.25 0 0 0 7   -30.63317725  147.95493256    0.00    0.00 0  0 0 0 25  -30.63088581  147.96813449    0.00    0.00 0  0 0 0
110   4 0.25   0.00 New Taxiway 16
112 -30.63577351  147.94988791 -30.63560438  147.95134241 
112 -30.63492541  147.95501667 -30.63490060  147.95529053 
112 -30.63527269  147.95622743 -30.63538431  147.95664543 
112 -30.63598804  147.95868922 -30.63608354  147.95905389 
111 -30.63627455  147.95964053 
112 -30.63737540  147.96343466 -30.63757049  147.96411485 
112 -30.63850096  147.96601588 -30.63874108  147.96645190 
112 -30.63824583  147.96578915 -30.63800571  147.96545778 
112 -30.63766054  147.96463807 -30.63757049  147.96446366 
112 -30.63608376  147.95957270 -30.63605375  147.95946806 
112 -30.63572358  147.95843909 -30.63557351  147.95775892 
111 -30.63482313  147.95528241 
112 -30.63444795  147.95580562 -30.63432789  147.95599746 
112 -30.63329237  147.95679971 -30.63312729  147.95693923 
111 -30.63300723  147.95741011 
112 -30.63143130  147.96627079 -30.63141890  147.96640051 
112 -30.63077395  147.96700588 -30.63058790  147.96707795 
112 -30.63103441  147.96661672 -30.63117084  147.96645817 
111 -30.63133208  147.96622755 
112 -30.63297420  147.95692385 -30.63301051  147.95677613 
112 -30.63419085  147.95591093 -30.63449956  147.95565769 
111 -30.63479010  147.95489800 
113 -30.63567990  147.94939022 
14  -30.63127963  147.96510695    6 0 New Tower Viewpoint 21
15  -30.63127963  147.96642615   0.00 New Ramp Start 19
19  -30.63080524  147.96643599 0 New Windsock 20