1      544 0 0 YBRJ BURREN JUNCTION
100   24.99   4   0 0.25 0 0 0 15  -30.15379369  148.97145016    0.00    0.00 0  0 0 0 33  -30.16448976  148.97820099    0.00    0.00 0  0 0 0
110   4 0.25   0.00 New Taxiway 28
111 -30.15423317  148.97184964 
112 -30.15399854  148.97182639 -30.15393150  148.97178762 
112 -30.15381083  148.97168683 -30.15376390  148.97162481 
112 -30.15375049  148.97153178 -30.15377061  148.97147750 
112 -30.15389798  148.97133020 -30.15391809  148.97132245 
112 -30.15401194  148.97117514 -30.15403206  148.97115188 
111 -30.15430597  148.97045487 
112 -30.15429083  148.97022292 -30.15424164  148.97018354 
111 -30.15416217  148.97014852 
111 -30.15432688  148.96972018 
111 -30.15470473  148.96993867 
112 -30.15468645  148.97010782 -30.15464379  148.97017126 
111 -30.15421718  148.97117210 
112 -30.15419280  148.97147517 -30.15423546  148.97155270 
113 -30.15432078  148.97169366 
14  -30.15427203  148.96993162    6 0 New Tower Viewpoint 37
15  -30.15457066  148.97006554   0.00 New Ramp Start 35
19  -30.15365649  148.97075626 0 New Windsock 36
1      466 0 0 YCBC COME BY CHANCE
100   22.86   4   0 0.25 0 0 0 13  -30.33327053  148.46575936    0.00    0.00 0  0 0 0 31  -30.34053670  148.47414900    0.00    0.00 0  0 0 0
110   3 0.25   0.00 New Taxiway 22
112 -30.33851326  148.47234721 -30.33859363  148.47228990 
112 -30.33884710  148.47241167 -30.33897074  148.47244032 
112 -30.33913766  148.47263372 -30.33917475  148.47268386 
112 -30.33922421  148.47289159 -30.33922421  148.47300620 
112 -30.33926130  148.47326406 -30.33923657  148.47344314 
112 -30.33911293  148.47365086 -30.33906347  148.47372249 
112 -30.33877909  148.47368668 -30.33872345  148.47367235 
112 -30.33850090  148.47353625 -30.33839580  148.47343597 
112 -30.33824743  148.47309931 -30.33824125  148.47301336 
113 -30.33836489  148.47249763 
110   4 0.25 135.10 New Taxiway 21
111 -30.33950240  148.47304201 
112 -30.33944676  148.47303485 -30.33939112  148.47302768 
112 -30.33931694  148.47309215 -30.33922421  148.47318527 
111 -30.33876673  148.47375830 
112 -30.33856272  148.47402333 -30.33852563  148.47409496 
112 -30.33843908  148.47393738 -30.33845762  148.47388724 
112 -30.33827216  148.47350044 -30.33825361  148.47337151 
112 -30.33797541  148.47316378 -30.33787650  148.47304917 
112 -30.33776522  148.47320676 -30.33772195  148.47320676 
112 -30.33754885  148.47298471 -30.33750557  148.47291308 
111 -30.33756739  148.47282712 
111 -30.33774668  148.47268386 
111 -30.33761067  148.47239018 
112 -30.33739429  148.47213232 -30.33730774  148.47210367 
112 -30.33717792  148.47203920 -30.33712846  148.47198190 
112 -30.33723974  148.47181715 -30.33729538  148.47178133 
112 -30.33741284  148.47172403 -30.33746848  148.47168821 
112 -30.33757358  148.47150914 -30.33761067  148.47139453 
113 -30.33780231  148.47112950 
110   4 0.25 135.10 New Taxiway 20
111 -30.33847821  148.47168592 
111 -30.33877455  148.47143136 
111 -30.33890739  148.47154976 
113 -30.33867747  148.47187535 
110   4 0.25 135.10 New Taxiway 19
111 -30.34045547  148.47400648 
112 -30.34048613  148.47397688 -30.34051679  148.47394728 
112 -30.34059853  148.47399464 -30.34062919  148.47402424 
112 -30.34070583  148.47407752 -30.34071094  148.47410712 
112 -30.34069561  148.47426695 -30.34068539  148.47430247 
112 -30.34053722  148.47430247 -30.34047591  148.47430839 
113 -30.34042482  148.47416632 
110   4 0.25 135.10 New Taxiway 18
111 -30.33342521  148.46599343 
112 -30.33342521  148.46600131 -30.33342521  148.46600919 
112 -30.33322120  148.46592252 -30.33316679  148.46588312 
112 -30.33319399  148.46569403 -30.33322800  148.46562312 
112 -30.33338440  148.46563100 -30.33341841  148.46564675 
113 -30.33350681  148.46590676 
14  -30.33796923  148.47186013    6 0 New Tower Viewpoint 21
15  -30.33873582  148.47168821   0.00 New Ramp Start 19
19  -30.33840198  148.47121546 0 New Windsock 20
1      604 1 0 YCNM Coonamble
100   29.87   1   0 0.25 0 1 0 05  -30.98626409  148.36929743    0.00    0.00 2  0 0 0 23  -30.97813291  148.38220880    0.00    0.00 2  0 0 0
100   49.99   3   0 0.25 0 0 0 12  -30.97650307  148.37340134    0.00    0.00 0  0 0 0 30  -30.98013627  148.37894360    0.00    0.00 0  0 0 0
110   1 1.00  53.70 New Taxiway 2
111 -30.98410810  148.37296775 
112 -30.98411467  148.37321059 -30.98405770  148.37330262 
111 -30.98397661  148.37338186 
112 -30.98381663  148.37342787 -30.98374212  148.37342787 
113 -30.98388018  148.37299843 
110   1 1.00  53.70 New Taxiway 1
111 -30.98636427  148.36938283 
111 -30.98650014  148.36947741 
111 -30.98630510  148.36977138 
111 -30.98601582  148.36995032 
113 -30.98604650  148.36956177 
110   1 1.00   0.00 New Taxiway 8
112 -30.97828926  148.37971564 -30.97832514  148.37971564  20 
112 -30.97836225  148.37980798 -30.97835977  148.37986425  20 
112 -30.97827689  148.37989167 -30.97823854  148.37989022  20 
114 -30.97820885  148.37979500 -30.97820762  148.37974738  20 
110   1 1.00   0.00 New Taxiway 3
111 -30.97803336  148.38212143 102 
111 -30.97628388  148.38056860 102 
112 -30.97621683  148.38060153 -30.97618153  148.38060153 
111 -30.97613212  148.38053155 102 
112 -30.97603683  148.38063858 -30.97599094  148.38065916 102 
111 -30.97583212  148.38076208 
111 -30.97520564  148.38013145 
112 -30.97504811  148.37991533 -30.97501988  148.37985770 
112 -30.97491046  148.37978772 -30.97483988  148.37980418 
111 -30.97320578  148.38006772 
111 -30.97319166  148.38002656 
111 -30.97494284  148.37970211 
112 -30.97518627  148.37959751 -30.97525460  148.37955268 
112 -30.97551938  148.37953774 -30.97557916  148.37955268 
111 -30.97561196  148.37968983 
111 -30.97590403  148.37983208 
111 -30.97617023  148.37948433 
111 -30.97632424  148.37964524 
111 -30.97605472  148.37999701 
111 -30.97621836  148.38018038 102 
111 -30.97622733  148.38028929 102 
111 -30.97791339  148.38175944 
112 -30.97825811  148.38176254 -30.97836683  148.38167594 
113 -30.97827933  148.38197594 
112 -30.97551726  148.38034358 -30.97553007  148.38036350 
111 -30.97558986  148.38038840 
111 -30.97592724  148.37991024 
112 -30.97582048  148.37986541 -30.97576496  148.37986541 
111 -30.97575215  148.37992518 
113 -30.97550445  148.38027384 
112 -30.97543757  148.37962019 -30.97540933  148.37961196 
112 -30.97525757  148.37964901 -30.97519404  148.37967782 
111 -30.97501756  148.37978074 
111 -30.97523639  148.38006889 
113 -30.97549051  148.37971076 
110   4 1.00   0.00 New Taxiway 9
111 -30.97608452  148.38010109 
112 -30.97936348  148.37863631 -30.97942925  148.37859796 
111 -30.97962655  148.37841167 
111 -30.97964065  148.37849385 
112 -30.97950441  148.37864179 -30.97947623  148.37870206 
111 -30.97926953  148.37875685 
113 -30.97615862  148.38016880 
120 Linear Feature 7
111 -30.97780771  148.38191252   4 
115 -30.97789975  148.38175405 
120 Linear Feature 6
111 -30.97808819  148.38192928   1 
112 -30.97783972  148.38182513 -30.97776984  148.38177079   1 
115 -30.97615426  148.38035338 
14  -30.97576854  148.37999418    6 0 New Tower Viewpoint 2
15  -30.97576501  148.38034820 218.99 New Ramp Start 1
19  -30.97828431  148.37980365 1 New Windsock 3
19  -30.98638386  148.36668912 0 New Windsock 4
51 11960 ACTIVATE LIGHTS ONLY MULT
51 12670 COONAMBLE MULT
54 12710 BRISBANE CNTR
1      475 0 0 YNWY NETHERWAY
100   21.03   3   0 0.00 0 0 0 13  -30.68391479  148.12681213    0.00    0.00 0  0 0 0 31  -30.68901780  148.13279010    0.00    0.00 0  0 0 0
100   25.91   3   0 0.25 0 0 0 16  -30.67829242  148.13065133    0.00    0.00 0  0 0 0 34  -30.68893342  148.13313900    0.00    0.00 0  0 0 0
110   3 0.25   0.00 New Taxiway 37
112 -30.69317209  148.11940885 -30.69338058  148.11898458 
111 -30.69325896  148.11957047 
112 -30.69137735  148.12319336 -30.69127683  148.12351061 
111 -30.69119067  148.12417848 
112 -30.69067373  148.12768483 -30.69061630  148.12798537 
112 -30.69075989  148.12801877 -30.69078861  148.12806886 
112 -30.69131991  148.12806886 -30.69156402  148.12808556 
112 -30.69146350  148.12856977 -30.69149222  148.12885361 
112 -30.69143478  148.12972185 -30.69142043  148.12993891 
111 -30.69131991  148.13043982 
112 -30.69070245  148.13035633 -30.69053014  148.13035633 
112 -30.69055886  148.13064018 -30.69051578  148.13074036 
112 -30.69090349  148.13082385 -30.69103272  148.13092403 
112 -30.69129119  148.13155851 -30.69144914  148.13185905 
112 -30.69097528  148.13277738 -30.69077425  148.13311132 
112 -30.69012807  148.13307793 -30.68999884  148.13309462 
112 -30.68992704  148.13396286 -30.68988396  148.13416323 
112 -30.68978345  148.13411314 -30.68976909  148.13411314 
112 -30.68941010  148.13346196 -30.68930959  148.13327829 
112 -30.68890752  148.13326159 -30.68876393  148.13324490 
112 -30.68854854  148.13292766 -30.68859161  148.13286087 
112 -30.68860597  148.13232657 -30.68862033  148.13209281 
112 -30.68893624  148.13230987 -30.68912291  148.13249354 
111 -30.68920907  148.13269390 
112 -30.68955370  148.13251023 -30.68976909  148.13244345 
111 -30.68997012  148.13244345 
112 -30.69021423  148.13084054 -30.69021423  148.13064018 
112 -30.68979781  148.13059009 -30.68963985  148.13050661 
112 -30.68984089  148.13008918 -30.68998448  148.13003909 
111 -30.69007064  148.12972185 
112 -30.69017115  148.12892040 -30.69025731  148.12845289 
113 -30.69123375  148.12277594 
14  -30.69066930  148.13166588    6 0 New Tower Viewpoint 37
15  -30.69039636  148.12976156   0.00 New Ramp Start 38
19  -30.68998100  148.13032733 0 New Windsock 36
1      535 0 0 YPLG PILLIGA
100   17.07   4   0 0.25 0 0 0 17  -30.36166999  148.90514998    0.00    0.00 0  0 0 0 35  -30.37115374  148.90561710    0.00    0.00 0  0 0 0
110   4 0.25   0.00 New Taxiway 4
111 -30.37107587  148.90556856 
112 -30.37110770  148.90548424 -30.37113952  148.90544735 
112 -30.37145326  148.90545789 -30.37151692  148.90545789 
112 -30.37177154  148.90542100 -30.37184429  148.90542627 
112 -30.37205800  148.90545262 -30.37197161  148.90551586 
112 -30.37165787  148.90570031 -30.37151237  148.90573193 
112 -30.37123956  148.90573193 -30.37120318  148.90573193 
113 -30.37107587  148.90568977 
14  -30.37093946  148.90532087    6 0 New Tower Viewpoint 14
15  -30.37140779  148.90551586   0.00 New Ramp Start 13
19  -30.37055752  148.90523655 0 New Windsock 12
1      439 1 0 YWLG Walgett
100   29.87   1   0 0.25 0 1 0 05  -30.03732798  148.11825194    0.00    0.00 2  0 0 0 23  -30.02956402  148.13254828    0.00    0.00 2  0 0 0
100   29.87  15   0 0.25 0 0 0 18  -30.03687067  148.12415937    0.00    0.00 0  0 0 0 36  -30.02655765  148.12634568    0.00    0.00 0  0 0 0
110   1 0.25 147.90 New Taxiway 37
111 -30.03417897  148.12416584 
112 -30.03390448  148.12426777 -30.03392226  148.12411036   1 102 
111 -30.03380059  148.12399381   1 102 
112 -30.03253005  148.12309035 -30.03242252  148.12301583   1 102 
112 -30.03234366  148.12318144 -30.03231498  148.12323112   1 102 
111 -30.03213575  148.12327252   1 
111 -30.03141167  148.12343813 
111 -30.03027895  148.12367827 
111 -30.03020725  148.12327252 
111 -30.03037214  148.12320628 
111 -30.03035781  148.12294958 
111 -30.03104604  148.12280881 
111 -30.03096718  148.12252727 
112 -30.02916056  148.12291646 -30.02909604  148.12294130 
111 -30.02911038  148.12307379 
111 -30.02938280  148.12468849 
111 -30.02928961  148.12471334 
112 -30.02906019  148.12314831 -30.02903152  148.12299098 
112 -30.02884880  148.12295511 -30.02877941  148.12298517 
111 -30.02861459  148.12273468 
112 -30.02877073  148.12276474 -30.02883145  148.12283487 
111 -30.02903965  148.12280482 
111 -30.03115578  148.12233447 
111 -30.03167923  148.12168124 
111 -30.03225556  148.12197365   1 
112 -30.03233097  148.12179945 -30.03236329  148.12173724   1 
111 -30.03249046  148.12160416   1 
111 -30.03277140  148.12181277   1 102 
112 -30.03244364  148.12279012 -30.03242692  148.12288284   1 102 
111 -30.03248378  148.12287897   1 102 
112 -30.03381488  148.12383074 -30.03388122  148.12387225   1 102 
113 -30.03414933  148.12382171 
111 -30.03134918  148.12292908 
111 -30.03197876  148.12265083 
111 -30.03166578  148.12240479 
111 -30.03155391  148.12254490 
113 -30.03132915  148.12267126 
111 -30.03203222  148.12249117 
111 -30.03220955  148.12207563 
111 -30.03191830  148.12190212 
113 -30.03173462  148.12225799 
110   1 0.25 151.60 New Taxiway 36
112 -30.03350484  148.12290604 -30.03353991  148.12289917  20 
112 -30.03356704  148.12296413 -30.03356638  148.12299165  20 
112 -30.03351014  148.12302298 -30.03348234  148.12302298  20 
114 -30.03345786  148.12296719 -30.03345786  148.12294885  20 
110   1 0.25 151.60 New Taxiway 35
112 -30.02682564  148.12751589 -30.02686932  148.12751769 
112 -30.02691457  148.12760780 -30.02691613  148.12765105 
112 -30.02683500  148.12770511 -30.02677259  148.12770692 
114 -30.02674451  148.12761681 -30.02674451  148.12757536 
110   1 0.25 151.60 New Taxiway 35
112 -30.03595108  148.12297428 -30.03599477  148.12297608 
112 -30.03604001  148.12306619 -30.03604157  148.12310944 
112 -30.03596044  148.12316351 -30.03589804  148.12316531 
114 -30.03586995  148.12307520 -30.03586995  148.12303375 
110   1 0.25 151.60 New Taxiway 35
112 -30.03357875  148.12272585 -30.03362244  148.12272765  20 
112 -30.03366768  148.12281776 -30.03366924  148.12286102  20 
112 -30.03358811  148.12291508 -30.03352570  148.12291688  20 
114 -30.03349762  148.12282677 -30.03349762  148.12278532  20 
110   1 0.25  10.40 New Taxiway 34
111 -30.02823598  148.12610037 
111 -30.02686426  148.12638668 
112 -30.02661826  148.12647682 -30.02653991  148.12640896 
112 -30.02660357  148.12626191 -30.02665743  148.12622232 
112 -30.02679943  148.12622798 -30.02681412  148.12625625 
111 -30.02685819  148.12626191 
113 -30.02820966  148.12593388 
110   4 0.25  10.40 New Taxiway 33
111 -30.03122578  148.12529605 
112 -30.03125153  148.12520682 -30.03129200  148.12511333 
112 -30.03127361  148.12474364 -30.03126625  148.12465016 
112 -30.03108598  148.12359207 -30.03104919  148.12349009 
111 -30.03099033  148.12331586 
111 -30.03135454  148.12324363 
112 -30.03130672  148.12344759 -30.03129568  148.12349434 
112 -30.03128464  148.12368556 -30.03126993  148.12380879 
112 -30.03134351  148.12422947 -30.03134351  148.12423797 
112 -30.03149066  148.12510058 -30.03150170  148.12516007 
111 -30.03156056  148.12522806 
111 -30.03321594  148.12485359 
111 -30.03324081  148.12500684 
111 -30.02823511  148.12610316 
113 -30.02820279  148.12593518 
110   1 0.25  10.40 New Taxiway 32
112 -30.03351479  148.12501355 -30.03350669  148.12498083 
111 -30.03349860  148.12498083 
111 -30.03323960  148.12500420 
111 -30.03322342  148.12485462 
113 -30.03366452  148.12476581 
110   4 0.25  10.40 New Taxiway 31
111 -30.03684478  148.12400596 
111 -30.03689375  148.12430419 
111 -30.03376778  148.12497037 
113 -30.03379353  148.12465591 
110   3 0.25 151.60 New Taxiway 39
111 -30.03118715  148.12257511 
111 -30.03188213  148.12182503 
111 -30.03231337  148.12213395 
111 -30.03200978  148.12285224 
113 -30.03126060  148.12298799 
120 Linear Feature 42
111 -30.03225744  148.12197273   1 
111 -30.03197876  148.12265083   1 
115 -30.03134918  148.12292908 
120 Linear Feature 41
111 -30.03353844  148.12380439   4 
115 -30.03361052  148.12368743 
120 Linear Feature 44
111 -30.03384180  148.12466275   1 
111 -30.03405881  148.12425905   1 
116 -30.03393775  148.12399925 -30.03376117  148.12387177 
120 Linear Feature 43
111 -30.03437922  148.12368054   1 
111 -30.03420631  148.12399925   1 
112 -30.03393775  148.12399925 -30.03376117  148.12387177   1 
115 -30.03237934  148.12289653 
14  -30.03202217  148.12237696    6 0 New Tower Viewpoint 21
15  -30.03224474  148.12224842  99.46 New Ramp Start 20
19  -30.03358187  148.12282858 1 New Windsock 16
19  -30.03595526  148.12307384 0 New Windsock 17
19  -30.02682560  148.12762024 0 New Windsock 19
51 12240 ACTIVATE LIGHTS ONLY MULT
51 12670 WALGETT MULT
54 12710 BRISBANE CNTR
1      470 0 0 YWDE WINGADEE
100   24.08   4   0 0.25 0 0 0 6   -30.58549225  148.31220870    0.00    0.00 0  0 0 0 24  -30.57926030  148.32506166    0.00    0.00 0  0 0 0
110   4 0.25   0.00 New Taxiway 1
111 -30.58518340  148.31266403 
112 -30.58519094  148.31237487 -30.58518340  148.31230477 
112 -30.58507024  148.31223467 -30.58507779  148.31218210 
111 -30.58517585  148.31193675 
112 -30.58527392  148.31186665 -30.58526638  148.31184036 
112 -30.58534181  148.31143730 -30.58542479  148.31127081 
112 -30.58544742  148.31084145 -30.58544742  148.31069249 
111 -30.58541122  148.31020024 
112 -30.58526386  148.30998958 -30.58520719  148.30985132 
112 -30.58509384  148.30935757 -30.58505416  148.30919299 
112 -30.58503149  148.30902182 -30.58500882  148.30898232 
112 -30.58481004  148.30843555 -30.58481004  148.30806912 
112 -30.58488548  148.30806115 -30.58491291  148.30816471 
112 -30.58496777  148.30877011 -30.58498835  148.30887367 
112 -30.58508436  148.30900909 -30.58512550  148.30905688 
111 -30.58542039  148.30926399 
111 -30.58634619  148.30974194 
112 -30.58649707  148.30994109 -30.58650392  148.31003668 
112 -30.58629819  148.31034735 -30.58622275  148.31036328 
111 -30.58619532  148.31041904 
112 -30.58596216  148.31073767 -30.58590729  148.31080937 
112 -30.58574956  148.31085716 -30.58569470  148.31080937 
111 -30.58554383  148.31065005 
111 -30.58550954  148.31061819 
112 -30.58553011  148.31100055 -30.58553011  148.31113596 
112 -30.58539296  148.31148646 -30.58536553  148.31162985 
112 -30.58531752  148.31190068 -30.58537239  148.31203610 
112 -30.58546154  148.31208390 -30.58547525  148.31217152 
113 -30.58553697  148.31230694 
112 -30.58570235  148.31072182 -30.58574203  148.31076132 
112 -30.58581571  148.31080082 -30.58583838  148.31080082 
111 -30.58594606  148.31063624 
111 -30.58565701  148.31033998 
112 -30.58553233  148.31030707 -30.58548698  148.31035315 
113 -30.58549832  148.31048482 
112 -30.58517527  148.30947098 -30.58519227  148.30956973 
111 -30.58526595  148.30978040 
112 -30.58539630  148.30967506 -30.58546998  148.30956973 
111 -30.58545298  148.30936564 
113 -30.58512992  148.30916156 
111 -30.58558900  148.30949073 
112 -30.58545865  148.30977381 -30.58545298  148.30988573 
112 -30.58545298  148.31003715 -30.58549265  148.31010298 
112 -30.58566835  148.31018857 -30.58568535  148.31022148 
112 -30.58582137  148.31030048 -30.58586105  148.31031365 
112 -30.58598573  148.31041240 -30.58600274  148.31047165 
112 -30.58599140  148.31057040 -30.58599707  148.31060332 
112 -30.58609342  148.31041898 -30.58612742  148.31038607 
111 -30.58630312  148.30985940 
112 -30.58621811  148.30976723 -30.58617277  148.30973431 
112 -30.58582137  148.30954998 -30.58574769  148.30950389 
114 -30.58565701  148.30947098 -30.58562867  148.30947098 
14  -30.58565896  148.31046305    6 0 New Tower Viewpoint 2
15  -30.58525869  148.31235250  90.00 New Ramp Start 1
19  -30.58542902  148.31281250 0 New Windsock 3