1      751 0 0 SSPV Marechal Thaumaturgo
100   22.86   1   0 0.00 0 0 0 15  -08.95534866 -072.78256357    0.00    0.00 1  0 0 0 33  -08.96354023 -072.77688087    0.00    0.00 1  0 0 0
130 Airport Boundary
111 -08.96423459 -072.77543928 
111 -08.95375518 -072.78270910 
111 -08.95465429 -072.78400516 
113 -08.96513370 -072.77673533 
19  -08.95958192 -072.77992038 0 Windsock
1      794 0 0 SSPR Porto Walter
100   17.98   1   0 0.00 0 0 0 17  -08.26774279 -072.74632404    0.00    0.00 1  0 0 0 35  -08.27559054 -072.74423152    0.00    0.00 1  0 0 0
130 Airport Boundary
111 -08.27673282 -072.74313434 
111 -08.26620589 -072.74594124 
111 -08.26660052 -072.74742123 
113 -08.27712744 -072.74461432 
19  -08.27171695 -072.74546637 0 Windsock