1      797 0 0 SSWP Fazenda Araguaia
100   39.93   5   0 0.00 0 0 0 16  -08.73728108 -050.21186060    0.00    0.00 1  0 0 0 34  -08.74771892 -050.20313940    0.00    0.00 1  0 0 0
130 Airport Boundary
111 -08.74831035 -050.20151523 
111 -08.73557764 -050.21215389 
111 -08.73668965 -050.21348477 
113 -08.74942236 -050.20284611 
19  -08.74281917 -050.20788200 0 Windsock
1      807 0 0 SIDJ Fazenda Arpa
100   17.98   5   0 0.00 0 0 0 15  -08.94542878 -050.51618825    0.00    0.00 1  0 0 0 33  -08.95068233 -050.50992287    0.00    0.00 1  0 0 0
130 Airport Boundary
111 -08.95105556 -050.50828261 
111 -08.94387870 -050.51684171 
111 -08.94505556 -050.51782852 
113 -08.95223241 -050.50926941 
19  -08.94828351 -050.51324670 0 Windsock
1     1020 0 0 SJYH Fazenda Cachoeira Alta
100   17.98   5   0 0.00 0 0 0 17  -08.77741312 -050.97067913    0.00    0.00 0  0 0 0 35  -08.78369799 -050.96709865    0.00    0.00 0  0 0 0
130 Airport Boundary
111 -08.78461290 -050.96569589 
111 -08.77573990 -050.97075081 
111 -08.77649821 -050.97208189 
113 -08.78537121 -050.96702696 
19  -08.78070127 -050.96914466 0 Windsock
1     1007 0 0 SSCU Fazenda Santa Marina
100   20.12   5   0 0.00 0 0 0 06  -08.87117218 -050.48208005    0.00    0.00 1  0 0 0 24  -08.86493893 -050.47680883    0.00    0.00 1  0 0 0
130 Airport Boundary
111 -08.86329668 -050.47643645 
111 -08.87181213 -050.48363765 
111 -08.87281443 -050.48245242 
113 -08.86429899 -050.47525122 
19  -08.86825914 -050.47920370 0 Windsock
1      807 0 0 SDVJ Fazenda Santa Marta
100   17.98   5   0 0.00 0 0 0 09  -08.72403961 -050.45928112    0.00    0.00 1  0 0 0 27  -08.72096039 -050.45071888    0.00    0.00 1  0 0 0
130 Airport Boundary
111 -08.71972832 -050.44956868 
111 -08.72382228 -050.46095256 
111 -08.72527168 -050.46043132 
113 -08.72117772 -050.44904744 
19  -08.72278061 -050.45489909 0 Windsock
1      591 1 1 SNPW Piaus
100   25.60   2   0 0.25 0 2 0 17  -08.82624856 -050.00453100    0.00    0.00 2  7 0 0 35  -08.84041744 -049.99658280    0.00    0.00 2  7 0 0
21  -08.82767093 -050.00337077  2 151.00   3.00 17  PAPI-4L
21  -08.83899510 -049.99774310  2 331.00   3.00 35  PAPI-4L
110   2 0.30 151.00 Default taxiway for RWY 17
111 -08.82630332 -050.00463098  53 102 
111 -08.82658367 -050.00514281  53 102 
111 -08.84075263 -049.99719495  53 102 
111 -08.84047228 -049.99668309 
112 -08.84027076 -049.99679613 -08.84037261 -049.99674160  53 102 
111 -08.84043963 -049.99686397  53 102 
112 -08.84052900 -049.99702713 -08.84059602 -049.99714949  53 102 
111 -08.84049526 -049.99720601  53 102 
111 -08.83366268 -050.00103864  53 102 
111 -08.83343818 -050.00062877 
111 -08.83333742 -050.00068529  53 102 
111 -08.83356192 -050.00109516  53 102 
112 -08.82672934 -050.00492780 -08.82662858 -050.00498432  53 102 
111 -08.82656156 -050.00486196  53 102 
112 -08.82647219 -050.00469881 -08.82640517 -050.00457645  53 102 
113 -08.82650484 -050.00451794 
120 Default hold RWY 17 (near)
111 -08.82641611 -050.00483691  54 
115 -08.82651687 -050.00478039 
120 Default hold RWY 17 (centre)
111 -08.83345021 -050.00089122  54 
115 -08.83355097 -050.00083470 
120 Default hold RWY 17 (far)
111 -08.84048431 -049.99694555  54 
115 -08.84058507 -049.99688903 
18  -08.83294203 -049.99984318 1 BCN
19  -08.82587949 -050.00433813 1 WS
19  -08.84078652 -049.99677566 1 WS
1      804 0 0 SSZO Santa Marta I
100   29.87   5   0 0.00 0 0 0 14  -08.65661779 -050.45977016    0.00    0.00 1  0 0 0 32  -08.66115998 -050.45189650    0.00    0.00 1  0 0 0
130 Airport Boundary
111 -08.66119450 -050.45018730 
111 -08.65515545 -050.46065567 
111 -08.65658327 -050.46147936 
113 -08.66262232 -050.45101099 
19  -08.65924141 -050.45603669 0 Windsock