1     1640 0 0 SDNZ Fazenda Alto do Piquiri
100   20.12   5   0 0.00 0 0 0 01  -17.84944160 -054.76835926    0.00    0.00 1  0 0 0 19  -17.84055840 -054.76941852    0.00    0.00 1  0 0 0
130 Airport Boundary
111 -17.83919973 -054.77031100 
111 -17.85097203 -054.76890724 
111 -17.85080027 -054.76746678 
113 -17.83902797 -054.76887054 
19  -17.84496545 -054.76859916 0 Windsock
1     1886 0 0 SSBK Fazenda Araruna
100   39.93   3   0 0.00 0 0 0 01  -17.58779578 -054.64022342    0.00    0.00 0  0 0 0 19  -17.57775978 -054.64144324    0.00    0.00 0  0 0 0
130 Airport Boundary
111 -17.57641341 -054.64242892 
111 -17.58933907 -054.64085788 
111 -17.58914215 -054.63923775 
113 -17.57621649 -054.64080879 
19  -17.58272091 -054.64036546 0 Windsock
1     1132 0 0 SSED Fazenda Escalada
100   20.12   5   0 0.00 0 0 0 06  -17.95935827 -054.42167487    0.00    0.00 1  0 0 0 24  -17.95397507 -054.41665847    0.00    0.00 1  0 0 0
130 Airport Boundary
111 -17.95235131 -054.41617686 
111 -17.95995307 -054.42326066 
111 -17.96098202 -054.42215647 
113 -17.95338027 -054.41507267 
19  -17.95687489 -054.41894323 0 Windsock
1     1716 0 0 SWMO Fazenda Maria Jose
100   29.87   4   0 0.00 0 0 0 01  -17.45721954 -054.74168628    0.00    0.00 0  0 0 0 19  -17.44833601 -054.74275816    0.00    0.00 0  0 0 0
130 Airport Boundary
111 -17.44698376 -054.74369890 
111 -17.45875674 -054.74227838 
111 -17.45857179 -054.74074555 
113 -17.44679881 -054.74216607 
19  -17.45273209 -054.74184353 0 Windsock
1     1640 0 0 SWIX Fazenda Michelin
100   20.12   4   0 0.00 0 0 0 18  -17.36837252 -054.73603605    0.00    0.00 0  0 0 0 36  -17.37884970 -054.73285283    0.00    0.00 0  0 0 0
130 Airport Boundary
111 -17.38005394 -054.73171148 
111 -17.36673687 -054.73575751 
111 -17.36716826 -054.73717740 
113 -17.38048534 -054.73313136 
19  -17.37369767 -054.73472935 0 Windsock
1     1309 0 0 SSDU Fazenda Modelo
100   60.05   3   0 0.00 0 0 0 04  -17.99576889 -054.22534142    0.00    0.00 0  0 0 0 22  -17.98756444 -054.22188079    0.00    0.00 0  0 0 0
130 Airport Boundary
111 -17.98582635 -054.22215397 
111 -17.99678628 -054.22677687 
111 -17.99750698 -054.22506824 
113 -17.98654705 -054.22044535 
19  -17.99192671 -054.22299461 0 Windsock
1      525 0 0 SJMA Fazenda Mundo Acabado
100   60.05   3   0 0.00 0 0 0 14  -17.93297814 -054.93003188    0.00    0.00 0  0 0 0 32  -17.93813298 -054.92219034    0.00    0.00 0  0 0 0
130 Airport Boundary
111 -17.93817859 -054.92039500 
111 -17.93134804 -054.93078561 
111 -17.93293253 -054.93182722 
113 -17.93976308 -054.92143661 
19  -17.93612436 -054.92648503 0 Windsock
1      584 0 0 SIMZ Fazenda Primeiro de Maio
100   35.05   3   0 0.00 0 0 0 02  -17.88087221 -054.94141953    0.00    0.00 0  0 0 0 20  -17.87023890 -054.94080269    0.00    0.00 0  0 0 0
130 Airport Boundary
111 -17.86872801 -054.94151579 
111 -17.88229052 -054.94230255 
111 -17.88238311 -054.94070643 
113 -17.86882060 -054.93991967 
19  -17.87558041 -054.94068281 0 Windsock
1     1033 0 0 SDMD Fazenda Santa Izabel
100   29.87   5   0 0.00 0 0 0 18  -17.99650285 -054.69689118    0.00    0.00 1  0 0 0 36  -18.00349715 -054.69477548    0.00    0.00 1  0 0 0
130 Airport Boundary
111 -18.00469175 -054.69359343 
111 -17.99485337 -054.69656944 
111 -17.99530824 -054.69807322 
113 -18.00514663 -054.69509721 
19  -18.00011280 -054.69620623 0 Windsock
1     1683 0 0 SWIJ Fazenda Sao Jorge
100   29.87   4   0 0.00 0 0 0 18  -17.51368747 -054.82770936    0.00    0.00 0  0 0 0 36  -17.52242366 -054.82506842    0.00    0.00 0  0 0 0
130 Airport Boundary
111 -17.52361630 -054.82388561 
111 -17.51203931 -054.82738533 
111 -17.51249483 -054.82889216 
113 -17.52407182 -054.82539245 
19  -17.51816803 -054.82676094 0 Windsock
1     1575 0 0 SSUA Fazenda Sonora Estancia
100   29.87   4   0 0.00 0 0 0 16  -17.62721810 -054.77194391    0.00    0.00 0  0 0 0 34  -17.63389303 -054.76694497    0.00    0.00 0  0 0 0
130 Airport Boundary
111 -17.63462037 -054.76540255 
111 -17.62553335 -054.77220793 
111 -17.62649075 -054.77348632 
113 -17.63557777 -054.76668094 
19  -17.63079226 -054.76976049 0 Windsock
1     1788 0 0 SJWT Fazenda Sucuri
100   24.99   5   0 0.00 0 0 0 08  -17.39837917 -054.76474470    0.00    0.00 1  0 0 0 26  -17.39328749 -054.75469974    0.00    0.00 1  0 0 0
130 Airport Boundary
111 -17.39189599 -054.75369406 
111 -17.39836769 -054.76646153 
111 -17.39977067 -054.76575038 
113 -17.39329897 -054.75298291 
19  -17.39614823 -054.75956260 0 Windsock
1     1499 0 0 SWIL Fazenda Taruma
100   35.05   3   0 0.00 0 0 0 03  -17.01960135 -054.35057691    0.00    0.00 0  0 0 0 21  -17.01206532 -054.34886753    0.00    0.00 0  0 0 0
130 Airport Boundary
111 -17.01044275 -054.34932908 
111 -17.02086598 -054.35169336 
111 -17.02122392 -054.35011536 
113 -17.01080068 -054.34775109 
19  -17.01592951 -054.34929821 0 Windsock
1     2024 0 0 SSZZ Fazenda Thaua
100   60.05   3   0 0.00 0 0 0 14  -17.71050711 -054.41282367    0.00    0.00 0  0 0 0 32  -17.71560401 -054.40495410    0.00    0.00 0  0 0 0
130 Airport Boundary
111 -17.71563781 -054.40315746 
111 -17.70888141 -054.41358928 
111 -17.71047332 -054.41462032 
113 -17.71722972 -054.40418849 
19  -17.71362843 -054.40925992 0 Windsock