1     1591 0 0 SSTP Fazenda Baessa
100   24.99   4   0 0.00 0 0 0 16  -17.96652767 -050.32409856    0.00    0.00 0  0 0 0 34  -17.97513899 -050.31701256    0.00    0.00 0  0 0 0
130 Airport Boundary
111 -17.97582874 -050.31543988 
111 -17.96485161 -050.32447264 
111 -17.96583792 -050.32567126 
113 -17.97681504 -050.31663849 
19  -17.97106859 -050.32084146 0 Windsock
1     2461 0 0 SJRR Fazenda Barreiro
100   17.98   4   0 0.00 0 0 0 02  -17.05776856 -050.92838174    0.00    0.00 0  0 0 0 20  -17.05056477 -050.92828492    0.00    0.00 0  0 0 0
130 Airport Boundary
111 -17.04907342 -050.92898965 
111 -17.05924043 -050.92912630 
111 -17.05925991 -050.92767702 
113 -17.04909290 -050.92754037 
19  -17.05417061 -050.92804036 0 Windsock
1     1693 0 0 SIQM Fazenda Bom Jardim
100   29.87   5   0 0.00 0 0 0 01  -17.90379765 -050.12301766    0.00    0.00 1  0 0 0 19  -17.89675790 -050.12420456    0.00    0.00 1  0 0 0
130 Airport Boundary
111 -17.89543416 -050.12520648 
111 -17.90537672 -050.12353017 
111 -17.90512139 -050.12201574 
113 -17.89517883 -050.12369205 
19  -17.90021111 -050.12321567 0 Windsock
1     1918 0 0 SWZH Fazenda Cacapava
100   17.98   4   0 0.00 0 0 0 08  -17.57682961 -050.17822332    0.00    0.00 0  0 0 0 26  -17.57317039 -050.17177668    0.00    0.00 0  0 0 0
130 Airport Boundary
111 -17.57175197 -050.17080249 
111 -17.57693892 -050.17994059 
111 -17.57824803 -050.17919751 
113 -17.57306108 -050.17005941 
19  -17.57526858 -050.17484755 0 Windsock
1     1841 0 1 SJER FAZENDA CANADA
100   17.98   1   0 0.25 0 0 0 14  -17.31654800 -050.32430100    0.00    0.00 2  0 0 0 32  -17.32122900 -050.31625400    0.00    0.00 2  0 0 0
110   1 0.30 121.36 Default taxiway for RWY 14
111 -17.31661518 -050.32434388   3 
111 -17.31696260 -050.32456563   3 
111 -17.32164376 -050.31651884   3 
111 -17.32129634 -050.31629708 
112 -17.32121213 -050.31644185 -17.32125615 -050.31637070   3 
111 -17.32133907 -050.31642362   3 
112 -17.32144963 -050.31649420 -17.32153255 -050.31654712   3 
111 -17.32149045 -050.31661950   3 
111 -17.31925513 -050.32046194   3 
111 -17.31897681 -050.32028429 
111 -17.31893471 -050.32035667   3 
111 -17.31921303 -050.32053432   3 
112 -17.31697771 -050.32437677 -17.31693561 -050.32444915   3 
111 -17.31685269 -050.32439622   3 
112 -17.31674213 -050.32432565 -17.31665921 -050.32427273   3 
113 -17.31669939 -050.32419912 
120 Default hold RWY 14 (near)
111 -17.31675530 -050.32443332   4 
115 -17.31679741 -050.32436094 
120 Default hold RWY 14 (centre)
111 -17.31907483 -050.32044611   4 
115 -17.31911693 -050.32037373 
120 Default hold RWY 14 (far)
111 -17.32139435 -050.31645891   4 
115 -17.32143646 -050.31638652 
19  -17.31625766 -050.32431419 1 WS
19  -17.32151934 -050.31624079 1 WS
1     1699 0 0 SWZD Fazenda Denusa Destilaria Nova Uniao
100   24.99   4   0 0.00 0 0 0 02  -17.25988449 -050.14224838    0.00    0.00 0  0 0 0 20  -17.25178218 -050.14219606    0.00    0.00 0  0 0 0
130 Airport Boundary
111 -17.25029253 -050.14294153 
111 -17.26136439 -050.14301304 
111 -17.26137414 -050.14150291 
113 -17.25030228 -050.14143140 
19  -17.25583565 -050.14186276 0 Windsock
1     2210 0 0 SWZN Fazenda Frances
100   17.98   4   0 0.00 0 0 0 03  -17.32512293 -050.42637252    0.00    0.00 0  0 0 0 21  -17.31932152 -050.42529415    0.00    0.00 0  0 0 0
130 Airport Boundary
111 -17.31771746 -050.42573781 
111 -17.32646042 -050.42736295 
111 -17.32672698 -050.42592887 
113 -17.31798403 -050.42430372 
19  -17.32227661 -050.42554070 0 Windsock
1     1644 0 0 SITH Fazenda Itaipu
100   20.12   4   0 0.00 0 0 0 18  -17.67016056 -050.38927408    0.00    0.00 0  0 0 0 36  -17.67706166 -050.38683704    0.00    0.00 0  0 0 0
130 Airport Boundary
111 -17.67823609 -050.38563486 
111 -17.66849164 -050.38907599 
111 -17.66898613 -050.39047627 
113 -17.67873058 -050.38703514 
19  -17.67371714 -050.38835582 0 Windsock
1     1844 0 0 SWGT Fazenda Nova
100   18.90   4   0 0.00 0 0 0 01  -17.19333843 -050.21243980    0.00    0.00 0  0 0 0 19  -17.18277268 -050.21422686    0.00    0.00 0  0 0 0
130 Airport Boundary
111 -17.18144132 -050.21518479 
111 -17.19491076 -050.21290660 
111 -17.19466979 -050.21148188 
113 -17.18120035 -050.21376007 
19  -17.18800509 -050.21303491 0 Windsock
1     2306 0 0 SSKR Fazenda Primavera
100   18.90   4   0 0.00 0 0 0 06  -17.17260691 -050.82716747    0.00    0.00 0  0 0 0 24  -17.16628198 -050.82172141    0.00    0.00 0  0 0 0
130 Airport Boundary
111 -17.16463566 -050.82129411 
111 -17.17327394 -050.82873208 
111 -17.17425321 -050.82759478 
113 -17.16561494 -050.82015681 
19  -17.16964769 -050.82420840 0 Windsock
1     1526 0 0 SITU Fazenda Santa Genoveva
100   20.12   4   0 0.00 0 0 0 15  -17.93756872 -050.34506386    0.00    0.00 0  0 0 0 33  -17.94243128 -050.33938058    0.00    0.00 0  0 0 0
130 Airport Boundary
111 -17.94285750 -050.33771710 
111 -17.93599121 -050.34574231 
111 -17.93714250 -050.34672734 
113 -17.94400879 -050.33870213 
19  -17.94024743 -050.34243392 0 Windsock
1     2451 0 0 SIPR Fazenda Sao Jose
100   20.12   4   0 0.00 0 0 0 14  -16.99944116 -050.74559365    0.00    0.00 0  0 0 0 32  -17.00278106 -050.73996191    0.00    0.00 0  0 0 0
130 Airport Boundary
111 -17.00291086 -050.73824856 
111 -16.99799999 -050.74652929 
111 -16.99931137 -050.74730700 
113 -17.00422224 -050.73902627 
19  -17.00138971 -050.74294300 0 Windsock
1     2497 0 0 SJCP Fazenda Sao Roberto
100   24.99   5   0 0.00 0 0 0 05  -17.07634110 -050.84961827    0.00    0.00 1  0 0 0 23  -17.06921446 -050.84538173    0.00    0.00 1  0 0 0
130 Airport Boundary
111 -17.06751602 -050.84527188 
111 -17.07724906 -050.85105784 
111 -17.07803954 -050.84972812 
113 -17.06830650 -050.84394216 
19  -17.07296408 -050.84718661 0 Windsock
1     1720 0 0 SISI Fazenda Sete Ilhas
100   20.12   4   0 0.00 0 0 0 01  -17.63768973 -050.46997232    0.00    0.00 0  0 0 0 19  -17.63064361 -050.47113880    0.00    0.00 0  0 0 0
130 Airport Boundary
111 -17.62931079 -050.47209407 
111 -17.63925929 -050.47044711 
111 -17.63902254 -050.46901704 
113 -17.62907405 -050.47066400 
19  -17.63411598 -050.47024936 0 Windsock
1     1562 0 0 SWIO Fazenda Triangulo
100   22.86   3   0 0.00 0 0 0 03  -17.62732760 -050.14275877    0.00    0.00 0  0 0 0 21  -17.61545018 -050.14057457    0.00    0.00 0  0 0 0
130 Airport Boundary
111 -17.61384150 -050.14104216 
111 -17.62866469 -050.14376807 
111 -17.62893628 -050.14229118 
113 -17.61411309 -050.13956527 
19  -17.62145118 -050.14132794 0 Windsock
1     2464 0 1 SWLC GENERAL LEITE DE CASTRO
100   29.87   1   0 0.25 0 1 0 03  -17.83973600 -050.95723100    0.00    0.00 2  0 0 0 21  -17.82666100 -050.95340600    0.00    0.00 2  0 0 0
110   1 0.30  15.56 Default taxiway for RWY 03
111 -17.83977146 -050.95709726   3 102 
111 -17.83995236 -050.95641489   3 102 
111 -17.82687740 -050.95258967   3 102 
111 -17.82669650 -050.95327199 
112 -17.82695545 -050.95334775 -17.82682658 -050.95330759   3 102 
111 -17.82686985 -050.95314438   3 102 
112 -17.82692755 -050.95292677 -17.82697082 -050.95276356   3 102 
111 -17.82710029 -050.95280144   3 102 
111 -17.83331408 -050.95461935   3 102 
111 -17.83316924 -050.95516568 
111 -17.83329872 -050.95520356   3 102 
111 -17.83344356 -050.95465723   3 102 
112 -17.83965734 -050.95647515 -17.83978682 -050.95651303   3 102 
111 -17.83974355 -050.95667625   3 102 
112 -17.83968585 -050.95689388 -17.83964258 -050.95705710   3 102 
113 -17.83951250 -050.95702150 
120 Default hold RWY 03 (near)
111 -17.83984418 -050.95682294   4 
115 -17.83971470 -050.95678506 
120 Default hold RWY 03 (centre)
111 -17.83337144 -050.95492926   4 
115 -17.83324196 -050.95489138 
120 Default hold RWY 03 (far)
111 -17.82689870 -050.95303557   4 
115 -17.82676922 -050.95299769 
18  -17.83294623 -050.95627050 1 BCN
19  -17.83988678 -050.95771482 1 WS
19  -17.82651021 -050.95292222 1 WS
1     1591 1 1 SWHG Santa Helena De Goias
100   20.12   1   0 0.25 0 0 0 14  -17.82403600 -050.59383900    0.00    0.00 2  0 0 0 32  -17.82902500 -050.58529400    0.00    0.00 2  0 0 0
110   1 0.30 121.52 Default taxiway for RWY 14
111 -17.82411124 -050.59388748   3 
111 -17.82449897 -050.59413727   3 
111 -17.82948816 -050.58559252   3 
111 -17.82910043 -050.58534272 
112 -17.82900578 -050.58550482 -17.82905502 -050.58542500   3 
111 -17.82914762 -050.58548466   3 
112 -17.82927107 -050.58556420 -17.82936367 -050.58562385   3 
111 -17.82931635 -050.58570490   3 
111 -17.82694007 -050.58977465   3 
111 -17.82662950 -050.58957457 
111 -17.82658217 -050.58965563   3 
111 -17.82689274 -050.58985571   3 
112 -17.82451646 -050.59392546 -17.82446914 -050.59400651   3 
111 -17.82437654 -050.59394685   3 
112 -17.82425309 -050.59386731 -17.82416049 -050.59380766   3 
113 -17.82420589 -050.59372538 
120 Default hold RWY 14 (near)
111 -17.82426748 -050.59398813   4 
115 -17.82431481 -050.59390708 
120 Default hold RWY 14 (centre)
111 -17.82673841 -050.58975629   4 
115 -17.82678574 -050.58967523 
120 Default hold RWY 14 (far)
111 -17.82920934 -050.58552443   4 
115 -17.82925667 -050.58544338 
19  -17.82370987 -050.59385197 1 WS
19  -17.82935113 -050.58528102 1 WS