1     2002 0 0 SIHV Fazenda Boa Sorte
100   24.99   3   0 0.00 0 0 0 01  -17.21548372 -046.61357229    0.00    0.00 0  0 0 0 19  -17.20673850 -046.61531659    0.00    0.00 0  0 0 0
130 Airport Boundary
111 -17.20542708 -046.61634102 
111 -17.21708782 -046.61401521 
111 -17.21679515 -046.61254786 
113 -17.20513441 -046.61487368 
19  -17.21103839 -046.61407983 0 Windsock
1     2454 0 0 SNSA Fazenda Bom Sucesso
100   21.95   4   0 0.00 0 0 0 11  -17.60870962 -046.70851458    0.00    0.00 0  0 0 0 29  -17.60851260 -046.69926320    0.00    0.00 0  0 0 0
130 Airport Boundary
111 -17.60770315 -046.69770654 
111 -17.60796718 -046.71010429 
111 -17.60951907 -046.71007124 
113 -17.60925504 -046.69767349 
19  -17.60897596 -046.70388112 0 Windsock
1     1772 0 0 SNNB Fazenda Cana Brava
100   29.87   2   0 0.00 0 0 0 11  -17.17706699 -046.30244400    0.00    0.00 1  0 0 0 29  -17.17682189 -046.29255601    0.00    0.00 1  0 0 0
130 Airport Boundary
111 -17.17596919 -046.29100491 
111 -17.17629219 -046.30403544 
111 -17.17791969 -046.30399510 
113 -17.17759669 -046.29096457 
19  -17.17738564 -046.29748906 0 Windsock
1     1946 0 0 SIGS Fazenda Granja Santiago
100   29.87   3   0 0.00 0 0 0 08  -17.16489397 -046.66439944    0.00    0.00 0  0 0 0 26  -17.15955047 -046.65560056    0.00    0.00 0  0 0 0
130 Airport Boundary
111 -17.15804957 -046.65468716 
111 -17.16501234 -046.66615244 
111 -17.16639487 -046.66531284 
113 -17.15943210 -046.65384756 
19  -17.16259553 -046.65977329 0 Windsock
1     1772 0 0 SSOU Fazenda Inhumas
100   39.93   4   0 0.00 0 0 0 13  -17.03515177 -046.26562000    0.00    0.00 0  0 0 0 31  -17.03873711 -046.25493557    0.00    0.00 0  0 0 0
130 Airport Boundary
111 -17.03842115 -046.25317648 
111 -17.03383868 -046.26683244 
111 -17.03546772 -046.26737909 
113 -17.04005020 -046.25372313 
19  -17.03745079 -046.26044769 0 Windsock
1     1752 0 0 SNMP Fazenda Marocopa
100   22.86   5   0 0.00 0 0 0 15  -17.32013888 -046.54169878    0.00    0.00 0  0 0 0 33  -17.32597225 -046.53441234    0.00    0.00 0  0 0 0
130 Airport Boundary
111 -17.32634125 -046.53271423 
111 -17.31856268 -046.54243043 
111 -17.31976987 -046.54339688 
113 -17.32754845 -046.53368069 
19  -17.32334506 -046.53828733 0 Windsock
1     2165 0 1 SNSR FAZENDA SANTOS REIS
100   27.43   1   0 0.25 0 0 0 03  -17.55587800 -046.98031400    0.00    0.00 2  0 0 0 21  -17.53992800 -046.97704700    0.00    0.00 2  0 0 0
110   1 0.30  11.05 Default taxiway for RWY 03
111 -17.55590123 -046.98018925   3 
111 -17.55601996 -046.97955162   3 
111 -17.54006999 -046.97628440   3 
111 -17.53995126 -046.97692197 
112 -17.54019355 -046.97697160 -17.54007283 -046.97694448   3 
111 -17.54010122 -046.97679201   3 
112 -17.54013908 -046.97658873 -17.54016747 -046.97643627   3 
111 -17.54028862 -046.97646108   3 
111 -17.54796074 -046.97803266   3 
111 -17.54786567 -046.97854321 
111 -17.54798682 -046.97856802   3 
111 -17.54808189 -046.97805747   3 
112 -17.55575401 -046.97962905 -17.55587515 -046.97965386   3 
111 -17.55584676 -046.97980634   3 
112 -17.55580890 -046.98000964 -17.55578051 -046.98016212   3 
113 -17.55565894 -046.98013962 
120 Default hold RWY 03 (near)
111 -17.55594898 -046.97993281   4 
115 -17.55582783 -046.97990799 
120 Default hold RWY 03 (centre)
111 -17.54803457 -046.97831159   4 
115 -17.54791342 -046.97828678 
120 Default hold RWY 03 (far)
111 -17.54012015 -046.97669037   4 
115 -17.53999901 -046.97666555 
19  -17.55604931 -046.98074482 1 WS
19  -17.53975668 -046.97661622 1 WS
1     2990 0 1 SNJP JOAO PINHEIRO
100   22.86   1   0 0.25 0 0 0 06  -17.79200000 -046.12394200    0.00    0.00 2  0 0 0 24  -17.78300000 -046.11605800    0.00    0.00 2  0 0 0
110   1 0.30  39.83 Default taxiway for RWY 06
111 -17.79206445 -046.12386086   3 
111 -17.79239533 -046.12344426   3 
111 -17.78339549 -046.11555989   3 
111 -17.78306461 -046.11597646 
112 -17.78322258 -046.11611486 -17.78314504 -046.11604385   3 
111 -17.78322411 -046.11594431   3 
112 -17.78332953 -046.11581158 -17.78340860 -046.11571204   3 
111 -17.78348758 -046.11578124   3 
111 -17.78779003 -046.11955043   3 
111 -17.78752503 -046.11988406 
111 -17.78760402 -046.11995326   3 
111 -17.78786902 -046.11961963   3 
112 -17.79217147 -046.12338882 -17.79225046 -046.12345802   3 
111 -17.79217139 -046.12355757   3 
112 -17.79206597 -046.12369030 -17.79198690 -046.12378984   3 
113 -17.79190647 -046.12372246 
120 Default hold RWY 06 (near)
111 -17.79219767 -046.12369313   4 
115 -17.79211868 -046.12362393 
120 Default hold RWY 06 (centre)
111 -17.78773724 -046.11978554   4 
115 -17.78765825 -046.11971634 
120 Default hold RWY 06 (far)
111 -17.78327682 -046.11587794   4 
115 -17.78319783 -046.11580874 
19  -17.79196119 -046.12432816 1 WS
19  -17.78303880 -046.11567186 1 WS
1     2359 1 1 SNZR Paracatu
100   29.87   1   0 0.25 0 0 0 11  -17.24299700 -046.89023900    0.00   60.96 2  0 0 0 29  -17.24214700 -046.87588900    0.00   60.96 2  0 0 0
110   1 0.30  86.45 Default taxiway for RWY 11
111 -17.24312890 -046.89023044   3 
111 -17.24380189 -046.89018676   3 
111 -17.24295240 -046.87583669   3 
111 -17.24227941 -046.87588037 
112 -17.24229604 -046.87616130 -17.24228997 -046.87602069   3 
111 -17.24245095 -046.87601025   3 
112 -17.24266558 -046.87599632 -17.24282656 -046.87598587   3 
111 -17.24283488 -046.87612633   3 
111 -17.24323884 -046.88295021   3 
111 -17.24270000 -046.88298518 
111 -17.24270831 -046.88312564   3 
111 -17.24324715 -046.88309067   3 
112 -17.24365111 -046.88991455 -17.24365943 -046.89005501   3 
111 -17.24349845 -046.89006546   3 
112 -17.24328382 -046.89007939 -17.24312284 -046.89008983   3 
113 -17.24311227 -046.88994952 
120 Default hold RWY 11 (near)
111 -17.24339945 -046.89021288   4 
115 -17.24339114 -046.89007242 
120 Default hold RWY 11 (centre)
111 -17.24297886 -046.88310808   4 
115 -17.24297055 -046.88296762 
120 Default hold RWY 11 (far)
111 -17.24255827 -046.87600328   4 
115 -17.24254996 -046.87586281 
19  -17.24261118 -046.89054604 1 WS
19  -17.24253279 -046.87558193 1 WS
1     2457 0 0 SIJK Vazante
100   21.95   1   0 0.00 0 0 0 10  -17.95582107 -046.86584011    0.00    0.00 1  0 0 0 28  -17.95417893 -046.85749323    0.00    0.00 1  0 0 0
130 Airport Boundary
111 -17.95311432 -046.85609808 
111 -17.95536429 -046.86753457 
111 -17.95688569 -046.86723526 
113 -17.95463572 -046.85579876 
19  -17.95535770 -046.86159630 0 Windsock
17    2395 0 0 SNIQ [H] MORRO DO OURO II
102 H1  -17.17444444 -046.87861111 138.72   17.98   17.98   2 0   0 0.00 0
130 Heliport Boundary
111 -17.17420312 -046.87859542 
111 -17.17442875 -046.87885243 
111 -17.17468577 -046.87862680 
113 -17.17446013 -046.87836979 
19  -17.17445601 -046.87843330 0 Windsock