1       35 0 0 YBMT BRAMSTON BEACH
100   49.99   4   0 0.25 0 0 0 15  -17.34803686  146.01492431    0.00    0.00 0  0 0 0 33  -17.33573300  146.00826300    0.00    0.00 0  0 0 0
110   3 0.25   0.00 New Taxiway 13
111 -17.33626730  146.00713323 
112 -17.34098395  146.00933602 -17.34129367  146.00951627 
112 -17.34249816  146.01027332 -17.34335851  146.01052567 
112 -17.34459741  146.01113853 -17.34497597  146.01131878 
112 -17.34569866  146.01164323 -17.34607722  146.01175138 
112 -17.34855502  146.01326548 -17.34872709  146.01337363 
112 -17.35082635  146.01510404 -17.35106724  146.01532034 
112 -17.35223732  146.01571689 -17.35240939  146.01582504 
112 -17.35282236  146.01650999 -17.35271912  146.01712284 
111 -17.35213408  146.01874510 
112 -17.34755702  146.01553664 -17.34738495  146.01553664 
112 -17.34631811  146.01477959 -17.34597397  146.01467144 
112 -17.34301437  146.01312128 -17.34267023  146.01297708 
113 -17.33530564  146.00886737 
14  -17.34934655  146.01477959    6 0 New Tower Viewpoint 21
15  -17.34886475  146.01445514   0.00 New Ramp Start 19
19  -17.34834854  146.01373413 0 New Windsock 20
1       20 0 0 YDKI Dunk Is
100   17.07   1   0 0.00 0 1 0 14  -17.93599349  146.13941636    0.00    0.00 2  0 0 0 32  -17.94190670  146.14326585   43.89    0.00 2  0 0 0
110   1 0.25   0.00 New Taxiway 6
111 -17.94186564  146.14333038   1 
111 -17.94179269  146.14344156   1 
112 -17.94166868  146.14338405 -17.94161397  146.14335338   1 
113 -17.94150454  146.14308885 
110   1 0.25   0.00 New Taxiway 1
111 -17.93621137  146.13964010   1 
111 -17.93603325  146.13964586   1 
111 -17.93587157  146.13953353   1 
111 -17.93598940  146.13931463 
113 -17.93630180  146.13952201 
110   1 0.25   0.00 New Taxiway 2
111 -17.93735915  146.14039400   1 
112 -17.93730470  146.14040473 -17.93728939  146.14042977   1 
111 -17.93716518  146.14063366   1 
111 -17.93729790  146.14074097   1 
112 -17.93720431  146.14089656 -17.93708350  146.14081608   1 
111 -17.93708350  146.14081608   1 
111 -17.93703416  146.14085543   1 
111 -17.93687591  146.14070341   1 
111 -17.93698992  146.14055675   1 
111 -17.93703075  146.14058358   1 
112 -17.93709541  146.14056570 -17.93711583  146.14053529   1 
111 -17.93721282  146.14036896   1 
114 -17.93719070  146.14028491 -17.93716177  146.14024377 
120 Linear Feature 5
111 -17.93727593  146.14036621   1 
112 -17.93740760  146.14033665 -17.93749453  146.14039309   1 
115 -17.93749453  146.14039309 
120 Linear Feature 4
111 -17.93710562  146.14063008   1 
111 -17.93727237  146.14036718   1 
112 -17.93721622  146.14021337 -17.93712944  146.14015435   1 
115 -17.93712944  146.14015435 
120 Linear Feature 3
111 -17.93726557  146.14046733   4 
115 -17.93718900  146.14041546 
14  -17.93713625  146.14082502    6 0 New Tower Viewpoint 2
15  -17.93697800  146.14063008 158.36 New Ramp Start 1
18  -17.93866500  146.14182014 1 BCN
19  -17.93687722  146.14041895 1 New Windsock 3
19  -17.94156720  146.14276495 0 New Windsock 4
51 12670 CTAF
1       46 0 0 YIFL Innisfail
100   29.87   1   0 0.25 0 1 0 14  -17.55422120  146.00714840    0.00    0.00 2  0 0 0 32  -17.56393402  146.01531397   27.13    0.00 2  0 0 0
100   49.99   3   0 0.25 0 0 0 3   -17.56480986  146.00845080    0.00    0.00 0  0 0 0 21  -17.55402208  146.01648089    0.00    0.00 0  0 0 0
110   1 0.25   0.00 New Taxiway 3
111 -17.56004840  146.01209428 
111 -17.56073195  146.01266370 
112 -17.56047924  146.01259920 -17.56035253  146.01258911 102 
111 -17.56023020  146.01284498 102 
111 -17.56009166  146.01403012 102 
112 -17.56004360  146.01432755 -17.56001956  146.01443341 102 
111 -17.56012530  146.01450903 
111 -17.56038485  146.01469556 
111 -17.56009166  146.01508877 
111 -17.55932323  146.01446349 
111 -17.55950827  146.01421949 
112 -17.55967217  146.01431376 -17.55979377  146.01435813 102 
111 -17.55994709  146.01406977 102 
112 -17.56013214  146.01260580 -17.56014800  146.01247825 102 
113 -17.56003697  146.01219544 
110   1 0.25   0.00 New Taxiway 5
112 -17.55843848  146.01185290 -17.55847679  146.01185264  22 
112 -17.55850008  146.01192040 -17.55850158  146.01195875  22 
112 -17.55843146  146.01198921 -17.55839390  146.01198921  22 
114 -17.55837487  146.01192040 -17.55837462  146.01189072  22 
110   4 0.25   0.00 New Taxiway 4
111 -17.56003217  146.01500215 
111 -17.56032632  146.01467739 
112 -17.56051209  146.01470175 -17.56063594  146.01468551 
111 -17.56069787  146.01465303 
112 -17.56171964  146.01574096 -17.56169642  146.01578156 
112 -17.56129390  146.01584651 -17.56123972  146.01585463 
112 -17.56109264  146.01563542 -17.56108490  146.01563542 
112 -17.56086816  146.01568413 -17.56075979  146.01578968 
111 -17.56073657  146.01588711 
111 -17.56081398  146.01668276 
111 -17.56067465  146.01667464 
112 -17.56057402  146.01580592 -17.56055854  146.01557859 
111 -17.56035601  146.01555761 
112 -17.56013011  146.01532571 -17.56010608  146.01524001 
113 -17.56008205  146.01508373 
110   4 0.25   0.00 New Taxiway 2
111 -17.56335002  146.01494004 
112 -17.56330243  146.01507313 -17.56329715  146.01510086 
112 -17.56312796  146.01532268 -17.56308567  146.01536704 
112 -17.56279488  146.01561104 -17.56272615  146.01562768 
111 -17.56274730  146.01572195 
112 -17.56284246  146.01586058 -17.56289005  146.01594931 
111 -17.56283718  146.01609349 
111 -17.56244065  146.01612676 
111 -17.56245651  146.01641513 
111 -17.56236135  146.01643731 
112 -17.56231905  146.01587722 -17.56232434  146.01575522 
111 -17.56241422  146.01573304 
112 -17.56244065  146.01562213 -17.56246180  146.01557222 
111 -17.56277373  146.01558331 
112 -17.56315440  146.01511195 -17.56321784  146.01498441 
113 -17.56320198  146.01485132 
120 Linear Feature 8
111 -17.56006899  146.01206531   1 
116 -17.56020027  146.01254119 -17.56017057  146.01279826 
120 Linear Feature 7
111 -17.56071636  146.01260998   1 
112 -17.56020006  146.01254112 -17.56017917  146.01273206   1 
111 -17.56002860  146.01403679   1 
112 -17.55993691  146.01431236 -17.55987153  146.01441622   1 
115 -17.55974401  146.01453915 
120 Linear Feature 6
111 -17.56023122  146.01284946   4 
115 -17.56011699  146.01274383 
14  -17.55987727  146.01503025    6 0 New Tower Viewpoint 6
15  -17.55965825  146.01459903 240.64 New Ramp Start 4
19  -17.55843597  146.01192066 1 New Windsock 5
51 12670 CTAF
16       0 0 0 YBVR [S] BEAVER REEF
101   11.89 -1 9   -17.84118144  146.48776846 27  -17.84118469  146.48788328
14  -17.84117711  146.48794808    6 0 New Tower Viewpoint 39
15  -17.84118361  146.48782701 283.58 New Ramp Start 38
16       0 0 0 YFLF [S] FLORA REEF
101   14.94 0 9   -17.18823825  146.30277441 27  -17.18824600  146.30291800
14  -17.18832867  146.30272442    2 0 New Tower Viewpoint 14
16       0 0 0 YFRA [S] FRANKLAND ISLAND
101   14.94 0 9   -17.21669014  146.08338207 27  -17.21669000  146.08352600
14  -17.21674745  146.08355020    2 0 New Tower Viewpoint 50
15  -17.21668927  146.08343515  93.65 New Ramp Start 49
16       0 0 0 YHED [S] HEDLEY REEF
101   14.94 0 9   -17.24996313  146.44996217 27  -17.24996300  146.45010600
14  -17.25008829  146.45002447    2 0 New Tower Viewpoint 7
16       0 0 0 YHOW [S] HOWEY REEF
101   14.94 0 9   -17.42834812  146.41184311 27  -17.42834800  146.41198689
14  -17.42842458  146.41186373    2 0 New Tower Viewpoint 7
16       0 0 0 YSUD [S] SUDBURY REEF
101   17.98 0 9   -17.04554199  146.23135798 27  -17.04554200  146.23164600
14  -17.04537397  146.23140878    2 0 New Tower Viewpoint 84
15  -17.04554068  146.23140013  95.19 New Ramp Start 85