1    11034 1 1 SPJJ FRANCISCO CARLE
100   45.11   1   0 0.25 0 0 0 13  -11.77534200 -075.48358600    0.00   60.96 2  0 0 0 31  -11.79094700 -075.46320000    0.00   60.96 2  0 0 0
110   1 0.30 128.03 Default taxiway for RWY 13
111 -11.77550012 -075.48371231   3 
111 -11.77630137 -075.48435236   3 
111 -11.79190709 -075.46396757   3 
111 -11.79110584 -075.46332748 
112 -11.79085577 -075.46365414 -11.79098258 -075.46349222   3 
111 -11.79117446 -075.46364551   3 
112 -11.79143029 -075.46384988 -11.79162216 -075.46400316   3 
111 -11.79149712 -075.46416649   3 
111 -11.78400685 -075.47395057   3 
111 -11.78336550 -075.47343823 
111 -11.78324046 -075.47360156   3 
111 -11.78388181 -075.47411390   3 
112 -11.77639155 -075.48389798 -11.77626651 -075.48406131   3 
111 -11.77607464 -075.48390803   3 
112 -11.77581881 -075.48370367 -11.77562693 -075.48355040   3 
113 -11.77575020 -075.48338565 
120 Default hold RWY 13 (near)
111 -11.77582168 -075.48396918   4 
115 -11.77594672 -075.48380585 
120 Default hold RWY 13 (centre)
111 -11.78356202 -075.47385843   4 
115 -11.78368706 -075.47369510 
120 Default hold RWY 13 (far)
111 -11.79130237 -075.46374769   4 
115 -11.79142740 -075.46358436 
19  -11.77461224 -075.48352948 1 WS
19  -11.79167677 -075.46325647 1 WS
1     2600 1 1 SPRM SAN RAMON
100   17.98   1   0 0.25 0 0 0 01  -11.13283300 -075.35144400    0.00   15.24 2  0 0 0 19  -11.12441700 -075.34955600    0.00    0.00 2  0 0 0
110   1 0.30  12.41 Default taxiway for RWY 01
111 -11.13284991 -075.35136570   3 
111 -11.13293737 -075.35096075   3 
111 -11.12452138 -075.34907271   3 
111 -11.12443392 -075.34947765 
112 -11.12459197 -075.34951310 -11.12451343 -075.34949313   3 
111 -11.12453430 -075.34939648   3 
112 -11.12456213 -075.34926762 -11.12458301 -075.34917097   3 
111 -11.12466204 -075.34918870   3 
111 -11.12867247 -075.35008841   3 
111 -11.12860240 -075.35041281 
111 -11.12868143 -075.35043054   3 
111 -11.12875150 -075.35010614   3 
112 -11.13276193 -075.35100583 -11.13284095 -075.35102356   3 
111 -11.13282007 -075.35112021   3 
112 -11.13279224 -075.35124908 -11.13277137 -075.35134573   3 
113 -11.13269186 -075.35133024 
120 Default hold RWY 01 (near)
111 -11.13288519 -075.35120237   4 
115 -11.13280616 -075.35118465 
120 Default hold RWY 01 (centre)
111 -11.12871671 -075.35026722   4 
115 -11.12863768 -075.35024949 
120 Default hold RWY 01 (far)
111 -11.12454822 -075.34933205   4 
115 -11.12446920 -075.34931433 
19  -11.13293916 -075.35171972 1 WS
19  -11.12431084 -075.34928029 1 WS