1      797 1 1 SPAR Alerta
100   17.37   2   0 0.25 0 2 0 08  -11.68419707 -069.33853594    0.00    0.00 2 10 0 0 26  -11.68191473 -069.32757126    0.00    0.00 2 10 0 0
21  -11.68357917 -069.33679105  1  78.00   3.00 08  VASI
21  -11.68253270 -069.32931611  1 258.00   3.00 26  VASI
110   2 0.30  78.00 Default taxiway for RWY 08
111 -11.68427134 -069.33851982  53 102 
111 -11.68465587 -069.33843636  53 102 
111 -11.68237374 -069.32747160  53 102 
111 -11.68198921 -069.32755505 
112 -11.68202171 -069.32771122 -11.68200766 -069.32763265  53 102 
111 -11.68209942 -069.32761274  53 102 
112 -11.68222176 -069.32758619 -11.68231352 -069.32756627  53 102 
111 -11.68232977 -069.32764436  53 102 
111 -11.68343021 -069.33293153  53 102 
111 -11.68312215 -069.33299839 
111 -11.68313840 -069.33307648  53 102 
111 -11.68344646 -069.33300962  53 102 
112 -11.68454690 -069.33829679 -11.68456315 -069.33837488  53 102 
111 -11.68447139 -069.33839480  53 102 
112 -11.68434905 -069.33842135 -11.68425729 -069.33844126  53 102 
113 -11.68423884 -069.33836365 
120 Default hold RWY 08 (near)
111 -11.68442647 -069.33848615  54 
115 -11.68441022 -069.33840807 
120 Default hold RWY 08 (centre)
111 -11.68329353 -069.33304281  54 
115 -11.68327728 -069.33296472 
120 Default hold RWY 08 (far)
111 -11.68216059 -069.32759946  54 
115 -11.68214434 -069.32752138 
18  -11.68252198 -069.33316947 1 BCN
19  -11.68400151 -069.33874161 1 WS
19  -11.68211028 -069.32736558 1 WS
1      750 1 1 SPBR IBERIA
100   17.98   1   0 0.25 0 0 0 13  -11.40798100 -069.49371900    0.00    0.00 2  0 0 0 31  -11.41517800 -069.48370600    0.00    0.00 2  0 0 0
110   1 0.30 126.25 Default taxiway for RWY 13
111 -11.40804444 -069.49376646   3 
111 -11.40837252 -069.49401189   3 
111 -11.41556969 -069.48399914   3 
111 -11.41524161 -069.48375371 
112 -11.41514591 -069.48388685 -11.41519557 -069.48382164   3 
111 -11.41527388 -069.48388021   3 
112 -11.41537829 -069.48395832 -11.41545659 -069.48401690   3 
111 -11.41540874 -069.48408347   3 
111 -11.41192978 -069.48892342   3 
111 -11.41166695 -069.48872680 
111 -11.41161910 -069.48879337   3 
111 -11.41188193 -069.48898999   3 
112 -11.40840297 -069.49382993 -11.40835512 -069.49389650   3 
111 -11.40827682 -069.49383792   3 
112 -11.40817241 -069.49375982 -11.40809410 -069.49370124   3 
113 -11.40814014 -069.49363332 
120 Default hold RWY 13 (near)
111 -11.40817676 -069.49386544   4 
115 -11.40822461 -069.49379887 
120 Default hold RWY 13 (centre)
111 -11.41175142 -069.48889236   4 
115 -11.41179927 -069.48882579 
120 Default hold RWY 13 (far)
111 -11.41532608 -069.48391927   4 
115 -11.41537393 -069.48385270 
19  -11.40769064 -069.49370652 1 WS
19  -11.41546836 -069.48371846 1 WS
1      748 1 1 SPOV Shiringayoc O Hda Mejia
100   13.11   2   0 0.25 0 2 0 01  -11.90409848 -069.16725281    0.00    0.00 2 10 0 0 19  -11.89590072 -069.16607539    0.00    0.00 2 10 0 0
21  -11.90228414 -069.16722954  1   8.00   3.00 01  VASI
21  -11.89771506 -069.16609865  1 188.00   3.00 19  VASI
110   2 0.30   8.00 Default taxiway for RWY 01
111 -11.90410637 -069.16719540  53 102 
111 -11.90414773 -069.16689471  53 102 
111 -11.89594997 -069.16571726  53 102 
111 -11.89590861 -069.16601794 
112 -11.89602541 -069.16603472 -11.89596733 -069.16602406  53 102 
111 -11.89597718 -069.16595244  53 102 
112 -11.89599031 -069.16585695 -11.89600016 -069.16578533  53 102 
111 -11.89605856 -069.16579372  53 102 
111 -11.90001144 -069.16636148  53 102 
111 -11.89997829 -069.16660248 
111 -11.90003669 -069.16661087  53 102 
111 -11.90006984 -069.16636987  53 102 
112 -11.90402272 -069.16693761 -11.90408112 -069.16694600  53 102 
111 -11.90407127 -069.16701762  53 102 
112 -11.90405814 -069.16711312 -11.90404829 -069.16718474  53 102 
113 -11.90398957 -069.16717862 
120 Default hold RWY 01 (near)
111 -11.90412310 -069.16707376  54 
115 -11.90406470 -069.16706537 
120 Default hold RWY 01 (centre)
111 -11.90005342 -069.16648923  54 
115 -11.89999502 -069.16648084 
120 Default hold RWY 01 (far)
111 -11.89598374 -069.16590469  54 
115 -11.89592534 -069.16589630 
18  -11.89994234 -069.16708048 1 BCN
19  -11.90419085 -069.16744725 1 WS
19  -11.89580835 -069.16588095 1 WS