1     1889 0 0 SITC Carmine Castaldo
100   24.08   5   0 0.00 0 0 0 18  -11.29787912 -056.83793668    0.00    0.00 1  0 0 0 36  -11.30656532 -056.83539666    0.00    0.00 1  0 0 0
130 Airport Boundary
111 -11.30774952 -056.83423620 
111 -11.29625626 -056.83759706 
111 -11.29669492 -056.83909715 
113 -11.30818817 -056.83573629 
19  -11.30231260 -056.83697575 0 Windsock
1     1201 0 0 SSXI Fazenda Macisa
100   39.93   4   0 0.00 0 0 0 03  -11.18515472 -056.79249996    0.00    0.00 0  0 0 0 21  -11.17373417 -056.78972226    0.00    0.00 0  0 0 0
130 Airport Boundary
111 -11.17211274 -056.79020636 
111 -11.18637268 -056.79367466 
111 -11.18677614 -056.79201586 
113 -11.17251620 -056.78854756 
19  -11.17955470 -056.79065777 0 Windsock
1     1135 0 1 SWYQ FAZENDA NOVA FRONTEIRA
100   21.34   1   0 0.25 0 0 0 01  -11.47393300 -056.43566400    0.00    0.00 2  0 0 0 19  -11.46173100 -056.43954200    0.00    0.00 2  0 0 0
110   1 0.30 342.70 Default taxiway for RWY 01
111 -11.47390512 -056.43557266   3 
111 -11.47376170 -056.43510282   3 
111 -11.46155973 -056.43898101   3 
111 -11.46170315 -056.43945084 
112 -11.46188647 -056.43939257 -11.46179414 -056.43941950   3 
111 -11.46175988 -056.43930727   3 
112 -11.46171420 -056.43915763 -11.46167994 -056.43904540   3 
111 -11.46177160 -056.43901627   3 
111 -11.46764343 -056.43715001   3 
111 -11.46775830 -056.43752631 
111 -11.46784996 -056.43749718   3 
111 -11.46773509 -056.43712088   3 
112 -11.47360693 -056.43525462 -11.47369859 -056.43522548   3 
111 -11.47373285 -056.43533772   3 
112 -11.47377853 -056.43548736 -11.47381279 -056.43559960   3 
113 -11.47372180 -056.43563093 
120 Default hold RWY 01 (near)
111 -11.47384735 -056.43538341   4 
115 -11.47375569 -056.43541254 
120 Default hold RWY 01 (centre)
111 -11.46779219 -056.43730794   4 
115 -11.46770053 -056.43733707 
120 Default hold RWY 01 (far)
111 -11.46173704 -056.43923245   4 
115 -11.46164538 -056.43926159 
19  -11.47420197 -056.43588632 1 WS
19  -11.46146203 -056.43931968 1 WS
1     1017 0 0 SWHO Gleba Oscar Americano I
100   22.86   4   0 0.00 0 0 0 10  -11.53407539 -056.55466234    0.00    0.00 0  0 0 0 28  -11.53314683 -056.54644878    0.00    0.00 0  0 0 0
130 Airport Boundary
111 -11.53219756 -056.54506131 
111 -11.53345983 -056.55622672 
111 -11.53502466 -056.55604981 
113 -11.53376239 -056.54488441 
19  -11.53392802 -056.55051973 0 Windsock