1     1083 0 0 SWEH Fazenda Agroplan
100   29.87   4   0 0.00 0 0 0 16  -11.65977900 -052.85285572    0.00    0.00 0  0 0 0 34  -11.66688766 -052.84714429    0.00    0.00 0  0 0 0
130 Airport Boundary
111 -11.66754117 -052.84557618 
111 -11.65810692 -052.85315609 
111 -11.65912548 -052.85442382 
113 -11.66855973 -052.84684391 
19  -11.66358220 -052.85030976 0 Windsock
1     1083 0 0 SJXG Fazenda Agroplan
100   29.87   4   0 0.00 0 0 0 16  -11.65977023 -052.85284438    0.00    0.00 0  0 0 0 34  -11.66689643 -052.84715562    0.00    0.00 0  0 0 0
130 Airport Boundary
111 -11.66755484 -052.84558965 
111 -11.65809730 -052.85313949 
111 -11.65911182 -052.85441036 
113 -11.66856935 -052.84686051 
19  -11.66358122 -052.85031052 0 Windsock
1     1201 0 0 SDKX Fazenda Agrovas
100   29.87   3   0 0.00 0 0 0 18  -11.51708281 -052.40316054    0.00    0.00 0  0 0 0 36  -11.52736162 -052.39961725    0.00    0.00 0  0 0 0
130 Airport Boundary
111 -11.52850118 -052.39836920 
111 -11.51541626 -052.40287981 
111 -11.51594326 -052.40440858 
113 -11.52902818 -052.39989797 
19  -11.52235155 -052.40176406 0 Windsock
1     1417 0 0 SDLX Fazenda Jacareuna
100   39.93   4   0 0.00 0 0 0 11  -11.44100174 -052.21068980    0.00    0.00 0  0 0 0 29  -11.44122048 -052.19875464    0.00    0.00 0  0 0 0
130 Airport Boundary
111 -11.44038249 -052.19723405 
111 -11.44010859 -052.21217866 
111 -11.44183972 -052.21221039 
113 -11.44211362 -052.19726578 
19  -11.44160594 -052.20473129 0 Windsock
1     1165 0 0 SWJT Fazenda Joatao
100   39.93   4   0 0.00 0 0 0 09  -11.50011778 -052.62247097    0.00    0.00 0  0 0 0 27  -11.49599334 -052.61030680    0.00    0.00 0  0 0 0
130 Airport Boundary
111 -11.49469218 -052.60916220 
111 -11.49978110 -052.62417090 
111 -11.50141894 -052.62361557 
113 -11.49633001 -052.60860687 
19  -11.49852207 -052.61623071 0 Windsock
1     1083 0 0 SWSC Fazenda Santa Cruz
100   29.87   4   0 0.00 0 0 0 12  -11.65279903 -052.73738635    0.00    0.00 0  0 0 0 30  -11.65442319 -052.72928031    0.00    0.00 0  0 0 0
130 Airport Boundary
111 -11.65391533 -052.72764558 
111 -11.65170058 -052.73869923 
111 -11.65330689 -052.73902108 
113 -11.65552164 -052.72796743 
19  -11.65400410 -052.73341207 0 Windsock
1     1083 0 0 SIVF Fazenda Santa Cruz
100   29.87   4   0 0.00 0 0 0 12  -11.65281034 -052.73738866    0.00    0.00 0  0 0 0 30  -11.65441188 -052.72927800    0.00    0.00 0  0 0 0
130 Airport Boundary
111 -11.65389945 -052.72764470 
111 -11.65171554 -052.73870461 
111 -11.65332277 -052.73902197 
113 -11.65550668 -052.72796206 
19  -11.65400433 -052.73341098 0 Windsock
1     1155 0 0 SJHQ Fazenda Sao Jose das Reunidas
100   22.86   5   0 0.00 0 0 0 02  -11.03901206 -052.33399260    0.00    0.00 1  0 0 0 20  -11.02821016 -052.33378518    0.00    0.00 1  0 0 0
130 Airport Boundary
111 -11.02672054 -052.33453085 
111 -11.04047196 -052.33479490 
111 -11.04050168 -052.33324693 
113 -11.02675026 -052.33298288 
19  -11.03361748 -052.33355733 0 Windsock
1     1119 0 0 SSND Santa Maria
100   20.12   5   0 0.00 0 0 0 01  -11.17093287 -052.82322407    0.00    0.00 1  0 0 0 19  -11.15851158 -052.82510927    0.00    0.00 1  0 0 0
130 Airport Boundary
111 -11.15717385 -052.82607853 
111 -11.17249795 -052.82375277 
111 -11.17227060 -052.82225481 
113 -11.15694650 -052.82458057 
19  -11.16467699 -052.82386866 0 Windsock