1     2667 0 1 SNKO BROTAS DE MACAUBAS
100   21.95   1   0 0.25 0 0 0 13  -11.99776900 -042.63960800    0.00   60.96 2  0 0 0 31  -12.00101900 -042.63016700    0.00    0.00 2  0 0 0
110   1 0.30 109.39 Default taxiway for RWY 13
111 -11.99786002 -042.63964075   3 
111 -11.99832788 -042.63980909   3 
111 -12.00157804 -042.63036820   3 
111 -12.00111018 -042.63019986 
112 -12.00104461 -042.63039032 -12.00107953 -042.63029586   3 
111 -12.00119130 -042.63033607   3 
112 -12.00134034 -042.63038970 -12.00145211 -042.63042992   3 
111 -12.00141932 -042.63052515   3 
111 -11.99987620 -042.63500752   3 
111 -11.99950149 -042.63487269 
111 -11.99946871 -042.63496792   3 
111 -11.99984342 -042.63510275   3 
112 -11.99830030 -042.63958513 -11.99826751 -042.63968035   3 
111 -11.99815574 -042.63964013   3 
112 -11.99800670 -042.63958650 -11.99789493 -042.63954629   3 
113 -11.99792559 -042.63945030 
120 Default hold RWY 13 (near)
111 -11.99804844 -042.63970855   4 
115 -11.99808122 -042.63961332 
120 Default hold RWY 13 (centre)
111 -11.99965713 -042.63503572   4 
115 -11.99968991 -042.63494049 
120 Default hold RWY 13 (far)
111 -12.00126582 -042.63036289   4 
115 -12.00129860 -042.63026766 
19  -11.99742399 -042.63969790 1 WS
19  -12.00136400 -042.63007708 1 WS
1     3501 0 1 SNGT GENTIO DE OURO
100   21.34   1   0 0.25 0 0 0 06  -11.44641100 -042.52272800    0.00   13.72 2  0 0 0 24  -11.43694700 -042.51441400    0.00   33.53 2  0 0 0
110   1 0.30  40.73 Default taxiway for RWY 06
111 -11.44647217 -042.52265551   3 
111 -11.44678686 -042.52228264   3 
111 -11.43732298 -042.51396837   3 
111 -11.43700829 -042.51434123 
112 -11.43715379 -042.51446906 -11.43708251 -042.51440341   3 
111 -11.43715768 -042.51431434   3 
112 -11.43725791 -042.51419558 -11.43733308 -042.51410651   3 
111 -11.43740583 -042.51417042   3 
111 -11.44195589 -042.51816777   3 
111 -11.44170385 -042.51846641 
111 -11.44177660 -042.51853033   3 
111 -11.44202864 -042.51823169   3 
112 -11.44657871 -042.52222903 -11.44665146 -042.52229295   3 
111 -11.44657629 -042.52238203   3 
112 -11.44647606 -042.52250079 -11.44640089 -042.52258986   3 
113 -11.44632667 -042.52252768 
120 Default hold RWY 06 (near)
111 -11.44659893 -042.52250532   4 
115 -11.44652618 -042.52244141 
120 Default hold RWY 06 (centre)
111 -11.44190336 -042.51838014   4 
115 -11.44183061 -042.51831622 
120 Default hold RWY 06 (far)
111 -11.43720780 -042.51425496   4 
115 -11.43713505 -042.51419105 
19  -11.44636857 -042.52307851 1 WS
19  -11.43698941 -042.51406350 1 WS