1     2562 1 1 SNIC Irece
100   25.91   1   0 0.25 0 1 0 11  -11.34035600 -041.85338300    0.00    0.00 2  0 0 0 29  -11.33938100 -041.84061400    0.00    0.00 2  0 0 0
110   1 0.30  85.55 Default taxiway for RWY 11
111 -11.34046998 -041.85337395   3 102 
111 -11.34105335 -041.85332763   3 102 
111 -11.34007862 -041.84055859   3 102 
111 -11.33949525 -041.84060491 
112 -11.33951335 -041.84084198 -11.33950654 -041.84072327   3 102 
111 -11.33964601 -041.84071220   3 102 
112 -11.33983197 -041.84069743 -11.33997144 -041.84068636   3 102 
111 -11.33998049 -041.84080489   3 102 
111 -11.34044523 -041.84689307   3 102 
111 -11.33997809 -041.84693016 
111 -11.33998714 -041.84704870   3 102 
111 -11.34045428 -041.84701161   3 102 
112 -11.34091902 -041.85309978 -11.34092807 -041.85321832   3 102 
111 -11.34078860 -041.85322939   3 102 
112 -11.34060264 -041.85324416 -11.34046317 -041.85325523   3 102 
113 -11.34045188 -041.85313687 
120 Default hold RWY 11 (near)
111 -11.34070467 -041.85335531   4 
115 -11.34069562 -041.85323677 
120 Default hold RWY 11 (centre)
111 -11.34022183 -041.84703006   4 
115 -11.34021278 -041.84691152 
120 Default hold RWY 11 (far)
111 -11.33973899 -041.84070481   4 
115 -11.33972994 -041.84058627 
18  -11.33905644 -041.84706310 1 BCN
19  -11.34002679 -041.85364766 1 WS
19  -11.33971020 -041.84034933 1 WS
1     3609 1 1 SNOC Morro Do Chapeu
100   14.33   2   0 0.25 0 2 0 15  -11.53139775 -041.18306132    0.00    0.00 2 10 0 0 33  -11.53693685 -041.17582548    0.00    0.00 2 10 0 0
21  -11.53232034 -041.18146587  1 128.00   3.00 15  VASI
21  -11.53601431 -041.17742098  1 308.00   3.00 33  VASI
110   2 0.30 128.00 Default taxiway for RWY 15
111 -11.53144677 -041.18310041  53 102 
111 -11.53170252 -041.18330434  53 102 
111 -11.53724171 -041.17606865  53 102 
111 -11.53698596 -041.17586471 
112 -11.53690659 -041.17596839 -11.53694804 -041.17591796  53 102 
111 -11.53700900 -041.17596657  53 102 
112 -11.53709027 -041.17603138 -11.53715122 -041.17607998  53 102 
111 -11.53711154 -041.17613182  53 102 
111 -11.53444116 -041.17962007  53 102 
111 -11.53423621 -041.17945664 
111 -11.53419652 -041.17950848  53 102 
111 -11.53440147 -041.17967191  53 102 
112 -11.53173109 -041.18316016 -11.53169141 -041.18321200  53 102 
111 -11.53163046 -041.18316339  53 102 
112 -11.53154919 -041.18309859 -11.53148823 -041.18304998  53 102 
113 -11.53152614 -041.18299673 
120 Default hold RWY 15 (near)
111 -11.53155013 -041.18318283  54 
115 -11.53158982 -041.18313099 
120 Default hold RWY 15 (centre)
111 -11.53429988 -041.17959090  54 
115 -11.53433957 -041.17953906 
120 Default hold RWY 15 (far)
111 -11.53704963 -041.17599897  54 
115 -11.53708932 -041.17594713 
18  -11.53381281 -041.17916078 1 BCN
19  -11.53116708 -041.18304435 1 WS
19  -11.53716753 -041.17584244 1 WS