1      418 0 0 YHTL HEATHLANDS
100   49.99   4   0 0.25 0 0 0 10  -11.73522649  142.57083119    0.00    0.00 0  0 0 0 28  -11.73866400  142.58414900    0.00    0.00 0  0 0 0
110   4 0.25   0.00 New Taxiway 46
111 -11.73544164  142.59045457 
111 -11.73559525  142.58748923 
112 -11.73591785  142.58687734 -11.73614828  142.58670475 
111 -11.73904961  142.58415229 
112 -11.73931613  142.58376515 -11.73938128  142.58362602 
111 -11.74158977  142.57925727 
111 -11.74119423  142.57896496 
112 -11.74089454  142.57891838 -11.74073167  142.57894500 
111 -11.73943702  142.57930654 
111 -11.73924625  142.57934197 
111 -11.73879534  142.57936854 
112 -11.73858723  142.57931540 -11.73857856  142.57929769 
111 -11.73843982  142.57919141 
111 -11.73843982  142.57910284 
111 -11.73860458  142.57904970 
112 -11.73873465  142.57927997 -11.73884737  142.57932426 
111 -11.73902080  142.57929769 
112 -11.73945436  142.57921798 -11.73969716  142.57915598 
112 -11.74071171  142.57886372 -11.74082443  142.57884600 
112 -11.74118863  142.57891686 -11.74123198  142.57896114 
111 -11.74160485  142.57919141 
111 -11.74909021  142.56445968 
111 -11.74912937  142.56446968 
111 -11.74173270  142.57915286 
112 -11.74179622  142.57927237 -11.74182297  142.57929627 
112 -11.74242968  142.57966602 -11.74252740  142.57969929 
111 -11.74994266  142.58157392 
112 -11.75011661  142.58152847 -11.75016110  142.58148302 
112 -11.75036337  142.58135494 -11.75036741  142.58135494 
112 -11.75041595  142.58143757 -11.75040382  142.58149542 
112 -11.75025010  142.58174332 -11.75016919  142.58175572 
112 -11.75006806  142.58170201 -11.75004784  142.58169374 
111 -11.74253044  142.57977241 
112 -11.74225030  142.57965264 -11.74214606  142.57958610 
111 -11.74179426  142.57934655 
112 -11.74157691  142.57940867 -11.74150524  142.57950848 
111 -11.73929846  142.58396474 
112 -11.73965520  142.58428623 -11.73968667  142.58431838 
112 -11.74014833  142.58478990 -11.74017981  142.58484348 
112 -11.74085132  142.58548647 -11.74093526  142.58557220 
112 -11.74155430  142.58612945 -11.74162775  142.58617232 
112 -11.74257423  142.58703964 -11.74267916  142.58712538 
112 -11.74336116  142.58776837 -11.74337165  142.58777908 
112 -11.74349756  142.58784338 -11.74350805  142.58783266 
112 -11.74375986  142.58768263 -11.74379134  142.58774693 
112 -11.74370740  142.58807914 -11.74355002  142.58820774 
112 -11.74342411  142.58812201 -11.74337165  142.58805771 
112 -11.74331919  142.58791840 -11.74332968  142.58791840 
111 -11.74338214  142.58782195 
111 -11.74261859  142.58714037 
111 -11.74165830  142.58629131 
112 -11.74056257  142.58531091 -11.74042885  142.58518054 
112 -11.73985532  142.58457494 -11.73973962  142.58443405 
111 -11.73930959  142.58405966 
112 -11.73922360  142.58403770 -11.73917343  142.58407430 
112 -11.73890111  142.58438903 -11.73880078  142.58446955 
111 -11.73630058  142.58670215 
112 -11.73589017  142.58728981 -11.73579701  142.58752403 
112 -11.73566085  142.58809494 -11.73566801  142.58823400 
113 -11.73553260  142.59042993 
110   4 0.25   0.00 New Taxiway 45
111 -11.73745462  142.57890169 
111 -11.73856067  142.57874480 
111 -11.73859140  142.57907428 
113 -11.73756216  142.57932532 
14  -11.75028104  142.58129439    6 0 New Tower Viewpoint 44
15  -11.73815700  142.57885686   0.00 New Ramp Start 42
19  -11.73775812  142.57842289 0 New Windsock 43
1       78 0 0 YSKR SKARDON RIVER
100   92.96   4   0 0.25 0 0 0 11  -11.86429305  142.00474074    0.00    0.00 0  0 0 0 29  -11.86880605  142.01703449    0.00    0.00 0  0 0 0
110   4 0.25   0.00 New Taxiway 13
111 -11.86875517  142.01591019 
111 -11.86959261  142.01562886 
112 -11.86993677  142.01621497 -11.87007443  142.01634391 
112 -11.87069390  142.01648458 -11.87090039  142.01648458 
111 -11.87285551  142.01654374 
111 -11.87297308  142.01321425 
111 -11.87327900  142.01309668 
111 -11.87320510  142.01549425 
111 -11.87418429  142.01555089 
111 -11.87427667  142.01640042 
111 -11.87512654  142.01632491 
111 -11.87512654  142.01326658 
111 -11.87528714  142.01314247 
111 -11.87525355  142.01226718 
111 -11.87631169  142.01238732 
111 -11.87629489  142.01329693 
111 -11.87535432  142.01324544 
111 -11.87542151  142.01515048 
112 -11.87558947  142.01504750 -11.87563985  142.01499602 
111 -11.87906241  142.01050398 
111 -11.87996939  142.00973165 
111 -11.88005337  142.00976598 
111 -11.87625950  142.01456148 
111 -11.87609322  142.01671368 
111 -11.87310899  142.01673294 
111 -11.87307842  142.02406965 
111 -11.86094799  142.03553221 
112 -11.86080918  142.03537748 -11.86104894  142.03520986 
111 -11.87289175  142.02395078 
111 -11.87290729  142.01666771 
111 -11.87050548  142.01659906 
112 -11.86993313  142.01636827 -11.86973498  142.01622974 
111 -11.86963070  142.01614449 
112 -11.86931783  142.01617645 -11.86923440  142.01625105 
112 -11.86906754  142.01643221 -11.86902582  142.01656009 
113 -11.86895282  142.01663469 
110  12 0.25   0.00 New Taxiway 14
111 -11.87322267  142.01313134 
111 -11.87406011  142.01259211 
111 -11.87516140  142.01326028 
111 -11.87514992  142.01608537 
111 -11.87470252  142.01606192 
111 -11.87469105  142.01569853 
111 -11.87416335  142.01567509 
111 -11.87412894  142.01560475 
113 -11.87314236  142.01553442 
14  -11.87402745  142.01610427    6 0 New Tower Viewpoint 10
15  -11.86942212  142.01576085  36.87 New Ramp Start 8
19  -11.86730505  142.01505752 0 New Windsock 9