17      10 0 1 6TA5 [H] Hhi Hitchcock
102 H1   29.33356861 -095.02659251   0.00   12.19    6.10   2 2   0 0.25 0
102 H2   29.33356861 -095.02659251   0.00   12.19    6.10   2 2   0 0.25 0
102 H3   29.33356861 -095.02659251   0.00   12.19    6.10   2 2   0 0.25 0
102 H4   29.33356861 -095.02659251   0.00   12.19    6.10   2 2   0 0.25 0
102 H5   29.33356861 -095.02659251   0.00   12.19    6.10   2 2   0 0.25 0
102 H6   29.33356861 -095.02659251   0.00   12.19    6.10   2 2   0 0.25 0
19   29.33367833 -095.02649812 1 WS
19   29.33367833 -095.02649812 1 WS
19   29.33367833 -095.02649812 1 WS
19   29.33367833 -095.02649812 1 WS
19   29.33367833 -095.02649812 1 WS
19   29.33367833 -095.02649812 1 WS