1     1060 0 0 9G1  West Penn
100   29.87   2   1 0.00 0 2 0 17   40.60823720 -079.82784646    0.00    0.00 2  0 0 0 35   40.59885533 -079.82439138    0.00    0.00 2  0 0 0
21   40.60751623 -079.82703186  2 166.58   3.00 17  PAPI-4L
21   40.59946654 -079.82524943  2 343.97   3.00 35  PAPI-4L
110   1 0.00   0.00 Taxiway at begin of 35
111  40.59889522 -079.82422003   3 
112  40.59898082 -079.82398383  40.59903407 -079.82391199   3 
111  40.59915609 -079.82391404   3 
111  40.59932083 -079.82397209   3 
112  40.59944114 -079.82407583  40.59948347 -079.82414732   3 
111  40.59952627 -079.82425451   3 
111  40.59960604 -079.82447859   3 
111  40.59943880 -079.82441960   3 
112  40.59933503 -079.82421319  40.59930933 -079.82417907   3 
111  40.59922036 -079.82413310   3 
112  40.59909311 -079.82414782  40.59906194 -079.82416835   3 
113  40.59905419 -079.82428445   3 
110   1 0.00   0.00 New Taxiway 5
111  40.60811489 -079.82761207   3 
111  40.60828167 -079.82690115   3 
111  40.60772917 -079.82664289   3 
111  40.60797314 -079.82573387   3 
111  40.60863615 -079.82605380   3 
113  40.60827258 -079.82767250   3 
110   1 0.00   0.00 New Taxiway 4
111  40.60378609 -079.82601656   3 
111  40.60415109 -079.82423760   3 
111  40.60429337 -079.82428135   3 
111  40.60416208 -079.82490385   3 
111  40.60490490 -079.82525177   3 
111  40.60486448 -079.82545176   3 
111  40.60412475 -079.82512968   3 
113  40.60393486 -079.82606770   3 
120 Hold lines for RWY 35
111  40.59897190 -079.82400269   4 
111  40.59908749 -079.82414979   4 
111  40.59910177 -079.82414466   4 
113  40.59897969 -079.82398901   4 
14   40.60453626 -079.82471364   82 0 New Tower Viewpoint 1
18   40.60364232 -079.82684088 1 BCN
19   40.60694444 -079.82666600 1 WS
19   40.59996931 -079.82422162 1 WS
19   40.60784610 -079.81939521 1 WS