17    1385 0 0 AZ81 [H] Mc Donnell Douglas
102 H1   33.47310111 -111.72680473   0.00   27.43   27.43   2 2   0 0.25 0
102 H2   33.47310111 -111.72680473   0.00   27.43   27.43   2 2   0 0.25 0
102 H3   33.47310111 -111.72680473   0.00   27.43   27.43   2 2   0 0.25 0
102 H4   33.47310111 -111.72680473   0.00   27.43   27.43   2 2   0 0.25 0
102 H5   33.47310111 -111.72680473   0.00   27.43   27.43   2 2   0 0.25 0
10   33.47188950 -111.72753910 xxx  30.84  1600 0.0 0.0   100 101101  1 0 0 0.25 0
10   33.47149280 -111.72808840 xxx  30.84    50 0.0 0.0    50 101101  1 0 0 0.25 0
10   33.47058870 -111.72872920 xxx  30.84    50 0.0 0.0    50 101101  1 0 0 0.25 0
10   33.47381590 -111.72642520 xxx  30.84    50 0.0 0.0    50 101101  1 0 0 0.25 0
10   33.47044750 -111.72817990 xxx  30.84   125 0.0 0.0   120 101101  1 0 0 0.25 0
10   33.47025300 -111.72811890 xxx  75.88   422 0.0 0.0   135 101101  1 0 0 0.25 0
10   33.47063060 -111.72672270 xxx  30.84   470 0.0 0.0   200 101101  1 0 0 0.25 0
10   33.46940230 -111.72715000 xxx  30.84   600 0.0 0.0   100 101101  1 0 0 0.25 0
10   33.47196200 -111.72672270 xxx  30.84  1300 0.0 0.0   300 101101  1 0 0 0.25 0
10   33.47210310 -111.72795870 xxx  30.84  1600 0.0 0.0   120 101101  1 0 0 0.25 0
10   33.46767040 -111.72762300 xxx   0.00   800 0.0 0.0   100 101101  1 0 0 0.25 0
19   33.47347141 -111.72636080 1 WS
19   33.47347141 -111.72636080 1 WS
19   33.47347141 -111.72636080 1 WS
19   33.47347141 -111.72636080 1 WS
19   33.47347141 -111.72636080 1 WS