16       0 0 0 CJD9 [S] Ignace Seaplane
101   49.99 0 06   49.41227540 -091.67824571 24   49.41295800 -091.67548802
110   1 1.00   0.00 New Taxiway 1
111  49.43244788 -091.68647402 
111  49.43231865 -091.68670408 
112  49.43020331 -091.68425708  49.42833965 -091.68241661 
111  49.42481873 -091.68047146 
112  49.42478918 -091.68962626  49.42478569 -091.68983016 
112  49.42456155 -091.69121475  49.42445102 -091.69183779 
111  49.42418879 -091.69217763 
112  49.42263127 -091.69372023  49.42213146 -091.69389214 
111  49.42151826 -091.69377207 
112  49.42041265 -091.69353443  49.42010322 -091.69343768 
111  49.41965342 -091.69344965 
112  49.41836654 -091.69379465  49.41806726 -091.69387515 
111  49.41755101 -091.69380615 
112  49.41655592 -091.69336915  49.41631650 -091.69326565 
111  49.41595737 -091.69344965 
112  49.41526392 -091.69389978  49.41508028 -091.69403568 
111  49.41433889 -091.69495561 
112  49.41153994 -091.69665920  49.41107743 -091.69694143 
111  49.41079856 -091.69651285 
111  49.40832954 -091.69360693 
111  49.40837035 -091.69348149 
112  49.41082871 -091.69638490  49.41115043 -091.69675286 
111  49.41148260 -091.69653191 
112  49.41420600 -091.69481853  49.41435564 -091.69469204 
112  49.41467393 -091.69436545  49.41486322 -091.69412511 
111  49.41526650 -091.69373297 
112  49.41581679 -091.69333254  49.41600724 -091.69317572 
111  49.41654458 -091.69319663 
112  49.41743173 -091.69361699  49.41767040 -091.69373084 
111  49.41820535 -091.69370554 
112  49.41950570 -091.69331337  49.41978553 -091.69321217 
112  49.42065385 -091.69341016  49.42113584 -091.69352802 
112  49.42259275 -091.69357854  49.42294328 -091.69352803 
112  49.42424683 -091.69182739  49.42452069 -091.69135593 
111  49.42470691 -091.68958794 
111  49.42471152 -091.68044878 
111  49.42077353 -091.67856470 
112  49.42062389 -091.67913974  49.42055587 -091.67935930 
111  49.42039944 -091.67950568 
112  49.41971246 -091.68013299  49.41950841 -091.68034210 
112  49.41983829 -091.67980097  49.41999287 -091.67974394 
112  49.42045328 -091.67925518  49.42054015 -091.67913735 
111  49.42065258 -091.67855605 
111  49.41932787 -091.67758494 
112  49.41911417 -091.67789201  49.41904913 -091.67802054 
111  49.41883543 -091.67792771 
112  49.41862637 -091.67769206  49.41859385 -091.67762065 
111  49.41867748 -091.67764207 
112  49.41891905 -091.67785630  49.41899338 -091.67787772 
112  49.41911881 -091.67772062  49.41916062 -091.67764921 
111  49.41924889 -091.67742784 
112  49.41892369 -091.67699938  49.41864960 -091.67666376 
111  49.41826758 -091.67574674 
111  49.41785411 -091.67602524 
112  49.41564862 -091.67624452  49.41455824 -091.67630943 
111  49.41365290 -091.67446549 
112  49.41259041 -091.67186083  49.41250595 -091.67162715 
111  49.41220327 -091.67138395 
112  49.41076254 -091.67079476  49.41058323 -091.67071874 
111  49.40995871 -091.67026260 
112  49.40656083 -091.66693715  49.40643103 -091.66681746 
111  49.40636756 -091.66654705 
111  49.40558730 -091.66666658 
111  49.40488574 -091.66611412 
111  49.40169263 -091.66527684 
111  49.40130704 -091.66525833 
111  49.39978624 -091.66567930 
111  49.39976155 -091.66552755 
112  49.40116957 -091.66511322  49.40129965 -091.66507753 
111  49.40177247 -091.66510421 
112  49.40488080 -091.66598970  49.40500750 -091.66602864 
111  49.40501595 -091.66587937 
111  49.40497675 -091.65710472 
112  49.40237782 -091.65721697  49.40216830 -091.65722483 
111  49.40193553 -091.65764815 
111  49.40059560 -091.66096124 
111  49.39978619 -091.66212134 
111  49.39973178 -091.66201683 
111  49.40054118 -091.66083582 
111  49.40186224 -091.65762949 
112  49.40172287 -091.65741533  49.40162573 -091.65727905 
112  49.40136853 -091.65727650  49.40126382 -091.65727650 
112  49.40085118 -091.65718957  49.40071646 -091.65714674 
111  49.40074898 -091.65688974 
112  49.40073039 -091.65244948  49.40073039 -091.65215679 
111  49.40090693 -091.65217107 
112  49.40210861 -091.65214648  49.40225066 -091.65214648 
111  49.40227852 -091.65237098 
111  49.40240396 -091.65711835 
111  49.40333399 -091.65705476 
111  49.40327908 -091.65653556 
112  49.40320729 -091.65252475  49.40321151 -091.65228462 
111  49.40340156 -091.65221323 
112  49.40396749 -091.65218727  49.40408574 -091.65217429 
111  49.40413642 -091.65251177 
111  49.40422972 -091.65699348 
111  49.40497953 -091.65696887 
111  49.40498336 -091.65431967 
111  49.40504863 -091.65430197 
111  49.40507167 -091.65493329 
112  49.40588562 -091.65524600  49.40591250 -091.65524600 
111  49.40591250 -091.65515750 
111  49.40592785 -091.65427836 
111  49.40600464 -091.65428426 
111  49.40596625 -091.65528730 
112  49.40611214 -091.65539351  49.40617357 -091.65542301 
112  49.40619277 -091.65614284  49.40613902 -091.65643785 
111  49.40592401 -091.65637295 
111  49.40504863 -091.65597173 
111  49.40505247 -091.65701607 
111  49.40629576 -091.65774560 
112  49.40630970 -091.65760281  49.40631899 -091.65751000 
111  49.40640726 -091.65728153 
111  49.40710411 -091.65591076 
112  49.40732710 -091.65566802  49.40739678 -091.65561090 
112  49.40728064 -091.65584650  49.40723418 -091.65589648 
112  49.40711804 -091.65611066  49.40707159 -091.65620348 
112  49.40645371 -091.65742432  49.40638403 -091.65759567 
111  49.40637474 -091.65776702 
112  49.40696474 -091.65808115  49.40721096 -091.65815969 
111  49.40759655 -091.65795978 
112  49.40843410 -091.65728047  49.40870420 -091.65706687 
111  49.40905351 -091.65701535 
112  49.40903834 -091.65575298  49.40903834 -091.65550317 
112  49.40920088 -091.65488031  49.40923556 -091.65477706 
111  49.40926590 -091.65493694 
112  49.40917705 -091.65529000  49.40915104 -091.65539659 
111  49.40913804 -091.65548985 
111  49.40915623 -091.65701979 
112  49.40989952 -091.65698129  49.40991641 -091.65694235 
111  49.40992908 -091.65679955 
112  49.40986253 -091.64671883  49.40986253 -091.64644286 
112  49.41023662 -091.64612089  49.41033389 -091.64602890 
112  49.41070050 -091.64535048  49.41082021 -091.64507451 
111  49.41108956 -091.64454556 
112  49.40758002 -091.63931795  49.40692245 -091.63843067 
112  49.40551111 -091.63542376  49.40517431 -091.63463506 
111  49.40512619 -091.63283584 
111  49.40525450 -091.63283584 
112  49.40554318 -091.63448718  49.40583187 -091.63613851 
111  49.40732317 -091.63854943 
111  49.41464935 -091.64961096 
112  49.41571858 -091.65182151  49.41596301 -091.65241986 
111  49.41618993 -091.65429065 
111  49.41639180 -091.65693291 
112  49.41774596 -091.65688539  49.41790054 -091.65688539 
111  49.41789436 -091.65714201 
111  49.41798093 -091.65836810 
112  49.41885278 -091.65826355  49.41906920 -091.65823504 
111  49.41940310 -091.65797841 
111  49.42055321 -091.65668579 
111  49.42056557 -091.65676183 
112  49.41941547 -091.65808296  49.41931035 -091.65820652 
111  49.41898881 -091.65832058 
111  49.41798996 -091.65847547 
112  49.41839188 -091.66384542  49.41842898 -091.66423510 
111  49.41830532 -091.66422559 
111  49.41693879 -091.66456775 
112  49.41795926 -091.67411119  49.41832798 -091.67724331 
112  49.42100601 -091.67852598  49.42137473 -091.67882428 
112  49.42665494 -091.68124862  49.42800807 -091.68207297 
113  49.43037914 -091.68407432 
111  49.40509560 -091.66614305 
111  49.40559268 -091.66654998 
111  49.40998910 -091.66573433 
112  49.40986645 -091.66381807  49.40987156 -091.66348822 
111  49.40981242 -091.65871251 
111  49.40835960 -091.65872549 
112  49.40835960 -091.65862164  49.40844829 -091.65861515 
111  49.40982509 -091.65858919 
111  49.40982087 -091.65728457 
111  49.40986310 -091.65707688 
112  49.40913247 -091.65710933  49.40891708 -091.65714827 
112  49.40840616 -091.65741667  49.40813328 -091.65763611 
111  49.40765733 -091.65805061 
112  49.40691911 -091.65820409  49.40662179 -091.65807558 
113  49.40506171 -091.65716220 
111  49.40645951 -091.66653255 
112  49.40671921 -091.66695065  49.40694181 -091.66715970 
111  49.40999359 -091.67017937 
112  49.41078567 -091.67070558  49.41106673 -091.67080768 
111  49.41222675 -091.67129462 
112  49.41264579 -091.67178941  49.41285020 -091.67227635 
111  49.41368736 -091.67433540 
112  49.41568490 -091.67610755  49.41677127 -091.67603798 
111  49.41785916 -091.67590060 
111  49.41822398 -091.67563449 
112  49.41771694 -091.67366714  49.41755617 -091.67226054 
113  49.41679678 -091.66458047 
111  49.41761806 -091.66424168 
111  49.41747584 -091.66232181 
111  49.41679568 -091.66238834 
113  49.41693171 -091.66438424 
111  49.41746348 -091.66216974 
111  49.41736454 -091.66097220 
111  49.41670292 -091.66094369 
113  49.41678331 -091.66227429 
111  49.41818075 -091.66203668 
111  49.41809418 -091.66098170 
111  49.41746348 -091.66101972 
113  49.41754386 -091.66214123 
111  49.41818075 -091.66216974 
111  49.41757478 -091.66228379 
111  49.41772318 -091.66427019 
111  49.41826732 -091.66410862 
114  49.41832915 -091.66386151  49.41831060 -091.66366192 
111  49.41791826 -091.65850061 
111  49.41726529 -091.65859470 
111  49.41746966 -091.66083914 
113  49.41807563 -091.66084865 
111  49.41789785 -091.65834379 
111  49.41780943 -091.65711015 
112  49.41768020 -091.65696378  49.41757817 -091.65697424 
111  49.41715647 -091.65700560 
113  49.41726529 -091.65846925 
111  49.41715647 -091.65845879 
111  49.41708845 -091.65700560 
111  49.41641508 -091.65707878 
113  49.41651031 -091.65859470 
111  49.41669395 -091.66082154 
111  49.41735372 -091.66081108 
111  49.41719047 -091.65860516 
113  49.41652391 -091.65870970 
111  49.41635895 -091.65874657 
112  49.41418199 -091.65916285  49.41412067 -091.65916285 
111  49.41414622 -091.65905289 
111  49.41634873 -091.65863661 
111  49.41623119 -091.65705786 
111  49.41326227 -091.65713907 
112  49.41326227 -091.66114639  49.41326925 -091.66129123 
111  49.41319595 -091.66122685 
111  49.41317850 -091.65713907 
111  49.41135111 -091.65714929 
111  49.41136422 -091.65916452 
111  49.41133275 -091.65922095 
111  49.41129866 -091.65711301 
111  49.40994851 -091.65705921 
111  49.40991001 -091.65737660 
111  49.40994984 -091.66388134 
111  49.41008926 -091.66573327 
111  49.41508875 -091.66475248 
112  49.41446299 -091.66157427  49.41444259 -091.66144882 
111  49.41446299 -091.66131291 
113  49.41653071 -091.66085290 
111  49.41624745 -091.66456179 
111  49.41596449 -091.66108884 
111  49.41463415 -091.66137447 
112  49.41454123 -091.66163413  49.41459613 -091.66192624 
113  49.41517895 -091.66475653 
111  49.41633615 -091.66453582 
111  49.41678804 -091.66445792 
111  49.41653886 -091.66098498 
113  49.41604473 -091.66108235 
111  49.41623297 -091.65693962 
111  49.41609360 -091.65497921 
111  49.41396504 -091.65521290 
111  49.41395660 -091.65508956 
111  49.41608938 -091.65489482 
112  49.41597708 -091.65369183  49.41587197 -091.65312160 
112  49.41478197 -091.65013768  49.41421473 -091.64921086 
111  49.41115819 -091.64463660 
111  49.41047510 -091.64596470 
111  49.41038456 -091.64611648 
111  49.41060678 -091.64662242 
111  49.41116642 -091.64745722 
111  49.41166845 -091.64819083 
111  49.41207996 -091.64863353 
111  49.41233509 -091.64881061 
111  49.41264783 -091.64921536 
112  49.41263960 -091.64959481  49.41258199 -091.64972130 
111  49.41217872 -091.65030313 
111  49.41222810 -091.65155533 
111  49.41287004 -091.65154268 
112  49.41303465 -091.65178300  49.41303465 -091.65196008 
111  49.41303465 -091.65469216 
112  49.41286181 -091.65502102  49.41268075 -091.65502102 
111  49.41226102 -091.65504632 
113  49.41224629 -091.65695762 
112  49.41283497 -091.65489698  49.41296482 -091.65489698 
111  49.41295864 -091.65470691 
112  49.41295864 -091.65186545  49.41295246 -091.65166588 
111  49.41288444 -091.65166588 
111  49.41222282 -091.65165638 
113  49.41225992 -091.65489698 
111  49.41215480 -091.65694967 
111  49.41212388 -091.65386113 
111  49.41143135 -091.65384212 
112  49.41128295 -091.65409870  49.41128295 -091.65434579 
111  49.41130150 -091.65514406 
112  49.41112218 -091.65553369  49.41091813 -091.65553369 
111  49.40999681 -091.65558121 
111  49.40999062 -091.65690216 
113  49.40997826 -091.65694967 
111  49.41001536 -091.65547667 
111  49.41111600 -091.65540065 
112  49.41122730 -091.65515356  49.41122730 -091.65495399 
111  49.41120875 -091.65401318 
112  49.41142516 -091.65372808  49.41153647 -091.65372808 
111  49.41213625 -091.65371858 
111  49.41213007 -091.65269223 
111  49.41113455 -091.65265421 
112  49.41089340 -091.65238813  49.41089340 -091.65206502 
111  49.41086248 -091.65090562 
111  49.41078828 -091.65039245 
111  49.41081113 -091.64791786 
111  49.41108320 -091.64748071 
111  49.41052094 -091.64659428 
111  49.41031689 -091.64624267 
111  49.41002627 -091.64647074 
112  49.40993352 -091.64677484  49.40992734 -091.64693639 
113  49.40998917 -091.65544169 
111  49.41213480 -091.65259076 
111  49.41209152 -091.65035752 
111  49.41170815 -091.65028150 
111  49.41097233 -091.65004392 
111  49.41086721 -091.65001541 
111  49.41087760 -091.65043320 
111  49.41094141 -091.65091820 
111  49.41097233 -091.65241970 
114  49.41112691 -091.65259076  49.41125677 -091.65259076 
112  49.41204824 -091.65019597  49.41212244 -091.65017696 
111  49.41217809 -091.65011044 
112  49.41256146 -091.64952125  49.41264802 -091.64934069 
111  49.41256764 -091.64925516 
111  49.41225229 -091.64886553 
111  49.41195549 -091.64865646 
112  49.41170815 -091.64914112  49.41165868 -091.64917913 
111  49.41167723 -091.64900808 
111  49.41189365 -091.64856143 
112  49.41173288 -091.64840938  49.41169578 -091.64838087 
111  49.41158448 -091.64820981 
111  49.41114546 -091.64757311 
112  49.41091050 -091.64796273  49.41089195 -091.64799124 
111  49.41086103 -091.64815280 
113  49.41087340 -091.64990137 
111  49.40506139 -091.65584637 
111  49.40594984 -091.65627547 
112  49.40614975 -091.65610480  49.40617513 -091.65593414 
112  49.40601648 -091.65542702  49.40585148 -091.65535875 
113  49.40504870 -091.65503205 
111  49.40415377 -091.65698715 
111  49.40406383 -091.65249527 
112  49.40391768 -091.65231386  49.40378277 -091.65230523 
111  49.40340614 -091.65233114 
112  49.40327686 -091.65269395  49.40328810 -091.65308267 
111  49.40334431 -091.65657251 
113  49.40338928 -091.65707353 
111  49.40083896 -091.65591304 
111  49.40080940 -091.65674373 
112  49.40094455 -091.65708769  49.40106280 -091.65708120 
111  49.40148091 -091.65713312 
112  49.40167940 -091.65726940  49.40178076 -091.65737324 
111  49.40191591 -091.65753548 
112  49.40207217 -091.65729536  49.40218198 -091.65722398 
111  49.40231290 -091.65713312 
113  49.40227489 -091.65587410 
111  49.40082207 -091.65578324 
111  49.40228334 -091.65575080 
111  49.40225800 -091.65471892 
113  49.40081362 -091.65469945 
111  49.40082207 -091.65458264 
111  49.40225800 -091.65458264 
111  49.40223266 -091.65344044 
113  49.40080518 -091.65347937 
111  49.40223479 -091.65335650 
112  49.40220623 -091.65238621  49.40219354 -091.65230332 
111  49.40214277 -091.65227894 
112  49.40088624 -091.65227406  49.40081009 -091.65227406 
111  49.40079105 -091.65250323 
113  49.40080940 -091.65338852 
120 Linear Feature 10
111  49.41003211 -091.66572180  20 
112  49.40991069 -091.66365928  49.40991069 -091.66319537  20 
111  49.40986399 -091.65734899  20 
115  49.40991782 -091.65704872 
120 Linear Feature 9
111  49.40506224 -091.65708289  20 
111  49.40691994 -091.65813660  20 
112  49.40764617 -091.65798903  49.40795547 -091.65772341  20 
111  49.40840578 -091.65735293  20 
112  49.40905629 -091.65705757  49.40925363 -091.65704779  20 
115  49.40987111 -091.65702170 
120 Linear Feature 8
111  49.40505442 -091.66594068  20 
115  49.40501891 -091.65443805 
120 Linear Feature 7
111  49.39976645 -091.66202838  20 
111  49.40051797 -091.66096235  20 
112  49.40059436 -091.66082867  49.40061770 -091.66077650  20 
111  49.40188478 -091.65767003  20 
112  49.40199860 -091.65747142  49.40206804 -091.65735878  20 
112  49.40233039 -091.65717203  49.40242299 -091.65716314  20 
115  49.40498210 -091.65703956 
120 Linear Feature 6
111  49.39979013 -091.66560293  20 
111  49.40114020 -091.66522152  20 
112  49.40178194 -091.66521222  49.40212703 -091.66532385  20 
111  49.40486579 -091.66602908  20 
112  49.40509094 -091.66619055  49.40516599 -091.66625206  20 
111  49.40554625 -091.66658267  20 
112  49.40565132 -091.66659805  49.40569135 -091.66659036  20 
115  49.41679960 -091.66452289 
120 Linear Feature 5
111  49.41824101 -091.67571504  20 
112  49.41783720 -091.67594825  49.41773684 -091.67596261  20 
112  49.41565473 -091.67617424  49.41537202 -091.67615991  20 
112  49.41365313 -091.67438844  49.41311776 -091.67305031  20 
111  49.41260428 -091.67181526  20 
112  49.41218654 -091.67134071  49.41190805 -091.67122905  20 
111  49.41076326 -091.67075275  20 
112  49.40997726 -091.67022275  49.40967902 -091.66994581  20 
111  49.40668808 -091.66700051  20 
116  49.40640739 -091.66652685  49.40634685 -091.66623081 
120 Linear Feature 4
111  49.41685362 -091.66432760  20 
111  49.41612535 -091.65431473  20 
112  49.41474086 -091.64992435  49.41372151 -091.64835762  20 
111  49.40751399 -091.63899787  20 
116  49.40538567 -091.63429139  49.40507421 -091.63229712 
120 Linear Feature 3
111  49.43236326 -091.68654481  20 
112  49.43028301 -091.68416988  49.42982475 -091.68376514  20 
112  49.42633034 -091.68122698  49.42491461 -091.68043557  20 
112  49.42106379 -091.67863768  49.42095481 -091.67857253  20 
112  49.41929409 -091.67734448  49.41886701 -091.67681186  20 
112  49.41779647 -091.67382794  49.41761000 -091.67203655  20 
115  49.41686388 -091.66456399 
120 Linear Feature 2
112  49.42265189 -091.69364044  49.42281701 -091.69353891  20 
112  49.42418194 -091.69205830  49.42444061 -091.69152527  20 
112  49.42451767 -091.69119531  49.42453418 -091.69110224  20 
112  49.42474332 -091.68957086  49.42474882 -091.68919013  20 
115  49.42476634 -091.68048203 
120 Linear Feature 1
111  49.40835543 -091.69355418  20 
111  49.41080914 -091.69644771  20 
112  49.41151210 -091.69657481  49.41197072 -091.69630327  20 
111  49.41416794 -091.69496250  20 
112  49.41437129 -091.69478886  49.41443625 -091.69471073  20 
111  49.41519100 -091.69388582  20 
112  49.41531620 -091.69377166  49.41535651 -091.69374557  20 
111  49.41587963 -091.69339504  20 
112  49.41604299 -091.69331759  49.41612997 -091.69329371  20 
112  49.41659270 -091.69329790  49.41673109 -091.69338473  20 
111  49.41745394 -091.69369524  20 
112  49.41764190 -091.69375302  49.41769316 -091.69375302  20 
112  49.41825417 -091.69375499  49.41838488 -091.69371194  20 
111  49.41951486 -091.69339003  20 
112  49.41977395 -091.69336132  49.41987665 -091.69337567  20 
112  49.42041435 -091.69344403  49.42051659 -091.69347369  20 
112  49.42154176 -091.69366197  49.42179400 -091.69366197  20 
116  49.42263459 -091.69364954  49.42277744 -091.69356864 
120 Linear Feature 11
111  49.40994753 -091.65693458  20 
112  49.40996026 -091.65676173  49.40996026 -091.65669325  20 
111  49.40989525 -091.64675104  20 
112  49.41000309 -091.64642352  49.41009552 -091.64633670  20 
112  49.41029065 -091.64617097  49.41036768 -091.64608021  20 
111  49.41073834 -091.64534660  20 
115  49.41112245 -091.64458262 
14   49.41332776 -091.67558815    6 0 New Tower Viewpoint 1
15   49.41295367 -091.67551088 256.26 New Ramp Start 2