17      13 1 0 EGHK [H] Penzance Heliport [H]
100   45.11   3   0 0.00 0 1 0 08   50.12778600 -005.52018300    0.00    0.00 0  0 0 0 26   50.12838300 -005.51505300    0.00    0.00 0  0 0 0
102 H1   50.12805474 -005.51845548 349.92   31.09   31.09   1 0   0 0.00 0
110   1 0.00   0.00 Main Apron
111  50.12820331 -005.51839211 
112  50.12834880 -005.51842583  50.12837392 -005.51842988 
112  50.12843627 -005.51832722  50.12846225 -005.51830020 
111  50.12847178 -005.51826372 
111  50.12849083 -005.51810027 
111  50.12852287 -005.51810837 
111  50.12850642 -005.51825832 
111  50.12852114 -005.51826237 
111  50.12850209 -005.51840692 
111  50.12848304 -005.51840016 
111  50.12842934 -005.51883920 
111  50.12835487 -005.51882299 
111  50.12835573 -005.51881353 
111  50.12831676 -005.51872167 
111  50.12833322 -005.51871222 
112  50.12826653 -005.51859199  50.12821284 -005.51857713 
113  50.12817447 -005.51864373 
130 Airport Boundary 8
111  50.12737584 -005.52010243 
111  50.12745892 -005.51951750 
111  50.12769377 -005.51763106 
111  50.12785406 -005.51642543 
111  50.12797199 -005.51570158 
111  50.12803274 -005.51536155 
111  50.12811549 -005.51498584 
111  50.12817676 -005.51493320 
111  50.12868291 -005.51498318 
111  50.12869505 -005.51503316 
111  50.12867037 -005.51528177 
111  50.12864262 -005.51556628 
111  50.12848299 -005.51641508 
111  50.12851770 -005.51653931 
111  50.12862184 -005.51652020 
111  50.12964155 -005.51661894 
111  50.12953667 -005.51748216 
111  50.12935938 -005.51828776 
111  50.12930796 -005.51841546 
111  50.12908056 -005.51894683 
111  50.12885593 -005.51954363 
111  50.12878483 -005.51960908 
111  50.12842191 -005.51943447 
111  50.12840966 -005.51950338 
111  50.12837012 -005.51949296 
111  50.12819283 -005.52031708 
111  50.12813547 -005.52028001 
111  50.12812693 -005.52035067 
111  50.12806743 -005.52033596 
111  50.12764914 -005.52017150 
113  50.12741809 -005.52013995 
15   50.12835935 -005.51854566 348.65 Apron
19   50.12857003 -005.51840485 0 New Windsock 9
54 11810 Penzance Radio