17       8 0 0 GECE [H] GECE Ceuta
100   34.14   1   0 1.00 0 1 0 7    35.89215000 -005.30745979    0.00    0.00 1  0 0 1 25   35.89312768 -005.30504015    0.00    0.00 1  0 0 1
102 H1   35.89206076 -005.30675738  63.62   24.08   24.08   2 0   0 1.00 1
102 H2   35.89219423 -005.30643259  63.62   24.08   24.08   2 0   0 1.00 1
102 H3   35.89232770 -005.30611251  63.62   24.08   24.08   2 0   0 1.00 1
21   35.89252445 -005.30728637  2  67.60   5.50 API PAPI-4L
21   35.89267375 -005.30539112  2 247.60   9.80 API PAPI-4L
110   2 1.00  63.50 PAPI 07 concrete
111  35.89241991 -005.30732600 
111  35.89247012 -005.30720194 
111  35.89289558 -005.30750475 
113  35.89284127 -005.30762613 
110   1 1.00  63.62 Apron
111  35.89138197 -005.30706335 
111  35.89146772 -005.30684682 
111  35.89166221 -005.30695979 
111  35.89239253 -005.30518522 
111  35.89263659 -005.30514756 
111  35.89274336 -005.30509578 
112  35.89286539 -005.30492162  35.89288888 -005.30481534 
111  35.89289590 -005.30478511 
111  35.89333063 -005.30508637 
113  35.89230101 -005.30762349 
111  35.89228779 -005.30754396 
111  35.89326489 -005.30512480 
111  35.89299041 -005.30495563 
113  35.89201270 -005.30737463 
130 Airport Boundary
111  35.89138197 -005.30706335 
111  35.89164948 -005.30639868 
111  35.89170206 -005.30642775 
111  35.89188370 -005.30596954 
111  35.89203448 -005.30605737 
111  35.89239253 -005.30518522 
111  35.89263659 -005.30514756 
111  35.89274336 -005.30509578 
112  35.89286539 -005.30492162  35.89288888 -005.30481534 
111  35.89289590 -005.30478511 
111  35.89333063 -005.30508637 
111  35.89247012 -005.30720194 
111  35.89289558 -005.30750475 
111  35.89284127 -005.30762613 
111  35.89241991 -005.30732600 
113  35.89230101 -005.30762349 
120 Linear Feature W07
112  35.89196841 -005.30725013  35.89198286 -005.30726217  20 
112  35.89201537 -005.30723322  35.89202561 -005.30721363  20 
112  35.89200297 -005.30717090  35.89198581 -005.30716019  20 
114  35.89195643 -005.30718691  35.89194727 -005.30720561  20 
120 Linear Feature W25
112  35.89285425 -005.30504015  35.89286870 -005.30505219  20 
112  35.89290122 -005.30502325  35.89291145 -005.30500366  20 
112  35.89288881 -005.30496092  35.89287165 -005.30495022  20 
114  35.89284227 -005.30497694  35.89283311 -005.30499564  20 
120 Linear Feature
111  35.89208191 -005.30702548   1 
111  35.89180403 -005.30685157   1 
111  35.89223846 -005.30579840   1 
115  35.89250460 -005.30596266 
18   35.89300593 -005.30652773 3 BCN
19   35.89287209 -005.30498972 1 New Windsock 25
19   35.89198775 -005.30720900 1 Windsock 07
50 12250 AWOS
51 12333 CTAF