17     679 0 0 HAIX [H] Centre Hospitalier
102 H2   43.53473300  005.44223900   0.00   14.94   14.94   2 2   0 0.25 1
110   2 0.25   0.00 Apron
111  43.53479600  005.44213400 
111  43.53477000  005.44211600 
111  43.53473700  005.44210800 
111  43.53470100  005.44211600 
111  43.53467000  005.44214200 
111  43.53464400  005.44218400 
111  43.53463200  005.44223200 
111  43.53464000  005.44228600 
111  43.53466000  005.44232900 
111  43.53468700  005.44235500 
111  43.53472600  005.44236900 
111  43.53476200  005.44236300 
111  43.53479500  005.44234100 
111  43.53481700  005.44230600 
111  43.53482900  005.44226400 
111  43.53483100  005.44221600 
113  43.53481900  005.44216600 
120 Apron edge
111  43.53483400  005.44210500 102 
111  43.53483400  005.44237000 102 
111  43.53463100  005.44236700 102 
111  43.53463300  005.44209800 102 
115  43.53483400  005.44210500 
18   43.53473300  005.44159200 3 BCN
19   43.53493324  005.44251521 1 WS