17      36 1 0 HNAR [H] DZ Heliport
102 H1   43.17429300  002.99065000 353.00   35.05   29.87   2 2   0 0.25 0
102 H2   43.17296900  002.99087300 353.00   35.05   29.87   2 2   0 0.25 0
110   2 0.25   0.00 Apron
111  43.17314200  002.99102600 
111  43.17311000  002.99066800 
111  43.17279800  002.99072100 
113  43.17283100  002.99108000 
110   2 0.25   0.00 Apron
111  43.17443600  002.99044400 
111  43.17412200  002.99049700 
111  43.17415400  002.99085300 
113  43.17446800  002.99079900 
110   2 0.25   0.00 Apron
111  43.17348700  002.99096600 
111  43.17351300  002.99125400 
111  43.17387800  002.99119000 
113  43.17385100  002.99090400 
120 Apron edge
111  43.17443700  002.99044200 102 
111  43.17446900  002.99079900 102 
111  43.17415400  002.99085300 102 
111  43.17412300  002.99049500 102 
115  43.17443700  002.99044200 
120 Apron edge
111  43.17311100  002.99066800 102 
115  43.17314300  002.99102400 
120 Apron edge
111  43.17279800  002.99072300 102 
115  43.17311100  002.99066800 
120 Apron edge
111  43.17279800  002.99072300 102 
111  43.17283000  002.99108000 102 
115  43.17314100  002.99102300 
14   43.17370200  002.99132600   54 0 DZ Heliport Tower
19   43.17325400  002.99134400 1 Windsock
19   43.17325400  002.99134400 1 Windsock