17    1541 0 0 UI07 [H] Baikalsk Old Stadium
102 H3   51.52000000  104.14138900  11.00   10.06   10.06   3 0   0 0.00 0
110   3 0.00  11.00 stadium
111  51.51964644  104.14090791 
112  51.51947027  104.14122078  51.51943095  104.14156652 
111  51.51955905  104.14161727 
111  51.52035355  104.14187009 
112  51.52052971  104.14155674  51.52057366  104.14121843 
113  51.52044096  104.14116073 
130 Airport Boundary
111  51.51944159  104.14067147 
111  51.51930776  104.14169377 
111  51.52055743  104.14209878 
113  51.52067909  104.14107648 
19   51.52010628  104.14164225 1 WS