17    1469 0 0 UI97 [H] Nikola
102 H1   51.89584801  104.81539520 127.99   20.12   20.12   1 0   0 0.00 0
102 H2   51.89559720  104.81591544 127.99   20.12   20.12   1 0   0 0.00 0
102 H3   51.89535273  104.81642194 128.00   20.12   20.12   1 0   0 0.00 0
110   1 0.00 128.00 helipad
111  51.89575276  104.81500005 
111  51.89508791  104.81637905 
111  51.89544248  104.81682796 
113  51.89610733  104.81544897 
19   51.89521603  104.81599136 1 WS
19   51.89497155  104.81649779 1 WS
19   51.89546684  104.81547115 1 WS