17     419 0 0 UU04 [H] Barviha-3
102 H1   55.75844619  037.29229668   0.00   20.12   20.12   1 0   0 0.00 1
110   1 0.00   0.00 New Taxiway 9
111  55.75807599  037.29184251 
111  55.75807599  037.29274855 
111  55.75881948  037.29275077 
111  55.75881823  037.29184029 
111  55.75820220  037.29184243 
111  55.75820100  037.29124967 
111  55.75802986  037.29125068 
111  55.75802957  037.29158107 
111  55.75785480  037.29158198 
111  55.75785616  037.29176867 
111  55.75811426  037.29176881 
113  55.75811442  037.29184177 
130 Airport Boundary 10
111  55.75893044  037.29174841 
111  55.75825170  037.29112091 
111  55.75780531  037.29112416 
111  55.75780348  037.29290262 
113  55.75893044  037.29290262 
18   55.75844619  037.29117060 3 BCN
19   55.75854251  037.29178074 0 Windsock