1     6360 0 0 WX53 Bugalaga (CAMA)
100   24.08   3   0 0.00 0 0 0 6   -03.62436929  136.59429358    0.00    0.00 0  0 0 0 24  -03.62259197  136.59824340    0.00    0.00 0  0 0 0
110   3 0.00  65.70 W-End
112 -03.62392861  136.59502310 -03.62389054  136.59500021 
111 -03.62392861  136.59502310 
112 -03.62392861  136.59502310 -03.62390891  136.59496388 
112 -03.62397022  136.59465998 -03.62395395  136.59461258 
112 -03.62380539  136.59459819 -03.62379681  136.59454547 
112 -03.62387010  136.59439224 -03.62391824  136.59434417 
112 -03.62408308  136.59426696 -03.62413619  136.59421774 
112 -03.62438937  136.59410782 -03.62442363  136.59412307 
112 -03.62442420  136.59423181 -03.62443438  136.59428245 
114 -03.62446128  136.59434877 -03.62444990  136.59437815 
14  -03.62392654  136.59470107    5 0 Bugalaga Viewpoint
15  -03.62417014  136.59439595 121.65 Bugalaga Start
19  -03.62422343  136.59497377 0 Bugalaga Windsock