17     460 0 0 YCLC [H] Colac Cricket Ground
102 H1  -38.33424600  143.58304200   0.00   99.97   99.97   3 0   0 0.00 0
110   3 0.25   0.00 Oval
112 -38.33376639  143.58230212 -38.33388969  143.58224357 
112 -38.33420638  143.58224357 -38.33437077  143.58227130 
112 -38.33486878  143.58288152 -38.33489779  143.58347325 
112 -38.33433934  143.58389240 -38.33411452  143.58389856 
112 -38.33373013  143.58374138 -38.33362618  143.58347017 
112 -38.33363827  143.58336230 -38.33364068  143.58331608 
113 -38.33366969  143.58245006 
15  -38.33398200  143.58292467   0.00 Oval
19  -38.33289645  143.58476244 1 WS