17     118 0 0 YHPG [H] HMAS Penguin
102 H1  -33.82611655  151.26146551 331.89   29.87   29.87   3 0   0 0.25 0
110   3 1.00  70.00 New Taxiway 1
112 -33.82553037  151.26173743 -33.82560186  151.26149305 
112 -33.82630241  151.26120048 -33.82678564  151.26124866 
111 -33.82678564  151.26124866 
112 -33.82682567  151.26142765 -33.82680280  151.26160319 
112 -33.82622806  151.26266676 -33.82586206  151.26278723 
112 -33.82561044  151.26258416 -33.82550750  151.26248090 
114 -33.82545889  151.26210572 -33.82545889  151.26197148 
14  -33.82619661  151.26112475    6 0 New Tower Viewpoint 3
15  -33.82611655  151.26145863 243.92 New Ramp Start 2
19  -33.82600789  151.26114196 0 New Windsock 4