17     435 0 0 YHSV [H] HEALESVILLE
102 H37 -37.66777175  145.53930517   0.00   14.94   14.94   3 0   0 0.00 0
110   4 0.25   0.00 New Taxiway 34
112 -37.66776791  145.53741024 -37.66776791  145.53737129 
112 -37.66783378  145.53725444 -37.66787582  145.53717301 
112 -37.66797106  145.53711726 -37.66803211  145.53707442 
112 -37.66834620  145.53715818 -37.66848186  145.53720317 
112 -37.66874644  145.53740689 -37.66876136  145.53742575 
112 -37.66894416  145.53757656 -37.66898333  145.53763311 
112 -37.66925276  145.53811744 -37.66932498  145.53821438 
112 -37.66937238  145.53814310 -37.66937464  145.53814025 
112 -37.66934755  145.53783230 -37.66934755  145.53772395 
112 -37.66943332  145.53717650 -37.66946040  145.53702823 
112 -37.66951457  145.53689707 -37.66951683  145.53682864 
111 -37.66952585  145.53673325 
112 -37.66964921  145.53682629 -37.66963601  145.53683185 
112 -37.66956564  145.53697631 -37.66953045  145.53711522 
111 -37.66960962  145.53714856 
112 -37.66977675  145.53723746 -37.66983833  145.53726525 
112 -37.67010662  145.53737637 -37.67020338  145.53743749 
112 -37.67051126  145.53767642 -37.67052885  145.53768753 
112 -37.67063001  145.53769864 -37.67063001  145.53771531 
112 -37.67062561  145.53807648 -37.67062121  145.53815427 
111 -37.67059922  145.53839875 
111 -37.67049806  145.53830985 
111 -37.67055964  145.53787089 
112 -37.67047167  145.53774865 -37.67044528  145.53772087 
112 -37.67024297  145.53753751 -37.67020338  145.53751528 
112 -37.66986472  145.53732081 -37.66983833  145.53729858 
111 -37.66978555  145.53734304 
112 -37.66975036  145.53741527 -37.66975036  145.53742082 
112 -37.66966240  145.53775421 -37.66964481  145.53792090 
112 -37.66967120  145.53810982 -37.66968439  145.53817649 
111 -37.66974157  145.53820428 
112 -37.66986912  145.53828207 -37.66987791  145.53828762 
111 -37.66989990  145.53838208 
111 -37.66988231  145.53849877 
112 -37.66982953  145.53832096 -37.66981634  145.53828207 
112 -37.66970198  145.53823761 -37.66964921  145.53819316 
112 -37.66960962  145.53789867 -37.66960522  145.53775976 
112 -37.66970638  145.53740971 -37.66973717  145.53733192 
111 -37.66971078  145.53726525 
112 -37.66959643  145.53723191 -37.66950406  145.53720413 
111 -37.66945568  145.53740971 
112 -37.66944689  145.53815983 -37.66944249  145.53820428 
112 -37.66945568  145.53834319 -37.66946008  145.53834874 
112 -37.66971958  145.53900440 -37.66975916  145.53904329 
111 -37.66985152  145.53911553 
112 -37.67014181  145.53922110 -37.67028255  145.53927110 
112 -37.67052445  145.53979341 -37.67059922  145.54009901 
112 -37.67037051  145.54059353 -37.67028695  145.54075466 
112 -37.66984224  145.54099527 -37.66971930  145.54103224 
112 -37.66902853  145.54092131 -37.66902267  145.54091392 
111 -37.66898755  145.54092131 
112 -37.66891144  145.54115057 -37.66889388  145.54120973 
111 -37.66866557  145.54144638 
111 -37.66776991  145.54166085 
112 -37.66757631  145.54165753 -37.66743637  145.54164743 
112 -37.66719247  145.54105645 -37.66714848  145.54083926 
112 -37.66738025  145.54057975 -37.66741990  145.54054218 
112 -37.66756860  145.54045034 -37.66756860  145.54044617 
111 -37.66752564  145.54039190 
112 -37.66727781  145.54032511 -37.66720841  145.54030424 
112 -37.66704287  145.54013633 -37.66703294  145.54011752 
112 -37.66686908  145.53995756 -37.66681943  145.53992620 
112 -37.66666798  145.53996383 -37.66663819  145.53997324 
112 -37.66668288  145.53991679 -37.66669281  145.53991052 
112 -37.66680950  145.53986347 -37.66683184  145.53985406 
112 -37.66689391  145.53971606 -37.66690384  145.53969411 
112 -37.66692866  145.53912957 -37.66698328  145.53883789 
112 -37.66759158  145.53853409 -37.66794598  145.53839271 
112 -37.66841879  145.53875776 -37.66848488  145.53883366 
112 -37.66867714  145.53931943 -37.66871319  145.53938395 
112 -37.66895351  145.53945226 -37.66899557  145.53945226 
112 -37.66918782  145.53930425 -37.66925992  145.53925112 
112 -37.66948523  145.53914865 -37.66962341  145.53909552 
111 -37.66957234  145.53879192 
112 -37.66936807  145.53832513 -37.66935004  145.53828718 
112 -37.66913976  145.53806707 -37.66907968  145.53795701 
112 -37.66876695  145.53750419 -37.66875205  145.53748538 
111 -37.66868502  145.53748851 
112 -37.66863288  145.53764219 -37.66861551  145.53767983 
112 -37.66863537  145.53773629 -37.66863288  145.53777079 
112 -37.66854351  145.53773629 -37.66853606  145.53772688 
112 -37.66854847  145.53763592 -37.66857827  145.53759201 
112 -37.66864033  145.53747910 -37.66865275  145.53745715 
111 -37.66859316  145.53740697 
112 -37.66811400  145.53719369 -37.66809414  145.53718742 
112 -37.66792532  145.53719055 -37.66788063  145.53722192 
113 -37.66779227  145.53744226 
111 -37.66698933  145.53913613 
112 -37.66694208  145.53967798 -37.66698206  145.53985248 
112 -37.66712019  145.54010503 -37.66724378  145.54020606 
112 -37.66756365  145.54033004 -37.66766906  145.54033463 
112 -37.66802528  145.54028871 -37.66814523  145.54026116 
112 -37.66840331  145.53999024 -37.66847237  145.53986166 
112 -37.66854870  145.53938869 -37.66852689  145.53920501 
112 -37.66833424  145.53880092 -37.66823974  145.53873204 
112 -37.66761817  145.53861265 -37.66729103  145.53876878 
114 -37.66712746  145.53889735 -37.66702932  145.53902134 
111 -37.66758182  145.54054165 
112 -37.66733101  145.54080799 -37.66731284  145.54101003 
112 -37.66742552  145.54131769 -37.66753457  145.54145545 
112 -37.66768723  145.54153351 -37.66779265  145.54153811 
111 -37.66858505  145.54140494 
112 -37.66881042  145.54117075 -37.66885040  145.54108810 
112 -37.66886857  145.54088146 -37.66884313  145.54072992 
112 -37.66866866  145.54042686 -37.66854143  145.54040390 
112 -37.66831607  145.54033502 -37.66814523  145.54033042 
114 -37.66769814  145.54043145 -37.66764361  145.54045441 
112 -37.66887315  145.54013531 -37.66887315  145.54031899 
112 -37.66912428  145.54069053 -37.66923994  145.54079490 
112 -37.66958030  145.54087839 -37.66978187  145.54087004 
112 -37.67018171  145.54070723 -37.67030728  145.54050685 
112 -37.67047911  145.54004347 -37.67045928  145.53972620 
112 -37.67016519  145.53934213 -37.66999336  145.53925447 
112 -37.66959021  145.53925029 -37.66939855  145.53928786 
114 -37.66908463  145.53953417 -37.66892602  145.53972620 
110   3 0.25   0.00 New Taxiway 33
111 -37.66673972  145.53747625 
112 -37.66689453  145.53730512 -37.66694291  145.53730512 
112 -37.66714611  145.53753736 -37.66715095  145.53754348 
111 -37.66725255  145.53762293 
111 -37.66740253  145.53757404 
112 -37.66773635  145.53715232 -37.66778957  145.53704231 
112 -37.66807018  145.53694452 -37.66812824  145.53695063 
112 -37.66848625  145.53697508 -37.66857817  145.53688951 
112 -37.66869379  145.53674508 -37.66869379  145.53660728 
112 -37.66879508  145.53642026 -37.66886520  145.53642026 
111 -37.66891975  145.53646947 
111 -37.67057159  145.53761127 
112 -37.67052889  145.53852248 -37.67052889  145.53870145 
112 -37.67067764  145.53966788 -37.67067764  145.53986475 
112 -37.67054306  145.54080433 -37.67050056  145.54091171 
111 -37.67045097  145.54098330 
111 -37.66717845  145.54231674 
113 -37.66667526  145.54081540 
15  -37.66778182  145.53929399   0.00 New Ramp Start 38
19  -37.66757151  145.53955813 1 WS