17     694 0 0 YKOR [H] KORUMBURRA
102 H10 -38.42746733  145.81805981   0.00   17.98   17.98   3 0   0 0.00 0
110   3 0.25   0.00 New Taxiway 10
111 -38.42702831  145.81850811 
112 -38.42713208  145.81781528 -38.42720392  145.81769301 
112 -38.42761102  145.81756056 -38.42780259  145.81756056 
112 -38.42812188  145.81782547 -38.42821767  145.81797830 
112 -38.42844915  145.81841642 -38.42843319  145.81859981 
112 -38.42824161  145.81913982 -38.42801811  145.81927227 
112 -38.42767487  145.81920095 -38.42754716  145.81910925 
114 -38.42729173  145.81893604 -38.42717997  145.81880359 
14  -38.42743739  145.81780009    6 0 New Tower Viewpoint 12
15  -38.42746754  145.81805300   0.00 New Ramp Start 11
19  -38.42722594  145.81836793 1 WS