17    5739 0 0 YMHM [H] MOUNT HOTHAM VILLAGE
102 H28 -36.98300700  147.14260300 149.27   29.87   29.87  15 0   0 0.25 0
110   1 0.25   0.00 New Taxiway 20
111 -36.98338128  147.14261951 
111 -36.98316826  147.14300738 
112 -36.98307143  147.14290233 -36.98298752  147.14282961 
111 -36.98230327  147.14228820 
111 -36.98241946  147.14190842 
113 -36.98320054  147.14249022 
14  -36.98240655  147.14260335    6 0 New Tower Viewpoint 30
15  -36.98300043  147.14260335   0.00 New Ramp Start 29
19  -36.98355964  147.14242705 1 WS