17     162 0 0 YPAE [H] PARADISE PALMS
102 H4  -16.78590818  145.66523170   0.00   17.98   17.98   3 0   0 0.00 0
110   3 0.25   0.00 New Taxiway 10
111 -16.78532209  145.66404988 
112 -16.78561513  145.66372679 -16.78572095  145.66369278 
111 -16.78620937  145.66353974 
111 -16.78681988  145.66399036 
111 -16.78737341  145.66501914 
112 -16.78732457  145.66538474 -16.78718619  145.66552078 
112 -16.78670592  145.66569083 -16.78661637  145.66575885 
112 -16.78628263  145.66575885 -16.78618494  145.66606493 
111 -16.78609540  145.66654956 
112 -16.78594888  145.66646454 -16.78595702  145.66640502 
112 -16.78602214  145.66586938 -16.78588376  145.66587788 
112 -16.78543605  145.66586087 -16.78536279  145.66564832 
112 -16.78555815  145.66519769 -16.78559071  145.66515518 
112 -16.78538721  145.66477258 -16.78524068  145.66465354 
114 -16.78520812  145.66428794 -16.78523254  145.66416041 
14  -16.78616250  145.66524017    6 0 New Tower Viewpoint 6
15  -16.78591855  145.66524050   0.00 New Ramp Start 5
19  -16.78566679  145.66548382 1 WS