17     219 0 0 YPTV [H] PERTH TV STATIONS
102 H1  -31.88206158  115.85858595 137.53    7.01    7.01   1 0   0 0.25 0
102 H9  -31.88251897  115.86073425 222.14   20.12   21.95   1 0   0 0.25 1
110   3 0.25   0.00 New Taxiway 38
111 -31.88261508  115.86042988 
111 -31.88278365  115.86067342 
111 -31.88270034  115.86089156 
111 -31.88255333  115.86089387 
111 -31.88234850  115.86109700 
111 -31.88219567  115.86087714 
114 -31.88220101  115.86082678 -31.88221170  115.86081733 
110   1 0.25   0.00 New Taxiway 37
111 -31.88195551  115.85886497 
112 -31.88201391  115.85880363 -31.88202496  115.85878132 
111 -31.88186712  115.85858986 
111 -31.88212756  115.85839469 
111 -31.88241483  115.85872556 
111 -31.88222700  115.85888170 
112 -31.88211493  115.85881292 -31.88209757  115.85881478 
112 -31.88200286  115.85888170 -31.88199655  115.85889099 
113 -31.88198866  115.85891330 
14  -31.88228994  115.85960076    6 0 New Tower Viewpoint 89
15  -31.88205969  115.85858429   0.00 Channel 7
15  -31.88252001  115.86073113 221.82 Channel 9
18  -31.88298275  115.86133787 3 BCN
19  -31.88270328  115.86073920 0 New Windsock 88