17     289 1 0 YSX1 [H] North Head Army Heliport
102 H1  -33.83810609  151.27834195 271.39   34.14   34.14  12 0   0 0.00 1
110   1 0.00   0.00 Taxiway
112 -33.81480909  151.29596295 -33.81484409  151.29597395 
112 -33.81562609  151.29620395 -33.81566109  151.29621495 
112 -33.81573409  151.29622095 -33.81577109  151.29622195 
112 -33.81727309  151.29625695 -33.81731009  151.29625795 
112 -33.81733709  151.29620995 -33.81734309  151.29617795 
111 -33.81733709  151.29620995 
111 -33.81737909  151.29621095 
112 -33.81737909  151.29621095 -33.81737309  151.29624295 
112 -33.81742509  151.29625995 -33.81746209  151.29626095 
112 -33.81807609  151.29627595 -33.81811309  151.29627695 
112 -33.81818509  151.29629095 -33.81822109  151.29629995 
112 -33.81855509  151.29639095 -33.81859109  151.29639995 
112 -33.81867109  151.29633995 -33.81871209  151.29629695 
112 -33.81898309  151.29601195 -33.81902409  151.29596895 
112 -33.81902909  151.29591995 -33.81901809  151.29590195 
111 -33.81902909  151.29591995 
111 -33.81905009  151.29589795 
112 -33.81905009  151.29589795 -33.81906109  151.29591595 
112 -33.81912809  151.29585995 -33.81916909  151.29581695 
111 -33.81970509  151.29525595 
112 -33.81976309  151.29519795 -33.81980209  151.29515895 
112 -33.81983009  151.29504195 -33.81983609  151.29497695 
112 -33.81983709  151.29496395 -33.81984309  151.29489895 
112 -33.81980609  151.29477995 -33.81977909  151.29472295 
112 -33.81797209  151.29080695 -33.81794509  151.29074995 
112 -33.81786909  151.29065795 -33.81782709  151.29061595 
112 -33.81746809  151.29025795 -33.81742609  151.29021595 
112 -33.81732309  151.29019895 -33.81726809  151.29020195 
112 -33.81670809  151.29022895 -33.81665309  151.29023195 
112 -33.81655509  151.29028395 -33.81650809  151.29031795 
112 -33.81190809  151.29362495 -33.81186109  151.29365895 
112 -33.81175809  151.29370195 -33.81170509  151.29371895 
112 -33.81068209  151.29405295 -33.81062909  151.29406995 
112 -33.81052109  151.29408195 -33.81046609  151.29408395 
111 -33.80880809  151.29415195 
111 -33.80880609  151.29405295 
112 -33.81050909  151.29398395 -33.81056409  151.29398195 
112 -33.81067009  151.29395495 -33.81072309  151.29393795 
112 -33.81171409  151.29361395 -33.81176709  151.29359695 
112 -33.81183209  151.29350095 -33.81185809  151.29344295 
111 -33.81200509  151.29311095 
111 -33.81207809  151.29315795 
112 -33.81196609  151.29340895 -33.81194009  151.29346695 
112 -33.81199809  151.29344495 -33.81204509  151.29341095 
112 -33.81652709  151.29018895 -33.81657409  151.29015495 
112 -33.81661509  151.29007495 -33.81662609  151.29003295 
111 -33.81668909  151.28980095 
111 -33.81674109  151.28982095 
112 -33.81667409  151.29006895 -33.81666309  151.29011095 
112 -33.81673909  151.29012795 -33.81679409  151.29012495 
112 -33.81735109  151.29009895 -33.81740609  151.29009595 
112 -33.81749609  151.29015795 -33.81753809  151.29019995 
112 -33.81793309  151.29059395 -33.81797509  151.29063595 
112 -33.81803609  151.29074295 -33.81806309  151.29079995 
112 -33.81989009  151.29475995 -33.81991709  151.29481695 
112 -33.81992109  151.29494395 -33.81991509  151.29500895 
112 -33.81990809  151.29509195 -33.81990209  151.29515695 
112 -33.81983909  151.29525095 -33.81979909  151.29529195 
112 -33.81981409  151.29536195 -33.81983709  151.29539595 
111 -33.81981409  151.29536195 
111 -33.81977309  151.29540495 
112 -33.81977309  151.29540495 -33.81975009  151.29537095 
112 -33.81967609  151.29541895 -33.81963509  151.29546195 
111 -33.81910709  151.29601295 
111 -33.81865909  151.29648295 
112 -33.81735109  151.29771195 -33.81730809  151.29775295 
112 -33.81720409  151.29777495 -33.81714909  151.29777595 
111 -33.81271909  151.29787295 
111 -33.81271709  151.29777395 
112 -33.81717609  151.29767695 -33.81723109  151.29767595 
112 -33.81732309  151.29761395 -33.81736609  151.29757295 
112 -33.81848809  151.29651795 -33.81853109  151.29647695 
112 -33.81849909  151.29644295 -33.81846309  151.29643395 
112 -33.81817909  151.29635695 -33.81814309  151.29634795 
112 -33.81807009  151.29634195 -33.81803309  151.29634095 
111 -33.81734209  151.29632395 
112 -33.81572609  151.29628695 -33.81568909  151.29628595 
112 -33.81561809  151.29626995 -33.81558309  151.29625895 
111 -33.81472809  151.29600695 
112 -33.81287609  151.29545795 -33.81284109  151.29544695 
112 -33.81276809  151.29544195 -33.81273109  151.29544195 
111 -33.81198109  151.29543995 
111 -33.81198209  151.29537395 
112 -33.81277409  151.29537595 -33.81281109  151.29537595 
112 -33.81288209  151.29539195 -33.81291709  151.29540295 
112 -33.81467609  151.29592295 -33.81471109  151.29593395 
112 -33.81473709  151.29590695 -33.81474209  151.29588595 
111 -33.81473709  151.29590695 
111 -33.81476409  151.29591495 
114 -33.81476409  151.29591495 -33.81475909  151.29593595 
110   1 0.00   0.00 Closed taxiway
112 -33.84249009  151.28093495 -33.84249509  151.28094395 
111 -33.84316309  151.28218195 
111 -33.84315209  151.28219095 
112 -33.84248209  151.28094895 -33.84247709  151.28093995 
112 -33.84246209  151.28093095 -33.84245309  151.28092795 
112 -33.84160809  151.28070195 -33.84159909  151.28069895 
112 -33.84158209  151.28066995 -33.84157309  151.28065095 
111 -33.84158209  151.28066995 
111 -33.84163809  151.28065395 
112 -33.84163809  151.28065395 -33.84165209  151.28068295 
112 -33.84167209  151.28070195 -33.84168109  151.28070495 
114 -33.84247009  151.28091695 -33.84247909  151.28091995 
110   1 0.00   0.00 Closed taxiway
112 -33.84010909  151.28060995 -33.84008809  151.28064595 
112 -33.84005209  151.28070895 -33.84003109  151.28074495 
112 -33.83995209  151.28070695 -33.83990709  151.28066995 
112 -33.83963209  151.28044395 -33.83958709  151.28040695 
112 -33.83951409  151.28030895 -33.83948109  151.28025595 
111 -33.83903409  151.27954295 
111 -33.83910009  151.27948395 
112 -33.83957209  151.28023695 -33.83960509  151.28028995 
112 -33.83969009  151.28037195 -33.83973509  151.28040895 
112 -33.83995409  151.28058895 -33.83999909  151.28062595 
112 -33.84005409  151.28059195 -33.84007509  151.28055695 
112 -33.84008109  151.28047195 -33.84007809  151.28042795 
112 -33.84003709  151.27979195 -33.84003409  151.27974795 
112 -33.84001009  151.27966595 -33.83999509  151.27962595 
112 -33.83987609  151.27930595 -33.83986109  151.27926595 
112 -33.83979809  151.27924795 -33.83976109  151.27924895 
111 -33.83968409  151.27925095 
112 -33.83859609  151.27925395 -33.83854109  151.27925395 
112 -33.83846709  151.27921995 -33.83843609  151.27919695 
112 -33.83836809  151.27914695 -33.83833709  151.27912395 
112 -33.83828009  151.27910995 -33.83825309  151.27910795 
111 -33.83811809  151.27909795 
112 -33.83807109  151.27909395 -33.83804409  151.27909195 
112 -33.83800409  151.27908095 -33.83798709  151.27907395 
111 -33.83800409  151.27908095 
111 -33.83795409  151.27902695 
112 -33.83795409  151.27902695 -33.83797109  151.27903395 
112 -33.83802109  151.27903995 -33.83804809  151.27904195 
112 -33.83805709  151.27904395 -33.83808409  151.27904595 
112 -33.83809809  151.27899795 -33.83809809  151.27896495 
111 -33.83809809  151.27849395 
111 -33.83814009  151.27849395 
112 -33.83814009  151.27900095 -33.83814009  151.27903395 
112 -33.83818109  151.27905295 -33.83820809  151.27905495 
112 -33.83832209  151.27906395 -33.83834909  151.27906595 
112 -33.83841009  151.27910095 -33.83844109  151.27912395 
112 -33.83843709  151.27911995 -33.83846809  151.27914295 
112 -33.83856609  151.27915395 -33.83862109  151.27915395 
112 -33.83952509  151.27915995 -33.83958009  151.27915995 
112 -33.83960009  151.27914695 -33.83959509  151.27913795 
112 -33.83959509  151.27903495 -33.83959709  151.27896895 
111 -33.83964309  151.27766895 
111 -33.83972509  151.27767295 
112 -33.83967909  151.27900695 -33.83967709  151.27907295 
112 -33.83969609  151.27914195 -33.83970909  151.27916595 
112 -33.83977009  151.27917895 -33.83980709  151.27917995 
112 -33.83981909  151.27917895 -33.83985609  151.27917995 
112 -33.83992809  151.27919095 -33.83996409  151.27919795 
112 -33.84093309  151.27940495 -33.84096909  151.27941195 
112 -33.84098409  151.27934995 -33.84098209  151.27930595 
112 -33.84095009  151.27869095 -33.84094809  151.27864695 
112 -33.84093609  151.27855995 -33.84092909  151.27851695 
112 -33.84085009  151.27802595 -33.84084309  151.27798295 
112 -33.84081509  151.27790095 -33.84079909  151.27786095 
112 -33.84062209  151.27740995 -33.84060609  151.27736995 
112 -33.84055509  151.27730795 -33.84052609  151.27727995 
112 -33.84036609  151.27712295 -33.84033709  151.27709495 
112 -33.84027009  151.27706595 -33.84023509  151.27705595 
112 -33.84003009  151.27700095 -33.83999509  151.27699095 
112 -33.83992209  151.27698095 -33.83988509  151.27697795 
111 -33.83936709  151.27693495 
111 -33.83937109  151.27686895 
112 -33.83993009  151.27691495 -33.83996709  151.27691795 
112 -33.84003809  151.27693495 -33.84007309  151.27694495 
112 -33.84029409  151.27700595 -33.84032909  151.27701595 
112 -33.84039009  151.27706195 -33.84041909  151.27708895 
112 -33.84059909  151.27726695 -33.84062809  151.27729395 
112 -33.84066509  151.27736795 -33.84068009  151.27740795 
112 -33.84086809  151.27788095 -33.84088309  151.27792095 
112 -33.84090209  151.27800595 -33.84090909  151.27804895 
112 -33.84099009  151.27855195 -33.84099709  151.27859495 
112 -33.84100409  151.27868295 -33.84100609  151.27872695 
112 -33.84104009  151.27937995 -33.84104209  151.27942395 
112 -33.84107109  151.27950295 -33.84109009  151.27954095 
111 -33.84161609  151.28060895 
111 -33.84156809  151.28064295 
112 -33.84102709  151.27954295 -33.84100809  151.27950495 
112 -33.84094509  151.27947495 -33.84090909  151.27946795 
112 -33.83997109  151.27926695 -33.83993509  151.27925995 
112 -33.83994009  151.27931595 -33.83995509  151.27935595 
112 -33.84006409  151.27964995 -33.84007909  151.27968995 
112 -33.84009109  151.27977595 -33.84009409  151.27981995 
114 -33.84013709  151.28048995 -33.84014009  151.28053395 
110   4 0.00   0.00 Taxiway
112 -33.81635609  151.30132995 -33.81636009  151.30130895 
112 -33.81644309  151.30081495 -33.81644709  151.30079395 
112 -33.81642209  151.30078295 -33.81640409  151.30078295 
112 -33.81568409  151.30077595 -33.81566609  151.30077595 
112 -33.81564109  151.30083895 -33.81563009  151.30088095 
112 -33.81546909  151.30152995 -33.81545809  151.30157195 
112 -33.81540209  151.30161595 -33.81536809  151.30163095 
112 -33.81515209  151.30172595 -33.81511809  151.30174095 
112 -33.81506909  151.30169595 -33.81504809  151.30166095 
112 -33.81467309  151.30104395 -33.81465209  151.30100895 
112 -33.81458709  151.30097895 -33.81455109  151.30097095 
111 -33.81383009  151.30080295 
112 -33.81273809  151.30061495 -33.81272009  151.30061195 
112 -33.81268409  151.30061795 -33.81266609  151.30062295 
111 -33.81202109  151.30081095 
111 -33.81201409  151.30077895 
112 -33.81268209  151.30058395 -33.81270009  151.30057895 
112 -33.81273609  151.30057995 -33.81275409  151.30058295 
111 -33.81383609  151.30075495 
112 -33.81461909  151.30091995 -33.81465509  151.30092695 
112 -33.81470509  151.30098395 -33.81472609  151.30101895 
112 -33.81508909  151.30161595 -33.81511009  151.30165095 
112 -33.81517309  151.30164595 -33.81520809  151.30163095 
112 -33.81535709  151.30156595 -33.81539209  151.30155095 
112 -33.81542509  151.30147995 -33.81543609  151.30143795 
112 -33.81558909  151.30081795 -33.81560009  151.30077595 
112 -33.81560309  151.30068895 -33.81560209  151.30064495 
112 -33.81552209  151.29851995 -33.81552109  151.29847595 
112 -33.81546609  151.29846495 -33.81543009  151.29847195 
112 -33.81256209  151.29907695 -33.81252609  151.29908395 
112 -33.81248709  151.29910895 -33.81247309  151.29912295 
111 -33.81182309  151.29977195 
111 -33.81180609  151.29974695 
112 -33.81251709  151.29903495 -33.81253109  151.29902095 
112 -33.81259209  151.29900295 -33.81262809  151.29899595 
111 -33.81554309  151.29838195 
112 -33.81779509  151.29817595 -33.81783209  151.29817295 
112 -33.81788609  151.29812095 -33.81791009  151.29808795 
111 -33.81873109  151.29694395 
111 -33.81888909  151.29672495 
111 -33.81893109  151.29676895 
112 -33.81881809  151.29692495 -33.81879409  151.29695795 
112 -33.81879309  151.29703995 -33.81880009  151.29708295 
112 -33.81889409  151.29766595 -33.81890109  151.29770895 
112 -33.81895309  151.29776295 -33.81898509  151.29778395 
112 -33.81929609  151.29798595 -33.81932809  151.29800695 
112 -33.81937609  151.29796495 -33.81939709  151.29792995 
111 -33.81952409  151.29772095 
111 -33.81956809  151.29775995 
112 -33.81942509  151.29799695 -33.81940409  151.29803195 
112 -33.81944109  151.29808195 -33.81947309  151.29810295 
112 -33.81960809  151.29819095 -33.81964009  151.29821195 
112 -33.81970909  151.29820795 -33.81974409  151.29819795 
112 -33.82001709  151.29812395 -33.82005209  151.29811395 
112 -33.82011309  151.29806695 -33.82014209  151.29803895 
112 -33.82031309  151.29787095 -33.82034209  151.29784295 
112 -33.82037109  151.29776595 -33.82038109  151.29772395 
112 -33.82040109  151.29764395 -33.82041109  151.29760195 
112 -33.82045709  151.29753695 -33.82048409  151.29750795 
112 -33.82057209  151.29741095 -33.82059909  151.29738195 
112 -33.82061409  151.29730095 -33.82061509  151.29725695 
112 -33.82062409  151.29669395 -33.82062509  151.29664995 
112 -33.82059009  151.29657695 -33.82056709  151.29654295 
112 -33.81977309  151.29540495 -33.81975009  151.29537095 
112 -33.81967609  151.29541895 -33.81963509  151.29546195 
111 -33.81967609  151.29541895 
111 -33.81970509  151.29525595 
111 -33.81983909  151.29525095 
112 -33.81983909  151.29525095 -33.81979909  151.29529095 
112 -33.81981409  151.29536195 -33.81983709  151.29539595 
112 -33.82064609  151.29655295 -33.82066909  151.29658695 
112 -33.82068009  151.29666995 -33.82067909  151.29671395 
112 -33.82066909  151.29729995 -33.82066809  151.29734395 
112 -33.82071209  151.29740595 -33.82074109  151.29743295 
112 -33.82076709  151.29745795 -33.82079609  151.29748495 
112 -33.82086209  151.29752395 -33.82089609  151.29754095 
112 -33.82094709  151.29756695 -33.82098109  151.29758395 
112 -33.82099609  151.29765895 -33.82099509  151.29770295 
112 -33.82098709  151.29797295 -33.82098609  151.29801695 
112 -33.82094109  151.29807795 -33.82091209  151.29810395 
112 -33.82080309  151.29819795 -33.82077409  151.29822395 
112 -33.82070509  151.29822395 -33.82066909  151.29821495 
112 -33.82053509  151.29818395 -33.82049909  151.29817495 
112 -33.82045709  151.29811195 -33.82044109  151.29807295 
112 -33.82039509  151.29795895 -33.82037909  151.29791995 
112 -33.82032809  151.29794095 -33.82029909  151.29796795 
112 -33.82013709  151.29812795 -33.82010809  151.29815495 
112 -33.82004109  151.29818395 -33.82000609  151.29819395 
112 -33.81970109  151.29827795 -33.81966609  151.29828795 
112 -33.81960009  151.29826095 -33.81956809  151.29823995 
111 -33.81933909  151.29808995 
112 -33.81892709  151.29782095 -33.81889509  151.29779995 
112 -33.81882809  151.29781195 -33.81879409  151.29782695 
112 -33.81792009  151.29821295 -33.81788609  151.29822795 
112 -33.81781409  151.29824095 -33.81777709  151.29824395 
112 -33.81563009  151.29843995 -33.81559309  151.29844295 
112 -33.81557709  151.29851095 -33.81557809  151.29855495 
112 -33.81565809  151.30067695 -33.81565909  151.30072095 
112 -33.81568709  151.30074295 -33.81570509  151.30074295 
111 -33.81646609  151.30075095 
112 -33.81705809  151.30075595 -33.81707609  151.30075595 
112 -33.81710809  151.30073795 -33.81712309  151.30072595 
111 -33.81819409  151.29988895 
112 -33.81832209  151.29979095 -33.81835309  151.29976695 
112 -33.81842309  151.29976095 -33.81846009  151.29976495 
112 -33.81848309  151.29976895 -33.81852009  151.29977295 
112 -33.81858909  151.29974995 -33.81862309  151.29973295 
111 -33.81884309  151.29962495 
111 -33.81886409  151.29968595 
112 -33.81859709  151.29981795 -33.81856309  151.29983495 
112 -33.81849109  151.29983595 -33.81845409  151.29983095 
112 -33.81843509  151.29982995 -33.81839809  151.29982495 
112 -33.81833209  151.29985495 -33.81830009  151.29987595 
111 -33.81821609  151.29993095 
112 -33.81711609  151.30077195 -33.81710109  151.30078395 
112 -33.81706609  151.30078995 -33.81704809  151.30078995 
112 -33.81650409  151.30078395 -33.81648609  151.30078395 
112 -33.81647209  151.30081595 -33.81646909  151.30083695 
112 -33.81638509  151.30132395 -33.81638209  151.30134495 
112 -33.81639509  151.30138395 -33.81640509  151.30140295 
112 -33.81665909  151.30187895 -33.81666909  151.30189795 
112 -33.81672709  151.30189195 -33.81676209  151.30188195 
112 -33.81792809  151.30156395 -33.81796309  151.30155395 
112 -33.81802909  151.30151795 -33.81806109  151.30149695 
112 -33.82229109  151.29875795 -33.82232309  151.29873695 
112 -33.82235809  151.29866495 -33.82237109  151.29862395 
112 -33.82263109  151.29776095 -33.82264409  151.29771995 
112 -33.82265909  151.29763395 -33.82266509  151.29759095 
112 -33.82268309  151.29747495 -33.82268909  151.29743195 
112 -33.82267809  151.29734595 -33.82266909  151.29730295 
112 -33.82263509  151.29715595 -33.82262609  151.29711295 
112 -33.82259909  151.29703195 -33.82258409  151.29699195 
112 -33.81962409  151.28902595 -33.81960909  151.28898595 
112 -33.81954909  151.28894895 -33.81951409  151.28893795 
112 -33.81772509  151.28838195 -33.81769009  151.28837095 
112 -33.81762409  151.28839695 -33.81759209  151.28841795 
112 -33.81706609  151.28877295 -33.81703409  151.28879395 
112 -33.81700109  151.28886795 -33.81699009  151.28890995 
111 -33.81674109  151.28982095 
111 -33.81668909  151.28980095 
112 -33.81695509  151.28882195 -33.81696609  151.28877995 
112 -33.81702009  151.28872695 -33.81705209  151.28870595 
112 -33.81761609  151.28832695 -33.81764809  151.28830595 
112 -33.81771709  151.28831195 -33.81775209  151.28832295 
112 -33.81958909  151.28889295 -33.81962409  151.28890395 
112 -33.81966409  151.28896995 -33.81967909  151.28900995 
112 -33.82265109  151.29700995 -33.82266609  151.29704995 
112 -33.82268709  151.29713395 -33.82269609  151.29717695 
112 -33.82273409  151.29734195 -33.82274309  151.29738495 
112 -33.82273909  151.29747095 -33.82273309  151.29751395 
112 -33.82271309  151.29765195 -33.82270709  151.29769495 
112 -33.82268509  151.29777895 -33.82267209  151.29781995 
112 -33.82240209  151.29871095 -33.82238909  151.29875195 
112 -33.82233509  151.29880395 -33.82230309  151.29882495 
112 -33.81804909  151.30157995 -33.81801709  151.30160095 
112 -33.81794809  151.30162595 -33.81791309  151.30163595 
112 -33.81674109  151.30195595 -33.81670609  151.30196595 
112 -33.81664409  151.30201095 -33.81661509  151.30203795 
112 -33.81504309  151.30344995 -33.81501409  151.30347695 
112 -33.81494509  151.30348095 -33.81490909  151.30347495 
112 -33.81283609  151.30313195 -33.81280009  151.30312595 
112 -33.81273409  151.30309195 -33.81270209  151.30307095 
111 -33.81071909  151.30179795 
111 -33.81074509  151.30173895 
112 -33.81275209  151.30302795 -33.81278409  151.30304895 
112 -33.81285409  151.30306795 -33.81289009  151.30307395 
112 -33.81493109  151.30341095 -33.81496709  151.30341695 
112 -33.81502909  151.30337995 -33.81505809  151.30335295 
112 -33.81660609  151.30196195 -33.81663509  151.30193495 
112 -33.81663509  151.30189395 -33.81662509  151.30187495 
114 -33.81636509  151.30138995 -33.81635509  151.30137095 
112 -33.82083309  151.29758195 -33.82080009  151.29756495 
112 -33.82073909  151.29751595 -33.82071009  151.29748895 
112 -33.82068509  151.29746495 -33.82065609  151.29743795 
112 -33.82060009  151.29746895 -33.82057309  151.29749795 
112 -33.82050509  151.29757295 -33.82047809  151.29760195 
112 -33.82044909  151.29767995 -33.82043909  151.29772195 
112 -33.82042409  151.29778195 -33.82041409  151.29782395 
112 -33.82043309  151.29790395 -33.82044909  151.29794295 
112 -33.82049509  151.29805395 -33.82051109  151.29809295 
112 -33.82057309  151.29812595 -33.82060909  151.29813495 
112 -33.82069309  151.29815395 -33.82072909  151.29816295 
112 -33.82079109  151.29812795 -33.82082009  151.29810195 
112 -33.82088709  151.29804395 -33.82091609  151.29801795 
112 -33.82093309  151.29793895 -33.82093409  151.29789495 
112 -33.82094009  151.29770295 -33.82094109  151.29765895 
114 -33.82089209  151.29761095 -33.82085909  151.29759395 
112 -33.81879909  151.29775495 -33.81883309  151.29773995 
112 -33.81883909  151.29766695 -33.81883209  151.29762395 
112 -33.81874709  151.29710395 -33.81874009  151.29706095 
112 -33.81870009  151.29708895 -33.81867609  151.29712195 
112 -33.81798909  151.29807795 -33.81796509  151.29811095 
114 -33.81800409  151.29810495 -33.81803809  151.29808995 
110   4 0.00   0.00 Taxiway
112 -33.81846409  151.29495395 -33.81846509  151.29493195 
112 -33.81848709  151.29374495 -33.81848809  151.29372295 
112 -33.81847009  151.29368695 -33.81845809  151.29366995 
112 -33.81775609  151.29273495 -33.81774409  151.29271795 
112 -33.81774509  151.29274195 -33.81775009  151.29276295 
112 -33.81800409  151.29395195 -33.81800909  151.29397295 
112 -33.81800009  151.29401395 -33.81799309  151.29403395 
112 -33.81755109  151.29526395 -33.81754409  151.29528395 
112 -33.81753109  151.29534195 -33.81752509  151.29537395 
112 -33.81737909  151.29621095 -33.81737309  151.29624295 
112 -33.81742509  151.29625995 -33.81746209  151.29626095 
111 -33.81742509  151.29625995 
111 -33.81734209  151.29632395 
111 -33.81727309  151.29625695 
112 -33.81727309  151.29625695 -33.81731009  151.29625795 
112 -33.81733709  151.29620995 -33.81734309  151.29617795 
112 -33.81747709  151.29540795 -33.81748309  151.29537595 
112 -33.81749709  151.29532995 -33.81750409  151.29530995 
112 -33.81797209  151.29401195 -33.81797909  151.29399195 
112 -33.81797609  151.29394995 -33.81797109  151.29392895 
112 -33.81771109  151.29271295 -33.81770609  151.29269195 
112 -33.81768209  151.29263895 -33.81766709  151.29261095 
111 -33.81685909  151.29108495 
111 -33.81689309  151.29105895 
112 -33.81772809  151.29263395 -33.81774309  151.29266195 
112 -33.81776809  151.29270095 -33.81778009  151.29271795 
112 -33.81849809  151.29367495 -33.81851009  151.29369195 
112 -33.81851509  151.29373295 -33.81851409  151.29375495 
112 -33.81849209  151.29494395 -33.81849109  151.29496595 
112 -33.81850709  151.29500395 -33.81851809  151.29502195 
112 -33.81905009  151.29589795 -33.81906109  151.29591595 
112 -33.81912809  151.29585995 -33.81916909  151.29581695 
111 -33.81912809  151.29585995 
111 -33.81910709  151.29601295 
111 -33.81898309  151.29601195 
112 -33.81898309  151.29601195 -33.81902409  151.29596895 
112 -33.81902909  151.29591995 -33.81901809  151.29590195 
114 -33.81847909  151.29501395 -33.81846809  151.29499595 
110   4 0.00   0.00 Taxiway
112 -33.81936909  151.29667395 -33.81940109  151.29669495 
111 -33.81953609  151.29678495 
111 -33.81951009  151.29684295 
112 -33.81932709  151.29672195 -33.81929509  151.29670095 
112 -33.81925509  151.29663095 -33.81923909  151.29659195 
111 -33.81917509  151.29643795 
111 -33.81922409  151.29640895 
114 -33.81929609  151.29658295 -33.81931309  151.29662195 
110   4 0.00   0.00 Taxiway
112 -33.81101509  151.29582395 -33.81099909  151.29588695 
111 -33.81097509  151.29597695 
111 -33.81095109  151.29607095 
111 -33.81089509  151.29595095 
111 -33.81092009  151.29585695 
112 -33.81092709  151.29582595 -33.81094409  151.29576295 
112 -33.81081009  151.29573495 -33.81071509  151.29573695 
111 -33.81081009  151.29573495 
111 -33.81103709  151.29539995 
111 -33.81131309  151.29572395 
114 -33.81131309  151.29572395 -33.81113009  151.29572795 
110   4 0.00   0.00 Taxiway
112 -33.81486709  151.29411095 -33.81487409  151.29413095 
112 -33.81504209  151.29460995 -33.81504909  151.29462995 
112 -33.81507809  151.29462595 -33.81509509  151.29461695 
112 -33.81583909  151.29420195 -33.81585609  151.29419295 
112 -33.81587809  151.29415995 -33.81588709  151.29414095 
112 -33.81606109  151.29380395 -33.81607009  151.29378495 
112 -33.81606609  151.29374495 -33.81606009  151.29372395 
112 -33.81572709  151.29252795 -33.81572109  151.29250695 
112 -33.81569109  151.29249295 -33.81567309  151.29248995 
112 -33.81503809  151.29239695 -33.81502009  151.29239395 
112 -33.81498609  151.29237995 -33.81496909  151.29237095 
112 -33.81460309  151.29217895 -33.81458609  151.29216995 
112 -33.81453109  151.29219995 -33.81450009  151.29222295 
111 -33.81288409  151.29338395 
111 -33.81285509  151.29332795 
111 -33.81454809  151.29211095 
112 -33.81623109  151.29090295 -33.81626209  151.29087995 
112 -33.81631809  151.29087795 -33.81634509  151.29088395 
111 -33.81686009  151.29099195 
111 -33.81685309  151.29104095 
112 -33.81634609  151.29093395 -33.81631909  151.29092795 
112 -33.81625909  151.29095895 -33.81622809  151.29098195 
112 -33.81465409  151.29211095 -33.81462309  151.29213395 
112 -33.81463209  151.29215795 -33.81464909  151.29216695 
112 -33.81499409  151.29234795 -33.81501109  151.29235695 
112 -33.81504609  151.29236495 -33.81506409  151.29236795 
112 -33.81571109  151.29246295 -33.81572909  151.29246595 
112 -33.81574709  151.29249795 -33.81575309  151.29251895 
112 -33.81609609  151.29374895 -33.81610209  151.29376995 
112 -33.81609109  151.29380795 -33.81608209  151.29382695 
112 -33.81589809  151.29418595 -33.81588909  151.29420495 
112 -33.81585909  151.29422795 -33.81584209  151.29423695 
112 -33.81508209  151.29465995 -33.81506509  151.29466895 
112 -33.81504909  151.29470595 -33.81504409  151.29472695 
112 -33.81476409  151.29591495 -33.81475909  151.29593595 
112 -33.81480909  151.29596295 -33.81484409  151.29597395 
111 -33.81480909  151.29596295 
111 -33.81472809  151.29600695 
111 -33.81467609  151.29592295 
112 -33.81467609  151.29592295 -33.81471109  151.29593395 
112 -33.81473709  151.29590695 -33.81474209  151.29588595 
112 -33.81502309  151.29469495 -33.81502809  151.29467395 
112 -33.81502009  151.29463295 -33.81501309  151.29461295 
112 -33.81484709  151.29413895 -33.81484009  151.29411895 
112 -33.81481009  151.29409995 -33.81479309  151.29409395 
112 -33.81437409  151.29395395 -33.81435709  151.29394795 
112 -33.81432109  151.29394795 -33.81430309  151.29394995 
112 -33.81414309  151.29396495 -33.81412509  151.29396695 
112 -33.81409409  151.29398795 -33.81407909  151.29400095 
111 -33.81388009  151.29418995 
111 -33.81386309  151.29416395 
112 -33.81408409  151.29395595 -33.81409909  151.29394295 
112 -33.81413309  151.29393295 -33.81415109  151.29393095 
112 -33.81432309  151.29391395 -33.81434109  151.29391195 
112 -33.81437609  151.29391995 -33.81439309  151.29392595 
114 -33.81483009  151.29407195 -33.81484709  151.29407795 
110   4 0.00   0.00 Closed taxiway
112 -33.83728509  151.27865495 -33.83727409  151.27865795 
111 -33.83698609  151.27874795 
111 -33.83698209  151.27872895 
112 -33.83728509  151.27863495 -33.83729609  151.27863195 
112 -33.83731709  151.27863595 -33.83732809  151.27863995 
112 -33.83753309  151.27872195 -33.83754409  151.27872595 
112 -33.83755809  151.27875895 -33.83756409  151.27877995 
112 -33.83758909  151.27886195 -33.83759509  151.27888295 
112 -33.83762409  151.27890295 -33.83764109  151.27890995 
111 -33.83762409  151.27890295 
111 -33.83760209  151.27892895 
112 -33.83760209  151.27892895 -33.83758509  151.27892195 
112 -33.83756709  151.27888795 -33.83756109  151.27886695 
112 -33.83753209  151.27876895 -33.83752609  151.27874795 
112 -33.83750709  151.27873195 -33.83749609  151.27872795 
114 -33.83731709  151.27865595 -33.83730609  151.27865195 
110   4 0.00   0.00 Closed taxiway
112 -33.83606709  151.27810095 -33.83605709  151.27810595 
111 -33.83584009  151.27820995 
111 -33.83549509  151.27842395 
111 -33.83548809  151.27840695 
111 -33.83583409  151.27819195 
112 -33.83606509  151.27808095 -33.83607509  151.27807595 
112 -33.83609609  151.27807495 -33.83610709  151.27807595 
111 -33.83647109  151.27809095 
112 -33.83683009  151.27808295 -33.83684109  151.27808295 
112 -33.83686209  151.27807895 -33.83687309  151.27807595 
112 -33.83704809  151.27803495 -33.83705909  151.27803195 
112 -33.83708009  151.27803395 -33.83709109  151.27803595 
112 -33.83732809  151.27807495 -33.83733909  151.27807695 
112 -33.83736009  151.27807495 -33.83737109  151.27807295 
112 -33.83746409  151.27805995 -33.83747509  151.27805795 
112 -33.83750309  151.27803895 -33.83751809  151.27802695 
112 -33.83755609  151.27799595 -33.83757109  151.27798395 
112 -33.83759809  151.27795395 -33.83761109  151.27793795 
112 -33.83771309  151.27780595 -33.83772609  151.27778995 
112 -33.83778309  151.27775695 -33.83781709  151.27773995 
111 -33.83778309  151.27775695 
111 -33.83775309  151.27784295 
112 -33.83775309  151.27784295 -33.83771909  151.27785995 
112 -33.83768309  151.27789195 -33.83767009  151.27790795 
112 -33.83761609  151.27797995 -33.83760309  151.27799595 
112 -33.83757409  151.27802195 -33.83755909  151.27803395 
112 -33.83753309  151.27805495 -33.83751809  151.27806695 
112 -33.83749409  151.27807495 -33.83748309  151.27807595 
112 -33.83736009  151.27809595 -33.83734909  151.27809695 
112 -33.83732809  151.27809495 -33.83731709  151.27809295 
112 -33.83708009  151.27805395 -33.83706909  151.27805195 
112 -33.83704809  151.27805495 -33.83703709  151.27805795 
112 -33.83686409  151.27809895 -33.83685309  151.27810195 
112 -33.83683209  151.27810295 -33.83682109  151.27810295 
111 -33.83647109  151.27811095 
114 -33.83609809  151.27809495 -33.83608709  151.27809395 
110   4 0.00   0.00 Closed taxiway
112 -33.84163809  151.28065395 -33.84165209  151.28068295 
112 -33.84167209  151.28070195 -33.84168109  151.28070495 
111 -33.84167209  151.28070195 
111 -33.84160809  151.28070195 
112 -33.84160809  151.28070195 -33.84159909  151.28069895 
112 -33.84158209  151.28066995 -33.84157309  151.28065095 
111 -33.84156809  151.28064295 
113 -33.84161609  151.28060895 
110  12 0.00   0.00 Closed taxiway
112 -33.83762409  151.27890295 -33.83764109  151.27890995 
112 -33.83795409  151.27902695 -33.83797109  151.27903395 
112 -33.83802109  151.27903995 -33.83804809  151.27904195 
111 -33.83802109  151.27903995 
111 -33.83807109  151.27909395 
112 -33.83807109  151.27909395 -33.83804409  151.27909195 
112 -33.83800409  151.27908095 -33.83798709  151.27907395 
112 -33.83760209  151.27892895 -33.83758509  151.27892195 
112 -33.83756709  151.27888795 -33.83756109  151.27886695 
111 -33.83756709  151.27888795 
111 -33.83758909  151.27886195 
114 -33.83758909  151.27886195 -33.83759509  151.27888295 
110  12 0.00   0.00 Closed taxiway
112 -33.83778309  151.27775695 -33.83781709  151.27773995 
112 -33.83788009  151.27770895 -33.83791409  151.27769195 
112 -33.83798609  151.27768595 -33.83802309  151.27768695 
111 -33.83833709  151.27770095 
111 -33.83833509  151.27776695 
112 -33.83799609  151.27775195 -33.83795909  151.27775095 
112 -33.83789009  151.27777495 -33.83785609  151.27779195 
112 -33.83775309  151.27784295 -33.83771909  151.27785995 
112 -33.83768309  151.27789195 -33.83767009  151.27790795 
111 -33.83768309  151.27789195 
111 -33.83771309  151.27780595 
114 -33.83771309  151.27780595 -33.83772609  151.27778995 
110   1 0.00   0.00 Apron
111 -33.81969609  151.29533395 
111 -33.81995309  151.29570195 
111 -33.81889909  151.29676295 
113 -33.81869109  151.29645295 
110   1 0.00   0.00 Apron
111 -33.81175909  151.29617995 
111 -33.81174009  151.29691395 
111 -33.81022409  151.29698895 
113 -33.81021709  151.29618795 
110   1 0.00   0.00 Apron
111 -33.81225109  151.29474395 
111 -33.81269309  151.29446195 
111 -33.81279709  151.29469795 
111 -33.81243109  151.29497095 
111 -33.81238909  151.29619195 
111 -33.81046409  151.29619995 
111 -33.81033609  151.29618195 
111 -33.81034709  151.29540895 
111 -33.81200409  151.29537795 
113 -33.81200409  151.29480395 
110   1 0.00   0.00 Apron
111 -33.81363109  151.29565895 
111 -33.81487209  151.29601695 
111 -33.81471009  151.29652095 
113 -33.81348009  151.29616395 
110   1 0.00   0.00 Apron
111 -33.81233109  151.29824195 
111 -33.81220609  151.29751895 
111 -33.81289209  151.29721895 
113 -33.81303709  151.29794295 
110   1 0.00   0.00 Apron
111 -33.81827409  151.29804395 
111 -33.81851709  151.29795195 
111 -33.81863809  151.29815095 
111 -33.81861609  151.29846895 
111 -33.81830709  151.29846895 
113 -33.81825209  151.29830995 
110   1 0.00   0.00 Apron
111 -33.81949909  151.29679795 
111 -33.81965309  151.29666595 
111 -33.81984109  151.29681195 
111 -33.81971909  151.29707695 
113 -33.81949909  151.29700995 
110   4 0.00   0.00 Apron
111 -33.81058609  151.29697295 
111 -33.81170709  151.29691295 
111 -33.81170509  151.29769795 
111 -33.81165009  151.29775595 
111 -33.81064209  151.29770795 
113 -33.81059609  151.29765995 
110   1 0.00   0.00 Apron
111 -33.83836509  151.27768995 
111 -33.83904009  151.27768395 
111 -33.83951009  151.27772095 
111 -33.83953109  151.27828095 
111 -33.83949209  151.27899095 
113 -33.83837809  151.27895995 
110  12 0.00   0.00 Apron
111 -33.83837109  151.27769395 
111 -33.83838409  151.27904995 
111 -33.83799109  151.27906395 
111 -33.83794909  151.27903595 
111 -33.83793609  151.27895895 
111 -33.83791409  151.27774795 
111 -33.83792309  151.27771895 
113 -33.83795309  151.27770295 
110   1 0.00   0.00 Apron
111 -33.83990309  151.27801295 
111 -33.84045409  151.27799995 
111 -33.84043209  151.27895395 
113 -33.83989209  151.27895395 
110   1 0.00   0.00 Apron
111 -33.83861209  151.27924495 
111 -33.83968009  151.27923795 
111 -33.83966009  151.27960695 
111 -33.83915609  151.27960795 
113 -33.83860809  151.27962095 
120 Centreline for Taxi
111 -33.80884809  151.29410095  51 
112 -33.81051509  151.29403295 -33.81057009  151.29403095  51 
112 -33.81067609  151.29400395 -33.81072909  151.29398695  51 
112 -33.81174209  151.29365595 -33.81179509  151.29363895  51 
112 -33.81186009  151.29354295 -33.81188609  151.29348495  51 
115 -33.81202209  151.29317795 
120 Centreline for Taxi
111 -33.81275909  151.29782295  51 
112 -33.81719009  151.29772595 -33.81724509  151.29772495  51 
112 -33.81733709  151.29766295 -33.81738009  151.29762295  51 
112 -33.81856809  151.29650595 -33.81861109  151.29646495  51 
112 -33.81857909  151.29643095 -33.81854409  151.29642095  51 
112 -33.81818209  151.29632395 -33.81814609  151.29631495  51 
112 -33.81807309  151.29630895 -33.81803709  151.29630795  51 
112 -33.81739809  151.29629195 -33.81736109  151.29629095  51 
112 -33.81728809  151.29628995 -33.81725209  151.29628895  51 
112 -33.81573009  151.29625395 -33.81569309  151.29625295  51 
112 -33.81562209  151.29623695 -33.81558609  151.29622695  51 
112 -33.81478809  151.29599095 -33.81475309  151.29597995  51 
112 -33.81468209  151.29595895 -33.81464609  151.29594895  51 
112 -33.81287909  151.29542495 -33.81284409  151.29541395  51 
112 -33.81277109  151.29540895 -33.81273509  151.29540895  51 
115 -33.81200909  151.29540695 
120 Centreline for Taxi
112 -33.81174209  151.29365595 -33.81179509  151.29363895  51 
112 -33.81189209  151.29357895 -33.81193909  151.29354495  51 
112 -33.81654309  151.29023495 -33.81659009  151.29020095  51 
112 -33.81669609  151.29017995 -33.81675109  151.29017695  51 
112 -33.81733709  151.29014895 -33.81739209  151.29014595  51 
112 -33.81748209  151.29020795 -33.81752409  151.29024995  51 
112 -33.81790109  151.29062595 -33.81794309  151.29066795  51 
112 -33.81800409  151.29077495 -33.81803109  151.29083295  51 
112 -33.81984809  151.29476995 -33.81987509  151.29482695  51 
112 -33.81987909  151.29495395 -33.81987309  151.29501995  51 
112 -33.81986909  151.29506695 -33.81986309  151.29513195  51 
112 -33.81979709  151.29522795 -33.81975509  151.29527095  51 
112 -33.81979509  151.29523095 -33.81975309  151.29527295  51 
112 -33.81967009  151.29535895 -33.81962909  151.29540195  51 
112 -33.81914209  151.29591095 -33.81910109  151.29595395  51 
112 -33.81901809  151.29604095 -33.81897709  151.29608395  51 
112 -33.81869509  151.29637995 -33.81865409  151.29642295  51 
116 -33.81856809  151.29650595 -33.81852509  151.29654595 
120 Centreline for Taxi
112 -33.81186009  151.29354295 -33.81183409  151.29360095  51 
116 -33.81189209  151.29357895 -33.81193909  151.29354495 
120 Centreline for Taxi
112 -33.81654309  151.29023495 -33.81659009  151.29020095  51 
116 -33.81663109  151.29012095 -33.81664209  151.29007895 
120 Centreline for Taxi
112 -33.81669609  151.29017995 -33.81664109  151.29018295  51 
116 -33.81663109  151.29012095 -33.81664209  151.29007895 
120 Centreline for Taxi
112 -33.81979509  151.29523095 -33.81975309  151.29527295  51 
116 -33.81976709  151.29534495 -33.81979109  151.29537795 
120 Centreline for Taxi
112 -33.81976709  151.29534495 -33.81974409  151.29531095  51 
116 -33.81967009  151.29535895 -33.81962909  151.29540195 
120 Centreline for Taxi
112 -33.81857909  151.29643095 -33.81861509  151.29643995  51 
116 -33.81869509  151.29637995 -33.81873609  151.29633695 
120 Centreline for Taxi
112 -33.81739809  151.29629195 -33.81736109  151.29629095  51 
116 -33.81735209  151.29624295 -33.81735709  151.29620995 
120 Centreline for Taxi
112 -33.81728809  151.29628995 -33.81732509  151.29629095  51 
116 -33.81735209  151.29624295 -33.81735709  151.29620995 
120 Centreline for Taxi
112 -33.81901809  151.29604095 -33.81905909  151.29599795  51 
116 -33.81906409  151.29594895 -33.81905309  151.29593195 
120 Centreline for Taxi
112 -33.81914209  151.29591095 -33.81910109  151.29595395  51 
116 -33.81906409  151.29594895 -33.81905309  151.29593195 
120 Centreline for Taxi
112 -33.81468209  151.29595895 -33.81471709  151.29596995  51 
116 -33.81474309  151.29594295 -33.81474809  151.29592195 
120 Centreline for Taxi
112 -33.81478809  151.29599095 -33.81475309  151.29597995  51 
116 -33.81474309  151.29594295 -33.81474809  151.29592195 
14  -33.81060609  151.29512495   54 0 North Head Army Heliport Tower
15  -33.81075109  151.29606095 192.55 GA Ramp 2
18  -33.83918102  151.27831055 3 BCN
19  -33.83763422  151.27780079 1 WS