17     316 0 0 YVFL [H] VFL PARK
102 H7  -37.92535971  145.18844132   0.00   17.98   17.98   3 0   0 0.25 1
110   3 0.25   0.00 New Taxiway 8
111 -37.92504603  145.18815153 
112 -37.92497959  145.18829051 -37.92495302  145.18834525 
111 -37.92489654  145.18850107 
111 -37.92469722  145.18839579 
111 -37.92474373  145.18823997 
111 -37.92480020  145.18825682 
113 -37.92492644  145.18801677 
110   3 0.25   0.00 New Taxiway 7
111 -37.92527525  145.18754932 
111 -37.92536162  145.18780621 
112 -37.92519220  145.18796203 -37.92513240  145.18802941 
111 -37.92511911  145.18805046 
111 -37.92499952  145.18790307 
111 -37.92516230  145.18772619 
113 -37.92513572  145.18762933 
110   3 0.25   0.00 New Taxiway 6
112 -37.92616708  145.18800972 -37.92621572  145.18808988 
112 -37.92628381  145.18862629 -37.92628867  145.18903323 
112 -37.92595308  145.18947100 -37.92586553  145.18958814 
112 -37.92535971  145.18971762 -37.92504843  145.18971146 
112 -37.92492198  145.18890375 -37.92490739  145.18852764 
112 -37.92525757  145.18802205 -37.92545698  145.18771377 
114 -37.92595308  145.18781859 -37.92606495  145.18784941 
15  -37.92535971  145.18844749   0.00 New Ramp Start 8
18  -37.92535971  145.18772498 3 BCN
19  -37.92511832  145.18874733 1 WS