1      413 1 1 MUCM IGNACIO AGRAMONTE INTL
100   45.11   1   0 0.25 0 3 0 07   21.41546400 -077.86090000    0.00   59.44 2  1 0 0 25   21.42538900 -077.83397500    0.00   59.44 2  0 0 0
21   21.41649956 -077.85926112  2  68.39   3.00 07  PAPI-4L
21   21.42435371 -077.83561419  2 248.40   3.00 25  PAPI-4L
10   21.41498570 -077.85356140 xxx 153.40   200 0.0 0.0   100 161161  1 0 0 0.25 0
10   21.41440010 -077.85738370 xxx  68.40  2200 0.0 0.0   100 161161  1 0 0 0.25 0
10   21.41585730 -077.86147310 xxx 170.00   141 0.0 0.0   100 161161  1 0 0 0.25 0
10   21.42573170 -077.83442690 xxx  76.00   141 0.0 0.0   100 161161  1 0 0 0.25 0
10   21.42536350 -077.83473210 xxx   0.00   141 0.0 0.0   100 161161  1 0 0 0.25 0
10   21.41623690 -077.86151120 xxx   1.00   151 0.0 0.0   100 161161  1 0 0 0.25 0
10   21.42561150 -077.83391570 xxx 140.00   151 0.0 0.0   100 161161  1 0 0 0.25 0
10   21.42575070 -077.83415990 xxx 105.00   151 0.0 0.0   100 161161  1 0 0 0.25 0
10   21.41682430 -077.86127470 xxx  40.00   151 0.0 0.0   100 161161  1 0 0 0.25 0
10   21.42558670 -077.83465580 xxx  40.00   151 0.0 0.0   100 161161  1 0 0 0.25 0
10   21.42416380 -077.83806610 xxx  68.40   151 0.0 0.0   100 161161  1 0 0 0.25 0
10   21.42257310 -077.84573360 xxx  22.00   100 0.0 0.0   130 161161  1 0 0 0.25 0
10   21.41567800 -077.85545350 xxx  81.40   200 0.0 0.0   100 161161  1 0 0 0.25 0
10   21.41655160 -077.86145780 xxx  20.00   121 0.0 0.0   100 161161  1 0 0 0.25 0
10   21.42548940 -077.83435820 xxx  70.00   301 0.0 0.0   100 161161  1 0 0 0.25 0
10   21.41497800 -077.85465240 xxx 173.00   380 0.0 0.0   100 161161  1 0 0 0.25 0
10   21.42196850 -077.84530640 xxx 158.40   550 0.0 0.0   100 161161  1 0 0 0.25 0
10   21.42003440 -077.85060120 xxx 158.40   570 0.0 0.0   100 161161  1 0 0 0.25 0
10   21.41905020 -077.85340880 xxx  10.00   730 0.0 0.0   100 161161  1 0 0 0.25 0
10   21.42174910 -077.84744260 xxx 158.40   890 0.0 0.0   100 161161  1 0 0 0.25 0
10   21.41469000 -077.85967250 xxx 121.00  1000 0.0 0.0   100 161161  1 0 0 0.25 0
10   21.41442110 -077.86089320 xxx 158.40  1000 0.0 0.0   100 161161  1 0 0 0.25 0
10   21.41578290 -077.85543820 xxx 173.00  1140 0.0 0.0   100 161161  1 0 0 0.25 0
10   21.41707040 -077.86097720 xxx  56.00   151 0.0 0.0   100 161161  1 0 0 0.25 0
10   21.41528890 -077.85375980 xxx 140.00   130 0.0 0.0   100 161161  1 0 0 0.25 0
10   21.41999630 -077.85317230 xxx  68.40  5600 0.0 0.0   100 161161  1 0 0 0.25 0
10   21.41544530 -077.85396580 xxx 116.00   111 0.0 0.0   100 161161  1 0 0 0.25 0
10   21.41549490 -077.85426330 xxx  93.40   120 0.0 0.0   100 161161  1 0 0 0.25 0
10   21.42086600 -077.85270690 xxx  68.40  1000 0.0 0.0   440 101101  1 0 0 0.25 0
14   21.41978840 -077.85596470    0 0 ATC Tower
15   21.42105480 -077.85280610 338.00 Ramp
18   21.42174848 -077.84800077 1 BCN
19   21.41588066 -077.86154629 1 WS
19   21.42497223 -077.83332874 1 WS
54 11850 AGRAMONTE TWR
54 12690 CAMAGUEY RDO
55 12130 CAMAGUEY APP
1       13 0 1 MUSL SANTA LUCIA
100   29.87   1   0 0.25 0 0 0 07   21.50687800 -077.02861700    0.00   59.44 2  0 0 0 25   21.51202500 -077.01213100    0.00   64.01 2  0 0 0
110   1 0.30  71.45 Default taxiway for RWY 07
111  21.50675271 -077.02857180   3 
111  21.50611348 -077.02834120   3 
111  21.51126129 -077.01185577   3 
111  21.51190052 -077.01208638 
112  21.51181499 -077.01236030  21.51185562 -077.01222257   3 
111  21.51170271 -077.01216741   3 
112  21.51149884 -077.01209386  21.51134594 -077.01203870   3 
111  21.51130318 -077.01217566   3 
111  21.50883619 -077.02007597   3 
111  21.50934800 -077.02026061 
111  21.50930523 -077.02039757   3 
111  21.50879342 -077.02021293   3 
112  21.50632643 -077.02811325  21.50628367 -077.02825020   3 
111  21.50643657 -077.02830536   3 
112  21.50664044 -077.02837891  21.50679335 -077.02843407   3 
113  21.50683824 -077.02829789 
120 Default hold RWY 07 (near)
111  21.50649574 -077.02847910   4 
115  21.50653851 -077.02834214 
120 Default hold RWY 07 (centre)
111  21.50904826 -077.02030487   4 
115  21.50909103 -077.02016791 
120 Default hold RWY 07 (far)
111  21.51160078 -077.01213063   4 
115  21.51164355 -077.01199367 
19   21.50717473 -077.02902881 1 WS
19   21.51172823 -077.01171921 1 WS
54 12970 INFO