1        3 0 0 PFKT Brevig Mission
100    7.62   5   0 0.25 0 0 0 10   65.33318680 -166.48172607    0.00    0.00 1  0 0 0 28   65.33194152 -166.47587005    0.00    0.00 1  0 0 0
100   22.86   5   0 0.00 0 2 0 04   65.33032600 -166.47331400    0.00    0.00 1  0 0 0 22   65.33366200 -166.46204900    0.00    0.00 1  0 0 0
100   29.87   5   0 0.00 0 2 0 11   65.33345700 -166.47186300    0.00    0.00 1  0 0 0 29   65.32823900 -166.45681000    0.00    0.00 1  0 0 0
110   4 0.00  54.60 SockPad
111  65.33081831 -166.47144013 
111  65.33071068 -166.47122080 
111  65.33067936 -166.47127891 
111  65.33064078 -166.47120549 
111  65.33065636 -166.47106062 
111  65.33059818 -166.47094450 
111  65.33060318 -166.47093050 
111  65.33066201 -166.47104404 
111  65.33070248 -166.47097737 
111  65.33074339 -166.47105463 
111  65.33073182 -166.47115308 
113  65.33084323 -166.47136194 
110   4 0.00  54.60 RampPad
111  65.33090215 -166.47136849 
111  65.33119206 -166.47184568 
111  65.33130050 -166.47148513 
111  65.33155500 -166.47191990 
111  65.33128401 -166.47281181 
111  65.33103099 -166.47239372 
111  65.33112210 -166.47208103 
113  65.33083575 -166.47159118 
110   4 1.00  54.60 BCNpad
111  65.33351623 -166.46254644 
111  65.33382533 -166.46306258 
111  65.33381729 -166.46308823 
113  65.33350748 -166.46257039 
130 Airport Boundary 1
111  65.33017970 -166.47321463 
111  65.33065240 -166.47160896 
111  65.33046896 -166.47122022 
111  65.33058890 -166.47071317 
111  65.33082173 -166.47106810 
111  65.33180241 -166.46773846 
111  65.32807018 -166.45703965 
111  65.32838061 -166.45641428 
111  65.33202112 -166.46702858 
111  65.33361561 -166.46131579 
111  65.33414476 -166.46212708 
111  65.33386255 -166.46349612 
111  65.33362267 -166.46298907 
111  65.33225395 -166.46760324 
111  65.33364383 -166.47164276 
111  65.33334751 -166.47226813 
111  65.33201407 -166.46839763 
111  65.33119566 -166.47118642 
111  65.33161192 -166.47181178 
111  65.33160486 -166.47194700 
111  65.33128738 -166.47297800 
111  65.33087111 -166.47233574 
113  65.33045485 -166.47363717 
14   65.33139721 -166.47226695   15 0 HangarView
15   65.33128472 -166.47263440 144.66 Parking
15   65.33134094 -166.47223035 208.74 Ramp
18   65.33381589 -166.46306437 1 BCN
19   65.33397692 -166.46223867 1 WS
19   65.33069288 -166.47122475 1 WS
51 12300 CTAF
1       10 0 0 PAPC PORT CLARENCE CGS
100   36.88   1   0 0.00 0 2 0 17   65.25983300 -166.85841100    0.00  975.06 2  0 0 0 35   65.24755800 -166.85825000    0.00    0.00 2  0 0 1
21   65.24935599 -166.85907509  1 359.69   3.00 35  VASI
110   1 0.00 179.69 Default taxiway for RWY 17
111  65.25983211 -166.85879887   3 102 
111  65.25982758 -166.86077050   3 102 
111  65.24755258 -166.86060833   3 102 
111  65.24755711 -166.85863762 
112  65.24788626 -166.85864194  65.24772168 -166.85864515   3 102 
111  65.24772059 -166.85911683   3 102 
112  65.24771915 -166.85974574  65.24771806 -166.86021742   3 102 
111  65.24788263 -166.86021960   3 102 
111  65.25360869 -166.86029516   3 102 
111  65.25361232 -166.85871716 
111  65.25377690 -166.85871932   3 102 
111  65.25377327 -166.86029734   3 102 
112  65.25949933 -166.86037290  65.25966390 -166.86037507   3 102 
111  65.25966499 -166.85990318   3 102 
112  65.25966643 -166.85927398  65.25966752 -166.85880209   3 102 
113  65.25950296 -166.85879455 
120 Default hold RWY 17 (near)
111  65.25983029 -166.85959075   4 
115  65.25966571 -166.85958858 
120 Default hold RWY 17 (centre)
111  65.25377508 -166.85951102   4 
115  65.25361050 -166.85950885 
120 Default hold RWY 17 (far)
111  65.24771987 -166.85943129   4 
115  65.24755529 -166.85942913 
18   65.25370338 -166.85557837 1 BCN
19   65.26016486 -166.85723556 1 WS
19   65.24722614 -166.85942486 1 WS
51 12185 CTAF/UNICOM
51 12280 CTAF/UNICOM
1      294 0 0 PATE Teller
100   17.98   5   0 0.00 0 2 0 07   65.24030768 -166.34916264    0.00   73.15 0  0 0 0 25   65.24045032 -166.32951731    0.00   73.15 0  0 0 0
110   5 0.00  89.00 Ramp
111  65.24045909 -166.32957905 
112  65.24053336 -166.32984522  65.24057073 -166.32995428 
112  65.24077515 -166.32986467  65.24080284 -166.32972917 
112  65.24079527 -166.32952442  65.24081049 -166.32948476 
111  65.24079527 -166.32952442 
112  65.24079527 -166.32952442  65.24080288 -166.32950459 
111  65.24109398 -166.32952793 
112  65.24113167 -166.32954872  65.24113721 -166.32957020 
111  65.24113167 -166.32954872 
112  65.24113167 -166.32954872  65.24113444 -166.32955946 
112  65.24113874 -166.32997868  65.24113958 -166.33010178 
112  65.24131830 -166.33021285  65.24131735 -166.33037382 
111  65.24131830 -166.33021285 
112  65.24131830 -166.33021285  65.24131735 -166.33037382 
112  65.24132308 -166.33074854  65.24128484 -166.33085668 
111  65.24112124 -166.33088442 
112  65.24079266 -166.33086284  65.24077743 -166.33081657 
112  65.24077328 -166.33028715  65.24073452 -166.33021445 
112  65.24053035 -166.33026926  65.24049436 -166.33040145 
113  65.24045331 -166.33050393 
110   5 1.00 350.00 Road
111  65.23618437 -166.31401527 
111  65.24338416 -166.30376394 
111  65.24344241 -166.30403777 
111  65.24091971 -166.30767436 
111  65.24114065 -166.31430596 
111  65.24113167 -166.32954872 
111  65.24109398 -166.32952793 
111  65.24109112 -166.31432347 
111  65.24087607 -166.30771651 
113  65.23622904 -166.31427893 
130 Airport Boundary 1
111  65.24013287 -166.32748279 
111  65.24095218 -166.32748279 
111  65.24083080 -166.31444701 
111  65.24064873 -166.30872575 
111  65.23621840 -166.31509880 
111  65.23591495 -166.31357796 
111  65.24339172 -166.30325022 
111  65.24362719 -166.30428417 
111  65.24122528 -166.30800154 
111  65.24146804 -166.31444701 
111  65.24168045 -166.33139352 
111  65.24080045 -166.33146594 
111  65.24067908 -166.35130929 
113  65.24004184 -166.35116445 
14   65.24119756 -166.33043122   15 0 Terminal View
15   65.24096627 -166.33038555  67.21 Loading
15   65.23627333 -166.31407208  30.31 Old Strip 02
15   65.24339722 -166.30393304 215.00 Old Strip 20
18   65.24088743 -166.32932102 1 Beacon
19   65.24066139 -166.32961403 1 Sock
50 11837 AWOS-3
51 12300 CTAF
55 13330 ANCHORAGE CNTR