1        7 1 0 BIKR Saudarkrokur
100   29.87   1   0 0.00 0 2 0 01   65.72326881 -019.56961118    0.00    0.00 2  0 0 0 19   65.74004000 -019.57608100    0.00    0.00 2  0 0 0
21   65.72604304 -019.57204712  2 351.00   3.00 01  PAPI-4L
21   65.73766016 -019.57370524  2 171.00   3.00 19  PAPI-4L
110   4 0.00  90.00 Taxiway
111  65.73869486 -019.58070442 
112  65.73873030 -019.57971271  65.73882479 -019.57956899 
112  65.73913191 -019.57958336  65.73929728 -019.57928153 
112  65.73935634 -019.57685257  65.73935043 -019.57650763 
112  65.73927365 -019.57604771  65.73928546 -019.57570276 
111  65.73972842 -019.57570277 
112  65.74053164 -019.57542969  65.74075016 -019.57545843 
112  65.74251016 -019.57620581  65.74262828 -019.57630641 
112  65.74238613 -019.57782991  65.74226801 -019.57784428 
112  65.74105137 -019.57699630  65.74086238 -019.57699630 
112  65.73990560 -019.57801675  65.73973432 -019.57836169 
113  65.73992922 -019.58081940 
130 Airport Boundary
111  65.73548804 -019.57864312 
111  65.72967531 -019.57518857 
111  65.72248943 -019.57247908 
111  65.72357567 -019.56736494 
111  65.74115107 -019.57376471 
113  65.74045477 -019.58470717 
14   65.73883071 -019.58074175   82 0 Tower Viewpoint
18   65.73150637 -019.57510455 1 BCN
19   65.72599634 -019.56920976 1 WS
19   65.73827587 -019.57424837 1 WS
50 11910 AFIS
1       26 0 0 BIVH Varmahlid
100   24.08   3   0 0.00 0 0 0 12   65.56088867 -019.43766300    0.00    0.00 0  0 0 0 30   65.55672300 -019.42774700    0.00    0.00 0  0 0 0
130 Airport Boundary
111  65.56144506 -019.43781295 
111  65.56102543 -019.43933406 
112  65.55957840 -019.43758566  65.55957840 -019.43756817 
111  65.55725593 -019.43036476 
111  65.55624302 -019.42768970 
113  65.55692312 -019.42655324 
14   65.55647454 -019.42747989   82 0 Tower Viewpoint
19   65.56127018 -019.43747322 1 WS
19   65.55634149 -019.42793689 1 WS
51 11810 COM