1      932 0 1 PARL Central
100   18.29   5   0 0.25 0 2 0 07   65.57444968 -144.79210966    0.00    0.00 1  0 0 0 25   65.57316364 -144.77447202    0.00    0.00 1  0 0 0
18   65.57437393 -144.78304873 1 BCN
19   65.57472136 -144.79239804 1 WS
19   65.57289193 -144.77418384 1 WS
1      610 0 1 PACR Circle City
100   18.29   5   0 0.25 0 2 0 15   65.83460835 -144.07581278    0.00    0.00 1  0 0 0 33   65.82637941 -144.07581278    0.00    0.00 1  0 0 0
18   65.83049388 -144.07440591 1 BCN
19   65.83477293 -144.07520973 1 WS
19   65.82621483 -144.07641562 1 WS
1      956 0 1 CHP  Circle Hot Springs
100   21.34   5   0 0.25 0 2 0 08   65.48718435 -144.62212074    0.00    0.00 1  0 0 0 26   65.48376009 -144.59944650    0.00    0.00 1  0 0 0
18   65.48610372 -144.61022892 1 BCN
19   65.48752065 -144.62231834 1 WS
19   65.48342376 -144.59924922 1 WS