1      650 0 1 ENEG Eggemoen
100   29.87   1   0 0.25 0 0 0 04   60.21375897  010.31835843    0.00    0.00 2  0 0 0 22   60.21961303  010.32824757    0.00    0.00 2  0 0 0
110   1 0.30  40.00 Default taxiway for RWY 04
111  60.21367403  010.31856224   3 
111  60.21324065  010.31960208   3 
111  60.21909508  010.32948968   3 
111  60.21952846  010.32844964 
112  60.21932252  010.32810185  60.21942404  010.32827922   3 
111  60.21932038  010.32852800   3 
112  60.21918216  010.32885970  60.21907850  010.32910847   3 
111  60.21897553  010.32893457   3 
111  60.21630574  010.32442554   3 
111  60.21665273  010.32359289 
111  60.21654976  010.32341899   3 
111  60.21620277  010.32425164   3 
112  60.21353297  010.31974261  60.21343001  010.31956871   3 
111  60.21353367  010.31931998   3 
112  60.21367189  010.31898834  60.21377555  010.31873961   3 
113  60.21387996  010.31891004 
120 Default hold RWY 04 (near)
111  60.21349981  010.31898026   4 
115  60.21360278  010.31915416 
120 Default hold RWY 04 (centre)
111  60.21637554  010.32383705   4 
115  60.21647851  010.32401095 
120 Default hold RWY 04 (far)
111  60.21925127  010.32869385   4 
115  60.21935424  010.32886774 
19   60.21381220  010.31738881 1 WS
19   60.21955973  010.32921735 1 WS
1     1381 0 0 ENRV Reinsvoll
100   20.12   5   0 0.00 0 0 0 16   60.67525049  010.56476864   96.01    0.00 0  0 0 0 34   60.66900151  010.56997594   32.00    0.00 0  0 0 0
110   5 0.00   0.00 Taxiway
111  60.67657319  010.56216267 
112  60.67625203  010.56245447  60.67613705  010.56243789 
112  60.67581357  010.56193275  60.67571810  010.56189283 
111  60.67548091  010.56217794 
111  60.67573347  010.56320460 
111  60.67510888  010.56392014 
112  60.67506214  010.56389057  60.67503472  010.56392570 
111  60.67506214  010.56389057 
111  60.67501948  010.56393802 
111  60.67496453  010.56373933 
111  60.67500312  010.56353111 
111  60.67484386  010.56304039 
111  60.67466593  010.56325772 
111  60.67484712  010.56388589 
111  60.67490209  010.56381914 
111  60.67494334  010.56400675 
112  60.67486159  010.56414529  60.67485098  010.56419520 
111  60.67486150  010.56424795 
111  60.67293992  010.56649587 
111  60.67394879  010.56565532 
111  60.67423057  010.56516718 
113  60.67665951  010.56246664 
112  60.67609759  010.56270316  60.67608016  010.56277945 
111  60.67609759  010.56270316 
111  60.67587241  010.56298576 
111  60.67582791  010.56279664 
111  60.67604562  010.56252371 
114  60.67604562  010.56252371  60.67609434  010.56251901 
15   60.67484775  010.56345082   0.00 Clubhouse
19   60.67490043  010.56388920 0 New Windsock 3
19   60.67050163  010.56972818 0 New Windsock 4