1      460 0 0 ESKH Eksharad
100   40.23   3   0 0.25 0 0 0 15   60.15677892  013.52641453    0.00    0.00 1  0 0 0 33   60.15266168  013.53081347    0.00    0.00 1  0 0 0
19   60.15735360  013.52703656 1 WS
19   60.15208702  013.53019146 1 WS
1      474 1 1 ESOH HAGFORS
100   29.87   1   0 0.25 0 3 0 18   60.02682200  013.57812500    0.00    0.00 3  3 0 0 36   60.01330300  013.57968900    0.00    0.00 2  3 0 0
21   60.02389005  013.57913070  2 176.69   3.00 18  PAPI-4L
21   60.01508067  013.57881723  2 356.69   3.00 36  PAPI-4L
110   1 0.30 176.69 Default taxiway for RWY 18
111  60.02681437  013.57786091   3 102 
111  60.02677545  013.57651351   3 102 
111  60.01325646  013.57807881   3 102 
111  60.01329538  013.57942566 
112  60.01356374  013.57939460  60.01342943  013.57940564   3 102 
111  60.01342012  013.57908347   3 102 
112  60.01340771  013.57865391  60.01339840  013.57833175   3 102 
111  60.01353258  013.57831621   3 102 
111  60.01995662  013.57757245   3 102 
111  60.01998778  013.57865105 
111  60.02012197  013.57863553   3 102 
111  60.02009081  013.57755692   3 102 
112  60.02651485  013.57681316  60.02664903  013.57679763   3 102 
111  60.02665834  013.57711992   3 102 
112  60.02667075  013.57754965  60.02668006  013.57787195   3 102 
113  60.02654601  013.57789198 
120 Default hold RWY 18 (near)
111  60.02679872  013.57731926   4 
115  60.02666454  013.57733479 
120 Default hold RWY 18 (centre)
111  60.02010632  013.57809398   4 
115  60.01997213  013.57810950 
120 Default hold RWY 18 (far)
111  60.01341391  013.57886869   4 
115  60.01327973  013.57888422 
18   60.02011792  013.58078688 1 BCN
19   60.02711364  013.57889969 1 WS
19   60.01301137  013.57891462 1 WS
54 12222 AFIS
1      975 0 1 ESVM Malung Skinnlanda
100   23.16   1   0 0.25 0 2 0 34   60.65549363  013.72911859    0.00    0.00 2 12 0 0 16   60.66227837  013.72421541    0.00    0.00 2 12 0 0
110   1 0.30 340.50 Default taxiway for RWY 34
111  60.65552767  013.72931476   3 102 
111  60.65570237  013.73032158   3 102 
111  60.66248720  013.72541968   3 102 
111  60.66231250  013.72441265 
112  60.66211599  013.72455464  60.66221499  013.72448797   3 102 
111  60.66225674  013.72472862   3 102 
112  60.66231240  013.72504948  60.66235415  013.72529013   3 102 
111  60.66225590  013.72536112   3 102 
111  60.65910912  013.72763462   3 102 
111  60.65896921  013.72682821 
111  60.65887096  013.72689920   3 102 
111  60.65901087  013.72770560   3 102 
112  60.65586409  013.72997911  60.65576584  013.73005009   3 102 
111  60.65572409  013.72980949   3 102 
112  60.65566843  013.72948870  60.65562668  013.72924810   3 102 
113  60.65572418  013.72917278 
120 Default hold RWY 34 (near)
111  60.65559800  013.72972008   4 
115  60.65569626  013.72964910 
120 Default hold RWY 34 (centre)
111  60.65894129  013.72730457   4 
115  60.65903954  013.72723358 
120 Default hold RWY 34 (far)
111  60.66228457  013.72488905   4 
115  60.66238283  013.72481806 
18   60.65864244  013.72526364 1 BCN
19   60.65519275  013.72865908 1 WS
19   60.66257927  013.72467498 1 WS