1      773 0 1 ESKD Dala Jarna
100   24.08   1   0 0.25 0 2 0 21   60.55958436  014.38146692    0.00    0.00 2 12 0 0 03   60.55264364  014.37298308    0.00    0.00 2 12 0 0
110   1 0.30 211.00 Default taxiway for RWY 21
111  60.55963901  014.38128190   3 102 
111  60.55991922  014.38033327   3 102 
111  60.55297877  014.37184785   3 102 
111  60.55269856  014.37279628 
112  60.55288430  014.37302337  60.55279259  014.37290590   3 102 
111  60.55285956  014.37267922   3 102 
112  60.55294886  014.37237697  60.55301583  014.37215029   3 102 
111  60.55310870  014.37226384   3 102 
111  60.55634675  014.37622271   3 102 
111  60.55612235  014.37698232 
111  60.55621522  014.37709586   3 102 
111  60.55643962  014.37633625   3 102 
112  60.55967767  014.38029512  60.55977054  014.38040867   3 102 
111  60.55970357  014.38063540   3 102 
112  60.55961427  014.38093771  60.55954730  014.38116444   3 102 
113  60.55945327  014.38105481 
120 Default hold RWY 21 (near)
111  60.55975179  014.38090009   4 
115  60.55965892  014.38078656 
120 Default hold RWY 21 (centre)
111  60.55632800  014.37671409   4 
115  60.55623513  014.37660056 
120 Default hold RWY 21 (far)
111  60.55290421  014.37252809   4 
115  60.55281134  014.37241456 
18   60.55572408  014.37854466 1 BCN
19   60.55960338  014.38225845 1 WS
19   60.55262458  014.37219174 1 WS
1      634 0 0 ESKM MORA
100   45.11   1   0 0.25 0 3 0 16   60.96561400  014.50599400    0.00    0.00 3  3 0 0 34   60.95020000  014.51677200    0.00    0.00 2 10 0 0
21   60.96328834  014.50849344  2 161.25   3.00 16  PAPI-4L
21   60.95177554  014.51479884  2 341.26   3.00 34  PAPI-4L
10   60.95871000  014.50873100 xxx  70.87   600 0.0 0.0    90 161161  1 0 0 0.25 0
10   60.95856900  014.50614000 xxx 160.87   700 0.0 0.0   380 161161  1 0 0 0.25 0
18   60.95836449  014.51415678 1 BCN
19   60.96619419  014.50691315 1 WS
19   60.94961988  014.51585312 1 WS
54 12985 AFIS
1      611 0 1 ESVS Siljansnas
100   35.05   3   0 0.25 0 0 0 32   60.78180592  014.83261796    0.00    0.00 1  0 0 0 14   60.78819368  014.82182964    0.00    0.00 1  0 0 0
19   60.78126243  014.83228313 1 WS
19   60.78873720  014.82216436 1 WS
16     531 1 0 ES05 [S] Mora/Saxviken
101   30.48 0 02   60.98039344  014.59068394 20   60.98554856  014.59455206
14   60.98109400  014.57836100   10 0 ATC Tower
54 12985 AFIS