1      125 0 1 6Z1  Arness Lake
100   12.19   5   0 0.25 0 0 0 03   60.64247564 -151.30895068    0.00    0.00 1  0 0 0 21   60.64528102 -151.30107434    0.00    0.00 1  0 0 0
101  304.80 0 09   60.64499400 -151.31012400 27   60.64276266 -151.29990102
101  152.40 0 19   60.64672087 -151.30110150 01   60.64103579 -151.30892352
19   60.64670735 -151.29605755 1 WS
19   60.64254428 -151.30932906 1 WS
19   60.64986836 -151.31182253 1 WS
19   60.63788817 -151.29820392 1 WS
19   60.64104902 -151.31396634 1 WS
19   60.64521236 -151.30069594 1 WS
1      185 0 1 6AK3 Butler Aviation
100   15.24   5   0 0.25 0 1 0 15   60.73202696 -151.27871786    0.00    0.00 1  0 0 0 33   60.72685414 -151.27741882    0.00    0.00 1  0 0 0
18   60.72949905 -151.27709384 1 BCN
19   60.73218816 -151.27833439 1 WS
19   60.72669294 -151.27780223 1 WS
1      150 0 1 8AK2 Cartys Airstrip
100   18.29   5   0 0.25 0 0 0 17   60.70436305 -151.29321742    0.00    0.00 1  0 0 0 35   60.70063695 -151.29511592    0.00    0.00 1  0 0 0
19   60.70446301 -151.29264652 1 WS
19   60.70053698 -151.29568674 1 WS
1       50 0 1 30AK Doyle Estates
100   45.72   3   0 0.25 0 0 0 16   60.50604540 -151.25965291    0.00    0.00 1  0 0 0 34   60.49947126 -151.26035265    0.00    0.00 1  0 0 0
19   60.50642398 -151.25835731 1 WS
19   60.49909268 -151.26164795 1 WS
1      115 0 1 7AK3 Gaede
100   48.77   3   0 0.25 0 0 0 16   60.48008236 -151.16558710    0.00    0.00 1  0 0 0 34   60.47266152 -151.16664014    0.00    0.00 1  0 0 0
100   45.72   5   0 0.25 0 0 0 01   60.47468006 -151.16842943    0.00    0.00 1  0 0 0 19   60.47806382 -151.16379781    0.00    0.00 1  0 0 0
19   60.47468405 -151.16993454 1 WS
19   60.48047424 -151.16419213 1 WS
19   60.47226963 -151.16803474 1 WS
19   60.47805978 -151.16229252 1 WS
1      102 0 1 3AK4 Johnson
100    9.14   5   0 0.25 0 0 0 07   60.63266683 -151.34520239    0.00    0.00 1  0 0 0 25   60.63231093 -151.33482429    0.00    0.00 1  0 0 0
19   60.63279569 -151.34535224 1 WS
19   60.63218205 -151.33467448 1 WS
1      125 0 1 5KS  Kasilof
100   12.19   5   0 0.25 0 0 0 18   60.35602048 -151.26033097    0.00    0.00 1  0 0 0 36   60.35059784 -151.26521181    0.00    0.00 1  0 0 0
19   60.35605376 -151.25993677 1 WS
19   60.35056453 -151.26560594 1 WS
1       99 1 0 PAEN KENAI MUNI
100   46.02   1   0 0.00 0 3 0 01L  60.56311100 -151.25838900    0.00    0.00 2  0 0 1 19R  60.58086400 -151.23666700    0.00    0.00 3  8 0 0
100   17.98   5   0 0.00 0 0 0 01R  60.57496100 -151.23831100    0.00    0.00 1  0 0 0 19L  60.57964700 -151.23257200    0.00    0.00 1  0 0 0
21   60.56484775 -151.25715964  1  31.00   3.00 01L VASI
21   60.57840041 -151.23878844  1 211.02   3.00 19R VASI
110   1 0.00  31.00 Default taxiway for RWY 01L
111  60.56300619 -151.25803413   3 102 
111  60.56247520 -151.25623626   3 102 
111  60.58022996 -151.23452501   3 102 
111  60.58076095 -151.23632387 
112  60.58040829 -151.23675510  60.58058346 -151.23653555   3 102 
111  60.58045630 -151.23610477   3 102 
112  60.58028676 -151.23553040  60.58015959 -151.23509961   3 102 
111  60.57998326 -151.23531524   3 102 
111  60.57154671 -151.24563171   3 102 
111  60.57197174 -151.24707120 
111  60.57179540 -151.24728681   3 102 
111  60.57137037 -151.24584733   3 102 
112  60.56293383 -151.25616380  60.56275749 -151.25637943   3 102 
111  60.56288466 -151.25680998   3 102 
112  60.56305420 -151.25738405  60.56318136 -151.25781460   3 102 
113  60.56335886 -151.25760290 
120 Default hold RWY 01L (near)
111  60.56279310 -151.25731263   4 
115  60.56296943 -151.25709701 
120 Default hold RWY 01L (centre)
111  60.57158231 -151.24656511   4 
115  60.57175865 -151.24634949 
120 Default hold RWY 01L (far)
111  60.58037153 -151.23581758   4 
115  60.58054786 -151.23560197 
19   60.56307624 -151.25989659 1 WS
19   60.57494723 -151.23891427 1 WS
19   60.57966074 -151.23196863 1 WS
19   60.58089851 -151.23515854 1 WS
50 12030 ATIS
51 12130 CTAF
53 12190 GND
54 12130 TWR
1      150 0 1 AK73 Mcgahan Industrial Airpark
100   18.29   5   0 0.25 0 0 0 18   60.72715299 -151.30052496    0.00    0.00 1  0 0 0 36   60.72339423 -151.30394728    0.00    0.00 1  0 0 0
19   60.72720292 -151.29992683 1 WS
19   60.72334428 -151.30454534 1 WS
1      276 0 1 NIN  Ninilchik
100   18.29   4   0 0.25 0 0 0 10   60.02207479 -151.59487964    0.00    0.00 1  0 0 0 28   60.01839353 -151.58395760    0.00    0.00 1  0 0 0
19   60.02237148 -151.59487647 1 WS
19   60.01809684 -151.58396086 1 WS
1      113 0 1 PASX SOLDOTNA
100   40.23   1   0 0.25 0 2 0 07   60.47496100 -151.05209400    0.00    0.00 2  0 0 0 25   60.47495600 -151.02438300    0.00    0.00 2  0 0 0
21   60.47531274 -151.04844162  1  90.01   3.00 07  VASI
21   60.47460502 -151.02803568  1 270.03   3.00 25  VASI
110   1 0.30  90.01 Default taxiway for RWY 07
111  60.47478221 -151.05209406   3 102 
111  60.47387478 -151.05209434   3 102 
111  60.47387265 -151.02438334   3 102 
111  60.47478008 -151.02438306 
112  60.47478014 -151.02511778  60.47477786 -151.02475042   3 102 
111  60.47456062 -151.02475049   3 102 
112  60.47427096 -151.02475058  60.47405372 -151.02475065   3 102 
111  60.47405375 -151.02511801   3 102 
111  60.47405474 -151.03805511   3 102 
111  60.47478113 -151.03805488 
111  60.47478116 -151.03842224   3 102 
111  60.47405477 -151.03842247   3 102 
112  60.47405576 -151.05135957  60.47405579 -151.05172693   3 102 
111  60.47427303 -151.05172686   3 102 
112  60.47456269 -151.05172677  60.47477993 -151.05172670   3 102 
113  60.47478215 -151.05135934 
120 Default hold RWY 07 (near)
111  60.47441789 -151.05209417   4 
115  60.47441786 -151.05172681 
120 Default hold RWY 07 (centre)
111  60.47441684 -151.03842235   4 
115  60.47441681 -151.03805499 
120 Default hold RWY 07 (far)
111  60.47441579 -151.02475053   4 
115  60.47441576 -151.02438317 
18   60.47622720 -151.03823965 1 BCN
19   60.47550417 -151.05282855 1 WS
19   60.47441268 -151.02364892 1 WS
50 13545 AWOS 3
51 12250 CTAF
1      200 0 1 5AK0 Trading Bay Production
100   30.48   5   0 0.25 0 0 0 17   60.82153754 -151.79585529    0.00    0.00 1  0 0 0 35   60.80956078 -151.80197917    0.00    0.00 1  0 0 0
19   60.82170413 -151.79490028 1 WS
19   60.80939415 -151.80293378 1 WS
1      112 0 1 41AK Winters Strip
100   15.24   5   0 0.25 0 0 0 04   60.31019966 -151.32558356    0.00    0.00 1  0 0 0 22   60.31307978 -151.31551146    0.00    0.00 1  0 0 0
19   60.31030923 -151.32603105 1 WS
19   60.31297018 -151.31506397 1 WS
16     140 0 1 2R3  [S] Island Lake
101  152.40 0 06   60.70360040 -151.32531271 24   60.70527182 -151.29749285
17      95 0 1 AK32 [H] Soldotna Hospital H
102 H1   60.49137333 -151.07777945   0.00   24.38   14.63   1 2   0 0.25 0
19   60.49161471 -151.07737849 1 WS