1      300 0 1 7AK5 Dahler Homestead
100   36.58   3   0 0.25 0 0 0 03   60.50246806 -150.93870520    0.00    0.00 1  0 0 0 21   60.50472526 -150.93239536    0.00    0.00 1  0 0 0
19   60.50267400 -150.93983544 1 WS
19   60.50451926 -150.93126508 1 WS
1      260 0 1 7AK6 Dan France
100   12.19   4   0 0.25 0 0 0 18   60.47988048 -150.92669238    0.00    0.00 1  0 0 0 36   60.47564562 -150.93051874    0.00    0.00 1  0 0 0
19   60.47991377 -150.92629667 1 WS
19   60.47561233 -150.93091439 1 WS
1      200 0 1 1AK4 Rotor Air
100   18.29   5   0 0.25 0 0 0 07   60.52435535 -150.75804816    0.00    0.00 1  0 0 0 25   60.52395353 -150.74637018    0.00    0.00 1  0 0 0
19   60.52461309 -150.75834687 1 WS
19   60.52369576 -150.74607157 1 WS
1      381 0 1 AK39 South Gasline
100   15.24   5   0 0.25 0 0 0 02   60.69477302 -150.18490289    0.00    0.00 1  0 0 0 20   60.69962198 -150.17499545    0.00    0.00 1  0 0 0
19   60.69482149 -150.18539823 1 WS
19   60.69957347 -150.17450005 1 WS
1      250 0 1 44AK West Papoose Lake Airpark
100   15.24   5   0 0.25 0 0 0 11   60.53457527 -150.10724179    0.00    0.00 1  0 0 0 29   60.53147195 -150.10093321    0.00    0.00 1  0 0 0
19   60.53481772 -150.10714323 1 WS
19   60.53122951 -150.10103180 1 WS
16     175 0 1 L85  [S] Mackeys Lakes
101  304.80 0 36   60.52985235 -150.99895760 18   60.53736987 -150.99215352
16     245 0 1 8AK4 [S] Scout Lake
101  182.88 0 05   60.53366211 -150.85481656 23   60.53464511 -150.84961068
17     275 0 1 AK30 [H] Skilak Blm Helistop
102 H1   60.48026527 -150.45497223   0.00   12.19    9.14   1 2   0 0.25 0
102 H2   60.48026527 -150.45497223   0.00    6.10    4.27   1 2   0 0.25 0
19   60.48040242 -150.45472171 1 WS
19   60.48033110 -150.45485532 1 WS