1      360 0 0 SA49 Ameghino
100   29.87   4   0 0.00 0 0 0 18  -34.84297396 -062.48166667    0.00    0.00 0  0 0 0 36  -34.84924826 -062.48166667    0.00    0.00 0  0 0 0
19  -34.84270515 -062.48117537 1 WS
19  -34.84951707 -062.48215801 1 WS
1      357 0 0 SA50 Ameghino La Chacra
100   29.87   4   0 0.00 0 0 0 18  -34.80656647 -062.52250000    0.00    0.00 0  0 0 0 36  -34.81732241 -062.52250000    0.00    0.00 0  0 0 0
19  -34.80629766 -062.52200892 1 WS
19  -34.81759123 -062.52299115 1 WS
1      360 0 0 SA51 Ameghino Sigfrido Rohr Aviagro
100   29.87   4   0 0.00 0 0 0 17  -34.78012964 -062.45130027    0.00    0.00 0  0 0 0 35  -34.78542591 -062.45036640    0.00    0.00 0  0 0 0
19  -34.77980582 -062.45086133 1 WS
19  -34.78574974 -062.45080537 1 WS
1      387 0 0 SAB2 RUFINO
100   39.93   4   0 0.00 0 0 0 01  -34.28652930 -062.66816149    0.00    0.00 0  0 0 0 19  -34.27902626 -062.66683851    0.00    0.00 0  0 0 0
19  -34.28680737 -062.66886810 1 WS
19  -34.27874819 -062.66613197 1 WS
1      347 0 0 SA5K San Gregorio
100   29.87   3   0 0.00 0 0 0 6   -34.31869228 -062.02219401    0.00    0.00 0  0 0 0 24  -34.31519660 -062.01613932    0.00    0.00 0  0 0 0
19  -34.31851580 -062.02274048 1 WS
19  -34.31537306 -062.01559287 1 WS