1      268 0 0 SA55 Arribenos
100   29.87   4   0 0.00 0 0 0 14  -34.21936959 -061.38882722    0.00    0.00 0  0 0 0 32  -34.22451930 -061.38450611    0.00    0.00 0  0 0 0
19  -34.21891888 -061.38861189 1 WS
19  -34.22497001 -061.38472144 1 WS
1      318 0 0 SA6I GENERAL PINTO
100   29.87   4   0 0.00 0 0 0 01  -34.79112519 -061.91509976    0.00    0.00 0  0 0 0 19  -34.78054148 -061.91323357    0.00    0.00 0  0 0 0
19  -34.79133343 -061.91563260 1 WS
19  -34.78033323 -061.91270081 1 WS
1      328 0 0 SA6J GENERAL PINTO ALFREDO SANCHEZ
100   22.86   4   0 0.00 0 0 0 10  -34.80056635 -061.86808949    0.00    0.00 0  0 0 0 28  -34.80165587 -061.86191051    0.00    0.00 0  0 0 0
19  -34.80022279 -061.86825588 1 WS
19  -34.80199943 -061.86174410 1 WS
1      236 0 0 SA6M GENERAL VIAMONTE LOS TOLDOS
100   45.11   4   0 0.00 0 0 0 05  -34.98537045 -061.03725649    0.00    0.00 0  0 0 0 23  -34.98018511 -061.03107684    0.00    0.00 0  0 0 0
100   45.11   4   0 0.00 0 0 0 17  -34.97809941 -061.03499159    0.00    0.00 0  0 0 0 35  -34.98745615 -061.03334174    0.00    0.00 0  0 0 0
19  -34.98523546 -061.03813444 1 WS
19  -34.97761056 -061.03432689 1 WS
19  -34.98794501 -061.03400652 1 WS
19  -34.98032005 -061.03019895 1 WS
1      262 0 0 SA8C LAGUNA DE GOMEZ
100   29.87   4   0 0.00 0 0 0 03  -34.65652202 -061.00890284    0.00    0.00 0  0 0 0 21  -34.65070020 -061.00554161    0.00    0.00 0  0 0 0
19  -34.65659185 -061.00948583 1 WS
19  -34.65063036 -061.00495867 1 WS
1      285 0 0 SA8O LINCOLN
100   29.87   4   0 0.00 0 0 0 14  -34.88803533 -061.53373669    0.00    0.00 0  0 0 0 32  -34.89363134 -061.52904108    0.00    0.00 0  0 0 0
19  -34.88758529 -061.53351756 1 WS
19  -34.89408139 -061.52926022 1 WS
1      246 0 0 SA8P LINCOLN LA NUEVA
100   29.87   4   0 0.00 0 0 0 03  -34.94949386 -061.30595932    0.00    0.00 0  0 0 0 21  -34.94328392 -061.30237401    0.00    0.00 0  0 0 0
19  -34.94956435 -061.30654427 1 WS
19  -34.94321342 -061.30178912 1 WS
1      291 0 0 SA1Q VEDIA
100   22.86   3   0 0.00 0 0 0 09  -34.46611111 -061.50469651    0.00    0.00 0  0 0 0 27  -34.46611111 -061.49697016    0.00    0.00 0  0 0 0
100   29.87   3   0 0.00 0 0 0 17  -34.46165342 -061.50161934    0.00    0.00 0  0 0 0 35  -34.47056880 -061.50004732    0.00    0.00 0  0 0 0
19  -34.46580389 -061.50494602 1 WS
19  -34.46132940 -061.50118230 1 WS
19  -34.47089283 -061.50048442 1 WS
19  -34.46641831 -061.49672062 1 WS