1      665 0 0 AU95 Lily Dutch Windmill Airstrip
100   21.34   3   0 1.00 0 0 0 12  -34.22325037  118.21316935    0.00    0.00 0  0 0 0 30  -34.22672077  118.21848393    0.00    0.00 0  0 0 0
110   3 1.00 128.30 New Taxiway 20
112 -34.22342222  118.21352541 -34.22342222  118.21344680 
112 -34.22338322  118.21301445 -34.22338322  118.21288868 
112 -34.22331822  118.21207114 -34.22330522  118.21189034 
111 -34.22334422  118.21106494 
111 -34.22817365  118.21108852 
111 -34.22817365  118.21854855 
112 -34.22764716  118.21858000 -34.22749766  118.21858000 
112 -34.22703835  118.21869785 -34.22699537  118.21876282 
112 -34.22667844  118.21878881 -34.22657637  118.21876932 
112 -34.22617886  118.21867187 -34.22606605  118.21867187 
111 -34.22587266  118.21880830 
112 -34.22451359  118.21884728 -34.22437393  118.21884728 
111 -34.22435244  118.21875632 
112 -34.22405699  118.21662542 -34.22404087  118.21639154 
112 -34.22415905  118.21603422 -34.22421277  118.21593028 
112 -34.22422351  118.21584582 -34.22421277  118.21580684 
112 -34.22400327  118.21578735 -34.22395492  118.21577436 
111 -34.22397104  118.21554697 
113 -34.22387434  118.21427363 
14  -34.22458625  118.21571742    6 0 New Tower Viewpoint 70
15  -34.22478422  118.21589320 258.23 New Ramp Start 68
19  -34.22488697  118.21604171 0 New Windsock 69
1        7 0 0 AU96 Maitraya Resort Airstrip
100   16.76   1   0 1.00 0 0 0 13  -34.98534018  118.05235447    0.00    0.00 0  0 0 0 31  -34.99037173  118.05959368    0.00    0.00 0  0 0 0
110   1 1.00 220.31 New Taxiway 21
111 -34.98705177  118.05480120 
112 -34.98712869  118.05503781 -34.98705484  118.05500776 
111 -34.98700254  118.05504907 
112 -34.98685792  118.05517301 -34.98680561  118.05522183 
111 -34.98687638  118.05530446 
111 -34.98708869  118.05556735 
112 -34.98695946  118.05571758 -34.98691946  118.05574387 
111 -34.98687022  118.05563120 
112 -34.98666714  118.05531572 -34.98662407  118.05522935 
111 -34.98668253  118.05513170 
112 -34.98687638  118.05497772 -34.98697484  118.05486880 
113 -34.98692253  118.05473736 
110   4 1.00 130.31 New Taxiway 22
111 -34.98698407  118.05510917 
112 -34.98717792  118.05545093 -34.98725485  118.05555984 
112 -34.98742100  118.05568378 -34.98744254  118.05559740 
112 -34.98741177  118.05540210 -34.98746716  118.05533826 
112 -34.98757793  118.05528568 -34.98768254  118.05534201 
111 -34.98916519  118.05750951 
112 -34.98927223  118.05779256 -34.98934160  118.05789538 
112 -34.98923258  118.05796191 -34.98913347  118.05790143 
112 -34.98904923  118.05793167 -34.98901454  118.05803449 
112 -34.98896499  118.05802845 -34.98894021  118.05797401 
111 -34.98803336  118.05664940 
111 -34.98678953  118.05658286 
112 -34.98689359  118.05624415 -34.98694810  118.05616552 
112 -34.98702244  118.05605060 -34.98711164  118.05600221 
112 -34.98727021  118.05595383 -34.98734454  118.05594173 
112 -34.98735941  118.05583286 -34.98726526  118.05576027 
112 -34.98714632  118.05573003 -34.98707695  118.05566955 
112 -34.98708190  118.05550019 -34.98704722  118.05543971 
114 -34.98690351  118.05527640 -34.98688864  118.05524011 
110   3 1.00 130.31 New Taxiway 23
112 -34.98727941  118.05455876 -34.98732897  118.05457526 
111 -34.98922962  118.05735142 
111 -34.98946790  118.05744685 
111 -34.98946790  118.05769679 
111 -34.99070026  118.05949182 
111 -34.99048804  118.05966451 
112 -34.99047315  118.05952818 -34.99048804  118.05949182 
112 -34.99042636  118.05928832 -34.99038275  118.05918853 
112 -34.98991396  118.05852985 -34.98982675  118.05838348 
112 -34.98933070  118.05784456 -34.98924349  118.05779133 
112 -34.98891097  118.05724577 -34.98879650  118.05704617 
112 -34.98772810  118.05549595 -34.98759727  118.05534292 
112 -34.98719935  118.05469090 -34.98713394  118.05461107 
113 -34.98715574  118.05449796 
14  -34.98692869  118.05557111    6 0 New Tower Viewpoint 73
15  -34.98678099  118.05539835 279.21 New Ramp Start 72
19  -34.98582264  118.05346579 0 New Windsock 71
1      730 0 0 A005 Stirling Range Retreat
100   36.27   3   0 1.00 0 0 0 12  -34.31054763  118.18276281    0.00    0.00 0  0 0 0 30  -34.31355326  118.18893791    0.00    0.00 0  0 0 0
110   3 1.00 120.51 New Taxiway 45
111 -34.31335139  118.18833765 
112 -34.31369719  118.18877351 -34.31380141  118.18889968 
111 -34.31406195  118.18911187 
111 -34.31328507  118.18912907 
112 -34.31328507  118.18906599 -34.31328507  118.18900290 
112 -34.31308611  118.18889968 -34.31292032  118.18887100 
111 -34.31292032  118.18877924 
112 -34.31302453  118.18852691 -34.31308138  118.18841221 
113 -34.31302453  118.18824016 
14  -34.31377772  118.18897997    6 0 New Tower Viewpoint 140
15  -34.31335613  118.18901437 269.14 New Ramp Start 139
19  -34.31298664  118.18875057 0 New Windsock 141