1       50 0 1 HE22 BALUZA
100   17.37   1   0 0.25 0 0 0 07   30.99820000  032.54434700    0.00    0.00 2  0 0 0 25   31.00215300  032.56131400    0.00    0.00 2  0 0 0
110   1 0.30  74.79 Default taxiway for RWY 07
111  30.99812673  032.54437024   3 
111  30.99774738  032.54449056   3 
111  31.00170149  032.56145687   3 
111  31.00208084  032.56133654 
112  31.00203982  032.56116053  31.00205816  032.56124922   3 
111  31.00196764  032.56127793   3 
112  31.00184694  032.56131622  31.00175642  032.56134493   3 
111  31.00173591  032.56125693   3 
111  30.99981013  032.55299379   3 
111  31.00011404  032.55289739 
111  31.00009353  032.55280939   3 
111  30.99978962  032.55290579   3 
112  30.99786384  032.54464265  30.99784333  032.54455465   3 
111  30.99793385  032.54452593   3 
112  30.99805455  032.54448765  30.99814507  032.54445894   3 
113  30.99816775  032.54454625 
120 Default hold RWY 07 (near)
111  30.99797369  032.54441878   4 
115  30.99799420  032.54450679 
120 Default hold RWY 07 (centre)
111  30.99994049  032.55285793   4 
115  30.99996100  032.55294593 
120 Default hold RWY 07 (far)
111  31.00190729  032.56129708   4 
115  31.00192780  032.56138509 
19   30.99838397  032.54409963 1 WS
19   31.00196900  032.56156135 1 WS
1        8 1 1 HEPS PORT SAID
100   45.11   1   0 0.25 0 2 0 10   31.28227800  032.22819400    0.00   60.96 2  7 0 0 28   31.27650800  032.25193300    0.00   60.96 2  7 0 0
21   31.28217152  032.23034805  2 105.87   3.00 10  PAPI-4L
21   31.27661488  032.24977911  2 285.88   3.00 28  PAPI-4L
10   31.27835850  032.24527740 xxx 150.00   200 0.0 0.0   100 161161  1 0 0 0.25 0
10   31.27854160  032.24478910 xxx  60.00   200 0.0 0.0   100 161161  1 0 0 0.25 0
10   31.28177070  032.22907260 xxx  70.00   200 0.0 0.0   100 161161  1 0 0 0.25 0
10   31.27915950  032.24192430 xxx 150.00   200 0.0 0.0   100 161161  1 0 0 0.25 0
10   31.27901080  032.24489590 xxx 150.00   200 0.0 0.0   120 161161  1 0 0 0.25 0
10   31.27971270  032.24223710 xxx  65.00   200 0.0 0.0   120 161161  1 0 0 0.25 0
10   31.27676200  032.25183110 xxx  60.00   200 0.0 0.0   120 161161  1 0 0 0.25 0
10   31.27682690  032.25233840 xxx 105.88   200 0.0 0.0   130 161161  1 0 0 0.25 0
10   31.28194810  032.22825240 xxx 105.88   500 0.0 0.0   120 161161  1 0 0 0.25 0
10   31.27913860  032.24522020 xxx 196.00   600 0.0 0.0   140 101101  1 0 0 0.25 0
10   31.27996640  032.24193190 xxx 196.00   600 0.0 0.0   140 101101  1 0 0 0.25 0
10   31.27983860  032.24364850 xxx 105.88  1000 0.0 0.0   390 101101  1 0 0 0.25 0
10   31.27930830  032.24146650 xxx  60.00   200 0.0 0.0   100 161161  1 0 0 0.25 0
14   31.28019140  032.24531170    0 0 ATC Tower
15   31.28004460  032.24324800   0.00 Ramp
18   31.28076148  032.24051606 1 BCN
19   31.28297474  032.22793192 1 WS
19   31.27581121  032.25219489 1 WS
54 12070 TWR