1      712 1 1 OPLA ALLAMA IQBAL INTL
100   46.02   2   0 0.25 1 3 0 18L  31.53665000  074.40484400    0.00  124.97 2  7 0 0 36R  31.50647200  074.40430300    0.00  128.02 3  1 1 0
100   46.02   1   0 0.25 0 1 0 18R  31.53392500  074.40282800    0.00  278.89 2  0 0 0 36L  31.50920000  074.40238900    0.00    0.00 2  7 0 0
21   31.53484417  074.40528694  2 180.88   3.00 18L PAPI-4L
21   31.53211963  074.40323957  1 180.87   3.00 18R VASI
21   31.51100578  074.40194585  2   0.87   3.00 36L PAPI-4L
21   31.50904557  074.40387393  2   0.88   3.00 36R PAPI-4L
130 Airport Boundary 1
111  31.51835399  074.39086580 
111  31.51862357  074.39228854 
111  31.51741048  074.39473879 
111  31.50939060  074.39979739 
111  31.50089896  074.40082492 
111  31.50056199  074.40691104 
111  31.50662745  074.40809665 
111  31.51498429  074.40770145 
111  31.51552345  074.41291813 
111  31.51768005  074.41473606 
111  31.52239763  074.41845097 
111  31.53061969  074.41528934 
111  31.54389629  074.40849185 
111  31.54396368  074.39932315 
111  31.52792393  074.39861178 
111  31.52522817  074.39062868 
113  31.51949969  074.39031252 
18   31.52154188  074.40430727 4 BCN
19   31.53432976  074.40356260 1 WS
19   31.53705467  074.40557869 1 WS
19   31.50606733  074.40356857 1 WS
19   31.50879524  074.40165461 1 WS
50 12630 ATIS
53 11840 LAHORE GND
54 11810 LAHORE TWR
54 12180 LAHORE TWR
55 12130 LAHORE APP
55 12530 LAHORE APP
1      756 1 1 VIAR AMRITSAR
100   45.11   1   0 0.25 0 3 0 16   31.72329700  074.79064200    0.00   91.44 2  7 0 0 34   31.69588900  074.80388300  213.36   91.44 3  0 0 0
21   31.72178474  074.79188247  2 157.65   3.00 16  PAPI-4L
21   31.70001835  074.80137919  2 337.66   3.00 34  PAPI-4L
110   1 0.30 157.65 Default taxiway for RWY 16
111  31.72322068  074.79042373   3 102 
111  31.72283397  074.78931772   3 102 
111  31.69542665  074.80256302   3 102 
111  31.69581336  074.80366871 
112  31.69618884  074.80348726  31.69600025  074.80357554   3 102 
111  31.69590764  074.80331076   3 102 
112  31.69578417  074.80295773  31.69569156  074.80269295   3 102 
111  31.69587930  074.80260222   3 102 
111  31.70911361  074.79620642   3 102 
111  31.70942315  074.79709159 
111  31.70961089  074.79700086   3 102 
111  31.70930135  074.79611569   3 102 
112  31.72253566  074.78971989  31.72272340  074.78962917   3 102 
111  31.72281601  074.78989402   3 102 
112  31.72293948  074.79024716  31.72303209  074.79051202   3 102 
113  31.72284520  074.79060518 
120 Default hold RWY 16 (near)
111  31.72306548  074.78997986   4 
115  31.72287774  074.79007059 
120 Default hold RWY 16 (centre)
111  31.70945569  074.79655705   4 
115  31.70926795  074.79664778 
120 Default hold RWY 16 (far)
111  31.69584590  074.80313424   4 
115  31.69565816  074.80322497 
18   31.71013485  074.79880858 4 BCN
19   31.72390400  074.79112269 1 WS
19   31.69528205  074.80340238 1 WS
54 11970 TWR
54 12435 TWR
55 11970 APP
1      679 1 1 OPLH WALTON
100   45.72   2   0 0.25 0 0 0 14   31.49920800  074.34141700  121.92    0.00 2  0 0 0 32   31.49038100  074.35106100    0.00    0.00 2  0 0 0
110   2 0.30 137.03 Default taxiway for RWY 14
111  31.49906930  074.34124240  53 
111  31.49836658  074.34035782  53 
111  31.48953994  074.35000283  53 
111  31.49024266  074.35088733 
112  31.49054370  074.35055839  31.49039164  074.35072093  53 
111  31.49022336  074.35050911  53 
112  31.48999898  074.35022669  31.48983070  074.35001487  53 
111  31.48998122  074.34985040  53 
111  31.49401824  074.34543908  53 
111  31.49458072  074.34614710 
111  31.49473124  074.34598263  53 
111  31.49416876  074.34527461  53 
112  31.49820578  074.34086329  31.49835630  074.34069882  53 
111  31.49852458  074.34091065  53 
112  31.49874896  074.34119310  31.49891724  074.34140494  53 
113  31.49876826  074.34157134 
120 Default hold RWY 14 (near)
111  31.49878729  074.34088741  54 
115  31.49863677  074.34105188 
120 Default hold RWY 14 (centre)
111  31.49444923  074.34562765  54 
115  31.49429871  074.34579212 
120 Default hold RWY 14 (far)
111  31.49011117  074.35036790  54 
115  31.48996065  074.35053237 
19   31.49992975  074.34161765 1 WS
19   31.48965927  074.35086030 1 WS
54 11940 TWR