1     4165 0 1 MM65 AGUA PRIETA SOUTH
100   28.96   1   0 0.25 0 0 0 16   31.25910000 -109.60931700    0.00    0.00 2  0 0 0 34   31.24559400 -109.60764700    0.00    0.00 2  0 0 0
100   21.34   4   0 0.25 0 0 0 05   31.24948300 -109.61701100    0.00    0.00 1  0 0 0 23   31.25154200 -109.61163600    0.00    0.00 1  0 0 0
110   1 0.30 173.97 Default taxiway for RWY 16
111  31.25908654 -109.60946596   3 
111  31.25901782 -109.61022644   3 
111  31.24551183 -109.60855607   3 
111  31.24558055 -109.60779570 
112  31.24583969 -109.60782775  31.24570988 -109.60781433   3 
111  31.24569345 -109.60799619   3 
112  31.24567153 -109.60823868  31.24565509 -109.60842054   3 
111  31.24578466 -109.60843657   3 
111  31.25221373 -109.60923168   3 
111  31.25226876 -109.60862282 
111  31.25239833 -109.60863884   3 
111  31.25234330 -109.60924770   3 
112  31.25877237 -109.61004282  31.25890194 -109.61005885   3 
111  31.25891838 -109.60987696   3 
112  31.25894030 -109.60963444  31.25895673 -109.60945255   3 
113  31.25882740 -109.60943391 
120 Default hold RWY 16 (near)
111  31.25905891 -109.60977172   4 
115  31.25892934 -109.60975570 
120 Default hold RWY 16 (centre)
111  31.25237070 -109.60894458   4 
115  31.25224113 -109.60892856 
120 Default hold RWY 16 (far)
111  31.24568249 -109.60811744   4 
115  31.24555292 -109.60810142 
19   31.24966731 -109.61735373 1 WS
19   31.25940009 -109.60889592 1 WS
19   31.24529392 -109.60806802 1 WS
19   31.25135767 -109.61129328 1 WS
1     4000 0 1 MM75 AGUA PRIETA SOUTHWEST
100   15.24   1   0 0.25 0 0 0 11   31.24571400 -109.62961900    0.00    0.00 2  0 0 0 29   31.24013300 -109.62055800    0.00    0.00 2  0 0 0
110   1 0.30 125.77 Default taxiway for RWY 11
111  31.24566018 -109.62966434   3 
111  31.24538015 -109.62990029   3 
111  31.23979947 -109.62083873   3 
111  31.24007950 -109.62060280 
112  31.24015966 -109.62073297  31.24011776 -109.62066943   3 
111  31.24005099 -109.62072568   3 
112  31.23996196 -109.62080069  31.23989519 -109.62085694   3 
111  31.23993527 -109.62092202   3 
111  31.24262541 -109.62529009   3 
111  31.24284980 -109.62510103 
111  31.24288988 -109.62516611   3 
111  31.24266549 -109.62535517   3 
112  31.24535563 -109.62972325  31.24539571 -109.62978833   3 
111  31.24546248 -109.62973207   3 
112  31.24555151 -109.62965706  31.24561828 -109.62960080   3 
113  31.24558002 -109.62953418 
120 Default hold RWY 11 (near)
111  31.24554708 -109.62975964   4 
115  31.24550700 -109.62969456 
120 Default hold RWY 11 (centre)
111  31.24277678 -109.62526141   4 
115  31.24273670 -109.62519633 
120 Default hold RWY 11 (far)
111  31.24000648 -109.62076319   4 
115  31.23996640 -109.62069810 
19   31.24596108 -109.62960852 1 WS
19   31.23988592 -109.62056850 1 WS
1     4107 0 1 NM90 AMIGOS DEL CIELO
100    9.14   3   0 0.25 0 0 0 17   31.90989700 -109.02547500    0.00    0.00 1  0 0 0 35   31.89615300 -109.02547500    0.00    0.00 1  0 0 0
19   31.90997929 -109.02532959 1 WS
19   31.89607071 -109.02562039 1 WS
1     4154 0 1 KDUG BISBEE DOUGLAS INTL
100   45.72   1   0 0.25 0 0 0 12   31.46888900 -109.61388900    0.00    0.00 2  0 0 0 30   31.45416700 -109.59695000    0.00    0.00 2  0 0 0
100   30.48   1   0 0.25 0 2 0 17   31.47425800 -109.60449400    0.00    0.00 2  0 0 0 35   31.45416700 -109.60441100    0.00    0.00 2  0 0 0
100   45.72   1   0 0.25 0 0 0 03   31.46444400 -109.60888900    0.00    0.00 2  0 0 0 21   31.47833300 -109.59278100    0.00    0.00 2  0 0 0
100   22.86   1   0 0.25 0 2 0 08   31.47406900 -109.61085300    0.00    0.00 2  0 0 0 26   31.47402500 -109.59481700    0.00    0.00 2  0 0 0
21   31.47245925 -109.60412528  1 179.80   3.00 17  VASI
21   31.45596575 -109.60477965  1 359.80   3.00 35  VASI
110   1 0.30  90.18 Default taxiway for RWY 08
111  31.47396839 -109.61085337   3 102 
111  31.47345183 -109.61085528   3 102 
111  31.47340883 -109.59481927   3 102 
111  31.47392539 -109.59481736 
112  31.47392604 -109.59505857  31.47392346 -109.59493798   3 102 
111  31.47380003 -109.59493843   3 102 
112  31.47363545 -109.59493904  31.47351201 -109.59493950   3 102 
111  31.47351234 -109.59506010   3 102 
111  31.47353303 -109.60277659   3 102 
111  31.47394673 -109.60277506 
111  31.47394705 -109.60289567   3 102 
111  31.47353335 -109.60289720   3 102 
112  31.47355404 -109.61061369  31.47355437 -109.61073429   3 102 
111  31.47367781 -109.61073383   3 102 
112  31.47384239 -109.61073322  31.47396582 -109.61073277   3 102 
113  31.47396774 -109.61061216 
110   1 0.30 179.80 Default taxiway for RWY 17
111  31.47425752 -109.60465217   3 102 
111  31.47425510 -109.60545884   3 102 
111  31.45416410 -109.60537561   3 102 
111  31.45416652 -109.60456912 
112  31.45444082 -109.60457026  31.45430367 -109.60457232   3 102 
111  31.45430309 -109.60476525   3 102 
112  31.45430231 -109.60502249  31.45430173 -109.60521541   3 102 
111  31.45443888 -109.60521598   3 102 
111  31.46414151 -109.60525616   3 102 
111  31.46414345 -109.60461036 
111  31.46428059 -109.60461092   3 102 
111  31.46427865 -109.60525672   3 102 
112  31.47398128 -109.60529690  31.47411843 -109.60529746   3 102 
111  31.47411901 -109.60510450   3 102 
112  31.47411979 -109.60484720  31.47412037 -109.60465424   3 102 
113  31.47398322 -109.60465104 
120 Default hold RWY 08 (near)
111  31.47376042 -109.61085414   4 
115  31.47376010 -109.61073353 
120 Default hold RWY 17 (near)
111  31.47425655 -109.60497642   4 
115  31.47411940 -109.60497585 
120 Default hold RWY 08 (centre)
111  31.47373908 -109.60289644   4 
115  31.47373876 -109.60277583 
120 Default hold RWY 17 (centre)
111  31.46427962 -109.60493514   4 
115  31.46414248 -109.60493458 
120 Default hold RWY 08 (far)
111  31.47371774 -109.59493874   4 
115  31.47371742 -109.59481813 
120 Default hold RWY 17 (far)
111  31.45430270 -109.60489387   4 
115  31.45416555 -109.60489330 
18   31.46421665 -109.60332696 1 BCN
19   31.46458545 -109.60974265 1 WS
19   31.47437686 -109.61109308 1 WS
19   31.46961496 -109.61371053 1 WS
19   31.47453375 -109.60401271 1 WS
19   31.47819145 -109.59192725 1 WS
19   31.45344106 -109.59712856 1 WS
19   31.45389125 -109.60489219 1 WS
19   31.47371711 -109.59457698 1 WS
50 11927 ASOS
51 12300 CTAF/UNICOM
1     4780 0 1 P04  BISBEE MUNI
100   18.29   1   0 0.25 0 2 0 17   31.37194400 -109.88223100    0.00    0.00 2  0 0 0 35   31.35555600 -109.88333100    0.00    0.00 2  0 0 0
100   33.53   4   0 0.25 0 0 0 02   31.36138900 -109.88276900    0.00    0.00 1  0 0 0 20   31.36805600 -109.87805000    0.00    0.00 1  0 0 0
21   31.37013106 -109.88202391  2 183.28   3.00 17  PAPI-4L
21   31.35736894 -109.88353808  2   3.28   3.00 35  PAPI-4L
110   1 0.30 183.28 Default taxiway for RWY 17
111  31.37194858 -109.88232459   3 102 
111  31.37197225 -109.88280833   3 102 
111  31.35558425 -109.88390842   3 102 
111  31.35556058 -109.88342476 
112  31.35572489 -109.88341373  31.35564287 -109.88342188   3 102 
111  31.35564852 -109.88353733   3 102 
112  31.35565605 -109.88369126  31.35566171 -109.88380670   3 102 
111  31.35574386 -109.88380119   3 102 
111  31.36373248 -109.88326492   3 102 
111  31.36371351 -109.88287743 
111  31.36379566 -109.88287192   3 102 
111  31.36381463 -109.88325941   3 102 
112  31.37180324 -109.88272314  31.37188540 -109.88271763   3 102 
111  31.37187974 -109.88260216   3 102 
112  31.37187221 -109.88244821  31.37186656 -109.88233274   3 102 
113  31.37178427 -109.88233562 
120 Default hold RWY 17 (near)
111  31.37195813 -109.88251966   4 
115  31.37187598 -109.88252518 
120 Default hold RWY 17 (centre)
111  31.36380521 -109.88306698   4 
115  31.36372306 -109.88307249 
120 Default hold RWY 17 (far)
111  31.35565229 -109.88361429   4 
115  31.35557013 -109.88361980 
18   31.36371749 -109.88210758 1 BCN
19   31.36136487 -109.88340539 1 WS
19   31.37209418 -109.88193130 1 WS
19   31.36808012 -109.87741357 1 WS
19   31.35540581 -109.88363064 1 WS
51 12280 CTAF/UNICOM
1     4680 0 1 AZ17 Circle H Ranch
100   13.72   3   0 0.25 0 0 0 18   31.50383777 -109.39074281    0.00    0.00 1  0 0 0 36   31.50060667 -109.39147943    0.00    0.00 1  0 0 0
19   31.50392387 -109.39050360 1 WS
19   31.50052057 -109.39171863 1 WS
1     4124 0 0 P03  COCHISE COLLEGE
100   21.95   1   0 0.00 0 1 0 05   31.36777800 -109.69721900    0.00    0.00 2  0 0 0 23   31.37444400 -109.68221900    0.00  138.99 2  0 0 0
21   31.36887229 -109.69550971  2  62.50   3.00 05  PAPI-4L
21   31.37334991 -109.68392859  2 242.51   3.00 23  PAPI-4L
110   1 0.00  50.00 Ramp Taxi
111  31.37111693 -109.68945367 102 
111  31.37112114 -109.68935522 102 
111  31.37110408 -109.68929124 102 
111  31.37101162 -109.68919772 102 
111  31.37093597 -109.68918295 102 
111  31.37080569 -109.68922725 102 
111  31.36745564 -109.69672224 102 
111  31.36751868 -109.69689943 102 
111  31.36765317 -109.69697326 102 
111  31.36771621 -109.69697326 102 
111  31.36779186 -109.69693389 102 
111  31.36769099 -109.69717015 102 
111  31.36761114 -109.69705694 102 
111  31.36748926 -109.69700772 102 
111  31.36740941 -109.69706186 102 
111  31.36732536 -109.69707663 102 
111  31.36719087 -109.69696834 102 
111  31.36716145 -109.69690435 102 
111  31.36716565 -109.69683052 102 
111  31.36732956 -109.69646629 102 
111  31.36749347 -109.69641707 102 
111  31.37033078 -109.68996558 102 
111  31.37025513 -109.68993112 102 
111  31.36969197 -109.69118135 102 
111  31.36943560 -109.69117643 102 
111  31.36903635 -109.69083188 102 
111  31.36905736 -109.68941872 102 
111  31.37004920 -109.68940887 102 
111  31.37004920 -109.68932520 102 
111  31.36932633 -109.68932028 102 
112  31.36933474 -109.68903479  31.36933894 -109.68889205 102 
111  31.36933054 -109.68883791 102 
111  31.36980124 -109.68885759 102 
111  31.36980124 -109.68881329 102 
111  31.37078492 -109.68880344 102 
111  31.37078492 -109.68877391 102 
111  31.37088578 -109.68876899 102 
111  31.37096984 -109.68881821 102 
111  31.37096143 -109.68891173 102 
111  31.37097404 -109.68902002 102 
111  31.37113374 -109.68918245 102 
113  31.37125562 -109.68914308 102 
110   1 0.00  50.00 23 runup
111  31.37484014 -109.68109221 102 
111  31.37458123 -109.68094200 102 
111  31.37452552 -109.68097241 102 
111  31.37097597 -109.68881156 102 
111  31.37088019 -109.68876193 102 
111  31.37441747 -109.68092545 102 
111  31.37436021 -109.68078374 102 
111  31.37448577 -109.68050790 102 
111  31.37467016 -109.68068714 102 
111  31.37465091 -109.68085158 102 
113  31.37489109 -109.68099503 102 
120 Auto-gen hold lines for RWY 05 (near end)
111  31.36752495 -109.69702340   4 
115  31.36756735 -109.69692503 
120 Auto-gen hold lines for RWY 05 (centre)
111  31.37102481 -109.68922064   4 
115  31.37107878 -109.68910457 
120 Auto-gen hold lines for RWY 05 (far end)
111  31.37468307 -109.68100720   4 
115  31.37473913 -109.68089480 
120 Linear Feature 11
111  31.36753264 -109.69643740   1 
111  31.36752172 -109.69645977   1 
111  31.36750917 -109.69647959   1 
111  31.36749443 -109.69648918   1 
111  31.36746387 -109.69649813   1 
111  31.36738745 -109.69652242   1 
111  31.36736890 -109.69652945   1 
111  31.36735143 -109.69654287   1 
111  31.36734052 -109.69656077   1 
111  31.36733153 -109.69658056   1 
115  31.36722183 -109.69682538 
120 Linear Feature 10
111  31.37089293 -109.68885341   1 
115  31.36753308 -109.69643742 
120 Linear Feature 9
111  31.37113347 -109.68964642   1 
111  31.37121723 -109.68946492   1 
111  31.37122665 -109.68943549   1 
111  31.37123189 -109.68940484   1 
111  31.37122980 -109.68937172   1 
111  31.37122142 -109.68933984   1 
111  31.37120781 -109.68931041   1 
111  31.37119001 -109.68928343   1 
115  31.37116069 -109.68925522 
120 Linear Feature 8
111  31.37139628 -109.68904739   1 
111  31.37132860 -109.68920247   1 
111  31.37131154 -109.68923472   1 
111  31.37129074 -109.68925563   1 
111  31.37126197 -109.68926988   1 
111  31.37123738 -109.68927631   1 
111  31.37120102 -109.68927385   1 
111  31.37116087 -109.68925417   1 
111  31.37112765 -109.68922958   1 
111  31.37108456 -109.68919634   1 
111  31.37102551 -109.68915423   1 
111  31.37098347 -109.68911830   1 
111  31.37094816 -109.68908974   1 
111  31.37091285 -109.68905872   1 
111  31.37083425 -109.68898535   1 
111  31.37079560 -109.68894523   1 
111  31.37077370 -109.68892601   1 
111  31.37074741 -109.68891321   1 
115  31.37071360 -109.68890609 
120 Linear Feature 7
111  31.37144871 -109.68763094   1 
111  31.37089257 -109.68885439   1 
111  31.37087491 -109.68887163   1 
111  31.37085725 -109.68888886   1 
111  31.37082489 -109.68890264   1 
111  31.37079252 -109.68890609   1 
111  31.36999214 -109.68890264   1 
115  31.36940281 -109.68890609 
120 Linear Feature 6
111  31.37253962 -109.68522399   1 
115  31.37145087 -109.68762957 
120 Linear Feature 5
111  31.37350560 -109.68308930   1 
115  31.37254044 -109.68522264 
120 Linear Feature 4
111  31.37446844 -109.68096501   1 
115  31.37350260 -109.68309837 
15   31.37048303 -109.68908368 267.00 Ramp
18   31.36995136 -109.68862912 1 BCN
19   31.37154114 -109.69074937 1 WS
19   31.37427238 -109.68185363 1 WS
51 12280 CTAF/UNICOM
1     4173 0 1 KDGL DOUGLAS MUNI
100   22.86   1   0 0.25 0 2 0 03   31.33488600 -109.50905300    0.00    0.00 2  0 0 0 21   31.34777800 -109.49833900    0.00  182.88 2  0 0 0
100   30.48   4   0 0.25 0 0 0 18   31.34694400 -109.50583900    0.00    0.00 1  0 0 0 36   31.33583300 -109.50833100    0.00    0.00 1  0 0 0
21   31.33652788 -109.50812065  2  35.36   3.00 03  PAPI-4L
21   31.34613620 -109.49927167  2 215.37   3.00 21  PAPI-4L
110   1 0.30  35.36 Default taxiway for RWY 03
111  31.33482777 -109.50895694   3 102 
111  31.33452880 -109.50846376   3 102 
111  31.34742124 -109.49775115   3 102 
111  31.34772021 -109.49824440 
112  31.34755245 -109.49838380  31.34763503 -109.49831195   3 102 
111  31.34756359 -109.49819409   3 102 
112  31.34746833 -109.49803693  31.34739689 -109.49791907   3 102 
111  31.34731301 -109.49798877   3 102 
111  31.34107649 -109.50317081   3 102 
111  31.34131593 -109.50356581 
111  31.34123205 -109.50363551   3 102 
111  31.34099261 -109.50324051   3 102 
112  31.33475610 -109.50842256  31.33467221 -109.50849226   3 102 
111  31.33474365 -109.50861011   3 102 
112  31.33483891 -109.50876724  31.33491035 -109.50888509   3 102 
113  31.33499554 -109.50881754 
120 Default hold RWY 03 (near)
111  31.33470740 -109.50875838   4 
115  31.33479128 -109.50868868 
120 Default hold RWY 03 (centre)
111  31.34111168 -109.50343694   4 
115  31.34119556 -109.50336724 
120 Default hold RWY 03 (far)
111  31.34751596 -109.49811551   4 
115  31.34759984 -109.49804581 
19   31.33489604 -109.50948571 1 WS
19   31.34713599 -109.50530540 1 WS
19   31.34776792 -109.49790623 1 WS
19   31.33564100 -109.50886452 1 WS
51 12280 CTAF/UNICOM
1     4200 0 1 2AZ9 Tribal Air
100   30.48   5   0 0.25 0 0 0 04   31.59758794 -109.65831616    0.00    0.00 1  0 0 0 22   31.60704760 -109.64460052    0.00    0.00 1  0 0 0
100   30.48   5   0 0.25 0 0 0 17   31.60846111 -109.65133244    0.00    0.00 1  0 0 0 35   31.59617443 -109.65158424    0.00    0.00 1  0 0 0
19   31.59773505 -109.65887044 1 WS
19   31.60872819 -109.65084377 1 WS
19   31.60690044 -109.64404620 1 WS
19   31.59590735 -109.65207284 1 WS