1     2820 0 1 71TA Bates Field
100   24.38   5   0 0.25 0 1 0 16   31.83938452 -102.23510615    0.00    0.00 1  0 0 0 34   31.82753714 -102.23239553    0.00    0.00 1  0 0 0
100   18.29   5   0 0.25 0 0 0 07   31.83293744 -102.23692013    0.00    0.00 1  0 0 0 25   31.83398422 -102.23058155    0.00    0.00 1  0 0 0
18   31.83360738 -102.23286336 1 BCN
19   31.83314836 -102.23716574 1 WS
19   31.83966274 -102.23477510 1 WS
19   31.83377329 -102.23033595 1 WS
19   31.82725893 -102.23272654 1 WS
1     2552 0 1 E13  CRANE CO
100   21.34   1   0 0.25 0 1 0 12   31.42138900 -102.37194400    0.00    0.00 2  0 0 0 30   31.41500000 -102.36277800  136.86    0.00 2  0 0 0
100   15.24   1   0 0.25 0 0 0 15   31.42388900 -102.36583300    0.00    0.00 2  0 0 0 33   31.41500000 -102.36277800   53.64    0.00 2  0 0 0
100   15.24   5   0 0.25 0 0 0 08   31.41500000 -102.37000000    0.00    0.00 1  0 0 0 26   31.41500000 -102.36277800    0.00    0.00 1  0 0 0
21   31.42045728 -102.37011253  1 129.24   3.00 12  VASI
110   1 0.30 129.24 Default taxiway for RWY 12
111  31.42131639 -102.37201350   3 102 
111  31.42094286 -102.37237098   3 102 
111  31.41455419 -102.36320433   3 102 
111  31.41492772 -102.36284687 
112  31.41504917 -102.36302113  31.41498669 -102.36293567   3 102 
111  31.41489747 -102.36302106   3 102 
112  31.41477849 -102.36313491  31.41468927 -102.36322031   3 102 
111  31.41475000 -102.36330744   3 102 
111  31.41779252 -102.36767293   3 102 
111  31.41809169 -102.36738661 
111  31.41815242 -102.36747374   3 102 
111  31.41785325 -102.36776006   3 102 
112  31.42089576 -102.37212555  31.42095649 -102.37221269   3 102 
111  31.42104571 -102.37212729   3 102 
112  31.42116469 -102.37201343  31.42125391 -102.37192803   3 102 
113  31.42119493 -102.37183923 
110   1 0.30 163.65 Default taxiway for RWY 15
111  31.42387033 -102.36590758   3 
111  31.42377320 -102.36629567   3 
111  31.41488424 -102.36324034   3 
111  31.41498137 -102.36285229 
112  31.41511297 -102.36289753  31.41504654 -102.36287744   3 
111  31.41502338 -102.36296996   3 
112  31.41499250 -102.36309333  31.41496934 -102.36318586   3 
111  31.41503514 -102.36320848   3 
111  31.41931512 -102.36467959   3 
111  31.41939295 -102.36436863 
111  31.41945875 -102.36439124   3 
111  31.41938092 -102.36470220   3 
112  31.42366090 -102.36617333  31.42372670 -102.36619594   3 
111  31.42374986 -102.36610341   3 
112  31.42378074 -102.36598003  31.42380390 -102.36588749   3 
113  31.42373873 -102.36586235 
120 Default hold RWY 12 (near)
111  31.42116593 -102.37215749   4 
115  31.42110520 -102.37207036 
120 Default hold RWY 15 (near)
111  31.42383110 -102.36606434   4 
115  31.42376530 -102.36604172 
120 Default hold RWY 12 (centre)
111  31.41800196 -102.36761773   4 
115  31.41794123 -102.36753060 
120 Default hold RWY 15 (centre)
111  31.41941952 -102.36454799   4 
115  31.41935372 -102.36452538 
120 Default hold RWY 12 (far)
111  31.41483798 -102.36307799   4 
115  31.41477726 -102.36299086 
120 Default hold RWY 15 (far)
111  31.41500794 -102.36303165   4 
115  31.41494214 -102.36300902 
19   31.41520572 -102.37016072 1 WS
19   31.42173353 -102.37190478 1 WS
19   31.42407850 -102.36564689 1 WS
19   31.41481049 -102.36296409 1 WS
19   31.41465548 -102.36281726 1 WS
19   31.41479428 -102.36261730 1 WS
51 12290 CTAF
1     2985 0 1 TE33 Eagles Nest
100   36.58   3   0 0.25 0 0 0 13   31.68729561 -102.18766114    0.00    0.00 1  0 0 0 31   31.67963605 -102.17983664    0.00    0.00 1  0 0 0
100   36.58   4   0 0.25 0 0 0 11   31.68512811 -102.18727294    0.00    0.00 1  0 0 0 29   31.68180355 -102.18022484    0.00    0.00 1  0 0 0
19   31.68571952 -102.18732998 1 WS
19   31.68786795 -102.18747704 1 WS
19   31.67906371 -102.18002077 1 WS
19   31.68121214 -102.18016784 1 WS
1     2667 0 1 8F2  J-Bar Ranch
100   15.24   5   0 0.25 0 0 0 15   31.53213892 -102.53010339    0.00    0.00 1  0 0 0 33   31.52368830 -102.52629773    0.00    0.00 1  0 0 0
100   12.19   5   0 0.25 0 0 0 06   31.52663571 -102.53210611    0.00    0.00 1  0 0 0 24   31.52919151 -102.52429501    0.00    0.00 1  0 0 0
19   31.52675004 -102.53229548 1 WS
19   31.53234069 -102.52993573 1 WS
19   31.52907718 -102.52410565 1 WS
19   31.52348654 -102.52646538 1 WS
1     2871 1 1 KMAF MIDLAND INTL
100   45.72   1   0 0.25 0 0 0 16R  31.95940600 -102.20551900    0.00  191.11 2  0 0 0 34L  31.93338900 -102.20286900    0.00    0.00 2  0 0 0
100   45.72   1   0 0.25 0 3 0 10   31.94764400 -102.21635000    0.00    0.00 3  8 0 0 28   31.93851400 -102.19182800  210.92    0.00 2 10 0 0
100   22.86   1   0 0.25 0 0 0 04   31.93170300 -102.20375600    0.00  180.75 2  0 0 0 22   31.93920300 -102.19179400    0.00    0.00 2  0 0 0
100   30.48   1   0 0.25 0 2 0 16L  31.94649200 -102.19747500    0.00    0.00 2  0 0 0 34R  31.93458100 -102.19678100    0.00    0.00 2  0 0 0
21   31.94679721 -102.21296959  1 113.68   3.00 10  VASI
21   31.95764527 -102.20489395  1 175.06   3.00 16R VASI
21   31.93965523 -102.19599670  1 293.70   3.00 28  VASI
21   31.93514974 -102.20349384  1 355.06   3.00 34L VASI
110   1 0.00  84.64 xxx
111  31.94961022 -102.20556109 
111  31.94968709 -102.20459552 
111  31.94996018 -102.20462571 
113  31.94988331 -102.20559128 
110   1 0.00  81.00 xxx
111  31.93667749 -102.20491409 
111  31.93843679 -102.19182495 
111  31.93870771 -102.19187551 
113  31.93694841 -102.20496465 
110   1 0.00 174.64 xxx
111  31.95916850 -102.20760176 
111  31.94196328 -102.20569930 
111  31.94198890 -102.20537744 
113  31.95919412 -102.20727990 
110   1 0.00 174.64 xxx
111  31.94201867 -102.20702902 
111  31.93246022 -102.20597224 
111  31.93258833 -102.20436318 
113  31.94214678 -102.20541996 
110   1 0.00 174.64 xxx
111  31.95255272 -102.20608027 
111  31.94299426 -102.20502338 
111  31.94301988 -102.20470153 
113  31.95257834 -102.20575842 
110   1 0.00  23.51 xxx
111  31.94649233 -102.21659379 
111  31.94749845 -102.21607798 
111  31.94760787 -102.21637441 
113  31.94660175 -102.21689022 
110   1 0.00 140.00 xxx
111  31.93274345 -102.20473708 
111  31.93169283 -102.20369831 
111  31.93186915 -102.20345072 
113  31.93291977 -102.20448949 
110   1 0.00  25.00 xxx
111  31.94191124 -102.20538764 
111  31.94315423 -102.20470460 
111  31.94327016 -102.20499756 
113  31.94202717 -102.20568060 
110   1 0.00  84.64 xxx
111  31.95228539 -102.20658486 
111  31.95241351 -102.20497554 
111  31.95268661 -102.20500574 
113  31.95255849 -102.20661506 
110   1 0.00  84.64 xxx
111  31.95888489 -102.20734022 
111  31.95901301 -102.20573078 
111  31.95928611 -102.20576098 
113  31.95915799 -102.20737042 
110   1 0.00 174.64 xxx
111  31.93366413 -102.20300693 
111  31.93229864 -102.20285597 
111  31.93233707 -102.20237327 
113  31.93370256 -102.20252423 
110   1 0.00  70.00 xxx
111  31.93288778 -102.20454549 
111  31.93345067 -102.20272317 
111  31.93370842 -102.20283371 
113  31.93314553 -102.20465603 
110   1 0.00  30.00 xxx
111  31.93685265 -102.20478040 
111  31.93899060 -102.20332588 
111  31.93912775 -102.20360580 
113  31.93698980 -102.20506032 
110   1 0.00  46.00 xxx
111  31.93449464 -102.19672606 
111  31.93849605 -102.19184341 
111  31.93869336 -102.19206794 
113  31.93469195 -102.19695059 
110   1 0.00  57.00 xxx
111  31.94285575 -102.20361404 
111  31.94629180 -102.19737870 
111  31.94652185 -102.19755476 
113  31.94308580 -102.20379010 
110   1 0.00  23.51 xxx
111  31.94509613 -102.21269509 
111  31.94610225 -102.21217929 
111  31.94621167 -102.21247571 
113  31.94520555 -102.21299151 
110   1 0.00 113.51 xxx
111  31.94646842 -102.21696962 
111  31.94231046 -102.20570573 
111  31.94256198 -102.20557678 
113  31.94671994 -102.21684067 
130 Airport Boundary 9
111  31.92516425 -102.21009989 
111  31.93786770 -102.18641475 
111  31.94394857 -102.18839747 
111  31.94185040 -102.19255014 
111  31.94759596 -102.19688063 
111  31.94729131 -102.20178587 
111  31.96557594 -102.20334089 
111  31.96542361 -102.20968244 
111  31.95222194 -102.20854575 
111  31.95074945 -102.21255408 
111  31.95272970 -102.21596416 
111  31.95029247 -102.21739998 
111  31.95404987 -102.22703196 
111  31.94983549 -102.22960447 
111  31.94648430 -102.22003232 
111  31.94506258 -102.22092971 
111  31.94150828 -102.21907511 
113  31.94049277 -102.22009215 
18   31.94652194 -102.20250287 4 BCN
19   31.93182783 -102.20416608 1 WS
19   31.94837446 -102.21650189 1 WS
19   31.95986907 -102.20483603 1 WS
19   31.94678628 -102.19700666 1 WS
19   31.93428672 -102.19724927 1 WS
19   31.93778350 -102.19167631 1 WS
19   31.93907814 -102.19138391 1 WS
19   31.93292594 -102.20355178 1 WS
50 12680 ATIS
51 11870 CTAF
51 12295 UNICOM
52 11805 CLNC DEL
53 12190 GND
54 11870 TWR
55 12110 APP/DEP
55 12460 APP/DEP
1     3004 0 1 KODO ODESSA SCHLEMEYER FLD
100   22.86   1   0 0.25 0 2 0 02   31.91406700 -102.39267500    0.00    0.00 2  0 0 0 20   31.92768600 -102.38358100    0.00    0.00 2  0 0 0
100   22.86   1   0 0.25 0 2 0 16   31.92799400 -102.39081900    0.00    0.00 2  0 0 0 34   31.91473300 -102.38655800    0.00    0.00 2  0 0 0
100   18.29   1   0 0.25 0 0 0 11   31.92121400 -102.38776400    0.00    0.00 2  0 0 0 29   31.91656400 -102.37818900    0.00  762.00 2  0 0 0
21   31.91576790 -102.39191025  1  29.54   3.00 02  VASI
21   31.92632964 -102.38994968  1 164.74   3.00 16  VASI
21   31.92598515 -102.38434604  1 209.55   3.00 20  VASI
21   31.91639739 -102.38742713  1 344.75   3.00 34  VASI
110   1 0.30  29.54 Default taxiway for RWY 02
111  31.91401739 -102.39257188   3 102 
111  31.91376271 -102.39204244   3 102 
111  31.92738203 -102.38294970   3 102 
111  31.92763671 -102.38347921 
112  31.92745773 -102.38359870  31.92754611 -102.38353665   3 102 
111  31.92748526 -102.38341012   3 102 
112  31.92740411 -102.38324141  31.92734325 -102.38311488   3 102 
111  31.92725376 -102.38317463   3 102 
111  31.92066783 -102.38757163   3 102 
111  31.92087180 -102.38799567 
111  31.92078231 -102.38805542   3 102 
111  31.92057834 -102.38763138   3 102 
112  31.91399240 -102.39202838  31.91390291 -102.39208812   3 102 
111  31.91396377 -102.39221463   3 102 
112  31.91404492 -102.39238331  31.91410577 -102.39250982   3 102 
113  31.91419637 -102.39245239 
110   1 0.30 119.77 Default taxiway for RWY 11
111  31.92114453 -102.38781083   3 
111  31.92078544 -102.38805286   3 
111  31.91613580 -102.37847736   3 
111  31.91649489 -102.37823534 
112  31.91657661 -102.37840364  31.91653379 -102.37832081   3 
111  31.91644808 -102.37837858   3 
112  31.91633380 -102.37845560  31.91624809 -102.37851337   3 
111  31.91628895 -102.37859752   3 
111  31.91851162 -102.38317489   3 
111  31.91879928 -102.38298101 
111  31.91884014 -102.38306516   3 
111  31.91855248 -102.38325904   3 
112  31.92077514 -102.38783641  31.92081601 -102.38792057   3 
111  31.92090172 -102.38786279   3 
112  31.92101600 -102.38778576  31.92110171 -102.38772799   3 
113  31.92106280 -102.38764252 
110   1 0.30 164.74 Default taxiway for RWY 16
111  31.92796753 -102.39093337   3 102 
111  31.92783160 -102.39152056   3 102 
111  31.91457067 -102.38725885   3 102 
111  31.91470660 -102.38667174 
112  31.91490507 -102.38673552  31.91480524 -102.38670619   3 102 
111  31.91477276 -102.38684648   3 102 
112  31.91472946 -102.38703354  31.91469698 -102.38717383   3 102 
111  31.91479621 -102.38720572   3 102 
111  31.92117859 -102.38925684   3 102 
111  31.92128745 -102.38878661 
111  31.92138668 -102.38881850   3 102 
111  31.92127782 -102.38928873   3 102 
112  31.92766020 -102.39133985  31.92775943 -102.39137174   3 102 
111  31.92779191 -102.39123143   3 102 
112  31.92783521 -102.39104435  31.92786769 -102.39090404   3 102 
113  31.92776906 -102.39086959 
120 Default hold RWY 02 (near)
111  31.91391485 -102.39235872   4 
115  31.91400434 -102.39229897 
120 Default hold RWY 11 (near)
111  31.92099972 -102.38790843   4 
115  31.92095886 -102.38782428 
120 Default hold RWY 16 (near)
111  31.92791280 -102.39116978   4 
115  31.92781356 -102.39113789 
120 Default hold RWY 02 (centre)
111  31.92067977 -102.38784225   4 
115  31.92076926 -102.38778250 
120 Default hold RWY 11 (centre)
111  31.91869533 -102.38316276   4 
115  31.91865447 -102.38307861 
120 Default hold RWY 16 (centre)
111  31.92133195 -102.38905489   4 
115  31.92123272 -102.38902300 
120 Default hold RWY 02 (far)
111  31.92744468 -102.38332576   4 
115  31.92753417 -102.38326602 
120 Default hold RWY 11 (far)
111  31.91639094 -102.37841709   4 
115  31.91635008 -102.37833294 
120 Default hold RWY 16 (far)
111  31.91475111 -102.38694001   4 
115  31.91465187 -102.38690812 
18   31.92155409 -102.38787179 1 BCN
19   31.91403949 -102.39310936 1 WS
19   31.92151001 -102.38778788 1 WS
19   31.92827331 -102.39053356 1 WS
19   31.91445369 -102.38684341 1 WS
19   31.91626799 -102.37816515 1 WS
19   31.92771348 -102.38314656 1 WS
50 11927 ASOS
51 12300 CTAF/UNICOM
52 12170 CLNC DEL
55 12460 MIDLAND APP/DEP
1     2615 0 1 E01  ROY HURD MEM
100   22.86   1   0 0.25 0 2 0 12   31.58600800 -102.91414700    0.00    0.00 2  0 0 0 30   31.57898100 -102.90317500    0.00   69.19 2  0 0 0
100   22.86   1   0 0.25 0 2 0 01   31.57867500 -102.91115800    0.00   89.61 2  0 0 0 19   31.58623900 -102.90800300    0.00  112.17 2  0 0 0
21   31.58514540 -102.91226495  1 126.93   3.00 12  VASI
110   1 0.30  19.56 Default taxiway for RWY 01
111  31.57864131 -102.91104672   3 102 
111  31.57846837 -102.91047536   3 102 
111  31.58603241 -102.90732057   3 102 
111  31.58620535 -102.90789197 
112  31.58601150 -102.90797282  31.58610767 -102.90792990   3 102 
111  31.58606634 -102.90779336   3 102 
112  31.58601124 -102.90761131  31.58596992 -102.90747477   3 102 
111  31.58587300 -102.90751520   3 102 
111  31.58233329 -102.90899153   3 102 
111  31.58247179 -102.90944913 
111  31.58237487 -102.90948955   3 102 
111  31.58223637 -102.90903195   3 102 
112  31.57869666 -102.91050829  31.57859974 -102.91054872   3 102 
111  31.57864106 -102.91068524   3 102 
112  31.57869616 -102.91086728  31.57873749 -102.91100381   3 102 
113  31.57883516 -102.91096587 
110   1 0.30 126.93 Default taxiway for RWY 12
111  31.58592758 -102.91421797   3 102 
111  31.58551467 -102.91458234   3 102 
111  31.57848814 -102.90360948   3 102 
111  31.57890105 -102.90324513 
112  31.57902466 -102.90343817  31.57896106 -102.90334324   3 102 
111  31.57886239 -102.90343030   3 102 
112  31.57873084 -102.90354638  31.57863217 -102.90363345   3 102 
111  31.57869397 -102.90372997   3 102 
111  31.58205272 -102.90897510   3 102 
111  31.58238341 -102.90868330 
111  31.58244522 -102.90877982   3 102 
111  31.58211453 -102.90907162   3 102 
112  31.58547327 -102.91431674  31.58553508 -102.91441326   3 102 
111  31.58563375 -102.91432619   3 102 
112  31.58576530 -102.91421010  31.58586397 -102.91412304   3 102 
113  31.58580396 -102.91402493 
120 Default hold RWY 01 (near)
111  31.57857168 -102.91081668   4 
115  31.57866861 -102.91077626 
120 Default hold RWY 12 (near)
111  31.58576134 -102.91436467   4 
115  31.58569953 -102.91426815 
120 Default hold RWY 01 (centre)
111  31.58230524 -102.90925951   4 
115  31.58240216 -102.90921909 
120 Default hold RWY 12 (centre)
111  31.58227898 -102.90892651   4 
115  31.58221717 -102.90882999 
120 Default hold RWY 01 (far)
111  31.58603879 -102.90770234   4 
115  31.58613572 -102.90766191 
120 Default hold RWY 12 (far)
111  31.57879662 -102.90348834   4 
115  31.57873481 -102.90339182 
18   31.58307013 -102.90815515 1 BCN
19   31.57858401 -102.91157865 1 WS
19   31.58637719 -102.91412334 1 WS
19   31.57861182 -102.90319870 1 WS
19   31.58632998 -102.90758231 1 WS
51 12280 CTAF/UNICOM
1     2800 0 1 7T7  SKYWEST INC
100   12.80   1   0 0.25 0 2 0 16   31.86500000 -102.07583300    0.00    0.00 2  0 0 0 34   31.85166700 -102.07166700    0.00    0.00 2  0 0 0
100   13.72   4   0 0.25 0 0 0 06   31.85027800 -102.07722200    0.00    0.00 1  0 0 0 24   31.85250000 -102.06861100    0.00    0.00 1  0 0 0
110   1 0.30 165.14 Default taxiway for RWY 16
111  31.86498580 -102.07589599   3 102 
111  31.86491134 -102.07622633   3 102 
111  31.85157841 -102.07205967   3 102 
111  31.85165287 -102.07172938 
112  31.85176422 -102.07176418  31.85170796 -102.07174935   3 102 
111  31.85169023 -102.07182800   3 102 
112  31.85166659 -102.07193287  31.85164886 -102.07201153   3 102 
111  31.85170454 -102.07202892   3 102 
111  31.85823182 -102.07406875   3 102 
111  31.85829150 -102.07380399 
111  31.85834717 -102.07382139   3 102 
111  31.85828749 -102.07408615   3 102 
112  31.86481477 -102.07612597  31.86487044 -102.07614337   3 102 
111  31.86488817 -102.07606471   3 102 
112  31.86491181 -102.07595982  31.86492954 -102.07588115   3 102 
113  31.86487445 -102.07586119 
120 Default hold RWY 16 (near)
111  31.86495567 -102.07602966   4 
115  31.86489999 -102.07601226 
120 Default hold RWY 16 (centre)
111  31.85831704 -102.07395505   4 
115  31.85826137 -102.07393765 
120 Default hold RWY 16 (far)
111  31.85167841 -102.07188044   4 
115  31.85162274 -102.07186303 
18   31.85843834 -102.07329128 1 BCN
19   31.85041796 -102.07742394 1 WS
19   31.86515568 -102.07567114 1 WS
19   31.85151133 -102.07182885 1 WS
19   31.85236002 -102.06840908 1 WS
51 12290 CTAF
1     2433 0 1 E48  UPTON CO
100   42.67   3   0 0.25 0 0 0 06   31.11916700 -102.23111100    0.00    0.00 1  0 0 0 24   31.12444400 -102.21833100    0.00    0.00 1  0 0 0
100   22.86   1   0 0.25 0 1 0 10   31.12722200 -102.23138900    0.00    0.00 2  0 0 0 28   31.12305600 -102.21916700    0.00    0.00 2  0 0 0
100   36.58   3   0 0.25 0 0 0 15   31.12972200 -102.22694400    0.00    0.00 1  0 0 0 33   31.12000000 -102.22222200    0.00    0.00 1  0 0 0
110   1 0.30 111.71 Default taxiway for RWY 10
111  31.12712852 -102.23143247   3 102 
111  31.12664860 -102.23165568   3 102 
111  31.12248318 -102.21943313   3 102 
111  31.12296310 -102.21920993 
112  31.12303919 -102.21943321  31.12299905 -102.21932254   3 102 
111  31.12288437 -102.21937588   3 102 
112  31.12273147 -102.21944699  31.12261679 -102.21950032   3 102 
111  31.12265484 -102.21961196   3 102 
111  31.12464243 -102.22544414   3 102 
111  31.12502678 -102.22526538 
111  31.12506483 -102.22537702   3 102 
111  31.12468048 -102.22555578   3 102 
112  31.12666808 -102.23138795  31.12670612 -102.23149959   3 102 
111  31.12682080 -102.23144626   3 102 
112  31.12697370 -102.23137514  31.12708838 -102.23132181   3 102 
113  31.12705243 -102.23120919 
120 Default hold RWY 10 (near)
111  31.12693530 -102.23152234   4 
115  31.12689725 -102.23141070 
120 Default hold RWY 10 (centre)
111  31.12487161 -102.22546689   4 
115  31.12483356 -102.22535525 
120 Default hold RWY 10 (far)
111  31.12280792 -102.21941143   4 
115  31.12276988 -102.21929979 
19   31.11951896 -102.23180737 1 WS
19   31.12758352 -102.23147953 1 WS
19   31.13021549 -102.22655905 1 WS
19   31.12269448 -102.21907652 1 WS
19   31.11950651 -102.22260693 1 WS
19   31.12409197 -102.21763465 1 WS
51 12290 CTAF
17    2815 0 1 70TA [H] BTA
102 H1   31.99679000 -102.08069278   0.00   45.72   45.72   1 2   0 0.25 0
19   31.99740717 -102.07996505 1 WS