1      450 0 1 T68  Bolton
100    9.14   3   0 0.25 0 0 0 11   31.91856922 -095.21001475    0.00    0.00 1  0 0 0 29   31.91621244 -095.20432193    0.00    0.00 1  0 0 0
19   31.91871623 -095.21003814 1 WS
19   31.91606542 -095.20429855 1 WS
1      387 0 1 8TS3 Bruner
100   15.24   3   0 0.25 0 0 0 17   31.39359953 -095.47356185    0.00    0.00 1  0 0 0 35   31.38675879 -095.47300149    0.00    0.00 1  0 0 0
19   31.39375069 -095.47333264 1 WS
19   31.38660763 -095.47323068 1 WS
1      215 0 1 89TS CARTER RANCH
100   22.86   1   0 0.25 0 0 0 18   31.57416700 -095.76666700    0.00    0.00 2  0 0 0 36   31.55972200 -095.76666700    0.00    0.00 2  0 0 0
110   1 0.30 180.00 Default taxiway for RWY 18
111  31.57416700 -095.76678509   3 
111  31.57416700 -095.76739141   3 
111  31.55972200 -095.76739130   3 
111  31.55972200 -095.76678508 
112  31.55992772 -095.76678508  31.55982486 -095.76678772   3 
111  31.55982486 -095.76693258   3 
112  31.55982486 -095.76712572  31.55982486 -095.76727058   3 
111  31.55992772 -095.76727058   3 
111  31.56689307 -095.76727063   3 
111  31.56689307 -095.76678509 
111  31.56699593 -095.76678509   3 
111  31.56699593 -095.76727063   3 
112  31.57396128 -095.76727067  31.57406414 -095.76727067   3 
111  31.57406414 -095.76712579   3 
112  31.57406414 -095.76693262  31.57406414 -095.76678773   3 
113  31.57396128 -095.76678509 
120 Default hold RWY 18 (near)
111  31.57416700 -095.76702921   4 
115  31.57406414 -095.76702920 
120 Default hold RWY 18 (centre)
111  31.56699593 -095.76702918   4 
115  31.56689307 -095.76702918 
120 Default hold RWY 18 (far)
111  31.55982486 -095.76702915   4 
115  31.55972200 -095.76702915 
19   31.57437272 -095.76630640 1 WS
19   31.55951628 -095.76702754 1 WS
1      677 0 1 KJSO CHEROKEE CO
100   22.86   1   0 0.25 0 2 0 14   31.87460600 -095.22258100    0.00    0.00 2  0 0 1 32   31.86404400 -095.21221900    0.00    0.00 2  0 0 0
21   31.87341585 -095.22095207  2 140.20   3.00 14  PAPI-4L
21   31.86523429 -095.21384761  2 320.20   3.00 32  PAPI-4L
110   1 0.30 140.20 Default taxiway for RWY 14
111  31.87454159 -095.22267202   3 102 
111  31.87421092 -095.22313934   3 102 
111  31.86364934 -095.21277608   3 102 
111  31.86398001 -095.21230882 
112  31.86413806 -095.21246390  31.86405759 -095.21238840   3 102 
111  31.86397858 -095.21250005   3 102 
112  31.86387322 -095.21264892  31.86379421 -095.21276058   3 102 
111  31.86387324 -095.21283812   3 102 
111  31.86895647 -095.21782589   3 102 
111  31.86922129 -095.21745166 
111  31.86930031 -095.21752920   3 102 
111  31.86903549 -095.21790343   3 102 
112  31.87411872 -095.22289120  31.87419775 -095.22296874   3 102 
111  31.87427676 -095.22285707   3 102 
112  31.87438212 -095.22270818  31.87446113 -095.22259652   3 102 
113  31.87438354 -095.22251694 
120 Default hold RWY 14 (near)
111  31.87440846 -095.22286017   4 
115  31.87432944 -095.22278263 
120 Default hold RWY 14 (centre)
111  31.86916718 -095.21771733   4 
115  31.86908816 -095.21763979 
120 Default hold RWY 14 (far)
111  31.86392590 -095.21257449   4 
115  31.86384688 -095.21249695 
18   31.86978727 -095.21675127 1 BCN
19   31.87496071 -095.22245815 1 WS
19   31.86368930 -095.21234188 1 WS
50 11907 AWOS 3
51 12270 CTAF/UNICOM
55 12875 LONGVIEW APP/DEP
1      348 0 1 KDKR Crockett Houston County
100   22.86   1   0 0.25 0 2 0 02   31.30178300 -095.40617800    0.00    0.00 2  0 0 0 20   31.31207500 -095.40148300    0.00    0.00 2  0 0 0
21   31.31029859 -095.40194945  1 201.30   3.00 20  VASI
110   1 0.30  21.29 Default taxiway for RWY 02
111  31.30174646 -095.40606829   3 102 
111  31.30155889 -095.40550500   3 102 
111  31.31185098 -095.40081043   3 102 
111  31.31203855 -095.40137378 
112  31.31184686 -095.40146121  31.31194190 -095.40141505   3 102 
111  31.31189708 -095.40128044   3 102 
112  31.31183731 -095.40110095  31.31179249 -095.40096633   3 102 
111  31.31169664 -095.40101004   3 102 
111  31.30679020 -095.40324803   3 102 
111  31.30694042 -095.40369918 
111  31.30684458 -095.40374289   3 102 
111  31.30669436 -095.40329174   3 102 
112  31.30178792 -095.40552973  31.30169208 -095.40557344   3 102 
111  31.30173690 -095.40570804   3 102 
112  31.30179667 -095.40588751  31.30184149 -095.40602211   3 102 
113  31.30193814 -095.40598086 
120 Default hold RWY 02 (near)
111  31.30167094 -095.40584150   4 
115  31.30176678 -095.40579778 
120 Default hold RWY 02 (centre)
111  31.30676906 -095.40351609   4 
115  31.30686490 -095.40347238 
120 Default hold RWY 02 (far)
111  31.31186719 -095.40119069   4 
115  31.31196303 -095.40114697 
18   31.30718868 -095.40461509 1 BCN
19   31.30170288 -095.40660043 1 WS
19   31.31215511 -095.40106051 1 WS
50 11877 AWOS 3
51 12290 CTAF
1      385 0 1 81TS Dibrell
100   15.24   3   0 0.25 0 0 0 09   31.44412084 -095.27917463    0.00    0.00 1  0 0 0 27   31.44346138 -095.27182039    0.00    0.00 1  0 0 0
19   31.44433977 -095.27930931 1 WS
19   31.44324244 -095.27168573 1 WS
1      225 0 1 TE01 Dillard Ranch
100   25.91   3   0 0.25 0 0 0 16   31.30743093 -095.79735866    0.00    0.00 1  0 0 0 34   31.30237407 -095.79588302    0.00    0.00 1  0 0 0
19   31.30774144 -095.79702906 1 WS
19   31.30206357 -095.79621260 1 WS
1      370 0 1 63T  Flying S Ranch
100   30.48   1   0 0.25 0 0 0 14   31.35578847 -095.20756837    0.00    0.00 2  0 0 0 32   31.35124041 -095.20397609    0.00    0.00 2  0 0 0
19   31.35624595 -095.20734855 1 WS
19   31.35078293 -095.20419591 1 WS
1      340 0 1 33R  GROVETON TRINITY CO
100   18.29   1   0 0.25 0 1 0 16   31.08952300 -095.16567200    0.00    0.00 2  0 0 0 34   31.08028800 -095.16253400    0.00    0.00 2  0 0 0
110   1 0.30 163.77 Default taxiway for RWY 16
111  31.08950063 -095.16576174   3 102 
111  31.08938504 -095.16622559   3 102 
111  31.08015008 -095.16308723   3 102 
111  31.08026567 -095.16262343 
112  31.08042369 -095.16267713  31.08034406 -095.16265281   3 102 
111  31.08031646 -095.16276351   3 102 
112  31.08027967 -095.16291112  31.08025208 -095.16302183   3 102 
111  31.08033109 -095.16304868   3 102 
111  31.08475104 -095.16455072   3 102 
111  31.08484364 -095.16417916 
111  31.08492265 -095.16420601   3 102 
111  31.08483005 -095.16457757   3 102 
112  31.08925001 -095.16607962  31.08932902 -095.16610647   3 102 
111  31.08935661 -095.16599575   3 102 
112  31.08939340 -095.16584813  31.08942100 -095.16573741   3 102 
113  31.08934261 -095.16570804 
120 Default hold RWY 16 (near)
111  31.08945402 -095.16594879   4 
115  31.08937501 -095.16592194 
120 Default hold RWY 16 (centre)
111  31.08487604 -095.16439305   4 
115  31.08479703 -095.16436620 
120 Default hold RWY 16 (far)
111  31.08029807 -095.16283732   4 
115  31.08021906 -095.16281047 
18   31.08506705 -095.16345722 1 BCN
19   31.08975000 -095.16544891 1 WS
19   31.08006101 -095.16275708 1 WS
51 12290 CTAF
1      315 0 1 47TS Hensarling
100   12.19   3   0 0.25 0 0 0 08   31.04777754 -095.92188730    0.00    0.00 1  0 0 0 26   31.04815078 -095.91357438    0.00    0.00 1  0 0 0
19   31.04793614 -095.92202525 1 WS
19   31.04799217 -095.91343644 1 WS
1      420 0 1 1TA4 Last Resort
100   15.24   3   0 0.25 0 0 0 15   31.46139476 -095.29755799    0.00    0.00 1  0 0 0 33   31.45563134 -095.29454979    0.00    0.00 1  0 0 0
19   31.46160373 -095.29740306 1 WS
19   31.45542238 -095.29470472 1 WS
1      391 0 1 TX25 LOCHRIDGE RANCH
100   18.29   1   0 0.25 0 2 0 17   31.99611100 -095.95250000    0.00    0.00 2  0 0 0 35   31.98277800 -095.94972200    0.00    0.00 2  0 0 0
21   31.99438269 -095.95183658  1 169.98   3.00 17  VASI
21   31.98450632 -095.95038528  1 349.98   3.00 35  VASI
110   1 0.30 169.98 Default taxiway for RWY 17
111  31.99609707 -095.95259294   3 102 
111  31.99602507 -095.95307329   3 102 
111  31.98269210 -095.95029481   3 102 
111  31.98276410 -095.94981452 
112  31.98292617 -095.94984829  31.98284474 -095.94983402   3 102 
111  31.98282755 -095.94994866   3 102 
112  31.98280464 -095.95010151  31.98278746 -095.95021616   3 102 
111  31.98286850 -095.95023305   3 102 
111  31.98933240 -095.95158006   3 102 
111  31.98939007 -095.95119528 
111  31.98947110 -095.95121217   3 102 
111  31.98941343 -095.95159695   3 102 
112  31.99587733 -095.95294397  31.99595837 -095.95296086   3 102 
111  31.99597555 -095.95284620   3 102 
112  31.99599846 -095.95269332  31.99601565 -095.95257866   3 102 
113  31.99593500 -095.95255917 
120 Default hold RWY 17 (near)
111  31.99606804 -095.95278665   4 
115  31.99598701 -095.95276976 
120 Default hold RWY 17 (centre)
111  31.98944207 -095.95140587   4 
115  31.98936104 -095.95138898 
120 Default hold RWY 17 (far)
111  31.98281610 -095.95002509   4 
115  31.98273507 -095.95000821 
18   31.98954488 -095.95044202 1 BCN
19   31.99631603 -095.95224712 1 WS
19   31.98257297 -095.94997485 1 WS
1      300 0 1 80TS M Y Ranch
100   30.48   3   0 0.25 0 0 0 13   31.33019547 -095.57584963    0.00    0.00 1  0 0 0 31   31.32516397 -095.57016149    0.00    0.00 1  0 0 0
19   31.33067860 -095.57572622 1 WS
19   31.32468084 -095.57028492 1 WS
1      315 0 1 24TA Moore Ranch
100   21.34   3   0 0.25 0 0 0 17   31.21665814 -095.82773328    0.00    0.00 1  0 0 0 35   31.20981740 -095.82717396    0.00    0.00 1  0 0 0
19   31.21686977 -095.82741299 1 WS
19   31.20960577 -095.82749423 1 WS
1      423 0 1 KPSN PALESTINE MUNI
100   30.48   1   0 0.25 0 2 0 18   31.78871400 -095.70626400    0.00    0.00 2  0 0 0 36   31.77495300 -095.70641100    0.00    0.00 2  0 0 1
100   22.86   1   0 0.25 0 2 0 09   31.77707500 -095.71270800    0.00    0.00 2  0 0 0 27   31.77696700 -095.69982800    0.00    0.00 2  0 0 0
110   1 0.30  90.56 Default taxiway for RWY 09
111  31.77697439 -095.71270916   3 102 
111  31.77645786 -095.71271512   3 102 
111  31.77635051 -095.69983510   3 102 
111  31.77686704 -095.69982914 
112  31.77686906 -095.70007113  31.77686580 -095.69995017   3 102 
111  31.77674237 -095.69995159   3 102 
112  31.77657780 -095.69995349  31.77645438 -095.69995491   3 102 
111  31.77645539 -095.70007590   3 102 
111  31.77650654 -095.70621343   3 102 
111  31.77692021 -095.70620866 
111  31.77692122 -095.70632965   3 102 
111  31.77650755 -095.70633442   3 102 
112  31.77655870 -095.71247194  31.77655971 -095.71259294   3 102 
111  31.77668313 -095.71259152   3 102 
112  31.77684770 -095.71258962  31.77697113 -095.71258820   3 102 
113  31.77697237 -095.71246717 
110   1 0.30 180.52 Default taxiway for RWY 18
111  31.78871523 -095.70642270   3 102 
111  31.78872147 -095.70723207   3 102 
111  31.77496047 -095.70737895   3 102 
111  31.77495423 -095.70656970 
112  31.77522852 -095.70656677  31.77509139 -095.70657088   3 102 
111  31.77509288 -095.70676447   3 102 
112  31.77509487 -095.70702258  31.77509637 -095.70721617   3 102 
111  31.77523352 -095.70721470   3 102 
111  31.78177116 -095.70714491   3 102 
111  31.78176616 -095.70649693 
111  31.78190330 -095.70649547   3 102 
111  31.78190830 -095.70714345   3 102 
112  31.78844594 -095.70707366  31.78858309 -095.70707220   3 102 
111  31.78858159 -095.70687858   3 102 
112  31.78857960 -095.70662043  31.78857811 -095.70642682   3 102 
113  31.78844094 -095.70642563 
120 Default hold RWY 09 (near)
111  31.77676643 -095.71271156   4 
115  31.77676542 -095.71259057 
120 Default hold RWY 18 (near)
111  31.78871774 -095.70674804   4 
115  31.78858060 -095.70674951 
120 Default hold RWY 09 (centre)
111  31.77671326 -095.70633205   4 
115  31.77671225 -095.70621106 
120 Default hold RWY 18 (centre)
111  31.78190581 -095.70682078   4 
115  31.78176867 -095.70682224 
120 Default hold RWY 09 (far)
111  31.77666009 -095.69995254   4 
115  31.77665908 -095.69983154 
120 Default hold RWY 18 (far)
111  31.77509388 -095.70689353   4 
115  31.77495674 -095.70689499 
18   31.78182617 -095.70520816 1 BCN
19   31.77738422 -095.71294645 1 WS
19   31.78898455 -095.70577703 1 WS
19   31.77468245 -095.70689789 1 WS
19   31.77665776 -095.69958960 1 WS
50 11802 AWOS 3
51 12270 CTAF/UNICOM
55 13525 FORT WORTH CNTR
1      337 0 1 7XS3 W C Ranch
100   15.24   3   0 0.25 0 0 0 16   31.48002633 -095.63596456    0.00    0.00 1  0 0 0 34   31.47310643 -095.63394156    0.00    0.00 1  0 0 0
19   31.48020917 -095.63576941 1 WS
19   31.47292358 -095.63413670 1 WS
1      251 0 1 TA70 W J E
100   21.34   2   0 0.25 0 0 0 17   31.78777800 -095.89833100    0.00    0.00 2  0 0 0 35   31.77944400 -095.89666700    0.00    0.00 2  0 0 0
110   2 0.30 170.37 Default taxiway for RWY 17
111  31.78776231 -095.89843974  53 
111  31.78768161 -095.89899912  53 
111  31.77934762 -095.89733491  53 
111  31.77942832 -095.89677558 
112  31.77961762 -095.89681338  31.77952259 -095.89679709  53 
111  31.77950332 -095.89693070  53 
112  31.77947761 -095.89710885  31.77945833 -095.89724247  53 
111  31.77955298 -095.89726137  53 
111  31.78348335 -095.89804621  53 
111  31.78354799 -095.89759821 
111  31.78364264 -095.89761712  53 
111  31.78357800 -095.89806512  53 
112  31.78750837 -095.89884996  31.78760302 -095.89886886  53 
111  31.78762230 -095.89873524  53 
112  31.78764801 -095.89855708  31.78766728 -095.89842345  53 
113  31.78757301 -095.89840194 
120 Default hold RWY 17 (near)
111  31.78772980 -095.89866506  54 
115  31.78763515 -095.89864616 
120 Default hold RWY 17 (centre)
111  31.78361013 -095.89784242  54 
115  31.78351548 -095.89782351 
120 Default hold RWY 17 (far)
111  31.77949046 -095.89701978  54 
115  31.77939581 -095.89700088 
19   31.78801550 -095.89803474 1 WS
19   31.77920651 -095.89696324 1 WS
17     360 0 1 76XS [H] Houston County Hospita Kings Inn
102 H1   31.32240250 -095.43911278   0.00   18.29   18.29   2 2   0 0.25 0
19   31.32264937 -095.43882379 1 WS