1      355 0 0 KOCH A L Mangham JR RGNL
100   22.86   1   0 0.00 0 2 0 18   31.58462200 -094.70950000    0.00    0.00 2  0 0 1 36   31.57091900 -094.71075800    0.00    0.00 3  0 0 1
21   31.58347188 -094.70927349  2 184.47   3.00 18  PAPI-4L
110   1 0.00 154.00 Taxiway 1
111  31.58009813 -094.70900397 
112  31.58009813 -094.70900397  31.58009498 -094.70893727 102 
111  31.58003112 -094.70889886 102 
111  31.57545305 -094.70627792 
111  31.57528630 -094.70618474 106 
111  31.57511898 -094.70608790 106 
111  31.57516769 -094.70597109 106 
111  31.57533543 -094.70606817 102 
111  31.57549797 -094.70616210 102 
111  31.57710284 -094.70708695 
111  31.57728896 -094.70719462 102 
111  31.57830837 -094.70778214 
111  31.57857983 -094.70793920 102 
111  31.58001964 -094.70876786 
112  31.58001964 -094.70876786  31.58006383 -094.70879287 102 
113  31.58007980 -094.70871678 
110   1 0.00  94.50 Taxiway 2
111  31.58003061 -094.70908671 
112  31.58003061 -094.70908671  31.58009994 -094.70907685 102 
111  31.58009813 -094.70900397 
111  31.58007980 -094.70871678 102 
111  31.58000811 -094.70766522 
112  31.58000811 -094.70766522  31.57999552 -094.70754542 102 
111  31.57992017 -094.70746082 
111  31.58009899 -094.70756396 102 
111  31.58019259 -094.70896605 
112  31.58019259 -094.70896605  31.58019679 -094.70903880 102 
113  31.58032493 -094.70906287 
110   1 0.00  94.50 Taxiway 3
111  31.57091445 -094.71064234 
111  31.57091468 -094.71062962 102 
111  31.57088816 -094.71003846 
111  31.57112793 -094.71001781 102 
112  31.57099399 -094.71016896  31.57099832 -094.71026175 
111  31.57099399 -094.71016896 102 
111  31.57100992 -094.71049966 
112  31.57100992 -094.71049966  31.57101642 -094.71057338 102 
111  31.57110333 -094.71061281 
113  31.57117047 -094.71061929 
110   1 0.00  64.00 Taxiway 4
111  31.58043822 -094.70567878 
111  31.58054954 -094.70538980 
111  31.58073606 -094.70548285 
111  31.58022313 -094.70678005 
111  31.58004176 -094.70667076 
113  31.58027010 -094.70608835 
110   1 0.00  94.50 Taxiway 5
111  31.58001330 -094.70980702 
111  31.58004208 -094.70979126 102 
112  31.58014183 -094.70966967  31.58014183 -094.70960358 
111  31.58014183 -094.70966967 102 
111  31.58012456 -094.70933193 
112  31.58012456 -094.70933193  31.58011806 -094.70924169 102 
111  31.58000185 -094.70920804 
111  31.58033557 -094.70917432 102 
112  31.58022623 -094.70932743  31.58023056 -094.70942021 
111  31.58022623 -094.70932743 102 
111  31.58024216 -094.70965812 
112  31.58024216 -094.70965812  31.58024866 -094.70973184 102 
111  31.58036818 -094.70976649 
113  31.58040271 -094.70977775 
110   1 0.00  94.50 Taxiway 6
111  31.57351256 -094.71040291 
111  31.57354134 -094.71038715 102 
112  31.57364109 -094.71026556  31.57364109 -094.71019947 
111  31.57364109 -094.71026556 102 
111  31.57362382 -094.70992782 
112  31.57362382 -094.70992782  31.57361733 -094.70983758 102 
111  31.57349611 -094.70980221 
111  31.57383142 -094.70977191 102 
112  31.57372549 -094.70992332  31.57372982 -094.71001610 
111  31.57372549 -094.70992332 102 
111  31.57374143 -094.71025401 
112  31.57374143 -094.71025401  31.57374792 -094.71032773 102 
111  31.57386744 -094.71036238 
113  31.57390197 -094.71037364 
110   1 0.00  94.50 Taxiway 7
111  31.57625543 -094.71015279 
111  31.57628420 -094.71013703 102 
112  31.57638395 -094.71001544  31.57638395 -094.70994935 
111  31.57638395 -094.71001544 102 
111  31.57636669 -094.70967770 
112  31.57636669 -094.70967770  31.57636019 -094.70958746 102 
111  31.57624397 -094.70955381 
111  31.57657769 -094.70952009 102 
112  31.57646835 -094.70967320  31.57647268 -094.70976598 
111  31.57646835 -094.70967320 102 
111  31.57648429 -094.71000389 
112  31.57648429 -094.71000389  31.57649078 -094.71007761 102 
111  31.57661031 -094.71011226 
113  31.57664483 -094.71012352 
110   1 0.00 163.00 Taxiway 8
111  31.58027010 -094.70608835 
112  31.58017314 -094.70578402  31.58005061 -094.70572432 
111  31.58017314 -094.70578402 
111  31.57935290 -094.70548654 
111  31.57939386 -094.70531348 
111  31.58038545 -094.70568650 
113  31.58043822 -094.70567878 
110   1 0.00 184.00 Taxiway 9
111  31.58439655 -094.70941524 
111  31.58444270 -094.70939145 102 
112  31.58450945 -094.70923645  31.58450714 -094.70912658 
111  31.58450945 -094.70923645 102 
111  31.58449795 -094.70891946 
112  31.58449795 -094.70891946  31.58448987 -094.70882586 102 
111  31.58438204 -094.70880650 102 
111  31.58033557 -094.70917432 
111  31.58000185 -094.70920804 102 
111  31.57909424 -094.70929404 
111  31.57890601 -094.70918896 102 
111  31.58003061 -094.70908671 
111  31.58032493 -094.70906287 102 
111  31.58457810 -094.70867114 102 
111  31.58461098 -094.70937041 102 
113  31.58461025 -094.70938971 
110   1 0.00 184.50 Taxiway 10
111  31.57909424 -094.70929404 102 
111  31.57657769 -094.70952009 
111  31.57624397 -094.70955381 102 
111  31.57383142 -094.70977191 
111  31.57349611 -094.70980221 102 
111  31.57112793 -094.71001781 
111  31.57088816 -094.71003846 102 
111  31.57088405 -094.70992227 102 
113  31.57890601 -094.70918896 
110   1 0.00  64.00 Taxiway 11
111  31.57503313 -094.70671077 
112  31.57513219 -094.70665554  31.57515845 -094.70659019 
111  31.57513219 -094.70665554 
111  31.57527769 -094.70630553 
112  31.57527769 -094.70630553  31.57530500 -094.70623772 
111  31.57528630 -094.70618474 
111  31.57545305 -094.70627792 
112  31.57536565 -094.70635213  31.57533834 -094.70641995 
111  31.57536565 -094.70635213 
111  31.57522284 -094.70669405 
112  31.57522284 -094.70669405  31.57519868 -094.70675570 
113  31.57525192 -094.70683037 
110   1 0.00 154.00 Taxiway 12
111  31.58009899 -094.70756396 
111  31.57992017 -094.70746082 102 
111  31.57942847 -094.70718000 
111  31.57945805 -094.70707110 102 
113  31.58009048 -094.70743338 102 
110   1 0.00 154.00 Closed Runway
111  31.57389426 -094.70628089 
111  31.57396829 -094.70608229 
111  31.57727454 -094.70796525 
113  31.57718361 -094.70819964 
110   2 0.00  72.50 H Pad
111  31.57756227 -094.70698539 
111  31.57802695 -094.70531652 
111  31.57806394 -094.70532737 
111  31.57807781 -094.70529481 
111  31.57811711 -094.70530838 
113  31.57764319 -094.70702067 
110   2 0.00  72.50 H Pad
111  31.57784200 -094.70714821 
111  31.57831593 -094.70536265 
111  31.57836448 -094.70537622 
111  31.57837372 -094.70534094 
111  31.57841765 -094.70535451 
113  31.57792754 -094.70718891 
110   2 0.00   0.00 H Pad
111  31.57781193 -094.70476612 
111  31.57779964 -094.70496531 
111  31.57762832 -094.70495961 
113  31.57763155 -094.70475851 
110   2 0.00   5.00 H Pad
111  31.57822089 -094.70409776 
111  31.57823907 -094.70432460 
111  31.57803249 -094.70434429 
113  31.57801325 -094.70412323 
110   2 0.00   5.00 H Pad
111  31.57774725 -094.70423794 
111  31.57777124 -094.70441983 
111  31.57761804 -094.70443680 
113  31.57760344 -094.70425796 
110   2 0.00  75.00 H Pad
111  31.57955889 -094.70427166 
111  31.57953548 -094.70443338 
111  31.57944891 -094.70440744 
113  31.57946752 -094.70426004 
110   2 0.00  75.00 H Pad
111  31.57924680 -094.70422999 
111  31.57922900 -094.70436099 
111  31.57914242 -094.70433505 
113  31.57915917 -094.70421178 
110   2 0.00  75.00 H Pad
111  31.57905057 -094.70470600 
111  31.57903090 -094.70481288 
111  31.57894433 -094.70478693 
113  31.57896855 -094.70467683 
110   2 0.00  75.00 H Pad
111  31.57911598 -094.70439889 
111  31.57907949 -094.70458913 
111  31.57883968 -094.70452370 
113  31.57887511 -094.70432585 
110   2 0.00  75.00 H Pad
111  31.57831368 -094.70724397 
111  31.57827486 -094.70740205 
111  31.57816164 -094.70735498 
113  31.57820176 -094.70720943 
110   2 0.00  75.00 H Pad
111  31.57862799 -094.70623535 
111  31.57856656 -094.70647571 
111  31.57839455 -094.70641803 
113  31.57845276 -094.70616630 
110   2 0.00  75.00 H Pad
111  31.57883379 -094.70570191 
111  31.57877416 -094.70592708 
111  31.57865164 -094.70587823 
113  31.57870131 -094.70566176 
110   2 0.00  75.00 H Pad
111  31.57888425 -094.70549351 
111  31.57884963 -094.70563768 
111  31.57872568 -094.70559638 
113  31.57876111 -094.70544898 
110   2 0.00  75.00 H Pad
111  31.57901693 -094.70489027 
111  31.57898044 -094.70508050 
111  31.57879669 -094.70502384 
113  31.57883773 -094.70484135 
110   2 0.00  75.00 H Pad
111  31.57873474 -094.70482226 
111  31.57868330 -094.70506953 
111  31.57852198 -094.70502384 
113  31.57857236 -094.70477554 
110   2 0.00  75.00 H Pad
111  31.57851775 -094.70482090 
111  31.57848024 -094.70501096 
111  31.57831891 -094.70496528 
113  31.57835885 -094.70477690 
110   2 0.00  75.00 H Pad
111  31.57831120 -094.70475552 
111  31.57827369 -094.70494559 
111  31.57811236 -094.70489990 
113  31.57815230 -094.70471152 
110   2 0.00   5.00 H Pad
111  31.57816731 -094.70443135 
111  31.57818086 -094.70457647 
111  31.57805550 -094.70459479 
113  31.57804091 -094.70444592 
110   2 0.00   5.00 H Pad
111  31.57778207 -094.70450490 
111  31.57780605 -094.70468679 
111  31.57765285 -094.70470376 
113  31.57763825 -094.70452492 
110   2 0.00   0.00 H Pad
111  31.57777916 -094.70498725 
111  31.57778110 -094.70514599 
111  31.57765575 -094.70514933 
113  31.57765159 -094.70499501 
110   2 0.00  75.00 H Pad
111  31.57779065 -094.70518480 
111  31.57776106 -094.70531686 
111  31.57766313 -094.70528183 
113  31.57769168 -094.70515846 
110   2 0.00  75.00 H Pad
111  31.57775056 -094.70535196 
111  31.57772097 -094.70548403 
111  31.57762305 -094.70544899 
113  31.57765159 -094.70532562 
110   2 0.00  75.00 H Pad
111  31.57771470 -094.70550550 
111  31.57768511 -094.70563757 
111  31.57758718 -094.70560253 
113  31.57761573 -094.70547916 
110   2 0.00   5.00 H Pad
111  31.57688516 -094.70542396 
111  31.57689968 -094.70560894 
111  31.57672168 -094.70563142 
113  31.57670842 -094.70544051 
110   2 0.00   5.00 H Pad
111  31.57720139 -094.70532070 
111  31.57722146 -094.70556522 
111  31.57699432 -094.70559700 
113  31.57697472 -094.70534283 
110   1 0.00   4.00 H Pad
111  31.57714970 -094.70588657 
111  31.57716766 -094.70607165 
111  31.57692259 -094.70611210 
113  31.57690826 -094.70591365 
110   2 0.00   5.00 Pad
111  31.57715770 -094.70569183 
111  31.57715864 -094.70571788 
111  31.57712438 -094.70572183 
111  31.57712774 -094.70579432 
111  31.57714370 -094.70579346 
111  31.57714970 -094.70588657 
111  31.57692010 -094.70591648 
111  31.57691601 -094.70576614 
112  31.57691601 -094.70576614  31.57691453 -094.70573783 
113  31.57689149 -094.70572548 
110   1 0.00 345.00 Pad
111  31.57809557 -094.70721123 
111  31.57819381 -094.70724441 
111  31.57817573 -094.70731218 
113  31.57807919 -094.70727853 
110   1 0.00  75.00 Pad
111  31.57830837 -094.70778214 102 
112  31.57846417 -094.70770157  31.57849654 -094.70762016 
111  31.57846417 -094.70770157 102 
111  31.57863209 -094.70706220 
112  31.57863209 -094.70706220  31.57864365 -094.70697537 102 
111  31.57859523 -094.70686510 
111  31.57866485 -094.70651565 
111  31.57856656 -094.70647571 
111  31.57862799 -094.70623535 
111  31.57872041 -094.70627676 
112  31.57870991 -094.70615843  31.57864980 -094.70613944 
111  31.57870991 -094.70615843 
111  31.57844779 -094.70604787 
112  31.57837302 -094.70614401  31.57835683 -094.70621457 
111  31.57837302 -094.70614401 
111  31.57834950 -094.70624977 
111  31.57842651 -094.70629551 
111  31.57839455 -094.70641803 
112  31.57829216 -094.70647571  31.57826745 -094.70657905 
111  31.57829216 -094.70647571 
111  31.57809557 -094.70721123 
111  31.57807919 -094.70727853 
111  31.57807100 -094.70730257 
111  31.57744848 -094.70700422 
111  31.57769421 -094.70609084 102 
112  31.57762459 -094.70595623  31.57755061 -094.70592638 
111  31.57762459 -094.70595623 
112  31.57762459 -094.70595623  31.57754599 -094.70592910 102 
111  31.57745667 -094.70610045 102 
111  31.57723142 -094.70701383 
112  31.57723142 -094.70701383  31.57720599 -094.70711152 102 
111  31.57728896 -094.70719462 
111  31.57710284 -094.70708695 102 
111  31.57741572 -094.70584086 
112  31.57732561 -094.70568222  31.57722389 -094.70569036 
111  31.57732561 -094.70568222 
111  31.57715770 -094.70569183 
111  31.57689149 -094.70572548 
111  31.57680548 -094.70573990 
111  31.57679319 -094.70561972 
111  31.57733381 -094.70554761 
111  31.57767373 -094.70566779 
111  31.57778841 -094.70518707 
111  31.57778022 -094.70517264 
111  31.57777916 -094.70498725 
111  31.57779964 -094.70496531 
111  31.57781193 -094.70476612 
111  31.57774336 -094.70422561 
111  31.57776635 -094.70421956 
111  31.57775565 -094.70414389 
111  31.57801366 -094.70410543 
111  31.57808738 -094.70488421 
111  31.57873038 -094.70508131 
111  31.57871242 -094.70516094 
111  31.57889011 -094.70522552 
112  31.57895531 -094.70517536  31.57897149 -094.70511566 
111  31.57895531 -094.70517536 
111  31.57912659 -094.70432656 
111  31.57957406 -094.70443713 
111  31.57939386 -094.70531348   3 
111  31.57935290 -094.70548654 
111  31.57927509 -094.70546731 
111  31.57909079 -094.70618360 
111  31.57966007 -094.70637589 
111  31.57942662 -094.70719313 102 
111  31.57886144 -094.70700564 102 
112  31.57873091 -094.70707085  31.57871473 -094.70714141 
111  31.57873091 -094.70707085 102 
111  31.57855837 -094.70774596 
112  31.57855837 -094.70774596  31.57853525 -094.70784094 102 
113  31.57857983 -094.70793920 
111  31.57865164 -094.70587823 
111  31.57877416 -094.70592708 
111  31.57891287 -094.70537621 
112  31.57889900 -094.70533279  31.57887126 -094.70531923 
111  31.57889900 -094.70533279 
111  31.57870943 -094.70527309 
112  31.57862621 -094.70530294  31.57861233 -094.70535179 
111  31.57862621 -094.70530294 
111  31.57851293 -094.70573713 
114  31.57856379 -094.70589452  31.57862158 -094.70592979 
111  31.57792754 -094.70718891 
111  31.57841765 -094.70535451 
111  31.57837372 -094.70534094 
111  31.57836448 -094.70537622 
111  31.57831593 -094.70536265 
113  31.57784200 -094.70714821 
111  31.57764319 -094.70702067 
111  31.57811711 -094.70530838 
111  31.57807781 -094.70529481 
111  31.57806394 -094.70532737 
111  31.57802695 -094.70531652 
113  31.57756227 -094.70698539 
110   3 0.00   0.00 WS Circle
112  31.58042462 -094.70834365  31.58028740 -094.70834569  21 
111  31.58028196 -094.70817619  21 
112  31.58043021 -094.70799559  31.58056048 -094.70799559  21 
113  31.58057847 -094.70817290  21 
130 Airport Boundary
111  31.58722445 -094.71017203 
111  31.58483620 -094.71114992 
111  31.58472511 -094.71233969 
111  31.58414194 -094.71357835 
111  31.58321163 -094.71336647 
111  31.58091632 -094.71346405 
111  31.58087466 -094.71256772 
111  31.58027760 -094.71216029 
111  31.58018040 -094.71145951 
111  31.57891685 -094.71163878 
111  31.57837532 -094.71289366 
111  31.57732005 -094.71222548 
111  31.57745890 -094.71165508 
111  31.57077116 -094.71227427 
111  31.57007690 -094.71144316 
111  31.56878557 -094.71167131 
111  31.56784138 -094.71028613 
111  31.57061842 -094.70930836 
111  31.57056288 -094.70833059 
111  31.57317755 -094.70828881 
111  31.57314978 -094.70475229 
111  31.57800467 -094.70382334 
111  31.57772697 -094.70209573 
111  31.57842123 -094.70219352 
111  31.57849066 -094.70159049 
111  31.57989306 -094.70142751 
111  31.58014300 -094.70116674 
111  31.58118439 -094.70173717 
111  31.58157317 -094.70144380 
111  31.58217024 -094.70002586 
111  31.58312832 -094.70095486 
111  31.58139266 -094.70586257 
111  31.58186476 -094.70812802 
113  31.58775209 -094.70741090 
120 TL
111  31.57644001 -094.71007383   1 
115  31.57640495 -094.70959931 
120 TL
111  31.57370464 -094.71032466   1 
115  31.57366828 -094.70984931 
120 TL
111  31.57534253 -094.70627046   1 
115  31.57514433 -094.70677633 
120 TL
111  31.57682651 -094.70567965   1 
111  31.57732996 -094.70561677   1 
115  31.57756124 -094.70569610 
120 TL
111  31.57716387 -094.70705359   1 
111  31.57745163 -094.70591673   1 
112  31.57762870 -094.70580492  31.57776249 -094.70583581   1 
111  31.57779858 -094.70573907   1 
111  31.57791612 -094.70529282   1 
111  31.57795843 -094.70486937   1 
115  31.57789981 -094.70420165 
120 TL
111  31.57849191 -094.70781880   1 
115  31.57932855 -094.70443347 
120 TL
112  31.57548008 -094.70621487  31.57539342 -094.70618452   1 
111  31.57534253 -094.70627046   1 
116  31.57529517 -094.70610901  31.57522249 -094.70605159 
120 TL
111  31.57716387 -094.70705359   1 
112  31.57724829 -094.70723470  31.57734185 -094.70730521 
111  31.57724829 -094.70723470 
113  31.57702630 -094.70710669 
120 TL
111  31.57849191 -094.70781880   1 
112  31.57857633 -094.70799991  31.57866990 -094.70807042 
111  31.57857633 -094.70799991 
111  31.57835435 -094.70787191 
114  31.57835435 -094.70787191  31.57845426 -094.70791123   1 
120 TL
111  31.58003195 -094.70883886   1 
111  31.57857633 -094.70799991   1 
111  31.57835435 -094.70787191   1 
111  31.57724829 -094.70723470   1 
111  31.57548008 -094.70621487   1 
111  31.57529517 -094.70610901   1 
115  31.57517035 -094.70603747 
120 TL
111  31.58019832 -094.70973449   1 
111  31.58016581 -094.70925614   1 
111  31.58014966 -094.70901401   1 
111  31.58013397 -094.70878132   1 
111  31.58005321 -094.70761055   1 
112  31.57993737 -094.70740608  31.57983505 -094.70735447 
111  31.57993737 -094.70740608   1 
115  31.57944954 -094.70712698 
120 TL
112  31.58013397 -094.70878132  31.58012616 -094.70887301   1 
111  31.58003195 -094.70883886   1 
111  31.58009664 -094.70887615 
112  31.58009664 -094.70887615  31.58012702 -094.70889194   1 
115  31.58014966 -094.70901401 
120 TL
112  31.58028221 -094.70912314  31.58017195 -094.70911698   1 
111  31.58014966 -094.70901401   1 
116  31.58003314 -094.70914574  31.57992657 -094.70918793 
120 TL
112  31.58003314 -094.70914574  31.58014368 -094.70915096   1 
111  31.58016581 -094.70925614   1 
116  31.58028221 -094.70912314  31.58038906 -094.70909907 
120 TL
112  31.57627371 -094.70948937  31.57638425 -094.70949459   1 
111  31.57640495 -094.70959931   1 
116  31.57652081 -094.70946691  31.57662766 -094.70944284 
120 TL
112  31.57353734 -094.70973956  31.57364788 -094.70974478   1 
111  31.57366828 -094.70984931   1 
116  31.57378320 -094.70971717  31.57389004 -094.70969311 
120 TL
111  31.58075465 -094.70984382   1 
111  31.58041283 -094.70987540 
112  31.58041283 -094.70987540  31.58025294 -094.70988893   1 
111  31.58019832 -094.70973449   1 
112  31.58000435 -094.70991318  31.57984677 -094.70992852 
111  31.58000435 -094.70991318   1 
115  31.57966254 -094.70994475 
120 TL
111  31.57699811 -094.71018859   1 
111  31.57665629 -094.71022016 
112  31.57665629 -094.71022016  31.57649640 -094.71023370   1 
111  31.57644001 -094.71007383   1 
112  31.57624853 -094.71025748  31.57609094 -094.71027282 
111  31.57624853 -094.71025748   1 
115  31.57590671 -094.71028906 
120 TL
111  31.57426348 -094.71043944   1 
111  31.57392167 -094.71047101 
112  31.57392167 -094.71047101  31.57376177 -094.71048455   1 
111  31.57370464 -094.71032466   1 
112  31.57351091 -094.71050931  31.57335332 -094.71052465 
111  31.57351091 -094.71050931   1 
115  31.57316909 -094.71054089 
120 TL
111  31.58456801 -094.70941024   1 
111  31.58454635 -094.70896327   1 
112  31.58437587 -094.70874848  31.58421109 -094.70876396 
111  31.58437587 -094.70874848   1 
111  31.58048204 -094.70910504   1 
111  31.58028221 -094.70912314   1 
111  31.58003314 -094.70914574   1 
111  31.57652081 -094.70946691   1 
111  31.57627371 -094.70948937   1 
111  31.57378320 -094.70971717   1 
111  31.57353734 -094.70973956   1 
111  31.57110158 -094.70996289 
112  31.57110158 -094.70996289  31.57093230 -094.70997696   1 
111  31.57094410 -094.71018303   1 
111  31.57096455 -094.71056489 
112  31.57096455 -094.71056489  31.57097354 -094.71065632   1 
115  31.57108556 -094.71068945 
120 TL
111  31.57944954 -094.70712698   1 
115  31.57877669 -094.70691313 
120 Taxi Boundry
111  31.57945688 -094.70706964   3 
111  31.57889860 -094.70688454 
112  31.57889860 -094.70688454  31.57879347 -094.70685050   3 
115  31.57882609 -094.70672922 
120 RH
111  31.57089820 -094.71019526   4 
111  31.57099261 -094.71018800 
111  31.57362581 -094.70994080   4 
111  31.57372542 -094.70993751 
111  31.57636874 -094.70968538   4 
111  31.57646693 -094.70968087 
111  31.58012718 -094.70935766   4 
111  31.58022596 -094.70935270 
111  31.58449977 -094.70893405   4 
115  31.58458872 -094.70893153 
15   31.57944419 -094.70492144 165.47 FBO
15   31.57946217 -094.70634288 256.47 Gen Avia Ramp
15   31.58450197 -094.70880888 307.45 Hold Short Rwy 18
15   31.57096644 -094.71005995 244.07 Hold Short Rwy 36
15   31.57946562 -094.70451068 166.72 Self Serve Fuel
18   31.57841462 -094.70416878 1 BCN
19   31.58397805 -094.71000554 0 WS
19   31.58043286 -094.70817246 1 WS
19   31.57142408 -094.71032183 0 WS
20   31.58443644 -094.70895578 274.50  0 1 {@R}36-18{@@,safety}
20   31.58007407 -094.70937543 274.50  0 1 {@R}36-18{@@,safety}
20   31.57631485 -094.70969981 274.50  0 1 {@R}36-18{@@,safety}
20   31.57358525 -094.70995614 274.50  0 1 {@R}36-18{@@,safety}
20   31.57084822 -094.71019200 274.50  0 1 {@R}36-18{@@,safety}
50 13562 AWOS 3
51 12300 CTAF/UNICOM
1      296 0 0 KLFK Angelina Co
100   29.87   1   0 0.00 0 2 0 07   31.23427500 -094.75743775    0.00    0.00 3  8 0 0 25   31.23805300 -094.74073775    0.00    0.00 2  0 0 0
100   29.87   1   0 0.00 0 2 0 15   31.23690230 -094.75345300    0.00   89.92 2  0 0 0 33   31.22575530 -094.74879400   32.00   89.92 2  0 0 0
21   31.23548105 -094.75239108  1 160.33   3.00 15  VASI
21   31.23734149 -094.74238028  2 255.18   3.00 25  PAPI-4L
21   31.22748377 -094.74986633  1 340.34   3.00 33  VASI
110   1 0.00  75.00 Taxiway 1
111  31.23416906 -094.75739919 
111  31.23414051 -094.75739560 102 
111  31.23359985 -094.75723957 
112  31.23359985 -094.75723957  31.23333296 -094.75716510 102 
112  31.23327408 -094.75658937  31.23332642 -094.75638982 
111  31.23327408 -094.75658937 102 
111  31.23350903 -094.75555217 
111  31.23367782 -094.75479962 102 
111  31.23400643 -094.75334961 
111  31.23409776 -094.75294395 102 
111  31.23414027 -094.75275667 
112  31.23414027 -094.75275667  31.23416408 -094.75248989 102 
111  31.23397739 -094.75241222 
111  31.23397158 -094.75238505 
111  31.23468294 -094.75268053 
111  31.23464228 -094.75268053 102 
112  31.23424706 -094.75280788  31.23415384 -094.75304913 
111  31.23424706 -094.75280788 102 
111  31.23421049 -094.75297030 
111  31.23411928 -094.75337663 102 
111  31.23338585 -094.75662249 
112  31.23338585 -094.75662249  31.23333573 -094.75684748 102 
112  31.23360841 -094.75709949  31.23372221 -094.75714702 
111  31.23360841 -094.75709949 102 
111  31.23385371 -094.75717624 
112  31.23385371 -094.75717624  31.23410435 -094.75724121 102 
111  31.23423570 -094.75696703 
113  31.23426184 -094.75692967 
110   1 0.00 165.20 Taxiway 2
111  31.23495460 -094.75389449 
111  31.23495170 -094.75382657 102 
112  31.23481406 -094.75350932  31.23466433 -094.75344777 
111  31.23481406 -094.75350932 102 
111  31.23428956 -094.75328994 
112  31.23428956 -094.75328994  31.23417095 -094.75323976 102 
111  31.23411928 -094.75337663 
111  31.23421049 -094.75297030 102 
112  31.23433106 -094.75316186  31.23445135 -094.75321105 
111  31.23433106 -094.75316186 102 
111  31.23482315 -094.75336806 
112  31.23482315 -094.75336806  31.23496769 -094.75341277 102 
111  31.23508804 -094.75320826 
111  31.23510378 -094.75317518 
111  31.23513721 -094.75301576 
112  31.23513721 -094.75301576  31.23513475 -094.75292213 
111  31.23506663 -094.75284800 
113  31.23519019 -094.75289873 
110   1 0.00 115.00 Taxiway 3
111  31.23350903 -094.75555217 102 
111  31.23350919 -094.75544601 102 
111  31.23286836 -094.75381254 
111  31.23293077 -094.75359641 102 
111  31.23342999 -094.75483706 
112  31.23342999 -094.75483706  31.23357879 -094.75500828 102 
113  31.23367782 -094.75479962 
110   1 0.00 160.30 Taxiway 4
111  31.23400643 -094.75334961 102 
112  31.23393659 -094.75314186  31.23385396 -094.75310850 
111  31.23393659 -094.75314186 102 
111  31.23331807 -094.75288363 
111  31.23290980 -094.75271280 102 
111  31.23167279 -094.75219490 
111  31.23115316 -094.75197806 102 
111  31.23022174 -094.75158846 
111  31.22984579 -094.75143138 
111  31.22908315 -094.75111269 
111  31.22876699 -094.75098018 102 
111  31.22584340 -094.74975796 102 
112  31.22567019 -094.74980959  31.22563592 -094.74990388 
111  31.22567019 -094.74980959 102 
111  31.22562943 -094.74994859 106 
111  31.22543924 -094.74986519 102 
111  31.22571023 -094.74895130 
111  31.22571916 -094.74892726 
111  31.22606076 -094.74907484 
111  31.22602179 -094.74908174 102 
112  31.22573472 -094.74926548  31.22566317 -094.74948197 102 
111  31.22585037 -094.74961643 102 
111  31.23124726 -094.75187331 
111  31.23165000 -094.75204169 102 
111  31.23394791 -094.75300215 
112  31.23394791 -094.75300215  31.23401186 -094.75302746 102 
113  31.23409776 -094.75294395 
110   1 0.00  75.20 Taxiway 5
111  31.23416835 -094.75215306 
111  31.23419377 -094.75214713 102 
112  31.23429740 -094.75205751  31.23431293 -094.75198576 
111  31.23429740 -094.75205751 102 
111  31.23692604 -094.74042452 102 
111  31.23727568 -094.74052663 
111  31.23746745 -094.73986467 
111  31.23743258 -094.73978328 
111  31.23744060 -094.73975450 
111  31.23755658 -094.73979889 
111  31.23753760 -094.73985414 
111  31.23750597 -094.73985661 
111  31.23730985 -094.74053879 102 
111  31.23791202 -094.74070211 
111  31.23792822 -094.74071391 
111  31.23786707 -094.74096547 
111  31.23786285 -094.74093341 102 
112  31.23778693 -094.74083229  31.23771708 -094.74080353 
111  31.23778693 -094.74083229 102 
111  31.23715007 -094.74062512 
112  31.23715007 -094.74062512  31.23701037 -094.74058600 102 
111  31.23696161 -094.74079330 102 
111  31.23602886 -094.74492159 
111  31.23594239 -094.74530608 102 
111  31.23441165 -094.75208179 
112  31.23441165 -094.75208179  31.23439391 -094.75216132 102 
111  31.23443433 -094.75224185 
113  31.23444487 -094.75228131 
110   1 0.00  70.30 Taxiway 6
111  31.23167279 -094.75219490 102 
112  31.23140075 -094.75234990  31.23135230 -094.75252447 
111  31.23140075 -094.75234990 
111  31.23114566 -094.75323771 102 
111  31.23097823 -094.75381920 
111  31.23092490 -094.75400751 
111  31.23087820 -094.75416715 
111  31.23077934 -094.75451149 
111  31.23074486 -094.75463312 
111  31.23070954 -094.75475381 
111  31.23067981 -094.75485871 
111  31.23064446 -094.75498239 
111  31.23060708 -094.75511240 
111  31.23055720 -094.75528681 
111  31.23054536 -094.75532620 
111  31.23053086 -094.75545544 
111  31.23040002 -094.75591704 
111  31.23038318 -094.75598269 
112  31.23038318 -094.75598269  31.23037236 -094.75601376 
111  31.23040283 -094.75602865 
111  31.23088644 -094.75620475 
111  31.23084631 -094.75633753 
111  31.23024845 -094.75611761 
111  31.23020354 -094.75628173 
111  31.23079859 -094.75650494 
111  31.23076340 -094.75663624 
111  31.23013506 -094.75639662 
112  31.23007893 -094.75629974  31.23008901 -094.75625426 
111  31.23007893 -094.75629974 
111  31.23004927 -094.75628635 
111  31.23010980 -094.75603883 
111  31.23032031 -094.75532981 
111  31.23018559 -094.75528058 
111  31.22998829 -094.75597232 
111  31.22991657 -094.75595296 
112  31.22989648 -094.75589112  31.22991030 -094.75585023 
111  31.22989648 -094.75589112 
111  31.23013226 -094.75510928 
111  31.23037091 -094.75520145 
112  31.23037091 -094.75520145  31.23040590 -094.75521704 
111  31.23043348 -094.75518351 
111  31.23045279 -094.75511742 
111  31.23053083 -094.75484367 
111  31.23059705 -094.75461300 
111  31.23078029 -094.75397684 
111  31.23081835 -094.75384311 
111  31.23092969 -094.75345583 102 
111  31.23100839 -094.75318606 
111  31.23125330 -094.75233169 
112  31.23125330 -094.75233169  31.23131746 -094.75210200 102 
113  31.23115316 -094.75197806 
110   1 0.00  70.30 Taxiway 7
111  31.23124726 -094.75187331 102 
112  31.23141952 -094.75174961  31.23144989 -094.75164157 
111  31.23141952 -094.75174961 102 
111  31.23147763 -094.75155203 
112  31.23147763 -094.75155203  31.23152066 -094.75139812 102 
111  31.23141130 -094.75133382 
111  31.23138290 -094.75129165 
111  31.23182468 -094.75148365 
111  31.23178096 -094.75148751 102 
112  31.23161637 -094.75159805  31.23158094 -094.75171645 
111  31.23161637 -094.75159805 102 
111  31.23155980 -094.75179736 
112  31.23155980 -094.75179736  31.23151677 -094.75194683 102 
113  31.23165000 -094.75204169 
110   1 0.00  70.30 Taxiway 8
111  31.23331807 -094.75288363 102 
112  31.23313580 -094.75296136  31.23310589 -094.75304881 
111  31.23313580 -094.75296136 102 
111  31.23306562 -094.75316934 
111  31.23279429 -094.75306043 
111  31.23280156 -094.75303763 102 
112  31.23298551 -094.75294779  31.23303038 -094.75279845 102 
113  31.23290980 -094.75271280 
110   1 0.00  70.30 Taxiway 9
111  31.22972286 -094.75200661 
111  31.22974046 -094.75193997 
111  31.22979882 -094.75196110 102 
112  31.22986552 -094.75191994  31.22987666 -094.75187762 
111  31.22986552 -094.75191994 102 
111  31.22994612 -094.75162580 
112  31.22994612 -094.75162580  31.22996839 -094.75154604 102 
111  31.22984579 -094.75143138 
111  31.23022174 -094.75158846 102 
112  31.23003042 -094.75169460  31.22999840 -094.75179553 
111  31.23003042 -094.75169460 102 
111  31.22999893 -094.75183002 
112  31.22999893 -094.75183002  31.23002538 -094.75202374 102 
113  31.23023978 -094.75219295 
110   2 0.00  70.30 Taxiway 10
111  31.22908315 -094.75111269 102 
112  31.22894868 -094.75120310  31.22891835 -094.75129972 
111  31.22894868 -094.75120310 102 
111  31.22886648 -094.75146494 
112  31.22886648 -094.75146494  31.22884766 -094.75153343 
111  31.22888295 -094.75155472 
111  31.22893412 -094.75157501 
111  31.22890309 -094.75167348 
111  31.22884601 -094.75186065 
111  31.22882837 -094.75191721 
111  31.22877129 -094.75210437 
111  31.22875501 -094.75215692 
111  31.22869793 -094.75234408 
111  31.22869086 -094.75236567 
111  31.22841157 -094.75224360 
111  31.22853907 -094.75185658 
111  31.22833562 -094.75177093 
111  31.22844413 -094.75140612 
111  31.22864758 -094.75148860 
111  31.22865929 -094.75145017 
111  31.22870680 -094.75146930 
112  31.22876608 -094.75144033  31.22878700 -094.75138651 
111  31.22876608 -094.75144033 102 
111  31.22885145 -094.75117046 
112  31.22885145 -094.75117046  31.22888282 -094.75106405 102 
113  31.22876699 -094.75098018 
110   1 0.00 165.20 Taxiway 11
111  31.23681728 -094.74560807 
111  31.23681728 -094.74555922 102 
112  31.23672567 -094.74537966  31.23663363 -094.74535030 
111  31.23672567 -094.74537966 102 
111  31.23610501 -094.74519175 
112  31.23610501 -094.74519175  31.23601507 -094.74516606 102 
111  31.23594239 -094.74530608 
111  31.23602886 -094.74492159 102 
112  31.23613455 -094.74506802  31.23622298 -094.74509616 
111  31.23613455 -094.74506802 102 
111  31.23675089 -094.74525805 
112  31.23675089 -094.74525805  31.23683979 -094.74528129 102 
111  31.23690680 -094.74516836 
113  31.23693307 -094.74512731 
110   1 0.00 160.20 Ramp 1
111  31.23306562 -094.75316934 102 
111  31.23293077 -094.75359641 
111  31.23286836 -094.75381254 102 
111  31.23263247 -094.75371051 
111  31.23219538 -094.75352196 
111  31.23126753 -094.75312663 
112  31.23126753 -094.75312663  31.23121714 -094.75310328 
111  31.23114566 -094.75323771 
111  31.23140075 -094.75234990 102 
112  31.23144547 -094.75249748  31.23151013 -094.75252306 
111  31.23144547 -094.75249748 
113  31.23279429 -094.75306043 
110   1 0.00 160.20 Ramp 2
111  31.23100839 -094.75318606 
112  31.23098733 -094.75303169  31.23094975 -094.75298286 
111  31.23098733 -094.75303169 
111  31.23095954 -094.75302086 
111  31.23070201 -094.75291902 
111  31.23065937 -094.75290387 
112  31.23065661 -094.75282206  31.23062041 -094.75280903 
111  31.23060380 -094.75286812 
111  31.23050561 -094.75283019 
111  31.23051117 -094.75280635 
111  31.23048893 -094.75279390 
111  31.23051117 -094.75272400 
111  31.23043150 -094.75268935 
111  31.23045559 -094.75258751 
111  31.23024327 -094.75250629 
112  31.23017172 -094.75243567  31.23012418 -094.75241899 
111  31.23007867 -094.75243806 
111  31.23000383 -094.75240445 
111  31.22992506 -094.75237417 
111  31.22997428 -094.75221483 
111  31.22971860 -094.75211647 
111  31.22974268 -094.75203197 
111  31.22971854 -094.75202262 
111  31.22972286 -094.75200661 
111  31.23023978 -094.75219295 
111  31.23110191 -094.75247669 
112  31.23110191 -094.75247669  31.23118961 -094.75250925 102 
113  31.23125330 -094.75233169 
110   2 0.00  70.20 Pad
111  31.23241751 -094.75389363 
111  31.23246102 -094.75374826 
111  31.23255572 -094.75378729 
113  31.23250860 -094.75393128 
110   2 0.00  70.20 Pad
111  31.23200219 -094.75360908 
111  31.23205117 -094.75345425 
111  31.23207305 -094.75346526 
113  31.23202444 -094.75361841 
110   2 0.00  70.20 Pad
111  31.23192909 -094.75357836 
111  31.23197806 -094.75342352 
111  31.23199995 -094.75343454 
113  31.23195134 -094.75358768 
110   2 0.00  70.20 Pad
111  31.23186512 -094.75355164 
111  31.23191409 -094.75339680 
111  31.23193598 -094.75340782 
113  31.23188737 -094.75356097 
110   2 0.00  70.20 Pad
111  31.23152908 -094.75357687 
111  31.23157140 -094.75343488 
111  31.23203314 -094.75361129 
113  31.23198899 -094.75376189 
110   1 0.00 160.20 Pad
111  31.23045279 -094.75511742 
111  31.23020726 -094.75502138 
111  31.23028632 -094.75474934 
113  31.23053083 -094.75484367 
110   2 0.00  70.20 Pad
111  31.23005827 -094.75499293 
111  31.23007651 -094.75493248 
111  31.22996705 -094.75488981 
111  31.23003851 -094.75465511 
111  31.23028632 -094.75474934 
113  31.23020270 -094.75505160 
110   1 0.00  70.20 Pad
111  31.23016255 -094.75374972 
111  31.23018562 -094.75366682 
111  31.23057777 -094.75382417 
113  31.23055367 -094.75390662 
110   2 0.00  70.20 Pad
111  31.23029146 -094.75372066 
111  31.23031399 -094.75364430 
111  31.23059753 -094.75374828 
113  31.23057465 -094.75382903 
110   2 0.00  70.20 Pad
111  31.23059705 -094.75461300 
111  31.23035991 -094.75452366 
111  31.23051724 -094.75398235 
111  31.23014288 -094.75383563 
111  31.23016869 -094.75374985 
111  31.23055367 -094.75390662 
111  31.23055974 -094.75388769 
113  31.23078029 -094.75397684 
110   1 0.00  70.20 Pad
111  31.23035991 -094.75452366 
111  31.23021297 -094.75447152 
111  31.23022209 -094.75443952 
111  31.23001532 -094.75435951 
111  31.23014911 -094.75393101 
111  31.23011871 -094.75391679 
111  31.23014288 -094.75383563 
113  31.23051724 -094.75398235 
110   1 0.00  70.20 Pad
111  31.22890309 -094.75167348 
111  31.22904698 -094.75173380 
111  31.22898871 -094.75192223 
113  31.22884601 -094.75186065 
110   1 0.00  70.20 Pad
111  31.22882837 -094.75191721 
111  31.22897225 -094.75197752 
111  31.22891398 -094.75216595 
113  31.22877129 -094.75210437 
110   1 0.00  70.20 Pad
111  31.22875501 -094.75215692 
111  31.22889890 -094.75221724 
111  31.22884063 -094.75240567 
113  31.22869793 -094.75234408 
110   2 0.00  70.20 Pad
111  31.22995566 -094.75237993 
111  31.22988525 -094.75259952 
111  31.22957425 -094.75247142 
113  31.22964176 -094.75225215 
110   2 0.00  70.20 Pad
111  31.22992506 -094.75237417 
111  31.22967204 -094.75227013 
111  31.22971860 -094.75211647 
113  31.22997428 -094.75221483 
110   2 0.00  70.20 Pad
111  31.23045559 -094.75258751 
111  31.23043150 -094.75268935 
111  31.23039444 -094.75282858 
111  31.23018319 -094.75275767 
113  31.23024327 -094.75250629 
110   2 0.00  70.20 Pad
111  31.23056407 -094.75303158 
111  31.23044528 -094.75298349 
111  31.23049554 -094.75281919 
113  31.23061319 -094.75286728 
110   2 0.00  70.20 Pad
111  31.23095954 -094.75302086 
111  31.23093349 -094.75311007 
111  31.23088682 -094.75309501 
111  31.23083899 -094.75325421 
111  31.23062578 -094.75316895 
113  31.23070201 -094.75291902 
110   2 0.00  70.20 Pad
111  31.23081835 -094.75384311 
111  31.23031399 -094.75364430 
111  31.23035180 -094.75351599 
111  31.23041996 -094.75354266 
111  31.23048674 -094.75331784 
111  31.23078016 -094.75343616 
111  31.23070988 -094.75367605 
111  31.23076195 -094.75369648 
111  31.23082873 -094.75345273 
111  31.23087912 -094.75347380 
112  31.23087912 -094.75347380  31.23090123 -094.75348349 
113  31.23092969 -094.75345583 
110   2 0.00  70.20 Pad
111  31.23097823 -094.75381920 
111  31.23111410 -094.75387420 
111  31.23106001 -094.75405875 
113  31.23092490 -094.75400751 
110   1 0.00  70.20 Pad
111  31.23111410 -094.75387420 
111  31.23127302 -094.75393155 
111  31.23119649 -094.75420005 
111  31.23103315 -094.75413460 
113  31.23105942 -094.75404643 
110   2 0.00  70.20 Pad
111  31.23087820 -094.75416715 
111  31.23101810 -094.75422546 
111  31.23091737 -094.75456427 
113  31.23077934 -094.75451149 
110   1 0.00  70.20 Pad
111  31.23102138 -094.75419037 
111  31.23123210 -094.75427838 
111  31.23121492 -094.75433632 
111  31.23115350 -094.75431163 
111  31.23113678 -094.75437226 
111  31.23119531 -094.75439573 
111  31.23113009 -094.75462652 
113  31.23091769 -094.75454437 
110   2 0.00  70.20 Pad
111  31.23074486 -094.75463312 
112  31.23077241 -094.75466146  31.23079156 -094.75466976 
111  31.23080668 -094.75466146 
111  31.23083517 -094.75462861 
111  31.23089910 -094.75465296 
111  31.23085832 -094.75479063 
111  31.23078487 -094.75476469 
112  31.23075995 -094.75474404  31.23074293 -094.75473575 
113  31.23070954 -094.75475381 
110   1 0.00  70.20 Pad
111  31.23085576 -094.75478354 
111  31.23089315 -094.75465846 
111  31.23098453 -094.75469246 
113  31.23094818 -094.75482119 
110   1 0.00  70.20 Pad
111  31.23077656 -094.75506289 
111  31.23082329 -094.75490016 
111  31.23094583 -094.75494631 
113  31.23090221 -094.75511147 
110   2 0.00  70.20 Pad
111  31.23067981 -094.75485871 
111  31.23081956 -094.75491804 
111  31.23078508 -094.75503991 
113  31.23064446 -094.75498239 
110   1 0.00  70.20 Pad
111  31.23089320 -094.75544092 
111  31.23068910 -094.75536091 
111  31.23074840 -094.75515822 
113  31.23095307 -094.75523756 
110   2 0.00  70.20 Pad
111  31.23060708 -094.75511240 
111  31.23074688 -094.75516889 
111  31.23069671 -094.75534313 
113  31.23055720 -094.75528681 
110   1 0.00  70.20 Pad
111  31.23061309 -094.75549198 
111  31.23084266 -094.75558088 
111  31.23071039 -094.75604138 
113  31.23048234 -094.75594714 
110   2 0.00  70.20 Pad
111  31.23053086 -094.75545544 
111  31.23061309 -094.75549198 
111  31.23048234 -094.75594714 
113  31.23040002 -094.75591704 
110   2 0.00  70.20 Pad
111  31.23020354 -094.75628173 
111  31.23024845 -094.75611761 
111  31.23084631 -094.75633753 
113  31.23079859 -094.75650494 
110   2 0.25  70.20 Pad
111  31.22997800 -094.75598838 
111  31.23018559 -094.75528058 
111  31.23032031 -094.75532981 
113  31.23010980 -094.75603883 
110   1 0.00   0.00 Filet
111  31.23548583 -094.75269458 
111  31.23550872 -094.75259827 
112  31.23550872 -094.75259827  31.23550803 -094.75265840 
113  31.23556280 -094.75272682 
110   1 0.00   0.00 Filet
111  31.23541727 -094.75299116 
111  31.23553267 -094.75303920 
112  31.23539184 -094.75310782  31.23536055 -094.75315357 
113  31.23539184 -094.75310782 
110   1 0.00   0.00 Filet
111  31.23514148 -094.75255881 
112  31.23514148 -094.75255881  31.23518255 -094.75256110 
111  31.23526079 -094.75249476 
113  31.23523341 -094.75259770 
110   3 0.00   0.00 WS Circle
112  31.23436425 -094.75022587  31.23429997 -094.75021473  21 
112  31.23423949 -094.75002925  31.23425258 -094.74992901  21 
112  31.23440846 -094.74988548  31.23449178 -094.74989940  21 
114  31.23453441 -094.75007459  31.23451893 -094.75017900  21 
120 TL
111  31.22857062 -094.75226929  51 
115  31.22891318 -094.75114478 
120 TL
111  31.23000882 -094.75160285   1 
115  31.22988544 -094.75205603 
120 TL
111  31.23030270 -094.75591363   1 
112  31.23024052 -094.75600651  31.23021065 -094.75602980 
111  31.23024052 -094.75600651   1 
111  31.23018047 -094.75606508   1 
111  31.23012954 -094.75624949 
112  31.23012954 -094.75624949  31.23011032 -094.75631614   1 
111  31.23016873 -094.75635338   1 
111  31.23072445 -094.75655682 
111  31.23075860 -094.75622109   1 
111  31.23033492 -094.75605884 
112  31.23033492 -094.75605884  31.23027966 -094.75603962   1 
115  31.23030270 -094.75591363 
120 TL
111  31.23049610 -094.75524094   1 
112  31.23041862 -094.75528735  31.23037167 -094.75526863 
111  31.23041862 -094.75528735   1 
111  31.23022610 -094.75520497 
112  31.23022610 -094.75520497  31.23014392 -094.75517253   1 
111  31.23012866 -094.75524342   1 
115  31.22993736 -094.75589032 
120 TL
111  31.23156887 -094.75149158   1 
111  31.23146082 -094.75186942   1 
111  31.23137343 -094.75217466   1 
111  31.23049610 -094.75524094   1 
115  31.23030270 -094.75591363 
120 TL
111  31.23307995 -094.75288668   1 
115  31.23297830 -094.75322230 
120 TL
111  31.23341918 -094.75503738   1 
115  31.23286728 -094.75360386 
120 TL
111  31.23499447 -094.75351725   1 
111  31.23423769 -094.75320103   1 
111  31.23397945 -094.75309289   1 
111  31.23325225 -094.75278804   1 
111  31.23299401 -094.75267990   1 
111  31.23154809 -094.75207589   1 
111  31.23128985 -094.75196775   1 
111  31.23018112 -094.75150421   1 
111  31.22992288 -094.75139607   1 
111  31.22908549 -094.75104614   1 
111  31.22882724 -094.75093800   1 
111  31.22573619 -094.74964524   1 
112  31.22565007 -094.74938062  31.22570527 -094.74919276 
111  31.22565007 -094.74938062   1 
111  31.22574896 -094.74904527 
112  31.22574896 -094.74904527  31.22577710 -094.74895450   1 
115  31.22594536 -094.74890154 
120 TL
111  31.23684220 -094.74534869   1 
115  31.23606826 -094.74511331 
120 TL
111  31.23797183 -094.74080099   1 
111  31.23712601 -094.74055284   1 
112  31.23693068 -094.74067348  31.23689272 -094.74083975 
111  31.23693068 -094.74067348   1 
111  31.23597172 -094.74491301   1 
111  31.23590145 -094.74522298   1 
111  31.23423438 -094.75259267   1 
111  31.23414385 -094.75299307   1 
111  31.23407362 -094.75330345   1 
111  31.23368957 -094.75500050   1 
111  31.23356707 -094.75554301   1 
111  31.23333253 -094.75657989 
112  31.23333253 -094.75657989  31.23324859 -094.75703447   1 
111  31.23361265 -094.75717274   1 
111  31.23402732 -094.75729122 
112  31.23402732 -094.75729122  31.23413450 -094.75732596   1 
115  31.23426242 -094.75720101 
120 TL
111  31.23217910 -094.75149176   1 
111  31.23185629 -094.75135659 
112  31.23185629 -094.75135659  31.23170882 -094.75130131   1 
111  31.23156887 -094.75149158   1 
112  31.23147472 -094.75119655  31.23136089 -094.75114790 
111  31.23147472 -094.75119655   1 
115  31.23115192 -094.75106137 
120 TL
111  31.23483363 -094.75260094   1 
111  31.23451082 -094.75246577 
112  31.23451082 -094.75246577  31.23436335 -094.75241049   1 
111  31.23423438 -094.75259267   1 
112  31.23412646 -094.75230511  31.23401263 -094.75225646 
111  31.23412646 -094.75230511   1 
115  31.23380366 -094.75216993 
120 TL
111  31.23500279 -094.75417534   1 
111  31.23509037 -094.75378764 
112  31.23509037 -094.75378764  31.23512573 -094.75361738   1 
111  31.23499447 -094.75351725   1 
112  31.23517781 -094.75340150  31.23520693 -094.75328718 
111  31.23517781 -094.75340150   1 
115  31.23526540 -094.75301380 
120 TL
111  31.23685241 -094.74600187   1 
111  31.23694000 -094.74561418 
112  31.23694000 -094.74561418  31.23697535 -094.74544392   1 
111  31.23684220 -094.74534869   1 
112  31.23702615 -094.74523164  31.23705527 -094.74511732 
111  31.23702615 -094.74523164   1 
115  31.23711374 -094.74484394 
120 TL
111  31.22908549 -094.75104614 
112  31.22908549 -094.75104614  31.22896616 -094.75101371   1 
111  31.22891318 -094.75114478 
112  31.22891318 -094.75114478  31.22893941 -094.75100419   1 
113  31.22882724 -094.75093800 
120 TL
111  31.23018112 -094.75150421 
112  31.23018112 -094.75150421  31.23006180 -094.75147178   1 
111  31.23000882 -094.75160285 
112  31.23000882 -094.75160285  31.23003505 -094.75146226   1 
113  31.22992288 -094.75139607 
120 TL
111  31.23325225 -094.75278804 
112  31.23325225 -094.75278804  31.23313292 -094.75275561   1 
111  31.23307995 -094.75288668 
112  31.23307995 -094.75288668  31.23310618 -094.75274609   1 
113  31.23299401 -094.75267990 
120 TL
111  31.23356707 -094.75554301   1 
112  31.23354115 -094.75535514  31.23351165 -094.75528230 
111  31.23354115 -094.75535514   1 
111  31.23341918 -094.75503738   1 
112  31.23368957 -094.75500050  31.23377717 -094.75477000 
113  31.23368957 -094.75500050 
120 TL
111  31.23154809 -094.75207589 
112  31.23154809 -094.75207589  31.23142876 -094.75204346   1 
111  31.23137343 -094.75217466 
112  31.23137343 -094.75217466  31.23139966 -094.75203408   1 
111  31.23128985 -094.75196775 
112  31.23128985 -094.75196775  31.23140989 -094.75200014   1 
111  31.23146082 -094.75186942 
114  31.23146082 -094.75186942  31.23143624 -094.75200927   1 
120 TL
111  31.23606826 -094.74511331 
112  31.23606826 -094.74511331  31.23599297 -094.74510591   1 
111  31.23590145 -094.74522298 
111  31.23597172 -094.74491301 
114  31.23597172 -094.74491301  31.23597336 -094.74501339   1 
120 TL
111  31.23423769 -094.75320103 
112  31.23423769 -094.75320103  31.23411979 -094.75316952   1 
111  31.23407362 -094.75330345 
112  31.23407362 -094.75330345  31.23409189 -094.75316035   1 
111  31.23397945 -094.75309289 
112  31.23397945 -094.75309289  31.23409935 -094.75312507   1 
111  31.23414385 -094.75299307 
114  31.23414385 -094.75299307  31.23412582 -094.75313670   1 
120 RH
111  31.23437387 -094.75173180   4 
115  31.23448053 -094.75177006 
120 RH
111  31.23420982 -094.75299775   4 
111  31.23409359 -094.75295159 
111  31.23154996 -094.75188207   4 
111  31.23138818 -094.75181011 
111  31.22572920 -094.74945707   4 
115  31.22558077 -094.74939873 
120 RH
111  31.23362025 -094.75724343   4 
111  31.23365041 -094.75711460 
111  31.23450037 -094.75337399   4 
111  31.23453156 -094.75325241 
111  31.23633027 -094.74525726   4 
111  31.23635617 -094.74513857 
111  31.23736068 -094.74069061   4 
115  31.23738981 -094.74056263 
14   31.23189200 -094.75426500    0 0 ATC Tower
15   31.23189926 -094.75332327  70.30 Angelina Co. FBO
15   31.23066697 -094.75239976 250.00 Gen. Avia. Ramp
15   31.23724007 -094.74058768 348.14 Hold Short Rwy 25
15   31.22578015 -094.74966697 160.30 Hold Short Rwy 33
15   31.23350007 -094.75710423 324.51 Hold Short Rwy 7
15   31.23407370 -094.75308253  30.51 Hold Short/Back Taxi to Rwy 15
18   31.23197767 -094.75379987 1 BCN
19   31.23390566 -094.75653875 0 WS
19   31.23733858 -094.74127437 0 WS
19   31.23234436 -094.75369207 0 WS
19   31.23439073 -094.75005091 1 WS
19   31.22631959 -094.74950105 0 WS
20   31.23631195 -094.74533598 345.20  0 2 {@L}C{@R}7-25{@@,@Y,safety}{@L}C
20   31.23426542 -094.75299514  70.30  0 2 {@L}D{@R}15-33{@@,@Y,safety}{@L}D
20   31.23430347 -094.75170328 250.30  0 2 {@L}D{@R}33-15{@@,@Y,safety}{@L}D
20   31.23360517 -094.75729379 345.20  0 2 {@L}D{@R}7-25{@@,@Y,safety}{@L}D
20   31.23734265 -094.74076582 345.20  0 2 {@L}D{@R}7-25{@@,@Y,safety}{@L}D
20   31.22579129 -094.74945359  90.61  0 2 {@L}E{@R}15-33{@@,@Y,safety}{@L}E
20   31.23448075 -094.75343605 345.20  0 2 {@L}E{@R}7-25{@@,@Y,safety}{@L}E
20   31.23162122 -094.75190132  70.30  0 2 {@L}F{@R}15-33{@@,@Y,safety}{@L}F
20   31.23685905 -094.74503651 255.20  0 2 {@Y,^l}C
20   31.23396196 -094.75248330 340.30  0 2 {@Y,^l}D
20   31.23419025 -094.75684026 255.20  0 2 {@Y,^l}D
20   31.23501789 -094.75317551 255.20  0 2 {@Y,^l}E
20   31.23137386 -094.75140333 340.30  0 2 {@Y,^l}F
20   31.23673654 -094.74558196  75.20  0 2 {@Y}C{^r}
20   31.23777444 -094.74099923  75.20  0 2 {@Y}D{^r}
20   31.23453818 -094.75272477 160.30  0 2 {@Y}D{^r}
20   31.23486022 -094.75387489  75.20  0 2 {@Y}E{^r}
20   31.22600095 -094.74915396 160.30  0 2 {@Y}E{^r}
20   31.23183016 -094.75159089 160.30  0 2 {@Y}F{^r}
50 12062 ASOS
51 12300 CTAF/UNICOM
1      345 0 1 T52  Barton Memorial
100   12.19   3   0 0.25 0 0 0 04   31.83464426 -094.46228230    0.00    0.00 1  0 0 0 22   31.83959018 -094.45646048    0.00    0.00 1  0 0 0
19   31.83468304 -094.46251060 1 WS
19   31.83955138 -094.45623217 1 WS
1      200 0 1 8TA8 Bufords Field
100    9.14   3   0 0.25 0 0 0 18   31.17263092 -094.53206234    0.00    0.00 1  0 0 0 36   31.16552630 -094.53278878    0.00    0.00 1  0 0 0
19   31.17270214 -094.53191024 1 WS
19   31.16545508 -094.53294086 1 WS
1      319 0 1 F17  CENTER MUNI
100   22.86   1   0 0.25 0 2 0 17   31.83905000 -094.15788100    0.00    0.00 2  0 0 0 35   31.82413600 -094.15496700    0.00    0.00 2  0 0 0
100   12.19   1   0 0.25 0 0 0 14   31.83277800 -094.15611400    0.00    0.00 2  0 0 0 32   31.82750000 -094.15138900    0.00    0.00 2  0 0 0
21   31.83731930 -094.15721603  1 170.57   3.00 17  VASI
21   31.82586672 -094.15563181  1 350.58   3.00 35  VASI
110   1 0.30 170.57 Default taxiway for RWY 17
111  31.83903352 -094.15799783   3 102 
111  31.83894892 -094.15859767   3 102 
111  31.82403495 -094.15568309   3 102 
111  31.82411955 -094.15508334 
112  31.82432250 -094.15512300  31.82422066 -094.15510579   3 102 
111  31.82420045 -094.15524910   3 102 
112  31.82417350 -094.15544018  31.82415328 -094.15558349   3 102 
111  31.82425475 -094.15560332   3 102 
111  31.83145805 -094.15701103   3 102 
111  31.83152580 -094.15653067 
111  31.83162727 -094.15655050   3 102 
111  31.83155952 -094.15703086   3 102 
112  31.83876282 -094.15843857  31.83886430 -094.15845840   3 102 
111  31.83888452 -094.15831506   3 102 
112  31.83891147 -094.15812395  31.83893168 -094.15798062   3 102 
113  31.83883057 -094.15795817 
120 Default hold RWY 17 (near)
111  31.83899946 -094.15823934   4 
115  31.83889799 -094.15821951 
120 Default hold RWY 17 (centre)
111  31.83159321 -094.15679199   4 
115  31.83149174 -094.15677216 
120 Default hold RWY 17 (far)
111  31.82418697 -094.15534464   4 
115  31.82408549 -094.15532481 
18   31.83171282 -094.15558972 1 BCN
19   31.83296497 -094.15603800 1 WS
19   31.83930326 -094.15756392 1 WS
19   31.82388274 -094.15528404 1 WS
19   31.82731304 -094.15146501 1 WS
51 12280 CTAF/UNICOM
1      290 0 1 XS48 Coons Field
100   18.29   3   0 0.25 0 0 0 18   31.28095786 -094.98929303    0.00    0.00 1  0 0 0 36   31.27385324 -094.99002031    0.00    0.00 1  0 0 0
19   31.28110029 -094.98898849 1 WS
19   31.27371081 -094.99032483 1 WS
1      360 0 1 T61  Fairway Farm
100   33.53   3   0 0.25 0 0 0 02   31.47922612 -094.03587042    0.00    0.00 1  0 0 0 20   31.48780276 -094.03118070    0.00    0.00 1  0 0 0
19   31.47914392 -094.03650091 1 WS
19   31.48788494 -094.03055015 1 WS
1      310 0 1 7TA7 Flying M Ranch
100   15.24   3   0 0.25 0 0 0 02   31.83554397 -094.96371577    0.00    0.00 1  0 0 0 20   31.84424491 -094.95893979    0.00    0.00 1  0 0 0
19   31.83550661 -094.96400346 1 WS
19   31.84428226 -094.95865208 1 WS
1      284 0 1 2TA1 Gravco
100   60.96   3   0 0.25 0 0 0 17   31.39223329 -094.69125143    0.00    0.00 1  0 0 0 35   31.38813447 -094.69083135    0.00    0.00 1  0 0 0
19   31.39285152 -094.69034710 1 WS
19   31.38751624 -094.69173563 1 WS
1      560 0 1 TS40 Hunter Lowry
100   18.29   3   0 0.25 0 0 0 15   31.90008951 -094.86836315    0.00    0.00 1  0 0 0 33   31.89469493 -094.86540019    0.00    0.00 1  0 0 0
19   31.90034300 -094.86818154 1 WS
19   31.89444144 -094.86558180 1 WS
1      230 0 1 TE52 Just Plane Fun Airpark Inc
100   24.38   3   0 0.25 0 0 0 02   31.48636005 -094.71683956    0.00    0.00 1  0 0 0 20   31.49400271 -094.71246822    0.00    0.00 1  0 0 0
19   31.48630711 -094.71729929 1 WS
19   31.49405564 -094.71200845 1 WS
1      292 0 1 TA49 Lacey Field
100   15.24   3   0 0.25 0 0 0 10   31.31478466 -094.65525239    0.00    0.00 1  0 0 0 28   31.31336478 -094.64904985    0.00    0.00 1  0 0 0
19   31.31501887 -094.65534514 1 WS
19   31.31313057 -094.64895712 1 WS
1      360 0 1 5TS7 R D Williams
100   18.29   3   0 0.25 0 0 0 18   31.77996733 -094.48499209    0.00    0.00 1  0 0 0 36   31.77316099 -094.48597515    0.00    0.00 1  0 0 0
19   31.78010059 -094.48468025 1 WS
19   31.77302772 -094.48628696 1 WS
1      443 0 1 78R  SAN AUGUSTINE CO
100   15.24   1   0 0.25 0 1 0 17   31.54481100 -094.17119200    0.00    0.00 2  0 0 0 35   31.53443900 -094.16975800    0.00  121.92 2  0 0 0
110   1 0.30 173.28 Default taxiway for RWY 17
111  31.54480324 -094.17126929   3 102 
111  31.54476285 -094.17167147   3 102 
111  31.53439086 -094.17023726   3 102 
111  31.53443125 -094.16983512 
112  31.53456745 -094.16985395  31.53449908 -094.16984716   3 102 
111  31.53448945 -094.16994305   3 102 
112  31.53447661 -094.17007089  31.53446698 -094.17016677   3 102 
111  31.53453508 -094.17017618   3 102 
111  31.53955082 -094.17086975   3 102 
111  31.53958319 -094.17054750 
111  31.53965130 -094.17055692   3 102 
111  31.53961893 -094.17087917   3 102 
112  31.54463466 -094.17157273  31.54470277 -094.17158214   3 102 
111  31.54471240 -094.17148624   3 102 
112  31.54472524 -094.17135839  31.54473487 -094.17126249   3 102 
113  31.54466703 -094.17125046 
120 Default hold RWY 17 (near)
111  31.54478692 -094.17143174   4 
115  31.54471882 -094.17142232 
120 Default hold RWY 17 (centre)
111  31.53963498 -094.17071935   4 
115  31.53956687 -094.17070993 
120 Default hold RWY 17 (far)
111  31.53448303 -094.17000697   4 
115  31.53441493 -094.16999755 
18   31.53968316 -094.16991584 1 BCN
19   31.54497129 -094.17097109 1 WS
19   31.53427872 -094.16997888 1 WS
51 12290 CTAF
1      270 0 1 9TA8 Taylor Ranch
100   18.29   3   0 0.25 0 0 0 15   31.68655264 -094.97852339    0.00    0.00 1  0 0 0 33   31.68158068 -094.97579885    0.00    0.00 1  0 0 0
19   31.68680613 -094.97834220 1 WS
19   31.68132719 -094.97598004 1 WS
17     240 0 1 29XS [H] Temple Eastex
102 H1   31.18306555 -094.78062723   0.00   35.97   31.39   2 2   0 0.25 0
19   31.18350992 -094.78013347 1 WS