1       89 1 1 KAEX ALEXANDRIA INTL
100   45.72   2   0 0.25 0 3 0 14   31.33787800 -092.55922800    0.00  304.80 3  5 0 0 32   31.31708600 -092.54161100    0.00  304.80 2  0 0 1
100   45.72   1   0 0.25 0 0 0 18   31.33673100 -092.54431900    0.00  304.80 2  0 0 0 36   31.31771900 -092.54781900    0.00  304.80 2  0 0 0
21   31.33579690 -092.55688071  2 144.10   3.00 14  PAPI-4L
21   31.33489028 -092.54417948  2 188.94   3.00 18  PAPI-4L
21   31.31830745 -092.54322895  2 324.11   3.00 32  PAPI-4L
21   31.31955972 -092.54795858  2   8.94   3.00 36  PAPI-4L
110   2 0.00 144.10 Default taxiway for RWY 14
111  31.33775869 -092.55942097  53 102 
111  31.33715421 -092.56039864  53 102 
111  31.31636341 -092.54277749  53 102 
111  31.31696789 -092.54180004 
112  31.31730118 -092.54208251  31.31713322 -092.54194340  53 102 
111  31.31698846 -092.54217748  53 102 
112  31.31679545 -092.54248958  31.31665069 -092.54272366  53 102 
111  31.31681733 -092.54286490  53 102 
111  31.32679612 -092.55132237  53 102 
111  31.32727997 -092.55053989 
111  31.32744661 -092.55068112  53 102 
111  31.32696276 -092.55146360  53 102 
112  31.33694155 -092.55992106  31.33710820 -092.56006229  53 102 
111  31.33725296 -092.55982816  53 102 
112  31.33744597 -092.55951599  31.33759073 -092.55928187  53 102 
113  31.33742540 -092.55913850 
130 Airport Boundary 1
111  31.33478067 -092.56020290 
111  31.31859876 -092.56319895 
111  31.31521746 -092.56105084 
111  31.31512086 -092.55958107 
111  31.31077348 -092.55997678 
111  31.31164295 -092.55539790 
111  31.31106330 -092.55008414 
111  31.31154634 -092.54618362 
111  31.31260904 -092.54177433 
111  31.31241582 -092.53499081 
111  31.31178787 -092.52470887 
111  31.32226988 -092.52459581 
111  31.32333257 -092.53844550 
111  31.32511983 -092.53940649 
111  31.33048160 -092.52872245 
111  31.33732456 -092.52962639 
111  31.33901521 -092.53940732 
111  31.34297615 -092.53895502 
111  31.34674388 -092.53624124 
112  31.34978705 -092.54353453  31.35027009 -092.54997976 
111  31.34601932 -092.55320237 
111  31.33891860 -092.55534398 
111  31.34336259 -092.55901889 
111  31.34379733 -092.56065847 
111  31.34505324 -092.56167614 
111  31.34539137 -092.56427684 
111  31.34418376 -092.56670794 
113  31.34283124 -092.56710370 
120 Default hold RWY 14 (near)
111  31.33751610 -092.55981332  54 
115  31.33734946 -092.55967208 
120 Default hold RWY 14 (centre)
111  31.32720402 -092.55107343  54 
115  31.32703738 -092.55093220 
120 Default hold RWY 14 (far)
111  31.31689195 -092.54233353  54 
115  31.31672530 -092.54219230 
18   31.32700173 -092.54440390 1 BCN
19   31.33857319 -092.55892515 1 WS
19   31.33704157 -092.54353035 1 WS
19   31.31639085 -092.54191391 1 WS
19   31.31740842 -092.54860747 1 WS
50 12397 ASOS
51 12735 CTAF
52 12190 CLNC DEL
53 12190 GND
54 12735 TWR
55 13205 POLK APP/DEP
1       82 0 1 99R  Chandler
100   30.48   3   0 0.25 0 0 0 15   31.30992949 -092.61329115    0.00    0.00 1  0 0 0 33   31.30376605 -092.60977275    0.00    0.00 1  0 0 0
19   31.31035640 -092.61299906 1 WS
19   31.30333915 -092.61006484 1 WS
1       95 0 1 L40  Colfax
100   22.86   3   0 0.25 0 0 0 05   31.51356768 -092.69509352    0.00    0.00 1  0 0 0 23   31.51840454 -092.68728426    0.00    0.00 1  0 0 0
19   31.51369528 -092.69550057 1 WS
19   31.51827691 -092.68687720 1 WS
1      146 0 1 0R5  DAVID G JOYCE
100   30.48   1   0 0.25 0 2 0 08   31.96361100 -092.66500000    0.00    0.00 2  0 0 1 26   31.96361100 -092.65528100    0.00    0.00 2  0 0 1
21   31.96394621 -092.66287851  2  90.00   3.00 08  PAPI-4L
21   31.96327595 -092.65740253  2 270.00   3.00 26  PAPI-4L
110   1 0.30  90.00 Default taxiway for RWY 08
111  31.96347610 -092.66499999   3 102 
111  31.96278811 -092.66499996   3 102 
111  31.96278848 -092.65528096   3 102 
111  31.96347647 -092.65528099 
112  31.96347646 -092.65560431  31.96347421 -092.65544265   3 102 
111  31.96330963 -092.65544264   3 102 
112  31.96309019 -092.65544263  31.96292561 -092.65544262   3 102 
111  31.96292561 -092.65560428   3 102 
111  31.96292544 -092.66005963   3 102 
111  31.96347629 -092.66005966 
111  31.96347628 -092.66022132   3 102 
111  31.96292543 -092.66022129   3 102 
112  31.96292526 -092.66467664  31.96292526 -092.66483830   3 102 
111  31.96308984 -092.66483831   3 102 
112  31.96330928 -092.66483832  31.96347386 -092.66483833   3 102 
113  31.96347611 -092.66467667 
120 Default hold RWY 08 (near)
111  31.96319955 -092.66499998   4 
115  31.96319956 -092.66483832 
120 Default hold RWY 08 (centre)
111  31.96319973 -092.66022131   4 
115  31.96319974 -092.66005965 
120 Default hold RWY 08 (far)
111  31.96319991 -092.65544264   4 
115  31.96319992 -092.65528098 
18   31.96457123 -092.66014058 1 BCN
19   31.96402244 -092.66532334 1 WS
19   31.96319954 -092.65495770 1 WS
51 12270 CTAF/UNICOM
55 13205 POLK APP/DEP
1      112 1 1 KESF ESLER RGNL
100   45.72   1   0 0.25 0 3 0 08   31.39444400 -092.30600000    0.00    0.00 2  0 0 1 26   31.39419400 -092.28677800    0.00    0.00 3  8 0 0
100   45.72   1   0 0.25 0 2 0 14   31.40184400 -092.30026900    0.00    0.00 2  0 0 1 32   31.38924200 -092.28995300    0.00    0.00 2  0 0 1
21   31.39479341 -092.30388502  1  90.87   3.00 08  VASI
21   31.40059994 -092.29867342  2 145.05   3.00 14  PAPI-4L
21   31.39050165 -092.29152232  1 325.06   3.00 32  VASI
110   1 0.30  90.87 Default taxiway for RWY 08
111  31.39424055 -092.30600361   3 102 
111  31.39320980 -092.30602190   3 102 
111  31.39296123 -092.28679985   3 102 
111  31.39399198 -092.28678156 
112  31.39399822 -092.28726352  31.39399285 -092.28702258   3 102 
111  31.39374601 -092.28702696   3 102 
112  31.39341689 -092.28703280  31.39317005 -092.28703718   3 102 
111  31.39317317 -092.28727816   3 102 
111  31.39328966 -092.29628673   3 102 
111  31.39411471 -092.29627209 
111  31.39411782 -092.29651307   3 102 
111  31.39329277 -092.29652771   3 102 
112  31.39340927 -092.30553629  31.39341238 -092.30577727   3 102 
111  31.39365922 -092.30577289   3 102 
112  31.39398834 -092.30576705  31.39423518 -092.30576267   3 102 
113  31.39423432 -092.30552165 
110   1 0.30 145.05 Default taxiway for RWY 14
111  31.40172745 -092.30046440   3 102 
111  31.40113695 -092.30145439   3 102 
111  31.38853536 -092.29113685   3 102 
111  31.38912586 -092.29014700 
112  31.38946312 -092.29042312  31.38929320 -092.29028722   3 102 
111  31.38915179 -092.29052427   3 102 
112  31.38896324 -092.29084033  31.38882183 -092.29107738   3 102 
111  31.38899046 -092.29121544   3 102 
111  31.39486968 -092.29602904   3 102 
111  31.39534234 -092.29523667 
111  31.39551097 -092.29537473   3 102 
111  31.39503831 -092.29616710   3 102 
112  31.40091753 -092.30098069  31.40108616 -092.30111876   3 102 
111  31.40122757 -092.30088169   3 102 
112  31.40141612 -092.30056558  31.40155753 -092.30032850   3 102 
113  31.40139019 -092.30018827 
120 Default hold RWY 08 (near)
111  31.39382690 -092.30601095   4 
115  31.39382378 -092.30576997 
120 Default hold RWY 14 (near)
111  31.40149048 -092.30086170   4 
115  31.40132185 -092.30072363 
120 Default hold RWY 08 (centre)
111  31.39370417 -092.29652041   4 
115  31.39370106 -092.29627943 
120 Default hold RWY 14 (centre)
111  31.39527400 -092.29577200   4 
115  31.39510537 -092.29563394 
120 Default hold RWY 08 (far)
111  31.39358145 -092.28702988   4 
115  31.39357833 -092.28678890 
120 Default hold RWY 14 (far)
111  31.38905752 -092.29068230   4 
115  31.38888889 -092.29054424 
18   31.39636892 -092.29372812 1 BCN
19   31.39506733 -092.30647101 1 WS
19   31.40253478 -092.29995243 1 WS
19   31.38855124 -092.29026960 1 WS
19   31.39357060 -092.28630712 1 WS
51 12280 CTAF/UNICOM
55 13205 POLK APP/DEP
1      212 0 1 1R1  JENA
100   22.86   1   0 0.25 0 2 0 17   31.67583300 -092.15833300    0.00  336.80 2  0 0 0 35   31.66555600 -092.15805800    0.00    0.00 2  0 0 1
21   31.67403985 -092.15796316  1 178.70   3.00 17  VASI
21   31.66734916 -092.15842781  1 358.70   3.00 35  VASI
110   1 0.30 178.70 Default taxiway for RWY 17
111  31.67583071 -092.15845119   3 102 
111  31.67581895 -092.15905801   3 102 
111  31.66554195 -092.15878290   3 102 
111  31.66555371 -092.15817615 
112  31.66575938 -092.15818165  31.66565650 -092.15818154   3 102 
111  31.66565369 -092.15832653   3 102 
112  31.66564994 -092.15851985  31.66564713 -092.15866483   3 102 
111  31.66574996 -092.15866758   3 102 
111  31.67063137 -092.15879825   3 102 
111  31.67064079 -092.15831230 
111  31.67074363 -092.15831505   3 102 
111  31.67073421 -092.15880101   3 102 
112  31.67561562 -092.15893168  31.67571845 -092.15893443   3 102 
111  31.67572126 -092.15878943   3 102 
112  31.67572501 -092.15859609  31.67572782 -092.15845109   3 102 
113  31.67562504 -092.15844569 
120 Default hold RWY 17 (near)
111  31.67582597 -092.15869551   4 
115  31.67572313 -092.15869276 
120 Default hold RWY 17 (centre)
111  31.67073889 -092.15855935   4 
115  31.67063605 -092.15855660 
120 Default hold RWY 17 (far)
111  31.66565181 -092.15842319   4 
115  31.66554897 -092.15842044 
18   31.67071309 -092.15735135 1 BCN
19   31.67604567 -092.15797760 1 WS
19   31.66534334 -092.15841336 1 WS
51 12280 CTAF
1       79 0 1 KMKV MARKSVILLE MUNI
100   22.86   1   0 0.25 0 2 0 04   31.09055600 -092.07277800    0.00    0.00 2  0 0 0 22   31.09888900 -092.06555300    0.00    0.00 2  0 0 0
21   31.09216437 -092.07178192  1  36.59   3.00 04  VASI
21   31.09728069 -092.06654929  1 216.59   3.00 22  VASI
110   1 0.30  36.59 Default taxiway for RWY 04
111  31.09049603 -092.07268367   3 102 
111  31.09018811 -092.07219934   3 102 
111  31.09852131 -092.06497492   3 102 
111  31.09882923 -092.06545929 
112  31.09866405 -092.06560249  31.09874530 -092.06552878   3 102 
111  31.09867172 -092.06541304   3 102 
112  31.09857361 -092.06525871  31.09850004 -092.06514297   3 102 
111  31.09841745 -092.06521457   3 102 
111  31.09445733 -092.06864778   3 102 
111  31.09470393 -092.06903568 
111  31.09462134 -092.06910728   3 102 
111  31.09437474 -092.06871938   3 102 
112  31.09041461 -092.07215258  31.09033202 -092.07222418   3 102 
111  31.09040559 -092.07233991   3 102 
112  31.09050370 -092.07249422  31.09057728 -092.07260996   3 102 
113  31.09066121 -092.07254047 
120 Default hold RWY 04 (near)
111  31.09037206 -092.07248867   4 
115  31.09045465 -092.07241707 
120 Default hold RWY 04 (centre)
111  31.09449737 -092.06891228   4 
115  31.09457996 -092.06884068 
120 Default hold RWY 04 (far)
111  31.09862267 -092.06533587   4 
115  31.09870526 -092.06526427 
18   31.09514911 -092.06984130 1 BCN
19   31.09057395 -092.07320924 1 WS
19   31.09887103 -092.06512171 1 WS
51 12290 CTAF
55 13205 POLK APP/DEP
1      130 0 1 L47  OLLA
100   22.86   1   0 0.25 0 0 0 03   31.89188600 -092.22039200    0.00    0.00 2  0 0 0 21   31.89899700 -092.21543600    0.00    0.00 2  0 0 0
110   1 0.30  30.61 Default taxiway for RWY 03
111  31.89183477 -092.22029002   3 
111  31.89157172 -092.21976641   3 
111  31.89868282 -092.21481074   3 
111  31.89894587 -092.21533439 
112  31.89876881 -092.21545778  31.89885619 -092.21539381   3 
111  31.89879333 -092.21526868   3 
112  31.89870953 -092.21510184  31.89864667 -092.21497671   3 
111  31.89855814 -092.21503840   3 
111  31.89522391 -092.21736200   3 
111  31.89543458 -092.21778136 
111  31.89534605 -092.21784305   3 
111  31.89513538 -092.21742369   3 
112  31.89180115 -092.21974728  31.89171263 -092.21980898   3 
111  31.89177549 -092.21993410   3 
112  31.89185929 -092.22010093  31.89192215 -092.22022604   3 
113  31.89201182 -092.22016662 
120 Default hold RWY 03 (near)
111  31.89172886 -092.22007920   4 
115  31.89181739 -092.22001751 
120 Default hold RWY 03 (centre)
111  31.89524014 -092.21763223   4 
115  31.89532867 -092.21757054 
120 Default hold RWY 03 (far)
111  31.89875143 -092.21518526   4 
115  31.89883996 -092.21512356 
19   31.89186539 -092.22082680 1 WS
19   31.89901760 -092.21500118 1 WS
51 12290 CTAF
1      100 0 0 2L0  PINEVILLE MUNI
100   22.86   1   0 0.00 0 2 0 17   31.34611100 -092.44388600    0.00    0.00 2  0 0 1 35   31.33805600 -092.44361100    0.00    0.00 2  0 0 0
21   31.34431989 -092.44350406  2 178.33   4.00 17  PAPI-4L
21   31.33985282 -092.44335741  3 358.33   3.00 35  PAPI-4R
110   1 0.00   0.00 Apron
111  31.34371871 -092.44392249 102 
112  31.34361302 -092.44408993  31.34360026 -092.44421245 
111  31.34361302 -092.44408993 
112  31.34361302 -092.44408993  31.34359388 -092.44427372 
111  31.34338422 -092.44430540 
111  31.34309113 -092.44429521 
112  31.34309113 -092.44429521  31.34304489 -092.44430604 
111  31.34305259 -092.44440972 
111  31.34170412 -092.44436800 
111  31.34170164 -092.44442478 
111  31.34081595 -092.44439856 
111  31.34081595 -092.44430393 
111  31.34070404 -092.44430102 
111  31.34070404 -092.44429374 
111  31.34054736 -092.44429083 
111  31.34054488 -092.44438255 
111  31.34049960 -092.44438116 
111  31.34050123 -092.44433926 
111  31.34037452 -092.44433305 
111  31.34037407 -092.44439334 
111  31.34033676 -092.44438898 
111  31.34033846 -092.44432968 
111  31.33969980 -092.44431849 
111  31.33970090 -092.44412580 
111  31.33970128 -092.44406016 
111  31.33970155 -092.44401275 
111  31.33998009 -092.44402003 
112  31.34003356 -092.44392043  31.34003526 -092.44383491 102 
111  31.33996268 -092.44379437 
111  31.34024246 -092.44380165 102 
112  31.34017034 -092.44392686  31.34016949 -092.44402928 
111  31.34017034 -092.44392686 
112  31.34017034 -092.44392686  31.34017034 -092.44400939 
111  31.34023251 -092.44402731 
111  31.34050633 -092.44403896 
111  31.34051006 -092.44407973 
111  31.34341336 -092.44418747 
112  31.34350040 -092.44408847  31.34350678 -092.44403244 
111  31.34350040 -092.44408847 
112  31.34350040 -092.44408847  31.34350423 -092.44392560 102 
113  31.34341585 -092.44391230 
110   2 0.00   0.00 Pad
111  31.34081595 -092.44430393 
111  31.34081595 -092.44439856 
111  31.34081595 -092.44445310 
111  31.34072270 -092.44445455 
111  31.34072394 -092.44465634 
111  31.34062197 -092.44465401 
111  31.34062347 -092.44459917 
111  31.34066425 -092.44460014 
111  31.34066052 -092.44444145 
111  31.34054388 -092.44443990 
111  31.34054488 -092.44438255 
111  31.34054736 -092.44429083 
111  31.34070404 -092.44429374 
113  31.34070404 -092.44430102 
110   1 0.00   0.00 Pad
111  31.33806077 -092.44349142 102 
112  31.33817373 -092.44336191  31.33828220 -092.44336123 102 
111  31.33832692 -092.44346441 
112  31.33832692 -092.44346441  31.33834896 -092.44349429 102 
113  31.33841309 -092.44350444 
110   1 0.00   0.00 Pad
111  31.34610730 -092.44400552 102 
112  31.34599263 -092.44414176  31.34588300 -092.44413972 102 
111  31.34584250 -092.44402844 
112  31.34584250 -092.44402844  31.34583728 -092.44400398 102 
113  31.34579201 -092.44399302 
110   1 0.00   0.00 Road
111  31.33970090 -092.44412580 
112  31.33967694 -092.44411277  31.33966591 -092.44411203 
111  31.33967694 -092.44411277 
111  31.33939764 -092.44410968 
112  31.33931967 -092.44425541  31.33934770 -092.44437901 
111  31.33931967 -092.44425541 
111  31.33934839 -092.44435630 
111  31.33960281 -092.44436111 
111  31.33960965 -092.44471983 
111  31.33956724 -092.44471823 
112  31.33956724 -092.44471823  31.33953828 -092.44474995 
111  31.33957819 -092.44477428 
111  31.34552423 -092.44457517 
111  31.34635957 -092.44441279 
112  31.34635957 -092.44441279  31.34655927 -092.44433431 
111  31.34658211 -092.44406159 
111  31.34658211 -092.44351024 
112  31.34631904 -092.44300080  31.34609512 -092.44283027 
111  31.34631904 -092.44300080 
111  31.34565002 -092.44254349 
111  31.34530170 -092.44227993 
111  31.34433041 -092.44141997 
111  31.34436726 -092.44137910 
111  31.34533929 -092.44223770 
111  31.34568027 -092.44249140 
111  31.34633699 -092.44294835 
112  31.34633699 -092.44294835  31.34660643 -092.44311675 
111  31.34664016 -092.44350918 
111  31.34663704 -092.44405482 
112  31.34651115 -092.44437958  31.34639899 -092.44447087 
111  31.34651115 -092.44437958 
112  31.34651115 -092.44437958  31.34646875 -092.44441642 
111  31.34646482 -092.44452244 
111  31.34669223 -092.44550001 
111  31.34663371 -092.44552285 
111  31.34640149 -092.44456007 
112  31.34640149 -092.44456007  31.34637947 -092.44449300 
111  31.34630796 -092.44449209 
111  31.34555004 -092.44464692 
111  31.33949435 -092.44484322 
111  31.33938664 -092.44457989 
111  31.33929223 -092.44426126 
112  31.33929223 -092.44426126  31.33925859 -092.44407313 
111  31.33939823 -092.44406947 
111  31.33967514 -092.44407501 
112  31.33967514 -092.44407501  31.33969109 -092.44407501 
113  31.33970128 -092.44406016 
130 Airport Boundary
111  31.34686961 -092.44444103 
111  31.34017831 -092.44472880 
111  31.33925718 -092.44472212 
111  31.33788201 -092.44430965 
111  31.33787509 -092.44345415 
111  31.33885492 -092.44284027 
111  31.33972615 -092.44224374 
111  31.34047371 -092.44294525 
111  31.34115725 -092.44284791 
113  31.34686997 -092.44336034 
120 TL
111  31.33985655 -092.44417569   1 
112  31.34009934 -092.44393451  31.34010103 -092.44366005 
111  31.34009934 -092.44393451 
112  31.34009934 -092.44393451  31.34009849 -092.44370182   1 
111  31.33993206 -092.44368627   1 
115  31.33938370 -092.44366756 
120 TL
112  31.34355998 -092.44407352  31.34356489 -092.44381579   1 
111  31.34338854 -092.44380473   1 
115  31.34284018 -092.44378601 
120 TL
111  31.34431834 -092.44383677   1 
111  31.34376998 -092.44381805   1 
112  31.34355998 -092.44407352  31.34355094 -092.44433162 
111  31.34355998 -092.44407352 
112  31.34355998 -092.44407352  31.34355433 -092.44422574   1 
111  31.34338794 -092.44424092   1 
111  31.34090586 -092.44420012   1 
111  31.34078864 -092.44419819   1 
111  31.34056546 -092.44419452   1 
111  31.34047542 -092.44419304   1 
111  31.34028090 -092.44418984   1 
112  31.34009934 -092.44393451  31.34010494 -092.44370371   1 
111  31.34027159 -092.44369816   1 
115  31.34081995 -092.44371687 
120 TL
111  31.34056546 -092.44419452   1 
112  31.34051922 -092.44425295  31.34051150 -092.44430628 
111  31.34051922 -092.44425295 
112  31.34051922 -092.44425295  31.34051034 -092.44419938   1 
115  31.34047542 -092.44419304 
120 TL
111  31.34090586 -092.44420012   1 
112  31.34084339 -092.44425775  31.34083567 -092.44431109 
111  31.34084339 -092.44425775 
112  31.34084339 -092.44425775  31.34083335 -092.44420622   1 
115  31.34078864 -092.44419819 
120 TL
111  31.34084339 -092.44425775   1 
111  31.34084295 -092.44431540 
112  31.34084295 -092.44431540  31.34084015 -092.44437666   1 
111  31.34078047 -092.44437466   1 
111  31.34058077 -092.44437146   1 
112  31.34051915 -092.44428935  31.34051915 -092.44422481 
111  31.34051915 -092.44428935   1 
115  31.34051922 -092.44425295 
120 RH
111  31.34017034 -092.44392686   4 
115  31.34003356 -092.44392043 
120 RH
111  31.34361302 -092.44408993   4 
115  31.34350040 -092.44408847 
18   31.33897338 -092.44446789 1 BCN
19   31.33978873 -092.44258120 1 WS
20   31.34371253 -092.44409547  90.00  0 1 {@R}17-35
20   31.34027385 -092.44390718  90.00  0 1 {@R}17-35
1300  31.34047513 -092.44406664 270.00 tie_down turboprops|props|helos Ramp
1300  31.34069889 -092.44437388   0.00 misc props Self-Serve Fuel
51 12280 UNICOM
1      213 0 1 L66  POLLOCK MUNI
100   45.72   1   0 0.25 0 0 0 13   31.48333300 -092.46055600    0.00    0.00 2  0 0 0 31   31.47444400 -092.45027800    0.00    0.00 2  0 0 0
100   45.72   1   0 0.25 0 0 0 04   31.47166700 -092.45916700    0.00    0.00 2  0 0 0 22   31.48027800 -092.44916400    0.00    0.00 2  0 0 0
100   22.86   1   0 0.25 0 2 0 18   31.48138900 -092.45833600    0.00    0.00 2  0 0 0 36   31.46888900 -092.45833600    0.00    0.00 2  0 0 0
110   1 0.30 180.00 Default taxiway for RWY 18
111  31.48138900 -092.45845398   3 102 
111  31.48138900 -092.45905969   3 102 
111  31.46888900 -092.45905959   3 102 
111  31.46888900 -092.45845396 
112  31.46909472 -092.45845396  31.46899186 -092.45845660   3 102 
111  31.46899186 -092.45860132   3 102 
112  31.46899186 -092.45879428  31.46899186 -092.45893900   3 102 
111  31.46909472 -092.45893900   3 102 
111  31.47508757 -092.45893904   3 102 
111  31.47508757 -092.45845397 
111  31.47519043 -092.45845397   3 102 
111  31.47519043 -092.45893904   3 102 
112  31.48118328 -092.45893907  31.48128614 -092.45893907   3 102 
111  31.48128614 -092.45879434   3 102 
112  31.48128614 -092.45860135  31.48128614 -092.45845661   3 102 
113  31.48118328 -092.45845398 
120 Default hold RWY 18 (near)
111  31.48138900 -092.45869785   4 
115  31.48128614 -092.45869784 
120 Default hold RWY 18 (centre)
111  31.47519043 -092.45869782   4 
115  31.47508757 -092.45869782 
120 Default hold RWY 18 (far)
111  31.46899186 -092.45869780   4 
115  31.46888900 -092.45869780 
18   31.47514049 -092.45749336 1 BCN
19   31.47180905 -092.46002058 1 WS
19   31.48405931 -092.46037950 1 WS
19   31.48159472 -092.45797576 1 WS
19   31.46868328 -092.45869619 1 WS
19   31.48013589 -092.44831035 1 WS
19   31.47371770 -092.45045457 1 WS
51 12280 UNICOM
1      220 0 1 70LA Roland
100   60.96   3   0 0.25 0 0 0 09   31.16931195 -092.76025632    0.00    0.00 1  0 0 0 27   31.16883359 -092.75226146    0.00    0.00 1  0 0 0
19   31.17017109 -092.76082886 1 WS
19   31.16797441 -092.75168899 1 WS
1       77 0 1 LA22 Summerville
100   30.48   3   0 0.25 0 0 0 11   31.16380434 -092.42647203    0.00    0.00 1  0 0 0 29   31.16045732 -092.41768687    0.00    0.00 1  0 0 0
19   31.16429178 -092.42656932 1 WS
19   31.15996987 -092.41758962 1 WS
1      140 0 1 1R4  WOODWORTH
100   22.86   1   0 0.25 0 2 0 01   31.12527800 -092.50111400    0.00    0.00 2  0 0 0 19   31.13333300 -092.49861100    0.00    0.00 2  0 0 0
21   31.12708777 -092.50088272  1  14.90   3.00 01  VASI
21   31.13152323 -092.49884237  1 194.90   3.00 19  VASI
110   1 0.30  14.90 Default taxiway for RWY 01
111  31.12525214 -092.50100042   3 102 
111  31.12511936 -092.50041726   3 102 
111  31.13317438 -092.49791441   3 102 
111  31.13330716 -092.49849762 
112  31.13310835 -092.49855940  31.13320718 -092.49852597   3 102 
111  31.13317545 -092.49838661   3 102 
112  31.13313315 -092.49820080  31.13310142 -092.49806144   3 102 
111  31.13300201 -092.49809233   3 102 
111  31.12922301 -092.49926652   3 102 
111  31.12932935 -092.49973357 
111  31.12922995 -092.49976446   3 102 
111  31.12912361 -092.49929741   3 102 
112  31.12534461 -092.50047162  31.12524521 -092.50050250   3 102 
111  31.12527694 -092.50064184   3 102 
112  31.12531924 -092.50082764  31.12535097 -092.50096699   3 102 
113  31.12545095 -092.50093865 
120 Default hold RWY 01 (near)
111  31.12519868 -092.50076563   4 
115  31.12529809 -092.50073474 
120 Default hold RWY 01 (centre)
111  31.12917649 -092.49952967   4 
115  31.12927589 -092.49949878 
120 Default hold RWY 01 (far)
111  31.13315430 -092.49829370   4 
115  31.13325370 -092.49826281 
18   31.12948932 -092.50067424 1 BCN
19   31.12515816 -092.50152259 1 WS
19   31.13345284 -092.49820237 1 WS
51 12290 CTAF
17      75 0 1 LS67 [H] Avoyelles Hospital
102 H1   31.14407583 -092.06151334   0.00   12.19   12.19   2 2   0 0.25 0
19   31.14424041 -092.06132105 1 WS
17     125 0 1 18LA [H] Camp Beauregard Army National Guard
102 H1   31.38351361 -092.40013612   0.00  914.40  609.60   3 1   0 0.25 0
19   31.39311404 -092.39049599 1 WS
17      90 0 1 LS79 [H] Hardtner Medical Center
102 H1   31.86127694 -092.27597167   0.00   12.19   12.19   2 2   0 0.25 0
19   31.86144152 -092.27577789 1 WS
17      70 0 1 9LA5 [H] Huey P Long Regional Medical Center
102 H1   31.32101527 -092.44458139   0.00   10.97    7.32   2 2   0 0.25 0
19   31.32113047 -092.44446580 1 WS
17      30 0 1 LS27 [H] Rapides General Hospital
102 H1   31.30046027 -092.45013695   0.00   30.48    7.32   1 2   0 0.25 0
19   31.30066325 -092.45002138 1 WS
17      88 0 1 LA62 [H] St Francis Cabrini Hospital
102 H1   31.28323861 -092.46152612   0.00   22.56   18.29   2 2   0 0.25 0
19   31.28350468 -092.46123725 1 WS
17      95 0 1 95LA [H] Troop E
102 H1   31.31573777 -092.46958223   0.00    3.66    3.66   2 2   0 0.25 0
19   31.31578715 -092.46952444 1 WS
17     150 0 1 LA82 [H] Va Medical Center
102 H1   31.35323805 -092.43708139   0.00   18.29   18.29   2 2   0 0.25 0
19   31.35348492 -092.43679231 1 WS
17     140 0 1 0L6  [H] Winn Parish Medical Center
102 H1   31.92321888 -092.64570445   0.00   15.24   15.24   2 2   0 0.25 0
19   31.92342460 -092.64546207 1 WS