1      269 0 1 MS28 Alcorn State University
100   30.48   3   0 0.25 0 0 0 12   31.87082582 -091.13855513    0.00    0.00 1  0 0 0 30   31.86671750 -091.13110599    0.00    0.00 1  0 0 0
19   31.87132029 -091.13856216 1 WS
19   31.86622304 -091.13109899 1 WS
1       50 0 1 LS46 Blount
100   24.38   3   0 0.25 0 0 0 11   31.45990320 -091.82657480    0.00    0.00 1  0 0 0 29   31.45711402 -091.81923076    0.00    0.00 1  0 0 0
19   31.46029315 -091.82665288 1 WS
19   31.45672406 -091.81915272 1 WS
1       54 0 1 0R4  CONCORDIA PARISH
100   22.86   1   0 0.25 0 2 0 14   31.57083300 -091.50333300    0.00    0.00 2  0 0 1 32   31.56277800 -091.49639200    0.00    0.00 2  0 0 0
21   31.56954429 -091.50182364  1 143.71   3.00 14  VASI
110   1 0.30 143.71 Default taxiway for RWY 14
111  31.57077345 -091.50342819   3 102 
111  31.57046773 -091.50391689   3 102 
111  31.56241292 -091.49697524   3 102 
111  31.56271864 -091.49648658 
112  31.56288446 -091.49662949  31.56280022 -091.49656016   3 102 
111  31.56272717 -091.49667693   3 102 
112  31.56262976 -091.49683262  31.56255671 -091.49694939   3 102 
111  31.56263962 -091.49702085   3 102 
111  31.56645975 -091.50031303   3 102 
111  31.56670459 -091.49992165 
111  31.56678750 -091.49999311   3 102 
111  31.56654266 -091.50038449   3 102 
112  31.57036279 -091.50367667  31.57044570 -091.50374813   3 102 
111  31.57051875 -091.50363135   3 102 
112  31.57061616 -091.50347564  31.57068921 -091.50335887   3 102 
113  31.57060763 -091.50328528 
120 Default hold RWY 14 (near)
111  31.57065037 -091.50362495   4 
115  31.57056746 -091.50355350 
120 Default hold RWY 14 (centre)
111  31.56666442 -091.50018986   4 
115  31.56658151 -091.50011840 
120 Default hold RWY 14 (far)
111  31.56267847 -091.49675477   4 
115  31.56259556 -091.49668332 
18   31.56723211 -091.49918334 1 BCN
19   31.57118064 -091.50318526 1 WS
19   31.56243036 -091.49653976 1 WS
51 12280 UNICOM
1      336 0 1 C71  CROSBY MUNI
100   18.29   1   0 0.25 0 0 0 17   31.30024200 -091.05372500    0.00    0.00 2  0 0 0 35   31.29176900 -091.05203900    0.00    0.00 2  0 0 0
110   1 0.30 170.35 Default taxiway for RWY 17
111  31.30022858 -091.05381735   3 
111  31.30015923 -091.05429466   3 
111  31.29168624 -091.05260846   3 
111  31.29175559 -091.05213119 
112  31.29191784 -091.05216348  31.29183635 -091.05214992   3 
111  31.29181979 -091.05226385   3 
112  31.29179772 -091.05241574  31.29178117 -091.05252966   3 
111  31.29186229 -091.05254581   3 
111  31.29589597 -091.05334855   3 
111  31.29595152 -091.05296619 
111  31.29603265 -091.05298234   3 
111  31.29597710 -091.05336470   3 
112  31.30001078 -091.05416743  31.30009191 -091.05418358   3 
111  31.30010846 -091.05406964   3 
112  31.30013053 -091.05391774  31.30014709 -091.05380380   3 
113  31.30006633 -091.05378506 
120 Default hold RWY 17 (near)
111  31.30020062 -091.05400983   4 
115  31.30011950 -091.05399369 
120 Default hold RWY 17 (centre)
111  31.29600469 -091.05317482   4 
115  31.29592356 -091.05315867 
120 Default hold RWY 17 (far)
111  31.29180876 -091.05233979   4 
115  31.29172763 -091.05232365 
19   31.30044563 -091.05347246 1 WS
19   31.29156537 -091.05229152 1 WS
51 12290 CTAF
1       61 0 1 LA65 Delta
100   24.38   3   0 0.25 0 0 0 18   31.60760556 -091.61367385    0.00    0.00 1  0 0 0 36   31.59939666 -091.61434783    0.00    0.00 1  0 0 0
19   31.60780150 -091.61327033 1 WS
19   31.59920072 -091.61475131 1 WS
1       50 0 1 LA40 FL BRAUGHTON
100    9.14   3   0 0.25 0 0 0 17   31.34836412 -091.59356970    0.00    0.00 1  0 0 0 35   31.33941388 -091.59198630    0.00    0.00 1  0 0 0
100    9.14   1   0 0.25 0 0 0 18   31.34841355 -091.59264779    0.00    0.00 2  0 0 0 36   31.33936445 -091.59290821    0.00    0.00 2  0 0 0
110   1 0.30 181.41 Default taxiway for RWY 18
111  31.34841451 -091.59269332   3 
111  31.34841962 -091.59293677   3 
111  31.33937052 -091.59319719   3 
111  31.33936541 -091.59295377 
112  31.33944767 -091.59295140  31.33940659 -091.59295521   3 
111  31.33940780 -091.59301300   3 
112  31.33940942 -091.59309005  31.33941064 -091.59314784   3 
111  31.33945177 -091.59314666   3 
111  31.34387349 -091.59301940   3 
111  31.34386939 -091.59282413 
111  31.34391053 -091.59282295   3 
111  31.34391463 -091.59301822   3 
112  31.34833635 -091.59289098  31.34837748 -091.59288979   3 
111  31.34837626 -091.59283199   3 
112  31.34837464 -091.59275493  31.34837343 -091.59269713   3 
113  31.34833225 -091.59269569 
120 Default hold RWY 18 (near)
111  31.34841658 -091.59279228   4 
115  31.34837545 -091.59279346 
120 Default hold RWY 18 (centre)
111  31.34391260 -091.59292190   4 
115  31.34387146 -091.59292308 
120 Default hold RWY 18 (far)
111  31.33940861 -091.59305153   4 
115  31.33936748 -091.59305272 
19   31.34846393 -091.59344119 1 WS
19   31.34849278 -091.59250093 1 WS
19   31.33928522 -091.59305506 1 WS
19   31.33931407 -091.59211481 1 WS
1      240 0 1 MS23 FOREST HOME
100    9.14   1   0 0.25 0 0 0 16   31.01183300 -091.20523900  210.31    0.00 2  0 0 0 34   31.00150000 -091.20087200   91.44    0.00 2  0 0 0
110   1 0.30 160.09 Default taxiway for RWY 16
111  31.01181975 -091.20528167   3 
111  31.01174892 -091.20550982   3 
111  31.00141599 -091.20114232   3 
111  31.00148682 -091.20091419 
112  31.00156419 -091.20094689  31.00152475 -091.20093301   3 
111  31.00150793 -091.20098717   3 
112  31.00148551 -091.20105938  31.00146869 -091.20111354   3 
111  31.00150737 -091.20112989   3 
111  31.00657712 -091.20327276   3 
111  31.00663394 -091.20308976 
111  31.00667263 -091.20310611   3 
111  31.00661581 -091.20328911   3 
112  31.01168556 -091.20543198  31.01172425 -091.20544833   3 
111  31.01174107 -091.20539417   3 
112  31.01176349 -091.20532195  31.01178031 -091.20526779   3 
113  31.01174238 -091.20524897 
120 Default hold RWY 16 (near)
111  31.01179096 -091.20537441   4 
115  31.01175228 -091.20535806 
120 Default hold RWY 16 (centre)
111  31.00664384 -091.20319884   4 
115  31.00660515 -091.20318249 
120 Default hold RWY 16 (far)
111  31.00149672 -091.20102327   4 
115  31.00145803 -091.20100692 
19   31.01195241 -091.20513629 1 WS
19   31.00138059 -091.20097471 1 WS
1      120 0 1 MS57 FRED NETTERVILLE LUMBER CO
100    9.14   1   0 0.25 0 0 0 06   31.21811000 -091.24454100    0.00    0.00 2  0 0 0 24   31.22223400 -091.23623100    0.00    0.00 2  0 0 0
110   1 0.30  59.87 Default taxiway for RWY 06
111  31.21807636 -091.24451817   3 
111  31.21789648 -091.24439610   3 
111  31.22202075 -091.23608646   3 
111  31.22220063 -091.23620853 
112  31.22215932 -091.23629175  31.22217802 -091.23624882   3 
111  31.22213532 -091.23621984   3 
112  31.22207838 -091.23618120  31.22203568 -091.23615222   3 
111  31.22201503 -091.23619383   3 
111  31.22000453 -091.24024463   3 
111  31.22014882 -091.24034255 
111  31.22012817 -091.24038416   3 
111  31.21998388 -091.24028624   3 
112  31.21797338 -091.24433703  31.21795272 -091.24437864   3 
111  31.21799542 -091.24440762   3 
112  31.21805236 -091.24444626  31.21809506 -091.24447524   3 
113  31.21811767 -091.24443495 
120 Default hold RWY 06 (near)
111  31.21800324 -091.24446855   4 
115  31.21802389 -091.24442694 
120 Default hold RWY 06 (centre)
111  31.22005505 -091.24033454   4 
115  31.22007570 -091.24029293 
120 Default hold RWY 06 (far)
111  31.22210685 -091.23620052   4 
115  31.22212751 -091.23615891 
19   31.21817545 -091.24469667 1 WS
19   31.22216854 -091.23607533 1 WS
1      272 0 0 KHEZ HARDY ANDERS FLD NATCHEZ ADAMS CO
100   46.02   1   0 0.00 0 3 0 13   31.62057800 -091.30590000    0.00    0.00 3  8 0 0 31   31.60765600 -091.29148100    0.00    0.00 2  0 0 0
100   46.02   1   0 0.00 0 2 0 18   31.61993900 -091.29545800    0.00    0.00 2  0 0 0 36   31.60619700 -091.29569700    0.00    0.00 2  0 0 0
21   31.61884557 -091.30331245  2 136.46   3.00 13  PAPI-4L
21   31.61813377 -091.29504697  1 180.85   3.00 18  VASI
21   31.60868274 -091.29328033  2 316.47   3.00 31  PAPI-4L
110   1 0.00 181.00 A
111  31.61811212 -091.29374086 
111  31.61811210 -091.29390214 102 
111  31.61544980 -091.29394507 
111  31.61542208 -091.29394618 102 
111  31.61524053 -091.29394896 
111  31.61488734 -091.29395475 102 
111  31.61038152 -091.29402811 
112  31.61038152 -091.29402811  31.61030197 -091.29404120 102 
111  31.61034810 -091.29415316 
111  31.61009517 -091.29387183 102 
111  31.61348485 -091.29381654 
111  31.61368822 -091.29381338 102 
111  31.61382481 -091.29381094 
111  31.61412219 -091.29380678 
111  31.61423045 -091.29380373 102 
111  31.61435835 -091.29380163 
111  31.61533277 -091.29378477 
111  31.61579733 -091.29377877 
111  31.61606219 -091.29377398 
111  31.61648286 -091.29376721 
113  31.61672347 -091.29376332 102 
110   1 0.00 147.80 A
111  31.61974208 -091.29522153 102 
112  31.61978003 -091.29515113  31.61977550 -091.29509153 
111  31.61978003 -091.29515113 
112  31.61978003 -091.29515113  31.61977459 -091.29509685 102 
111  31.61966877 -091.29501218 102 
111  31.61927545 -091.29472269   3 
111  31.61878368 -091.29435994 102 
111  31.61819934 -091.29392706 
112  31.61819934 -091.29392706  31.61815681 -091.29389772 102 
111  31.61811210 -091.29390214 
111  31.61811212 -091.29374086 102 
112  31.61827726 -091.29379289  31.61835365 -091.29384654 
111  31.61827726 -091.29379289 102 
111  31.61980857 -091.29492700 
112  31.61980857 -091.29492700  31.61991007 -091.29499724 102 
113  31.61993010 -091.29522152 
110   1 0.00  46.50 B
111  31.62048592 -091.30546458 102 
112  31.62071714 -091.30549303  31.62079686 -091.30541885 
111  31.62071714 -091.30549303 102 
111  31.62108430 -091.30504199 
112  31.62108430 -091.30504199  31.62138361 -091.30458983 102 
111  31.62103858 -091.30418410 
111  31.62113265 -091.30406581 102 
112  31.62120381 -091.30513358  31.62083682 -091.30574294 
111  31.62120381 -091.30513358 102 
113  31.62071494 -091.30572531 
110   1 0.00 136.50 B
111  31.62113265 -091.30406581 
111  31.62103858 -091.30418410 102 
111  31.62009550 -091.30313345 
111  31.61984750 -091.30285668 102 
111  31.61674671 -091.29940306   3 
111  31.61629451 -091.29889791 102 
111  31.61559925 -091.29812263 
111  31.61569269 -091.29800399 102 
111  31.61635345 -091.29874074   3 
113  31.61678037 -091.29921627 102 
110   1 0.00  97.00 B
111  31.61500020 -091.29531131 102 
112  31.61512388 -091.29513815  31.61511366 -091.29502675 
111  31.61512388 -091.29513815 102 
111  31.61501125 -091.29405660 
112  31.61501125 -091.29405660  31.61499958 -091.29396577 102 
111  31.61488734 -091.29395475 
111  31.61524053 -091.29394896 102 
112  31.61515162 -091.29406419  31.61515892 -091.29416016 
111  31.61515162 -091.29406419 102 
111  31.61526717 -091.29516705 
112  31.61526717 -091.29516705  31.61528322 -091.29525103 102 
113  31.61535853 -091.29529612 
110   1 0.00  97.00 B
111  31.61546828 -091.29577184 102 
112  31.61534831 -091.29593911  31.61535651 -091.29605632 
111  31.61534831 -091.29593911 102 
111  31.61553296 -091.29770472 
112  31.61553296 -091.29770472  31.61555669 -091.29789845 102 
111  31.61569416 -091.29800415 
111  31.61559925 -091.29812263 
111  31.61540061 -091.29775911 102 
111  31.61521172 -091.29596114 
112  31.61521172 -091.29596114  31.61519942 -091.29584874 102 
113  31.61508452 -091.29578102 
110   1 0.00  90.00 B1
111  31.61956961 -091.30444823 102 
112  31.61971385 -091.30443863  31.61978594 -091.30439046 
111  31.61971385 -091.30443863 102 
111  31.61985507 -091.30425089 102 
112  31.61990036 -091.30405876  31.61989912 -091.30394491 
111  31.61990036 -091.30405876 102 
111  31.61988890 -091.30301843 
112  31.61988890 -091.30301843  31.61989003 -091.30297066 102 
111  31.61984750 -091.30285668 
111  31.62009550 -091.30313345 102 
112  31.62002099 -091.30317451  31.62002099 -091.30324617 
111  31.62002099 -091.30317451 102 
111  31.62003626 -091.30406002 
112  31.62003626 -091.30406002  31.62003253 -091.30424541 102 
111  31.61994033 -091.30437918 102 
113  31.61974422 -091.30463785 
110   1 0.00  57.00 B2
111  31.61465557 -091.29896169 102 
112  31.61481390 -091.29894459  31.61485558 -091.29887481 
111  31.61481390 -091.29894459 102 
111  31.61535988 -091.29795514 
112  31.61535988 -091.29795514  31.61539469 -091.29789332 102 
111  31.61540061 -091.29775911 
111  31.61559925 -091.29812263 102 
112  31.61541799 -091.29814946  31.61535432 -091.29825315 
111  31.61541799 -091.29814946 102 
111  31.61490672 -091.29907068 
112  31.61490672 -091.29907068  31.61486736 -091.29914681 102 
113  31.61491036 -091.29924805 
110   1 0.00 181.00 C
111  31.60968533 -091.29407442 102 
111  31.60956085 -091.29403877 102 
111  31.60800881 -091.29407518 
111  31.60801094 -091.29391903 102 
111  31.60929845 -091.29389561 
112  31.60929845 -091.29389561  31.60942950 -091.29389044 102 
113  31.60939825 -091.29375740 
110   1 0.00  31.00 C
111  31.60800881 -091.29407518 102 
112  31.60783450 -091.29413950  31.60776192 -091.29418624 
111  31.60783450 -091.29413950 102 
111  31.60642170 -091.29513172 102 
112  31.60633889 -091.29532617  31.60633676 -091.29545487 
111  31.60633889 -091.29532617 
112  31.60633889 -091.29532617  31.60633889 -091.29541989 102 
111  31.60643274 -091.29545905 
111  31.60619998 -091.29546178 102 
112  31.60632931 -091.29500806  31.60647191 -091.29489560 
111  31.60632931 -091.29500806 102 
111  31.60778995 -091.29398345 
112  31.60778995 -091.29398345  31.60788945 -091.29392160 102 
113  31.60801094 -091.29391903 
110   1 0.00  91.00 Ramp
111  31.61348485 -091.29381654 
112  31.61353945 -091.29371179  31.61354025 -091.29365734 
111  31.61351545 -091.29362526 
112  31.61339146 -091.29333254  31.61338299 -091.29323078 
111  31.61339146 -091.29333254 
111  31.61338175 -091.29328692 
111  31.61337916 -091.29294734 
111  31.61337834 -091.29225350 
111  31.61329779 -091.29219312 
111  31.61287447 -091.29220117 
112  31.61275107 -091.29206634  31.61274873 -091.29195775 
111  31.61275107 -091.29206634 
111  31.61275107 -091.29188722 
112  31.61275107 -091.29188722  31.61275458 -091.29177451 
111  31.61284533 -091.29174635 
111  31.61383252 -091.29172622 
111  31.61389765 -091.29177251 
111  31.61400219 -091.29202609 
111  31.61407417 -091.29213879 
111  31.61413244 -091.29227161 
111  31.61413576 -091.29284115 
111  31.61411921 -091.29292993 
111  31.61382769 -091.29292946 
111  31.61379641 -091.29293014 
112  31.61379641 -091.29293014  31.61376129 -091.29293152 
111  31.61375870 -091.29297398 
111  31.61376042 -091.29336038 
112  31.61362160 -091.29370978  31.61362000 -091.29378113 
113  31.61368822 -091.29381338 
111  31.61380725 -091.29187796 
111  31.61288811 -091.29190388 
111  31.61288259 -091.29204001 
113  31.61381001 -091.29202705 
111  31.61362133 -091.29232198 
111  31.61350265 -091.29232523 
111  31.61351093 -091.29317440 
113  31.61363790 -091.29317440 
111  31.61399957 -091.29227664 
111  31.61389965 -091.29227442 
111  31.61390342 -091.29269946 
113  31.61400334 -091.29269725 
110   1 0.00   0.00 Pad
111  31.61195232 -091.29594472 
111  31.61185176 -091.29583601 
111  31.61200214 -091.29583216 
114  31.61200214 -091.29583216  31.61193742 -091.29587222 
110   1 0.00   0.00 Pad
111  31.61085317 -091.29537790 
111  31.61070908 -091.29537833 
112  31.61076533 -091.29528054  31.61076643 -091.29521093 
113  31.61076533 -091.29528054 
110   1 0.00  91.00 Pad
111  31.61412219 -091.29380678 
112  31.61415272 -091.29373992  31.61415396 -091.29371508 
111  31.61415272 -091.29373992 
111  31.61415252 -091.29353799 
111  31.61412781 -091.29338347 
111  31.61411998 -091.29338278 
111  31.61411926 -091.29326038 
111  31.61431452 -091.29326389 
111  31.61431461 -091.29331083 
111  31.61420606 -091.29331152 
111  31.61420541 -091.29342049 
111  31.61418480 -091.29353580 
111  31.61418529 -091.29370755 
112  31.61418529 -091.29370755  31.61418529 -091.29375577 
113  31.61423045 -091.29380373 
110   2 0.00   0.00 Pad
111  31.61544980 -091.29394507 
111  31.61544891 -091.29399633 
111  31.61549735 -091.29399601 
111  31.61549856 -091.29413743 
111  31.61537496 -091.29413656 
111  31.61537580 -091.29399839 
111  31.61542217 -091.29399807 
113  31.61542208 -091.29394618 
110   2 0.00  91.00 Pad
111  31.61655500 -091.29350238 
111  31.61655324 -091.29370769 
112  31.61655324 -091.29370769  31.61655178 -091.29373339 
111  31.61648286 -091.29376721 
111  31.61606219 -091.29377398 
112  31.61593690 -091.29364132  31.61593252 -091.29353335 
111  31.61593690 -091.29364132 
113  31.61593537 -091.29351482 
110   2 0.00  91.00 Pad
111  31.61533277 -091.29378477 
111  31.61532868 -091.29329447 
111  31.61573735 -091.29328933 
111  31.61573735 -091.29331847 
111  31.61574026 -091.29373493 
111  31.61575194 -091.29374944 
113  31.61579733 -091.29377877 
110   2 0.00  91.00 Pad
111  31.61477472 -091.29372294 
111  31.61437335 -091.29372808 
111  31.61436605 -091.29331333 
113  31.61477764 -091.29330819 
110   2 0.00  91.00 Pad
111  31.61339146 -091.29333254 
111  31.61322038 -091.29327521 
111  31.61310435 -091.29327673 
111  31.61310590 -091.29318199 
111  31.61321585 -091.29318047 
111  31.61321391 -091.29295023 
111  31.61337916 -091.29294734 
113  31.61338175 -091.29328692 
110   2 0.00  91.00 Pad
111  31.61382481 -091.29381094 
112  31.61384969 -091.29377017  31.61385060 -091.29374250 
111  31.61384969 -091.29377017 
111  31.61384358 -091.29326748 
111  31.61378177 -091.29326748 
111  31.61378177 -091.29324674 
111  31.61384014 -091.29324562 
111  31.61383828 -091.29296056 
111  31.61382741 -091.29295912 
111  31.61382769 -091.29292946 
111  31.61411921 -091.29292993 
113  31.61412219 -091.29380678 
110   1 0.00  91.00 Pad
111  31.61648286 -091.29376721 
111  31.61655324 -091.29370769 
111  31.61655500 -091.29350238 
111  31.61655084 -091.29320294 
111  31.61645379 -091.29320399 
111  31.61645003 -091.29298068 
111  31.61662210 -091.29298062 
111  31.61663307 -091.29365733 
112  31.61663307 -091.29365733  31.61663120 -091.29374002 
113  31.61672347 -091.29376332 
110   2 0.00   0.00 Pad
111  31.61574458 -091.29295030 
111  31.61574442 -091.29283697 
111  31.61593444 -091.29283657 
113  31.61593435 -091.29294855 
110   2 0.00   0.00 Pad
111  31.61548630 -091.29295662 
111  31.61548478 -091.29285372 
111  31.61560495 -091.29285207 
111  31.61560382 -091.29290300 
111  31.61565940 -091.29290300 
113  31.61566043 -091.29295167 
110   1 0.00   0.00 H Pad
111  31.61301977 -091.29318641 
111  31.61302122 -091.29294863 
111  31.61321391 -091.29295023 
113  31.61321585 -091.29318047 
110   2 0.00   0.00 H Pad
111  31.61381001 -091.29202705 
111  31.61288259 -091.29204001 
111  31.61288811 -091.29190388 
113  31.61380725 -091.29187796 
110   2 0.00   0.00 H Pad
111  31.61351093 -091.29317440 
111  31.61350265 -091.29232523 
111  31.61362133 -091.29232198 
113  31.61363790 -091.29317440 
110   2 0.00   0.00 H Pad
111  31.61390342 -091.29269946 
111  31.61389965 -091.29227442 
111  31.61399957 -091.29227664 
113  31.61400334 -091.29269725 
110   2 0.00   0.00 H Pad
111  31.61412652 -091.29326371 
111  31.61412750 -091.29314025 
111  31.61427451 -091.29314119 
113  31.61427484 -091.29326526 
110   1 0.00   0.00 H Pad
111  31.61411826 -091.29312155 
111  31.61411925 -091.29293346 
111  31.61420091 -091.29293036 
113  31.61420054 -091.29312229 
110   1 0.00   0.00 H Pad
111  31.61548478 -091.29285372 
111  31.61548623 -091.29265846 
111  31.61560501 -091.29265923 
113  31.61560465 -091.29285115 
110   2 0.00   0.00 H Pad
111  31.61600065 -091.29327534 
111  31.61599332 -091.29293425 
111  31.61645259 -091.29291927 
113  31.61645357 -091.29325287 
110   1 0.00  91.00 Apron
111  31.61435835 -091.29380163 
112  31.61437335 -091.29372808  31.61437271 -091.29366475 
111  31.61437335 -091.29372808 
111  31.61477472 -091.29372294 
111  31.61477764 -091.29330819 
111  31.61521680 -091.29329964 
112  31.61528751 -091.29324010  31.61529092 -091.29319901 
111  31.61528751 -091.29324010 
111  31.61528576 -091.29306149 
111  31.61532821 -091.29306134 
111  31.61532830 -091.29300396 
111  31.61548621 -091.29300470 
111  31.61548630 -091.29295662 
111  31.61566043 -091.29295167 
111  31.61574458 -091.29295030 
111  31.61593435 -091.29294855 
111  31.61599553 -091.29294611 
111  31.61600201 -091.29328388 
112  31.61600201 -091.29328388  31.61593906 -091.29333658 
111  31.61593501 -091.29340770 
111  31.61593537 -091.29351482 
111  31.61593690 -091.29364132 
111  31.61606219 -091.29377398 
111  31.61579733 -091.29377877 
111  31.61575194 -091.29374944 
112  31.61582423 -091.29361794  31.61582364 -091.29353374 
111  31.61582423 -091.29361794 
111  31.61582364 -091.29343422 
112  31.61582364 -091.29343422  31.61581956 -091.29332606 
111  31.61573735 -091.29331847 
111  31.61573735 -091.29328933 
111  31.61532868 -091.29329447 
113  31.61533277 -091.29378477 
110   2 0.00   0.00 Sidewalk
111  31.61529033 -091.29315556 
111  31.61516113 -091.29315718 
111  31.61516091 -091.29330244 
111  31.61514579 -091.29330227 
111  31.61514601 -091.29315718 
111  31.61506398 -091.29315819 
111  31.61506492 -091.29330439 
111  31.61503902 -091.29330430 
111  31.61503844 -091.29315828 
111  31.61495496 -091.29315955 
111  31.61495626 -091.29330796 
111  31.61494049 -091.29330796 
111  31.61494121 -091.29316202 
111  31.61478177 -091.29316040 
111  31.61477669 -091.29314588 
111  31.61493781 -091.29314265 
111  31.61493795 -091.29297479 
111  31.61492059 -091.29294574 
111  31.61515976 -091.29294735 
111  31.61515982 -091.29296363 
111  31.61495286 -091.29296442 
111  31.61495358 -091.29314265 
113  31.61528758 -091.29313458 
110   1 0.00   0.00 H Pad
111  31.61514131 -091.29311734 
111  31.61509314 -091.29311842 
111  31.61509266 -091.29313939 
111  31.61501756 -091.29314239 
111  31.61501753 -091.29311634 
111  31.61496164 -091.29311641 
111  31.61496123 -091.29299307 
111  31.61501585 -091.29299006 
111  31.61501548 -091.29296346 
111  31.61509266 -091.29296400 
111  31.61509266 -091.29298600 
113  31.61514045 -091.29298605 
110   1 0.00   0.00 Road
111  31.61548621 -091.29300470 
111  31.61532830 -091.29300396 
112  31.61530396 -091.29295622  31.61528421 -091.29293137 
111  31.61530396 -091.29295622 
112  31.61530396 -091.29295622  31.61527151 -091.29291397 
111  31.61522011 -091.29293685 
111  31.61515976 -091.29294735 
111  31.61492059 -091.29294574 
111  31.61471201 -091.29295278 
112  31.61471201 -091.29295278  31.61468874 -091.29295825 
111  31.61469904 -091.29297894 
111  31.61480484 -091.29320097 
111  31.61480502 -091.29325965 
111  31.61483295 -091.29330809 
111  31.61477753 -091.29330807 
111  31.61473492 -091.29321769 
111  31.61427974 -091.29322437 
111  31.61427950 -091.29314141 
111  31.61420265 -091.29314362 
111  31.61420411 -091.29292678 
111  31.61411921 -091.29292993 
111  31.61413576 -091.29284115 
111  31.61453870 -091.29284795 
112  31.61455522 -091.29280915  31.61454247 -091.29277813 
111  31.61455522 -091.29280915 
111  31.61325054 -091.29008331 
111  31.61329683 -091.29005259 
111  31.61456267 -091.29269874 
112  31.61456267 -091.29269874  31.61458909 -091.29274474 
111  31.61467611 -091.29275202 
111  31.61514720 -091.29272625 
112  31.61533317 -091.29288071  31.61543192 -091.29304554 
111  31.61533317 -091.29288071 
112  31.61533317 -091.29288071  31.61538396 -091.29295277 
111  31.61545413 -091.29293753 
113  31.61548689 -091.29293836 
112  31.61521004 -091.29284069  31.61521196 -091.29281358 
111  31.61518823 -091.29280982 
111  31.61514591 -091.29280906 
113  31.61518375 -091.29286855 
111  31.61492490 -091.29287541 
111  31.61487947 -091.29281538 
111  31.61468408 -091.29282339 
112  31.61467117 -091.29285533  31.61467505 -091.29287993 
113  31.61468976 -091.29288074 
111  31.61455782 -091.29303565 
111  31.61458449 -091.29308263 
112  31.61463662 -091.29299152  31.61461112 -091.29289847 
111  31.61463662 -091.29299152 
111  31.61461359 -091.29294312 
112  31.61456145 -091.29295878  31.61457967 -091.29301119 
111  31.61456145 -091.29295878 
111  31.61457358 -091.29299152 
111  31.61428625 -091.29299864 
111  31.61426200 -091.29293885 
112  31.61423169 -091.29298583  31.61423169 -091.29302647 
113  31.61426079 -091.29303423 
110   1 0.00  56.00 Closed Rwy
111  31.61832194 -091.29522436 
112  31.61844967 -091.29516747  31.61849151 -091.29511317 
111  31.61844967 -091.29516747 
111  31.61880640 -091.29450289 
112  31.61880640 -091.29450289  31.61884011 -091.29443429 
111  31.61878368 -091.29435994 
111  31.61927545 -091.29472269 
112  31.61916755 -091.29475890  31.61914508 -091.29480023 
111  31.61916755 -091.29475890 
111  31.61897597 -091.29512351 
112  31.61897597 -091.29512351  31.61893853 -091.29518299 
113  31.61901340 -091.29521660 
110   1 0.00  56.00 Closed Rwy
111  31.61869088 -091.29572034 
111  31.61859105 -091.29579853 
111  31.61808963 -091.29579853 
113  31.61802825 -091.29573156 
110   1 0.00  56.00 Closed Rwy
111  31.61674671 -091.29940306 
112  31.61652939 -091.29950075  31.61644835 -091.29965030 
111  31.61652939 -091.29950075 
111  31.61621169 -091.29924985 
111  31.61628779 -091.29908590 
112  31.61628779 -091.29908590  31.61632484 -091.29901883 
113  31.61629451 -091.29889791 
110   1 0.00  56.00 Closed Rwy
111  31.61685541 -091.29893211 
111  31.61677078 -091.29906783 
112  31.61678037 -091.29921627  31.61679707 -091.29928068 
111  31.61678037 -091.29921627 
111  31.61635345 -091.29874074 
112  31.61635345 -091.29874074  31.61647662 -091.29875932 
113  31.61653561 -091.29866284 
110   5 0.00  56.00 Closed Rwy
111  31.61653561 -091.29866284 
111  31.61807995 -091.29583835 
111  31.61808963 -091.29579853 
111  31.61859105 -091.29579853 
113  31.61685541 -091.29893211 
110   5 0.00  56.00 Closed Rwy
111  31.61564333 -091.30006620 
112  31.61577171 -091.30002922  31.61581895 -091.29996938 
111  31.61577171 -091.30002922 
111  31.61621169 -091.29924985 
111  31.61652939 -091.29950075 
111  31.61606966 -091.30033927 
112  31.61606966 -091.30033927  31.61601994 -091.30042977 
113  31.61608419 -091.30056113 
110   5 0.00  66.00 Closed Rwy
111  31.61590515 -091.30100835 
112  31.61576297 -091.30102660  31.61572492 -091.30108294 
111  31.61576297 -091.30102660 
111  31.61185455 -091.30808999 
111  31.61128439 -091.30763474 
112  31.61114755 -091.30742050  31.61111297 -091.30730724 
111  31.61114755 -091.30742050 
111  31.61094229 -091.30637610 
112  31.61102591 -091.30595655  31.61116058 -091.30574499 
111  31.61102591 -091.30595655 
111  31.61445451 -091.29961871 
112  31.61445451 -091.29961871  31.61450729 -091.29952468 
111  31.61446061 -091.29940196 
111  31.61470999 -091.29968723 
112  31.61453311 -091.29974317  31.61446577 -091.29983079 
111  31.61453311 -091.29974317 
111  31.61109809 -091.30605134 
112  31.61109809 -091.30605134  31.61101801 -091.30621161 
111  31.61106809 -091.30638062 
111  31.61123877 -091.30726875 
111  31.61130719 -091.30744728 
111  31.61142883 -091.30758118 
112  31.61167970 -091.30754547  31.61175432 -091.30741726 
111  31.61167970 -091.30754547 
111  31.61546560 -091.30075238 
112  31.61546560 -091.30075238  31.61548876 -091.30071158 
113  31.61548510 -091.30054439 
110   3 0.00   0.00 WS Circle
112  31.61475612 -091.29725594  31.61469128 -091.29725866  21 106 
112  31.61462179 -091.29709704  31.61462333 -091.29700822  21 106 
112  31.61475557 -091.29694034  31.61481114 -091.29694034  21 106 
114  31.61489528 -091.29709589  31.61489759 -091.29718652  21 106 
130 Airport Boundary 3
111  31.61570625 -091.30328663 
111  31.61174473 -091.31107291 
111  31.60871586 -091.30883000 
111  31.61282425 -091.30037096 
111  31.61083138 -091.29803123 
111  31.60304384 -091.29770727 
111  31.60285988 -091.29479160 
111  31.60488341 -091.29363973 
111  31.60669233 -091.29345975 
111  31.60568056 -091.29180394 
111  31.60282922 -091.29140799 
111  31.60264526 -091.28708848 
111  31.61172051 -091.28575663 
111  31.61362140 -091.28978817 
111  31.61592087 -091.28845632 
111  31.62220609 -091.29399969 
111  31.62337116 -091.29414367 
111  31.62349380 -091.29529554 
111  31.62229807 -091.29752729 
111  31.62303900 -091.29975915 
111  31.62021831 -091.30155905 
111  31.62570638 -091.30818269 
113  31.62313097 -091.31214247 
120 RH
111  31.61537227 -091.29617363  54 
115  31.61523767 -091.29619177 
120 RH
111  31.61497403 -091.29865868  54 
111  31.61508556 -091.29874446 
111  31.61990135 -091.30406607  54 
111  31.62003560 -091.30406233 
111  31.62106999 -091.30506136  54 
115  31.62117015 -091.30517002 
120 RH
111  31.60681864 -091.29466611  54 
111  31.60688772 -091.29480257 
111  31.60883047 -091.29405341  54 
111  31.60883038 -091.29390518 
111  31.61087149 -091.29386101  54 
111  31.61087149 -091.29401830 
111  31.61510256 -091.29491816  54 
111  31.61523757 -091.29490297 
111  31.61929025 -091.29473030  54 
115  31.61936325 -091.29459964 
120 TL
111  31.61516000 -091.29983812   1 
111  31.61476207 -091.29939468   1 
112  31.61476150 -091.29918699  31.61481726 -091.29906309 
111  31.61476150 -091.29918699 
112  31.61476150 -091.29918699  31.61467504 -091.29927397   1 
111  31.61457305 -091.29918292   1 
115  31.61417512 -091.29873948 
120 TL
111  31.61555648 -091.29796403   1 
116  31.61547003 -091.29776543  31.61545795 -091.29765307 
120 TL
111  31.61602925 -091.29551562   1 
111  31.61548071 -091.29552462   1 
112  31.61520634 -091.29524425  31.61515111 -091.29497071 
111  31.61520634 -091.29524425 
112  31.61520634 -091.29524425  31.61520796 -091.29551478   1 
111  31.61503119 -091.29553200   1 
115  31.61448265 -091.29554100 
120 TL
111  31.61064090 -091.29479351   1 
111  31.61024745 -091.29436266 
112  31.61024745 -091.29436266  31.61015038 -091.29423501   1 
116  31.61037841 -091.29394804  31.61061008 -091.29391765 
120 TL
111  31.62067364 -091.30567248   1 
111  31.62112277 -091.30511756   1  59 
112  31.62127497 -091.30465863  31.62127497 -091.30440858 
111  31.62127497 -091.30465863 
112  31.62127497 -091.30465863  31.62127403 -091.30434277   1 
111  31.62108492 -091.30412466   1 
115  31.61988927 -091.30279218 
120 TL
111  31.61900248 -091.30412867   1 
111  31.61939128 -091.30456193   1 
112  31.61967650 -091.30458634  31.61982007 -091.30445146 
111  31.61967650 -091.30458634   1 
111  31.61989050 -091.30432928 
112  31.61989050 -091.30432928  31.61996024 -091.30424097   1 
111  31.61997452 -091.30411721   1 
111  31.61997330 -091.30406312   1  59 
111  31.61996613 -091.30356606   1 
111  31.61995801 -091.30305430 
112  31.61995801 -091.30305430  31.61995274 -091.30288034   1 
111  31.61988927 -091.30279218   1 
115  31.61555648 -091.29796403 
120 TL
111  31.61476150 -091.29918699   1 
111  31.61503091 -091.29870023   1  59 
111  31.61526240 -091.29828039   1 
111  31.61542448 -091.29798819 
112  31.61542448 -091.29798819  31.61547892 -091.29788445   1 
115  31.61547003 -091.29776543 
120 TL
111  31.61547003 -091.29776543   1 
111  31.61535829 -091.29669741   1  59 
111  31.61530457 -091.29618294   1 
111  31.61520634 -091.29524425   1 
111  31.61517145 -091.29491051   1  59 
111  31.61511965 -091.29441603   1 
115  31.61506281 -091.29387117 
120 TL
112  31.61986149 -091.29516752  31.61984166 -091.29506200   1 
111  31.61976842 -091.29499192   1 
111  31.61932650 -091.29466553   1  59 
111  31.61897878 -091.29440820   1 
111  31.61826754 -091.29388233 
112  31.61826754 -091.29388233  31.61818844 -091.29382686   1 
111  31.61809888 -091.29382131   1 
111  31.61506281 -091.29387117   1 
111  31.61129926 -091.29393273   1  59 
111  31.61087216 -091.29393988   1 
111  31.61037841 -091.29394804   1 
111  31.61016448 -091.29395119 
111  31.60958225 -091.29396100   1 
111  31.60883038 -091.29397338   1  59 
111  31.60841644 -091.29398024   1 
111  31.60809582 -091.29398513 
112  31.60809582 -091.29398513  31.60793415 -091.29399275   1 
111  31.60780243 -091.29406874   1 
111  31.60723145 -091.29446849   1  59 
111  31.60685285 -091.29473356   1 
111  31.60639501 -091.29505420   1 
116  31.60626793 -091.29539901  31.60626210 -091.29565590 
120 TB
111  31.61672347 -091.29376332  58 
111  31.61435835 -091.29380163 
111  31.61423045 -091.29380373  58 
111  31.61382481 -091.29381094 
111  31.61368822 -091.29381338  58 
115  31.61348485 -091.29381654 
15   31.61129926 -091.29393273 180.00 Back-taxi Rwy 36
15   31.61511141 -091.29338728   0.00 FBO
15   31.62127497 -091.30465863 268.02 Hold Short Rwy 13
15   31.61897878 -091.29440820 327.80 Hold Short Rwy 18
15   31.60723145 -091.29446849 211.00 Hold Short Rwy 36
18   31.61534730 -091.29276335 1 BCN
19   31.62053030 -091.30470641 1 WS
19   31.61476762 -091.29708069 1 WS
19   31.60772597 -091.29489714 1 WS
20   31.60985731 -091.29343561 136.50  0 2 {@B}1
20   31.61837583 -091.30394695 316.50  0 2 {@B}1
20   31.61717672 -091.29510067   0.80  0 2 {@B}1{@@,@B}4
20   31.61208240 -091.29591915 136.50  0 2 {@B}2
20   31.61639310 -091.30172754 316.50  0 2 {@B}2
20   31.61442689 -091.29515061   0.80  0 2 {@B}2{@@,@B}3
20   31.61383528 -091.29787542 136.50  0 2 {@B}3
20   31.61440340 -091.29951034 316.50  0 2 {@B}3
20   31.61170361 -091.29518666   0.80  0 2 {@B}3{@@,@B}2
20   31.61582413 -091.30009287 136.50  0 2 {@B}4
20   31.61241580 -091.29729480 316.50  0 2 {@B}4
20   31.60894847 -091.29525607   0.80  0 2 {@B}4{@@,@B}1
20   31.61781189 -091.30231101 136.50  0 2 {@B}5
20   31.61042852 -091.29507855 316.50  0 2 {@B}5
20   31.60843784 -091.29285731 316.50  0 2 {@B}6
20   31.61984129 -091.30457004 136.50  0 2 {@B}6
20   31.61926809 -091.29480042 327.80  0 2 {@L}A{@R}36-18{@@,safety}
20   31.61529530 -091.29400625 180.00  0 2 {@L}A{@Y}B{^r}
20   31.62103383 -091.30501183 226.50  0 2 {@L}B{@R}13-31{@@,safety}
20   31.61545428 -091.29616881  97.00  0 2 {@L}B{@R}18-36{@@,safety}
20   31.61501679 -091.29491920 277.00  0 2 {@L}B{@R}36-18{@@,safety}
20   31.62025657 -091.30297627 136.50  0 2 {@L}B{@Y}B1{^rd}
20   31.61984531 -091.30407050 270.00  0 2 {@L}B1{@R}13-31{@@,safety}
20   31.61492315 -091.29861320 237.00  0 2 {@L}B2{@R}13-31{@@,safety}
20   31.60886861 -091.29413648 360.00  0 2 {@L}C{@R}13-31{@@,safety}
20   31.61087416 -091.29378245 180.00  0 2 {@L}C{@R}31-13{@@,safety}
20   31.60677102 -091.29462221 211.00  0 2 {@L}C{@R}36-18{@@,safety}
20   31.61541466 -091.29522246 180.00  0 2 {@Y,^l}B
20   31.61474277 -091.29401549 360.00  0 2 {@Y,^l}B{@L}C
20   31.61970664 -091.30282120 316.50  0 2 {@Y,^l}B1{@L}B
20   31.61503529 -091.29926894 136.50  0 2 {@Y,^l}B2
20   31.61530136 -091.29753163 277.00  0 2 {@Y,^l}B2{@L}B{@Y}B{^ru}
20   31.61043784 -091.29415378 136.50  0 2 {@Y,^ld}C
20   31.61574632 -091.29795485 136.50  0 2 {@Y,^lu}B{@L}B{@Y}B2{^r}
20   31.61971465 -091.29515630 360.00  0 2 {@Y}A{^rd}
20   31.61496603 -091.29521583 360.00  0 2 {@Y}B{^r}
20   31.62051064 -091.30538375 316.50  0 2 {@Y}B{^r}
20   31.61957786 -091.30433705 316.50  0 2 {@Y}B1{^r}
20   31.61471300 -091.29889616 316.50  0 2 {@Y}B2{^r}
20   31.60645368 -091.29538989 180.00  0 2 {@Y}C{^r}
50 12467 AWOS 3
51 12280 CTAF/UNICOM
1       56 0 1 L32  JONESVILLE
100   22.86   1   0 0.25 0 2 0 04   31.62210600 -091.83251900    0.00    0.00 2  0 0 0 22   31.62823300 -091.82590600    0.00    0.00 2  0 0 0
100   36.58   3   0 0.25 0 0 0 14   31.63277800 -091.82944400    0.00  121.92 1  0 0 0 32   31.62833300 -091.82472200    0.00    0.00 1  0 0 0
21   31.62361654 -091.83132558  1  42.58   3.00 04  VASI
21   31.62672252 -091.82709962  1 222.59   3.00 22  VASI
110   1 0.30  42.58 Default taxiway for RWY 04
111  31.62203792 -091.83243200   3 102 
111  31.62168839 -091.83198534   3 102 
111  31.62781556 -091.82537274   3 102 
111  31.62816509 -091.82581944 
112  31.62801362 -091.82598291  31.62808783 -091.82589922   3 102 
111  31.62800431 -091.82579248   3 102 
112  31.62789294 -091.82565016  31.62780942 -091.82554342   3 102 
111  31.62773369 -091.82562516   3 102 
111  31.62485944 -091.82872712   3 102 
111  31.62513937 -091.82908485 
111  31.62506364 -091.82916659   3 102 
111  31.62478371 -091.82880886   3 102 
112  31.62190947 -091.83191081  31.62183373 -091.83199254   3 102 
111  31.62191725 -091.83209927   3 102 
112  31.62202862 -091.83224158  31.62211214 -091.83234832   3 102 
113  31.62218940 -091.83226853 
120 Default hold RWY 04 (near)
111  31.62189720 -091.83225217   4 
115  31.62197294 -091.83217043 
120 Default hold RWY 04 (centre)
111  31.62492292 -091.82898675   4 
115  31.62499865 -091.82890501 
120 Default hold RWY 04 (far)
111  31.62794863 -091.82572132   4 
115  31.62802437 -091.82563959 
19   31.62216240 -091.83294811 1 WS
19   31.63335332 -091.82927328 1 WS
19   31.62817658 -091.82547685 1 WS
19   31.62775768 -091.82489274 1 WS
51 12290 CTAF
1       55 0 1 5LA1 Kents Flying Service
100   22.86   3   0 0.25 0 0 0 17   31.03178497 -091.98170066    0.00    0.00 1  0 0 0 35   31.02414669 -091.98076380    0.00    0.00 1  0 0 0
19   31.03202168 -091.98136920 1 WS
19   31.02390998 -091.98109524 1 WS
1       64 0 1 0R8  Summerell
100   24.38   3   0 0.25 0 0 0 13   31.68449095 -091.50162834    0.00    0.00 1  0 0 0 31   31.67972737 -091.49583166    0.00    0.00 1  0 0 0
19   31.68488016 -091.50154515 1 WS
19   31.67933816 -091.49591487 1 WS
1       74 0 1 L33  TENSAS PARISH
100   22.86   1   0 0.25 0 2 0 16   32.00222500 -091.24722200    0.00    0.00 2  0 0 0 34   31.99277800 -091.24722200    0.00    0.00 2  0 0 0
110   1 0.30 180.00 Default taxiway for RWY 16
111  32.00222500 -091.24734064   3 102 
111  32.00222500 -091.24794977   3 102 
111  31.99277800 -091.24794970   3 102 
111  31.99277800 -091.24734063 
112  31.99298372 -091.24734063  31.99288086 -091.24734328   3 102 
111  31.99288086 -091.24748882   3 102 
112  31.99288086 -091.24768288  31.99288086 -091.24782841   3 102 
111  31.99298372 -091.24782842   3 102 
111  31.99745007 -091.24782845   3 102 
111  31.99745007 -091.24734064 
111  31.99755293 -091.24734064   3 102 
111  31.99755293 -091.24782845   3 102 
112  32.00201928 -091.24782848  32.00212214 -091.24782848   3 102 
111  32.00212214 -091.24768292   3 102 
112  32.00212214 -091.24748885  32.00212214 -091.24734330   3 102 
113  32.00201928 -091.24734064 
120 Default hold RWY 16 (near)
111  32.00222500 -091.24758589   4 
115  32.00212214 -091.24758589 
120 Default hold RWY 16 (centre)
111  31.99755293 -091.24758587   4 
115  31.99745007 -091.24758587 
120 Default hold RWY 16 (far)
111  31.99288086 -091.24758585   4 
115  31.99277800 -091.24758585 
18   31.99750159 -091.24637459 1 BCN
19   32.00243072 -091.24685973 1 WS
19   31.99257228 -091.24758423 1 WS
51 12290 CTAF
1       67 0 1 9LA1 Turkey Creek Lake
100   21.34   3   0 0.25 0 0 0 02   31.90356991 -091.76100240    0.00    0.00 1  0 0 0 20   31.91008509 -091.75758538    0.00    0.00 1  0 0 0
19   31.90351164 -091.76140432 1 WS
19   31.91014335 -091.75718343 1 WS
1       59 0 1 37LA Wayne Brown
100   36.58   3   0 0.25 0 0 0 17   31.73066575 -091.58327026    0.00    0.00 1  0 0 0 35   31.72466425 -091.58252864    0.00    0.00 1  0 0 0
19   31.73104471 -091.58273338 1 WS
19   31.72428529 -091.58306548 1 WS