1      151 0 1 KHBG BOBBY L CHAIN MUNI
100   45.72   1   0 0.25 0 3 0 13   31.27044200 -089.26025800  303.58    0.00 2  0 0 1 31   31.25945300 -089.24553600    0.00    0.00 2  0 0 0
21   31.26776546 -089.25595344  2 131.13   3.00 13  PAPI-4L
21   31.26033289 -089.24743252  2 311.13   3.00 31  PAPI-4L
110   1 0.00 131.13 Default taxiway for RWY 13
111  31.27028873 -089.26041457   3 102 
111  31.26951220 -089.26120782   3 102 
111  31.25852404 -089.24648400   3 102 
111  31.25930057 -089.24569084 
112  31.25957118 -089.24605345  31.25943418 -089.24587387   3 102 
111  31.25924822 -089.24606382   3 102 
112  31.25900028 -089.24631707  31.25881432 -089.24650701   3 102 
111  31.25894962 -089.24668833   3 102 
111  31.26410544 -089.25359696   3 102 
111  31.26472700 -089.25296205 
111  31.26486230 -089.25314336   3 102 
111  31.26424074 -089.25377827   3 102 
112  31.26939656 -089.26068690  31.26953186 -089.26086821   3 102 
111  31.26971782 -089.26067825   3 102 
112  31.26996576 -089.26042497  31.27015172 -089.26023500   3 102 
113  31.27001812 -089.26005196 
130 Airport Boundary 3
111  31.27188187 -089.26236796 
111  31.25976179 -089.25563811 
111  31.25965942 -089.25427298 
111  31.26270992 -089.25424903 
111  31.26279181 -089.25379398 
111  31.25468498 -089.24114527 
111  31.25612629 -089.23990720 
111  31.25842337 -089.24146137 
111  31.25907646 -089.24109259 
111  31.26432886 -089.24795116 
111  31.26678134 -089.24803809 
111  31.27318036 -089.25347614 
113  31.27310782 -089.25933037 
120 Default hold RWY 13 (near)
111  31.26997710 -089.26073291   4 
115  31.26984179 -089.26055161 
120 Default hold RWY 13 (centre)
111  31.26455067 -089.25346168   4 
115  31.26441537 -089.25328037 
120 Default hold RWY 13 (far)
111  31.25912425 -089.24619044   4 
115  31.25898894 -089.24600914 
18   31.26603334 -089.25178897 1 BCN
19   31.27117751 -089.26014570 1 WS
19   31.25871751 -089.24564840 1 WS
50 13542 ASOS
51 12280 CTAF/UNICOM
1      265 0 1 0R0  COLUMBIA MARION CO
100   21.34   1   0 0.25 0 2 0 05   31.29338300 -089.81858600  196.90    0.00 2  0 0 0 23   31.30063300 -089.80707200    0.00    0.00 2  0 0 0
100   45.72   3   0 0.25 0 0 0 13   31.29823100 -089.81730000    0.00    0.00 1  0 0 0 31   31.29378600 -089.81146700    0.00    0.00 1  0 0 0
110   1 0.30  53.61 Default taxiway for RWY 05
111  31.29330753 -089.81852091   3 102 
111  31.29291930 -089.81818608   3 102 
111  31.30016981 -089.80667294   3 102 
111  31.30055804 -089.80700779 
112  31.30044413 -089.80718867  31.30049928 -089.80709667   3 102 
111  31.30040654 -089.80701668   3 102 
112  31.30028288 -089.80691003  31.30019014 -089.80683004   3 102 
111  31.30013318 -089.80692048   3 102 
111  31.29665031 -089.81245094   3 102 
111  31.29696126 -089.81271913 
111  31.29690431 -089.81280957   3 102 
111  31.29659336 -089.81254138   3 102 
112  31.29311049 -089.81807185  31.29305354 -089.81816229   3 102 
111  31.29314628 -089.81824228   3 102 
112  31.29326994 -089.81834892  31.29336268 -089.81842891   3 102 
113  31.29342144 -089.81834003 
120 Default hold RWY 05 (near)
111  31.29315115 -089.81838604   4 
115  31.29320811 -089.81829560 
120 Default hold RWY 05 (centre)
111  31.29674793 -089.81267469   4 
115  31.29680488 -089.81258425 
120 Default hold RWY 05 (far)
111  31.30034471 -089.80696335   4 
115  31.30040166 -089.80687291 
19   31.29350094 -089.81896684 1 WS
19   31.29896546 -089.81717866 1 WS
19   31.29305154 -089.81158837 1 WS
19   31.30051503 -089.80669114 1 WS
51 12280 CTAF/UNICOM
1      280 1 1 KSLJ HAGLER AAF
100   18.29   1   0 0.25 0 3 0 14   31.17903100 -089.19642600    0.00  152.40 2  0 0 0 32   31.16865900 -089.18593600    0.00  152.40 2  0 0 0
21   31.17785344 -089.19480163  2 139.13   3.00 14  PAPI-4L
21   31.16983669 -089.18756007  2 319.13   3.00 32  PAPI-4L
110   1 0.30 139.13 Default taxiway for RWY 14
111  31.17897862 -089.19649674   3 102 
111  31.17870790 -089.19686237   3 102 
111  31.16833633 -089.18637118   3 102 
111  31.16860705 -089.18600558 
112  31.16873149 -089.18613146  31.16866780 -089.18607051   3 102 
111  31.16860318 -089.18615778   3 102 
112  31.16851702 -089.18627413  31.16845240 -089.18636140   3 102 
111  31.16851462 -089.18642434   3 102 
111  31.17354485 -089.19151259   3 102 
111  31.17376172 -089.19121970 
111  31.17382394 -089.19128264   3 102 
111  31.17360707 -089.19157553   3 102 
112  31.17863730 -089.19666377  31.17869953 -089.19672671   3 102 
111  31.17876415 -089.19663943   3 102 
112  31.17885031 -089.19652306  31.17891493 -089.19643579   3 102 
113  31.17885417 -089.19637086 
120 Default hold RWY 14 (near)
111  31.17886945 -089.19664419   4 
115  31.17880723 -089.19658125 
120 Default hold RWY 14 (centre)
111  31.17371477 -089.19143008   4 
115  31.17365255 -089.19136714 
120 Default hold RWY 14 (far)
111  31.16856010 -089.18621595   4 
115  31.16849788 -089.18615301 
18   31.17422264 -089.19067183 1 BCN
19   31.17931700 -089.19633369 1 WS
19   31.16837301 -089.18602833 1 WS
54 12620 TWR
1      297 0 0 KPIB HATTIESBURG LAUREL RGNL
100   45.72   1   0 0.00 0 3 0 18   31.47608300 -089.33706900    0.00   60.96 3  8 0 0 36   31.45820800 -089.33704700    0.00    0.00 2  0 0 0
21   31.47410618 -089.33642414  2 179.94   3.00 18  PAPI-4L
21   31.46000743 -089.33752249  2 359.94   3.00 36  PAPI-4L
110   1 0.00   0.00 A
111  31.47594112 -089.33587257 
111  31.47569209 -089.33592350 102 
111  31.47501319 -089.33587089 102 
111  31.47088660 -089.33587120 
111  31.46919221 -089.33587109 102 
111  31.46678189 -089.33587088 
111  31.46508749 -089.33587077 102 
111  31.45922904 -089.33587081 
111  31.45821189 -089.33587070 102 
111  31.45821182 -089.33570975 102 
111  31.46508611 -089.33571085 
111  31.46668649 -089.33570952 102 
111  31.46938478 -089.33571003 
111  31.47071933 -089.33571003 102 
111  31.47259147 -089.33570900 
111  31.47295049 -089.33570907 102 
111  31.47562727 -089.33570991 
114  31.47562727 -089.33570991  31.47579324 -089.33571127 102 
110   1 0.00  90.00 A1
111  31.47552703 -089.33683003 102 
112  31.47590591 -089.33633903  31.47591931 -089.33596465 
111  31.47590591 -089.33633903 102 
111  31.47590658 -089.33624396 
112  31.47590658 -089.33624396  31.47589318 -089.33598870 102 
111  31.47569209 -089.33592350 
111  31.47594112 -089.33587257 102 
112  31.47608056 -089.33624735  31.47609843 -089.33653534 
111  31.47608056 -089.33624735 102 
113  31.47608011 -089.33683342 
110   1 0.00  90.00 A2
111  31.46954291 -089.33681919 102 
112  31.46993128 -089.33640180  31.46995019 -089.33605178 
111  31.46993128 -089.33640180 102 
111  31.46993216 -089.33617623 102 
112  31.46972450 -089.33590219  31.46955362 -089.33587606 
111  31.46972450 -089.33590219 102 
111  31.46919221 -089.33587109 
111  31.47088660 -089.33587120 102 
111  31.47035920 -089.33589797 
112  31.47035920 -089.33589797  31.47015562 -089.33591191 102 
111  31.47011692 -089.33617570 102 
111  31.47011737 -089.33640450 
112  31.47011737 -089.33640450  31.47014979 -089.33678778 102 
113  31.47053181 -089.33682552 
110   1 0.00  90.00 A2
111  31.46938478 -089.33571003 102 
111  31.46971525 -089.33567820 
112  31.46971525 -089.33567820  31.46990707 -089.33565128 102 
111  31.46992979 -089.33541956 102 
111  31.46994151 -089.33505327 
112  31.46994151 -089.33505327  31.46992712 -089.33493686 102 
111  31.46981211 -089.33491604 
111  31.47022952 -089.33491516 102 
112  31.47009446 -089.33504651  31.47009529 -089.33515666 
111  31.47009446 -089.33504651 102 
111  31.47011037 -089.33541413 102 
112  31.47033311 -089.33568331  31.47050632 -089.33571182 
111  31.47033311 -089.33568331 102 
113  31.47071933 -089.33571003 
110   1 0.00  90.00 A3
111  31.46543819 -089.33681887 102 
112  31.46582656 -089.33640148  31.46584547 -089.33605146 
111  31.46582656 -089.33640148 102 
111  31.46582745 -089.33617591 102 
112  31.46561979 -089.33590187  31.46544891 -089.33587574 
111  31.46561979 -089.33590187 102 
111  31.46508749 -089.33587077 
111  31.46678189 -089.33587088 102 
111  31.46625449 -089.33589766 
112  31.46625449 -089.33589766  31.46605091 -089.33591159 102 
111  31.46601220 -089.33617538 102 
111  31.46601266 -089.33640418 
112  31.46601266 -089.33640418  31.46604508 -089.33678746 102 
113  31.46642709 -089.33682520 
110   1 0.00  90.00 A3
111  31.46508611 -089.33571085 102 
111  31.46556446 -089.33568340 
112  31.46556446 -089.33568340  31.46577937 -089.33566756 102 
111  31.46582440 -089.33541860 102 
111  31.46582571 -089.33491594 
111  31.46626521 -089.33491616 102 
112  31.46600763 -089.33524206  31.46599840 -089.33552223 
111  31.46600763 -089.33524206 102 
111  31.46600750 -089.33540502 102 
112  31.46620730 -089.33567321  31.46635888 -089.33569388 
111  31.46620730 -089.33567321 102 
113  31.46668649 -089.33570952 
110   1 0.00  90.00 A4
111  31.45821037 -089.33680759 102 
111  31.45821189 -089.33587070 
111  31.45922904 -089.33587081 102 
111  31.45867519 -089.33590692 
112  31.45867519 -089.33590692  31.45841203 -089.33592416 102 
111  31.45839280 -089.33623235 102 
111  31.45839345 -089.33633896 
112  31.45839345 -089.33633896  31.45839509 -089.33669345 102 
113  31.45871108 -089.33681308 
110   1 0.00   0.00 B
111  31.47259147 -089.33570900 102 
112  31.47271665 -089.33555857  31.47272000 -089.33546039 
111  31.47271665 -089.33555857 102 
111  31.47271882 -089.33521585 
112  31.47271882 -089.33521585  31.47272106 -089.33511637 102 
111  31.47263939 -089.33499994 
111  31.47272858 -089.33491321 102 
112  31.47283218 -089.33522344  31.47284000 -089.33541455 
111  31.47283218 -089.33522344 102 
111  31.47283301 -089.33556622 
112  31.47283301 -089.33556622  31.47283301 -089.33565261 102 
113  31.47295049 -089.33570907 
110   1 0.00   0.00 Apron
111  31.46582571 -089.33491594 102 
111  31.46582938 -089.33381636 
111  31.46582951 -089.33372783 
111  31.46643711 -089.33372993 
111  31.46643531 -089.33344114 
111  31.46659884 -089.33344325 
111  31.46659893 -089.33367934 
111  31.46721204 -089.33368145 
111  31.46721204 -089.33364897 
111  31.46723672 -089.33364821 
111  31.46723721 -089.33372361 
111  31.47008404 -089.33372780 
111  31.47008225 -089.33463848 
112  31.47008225 -089.33463848  31.47011076 -089.33478304 102 
111  31.47025941 -089.33478534 102 
111  31.47043170 -089.33478700 
111  31.47069761 -089.33478659 102 
111  31.47094613 -089.33478659 
111  31.47160852 -089.33478744 102 
111  31.47245270 -089.33478646 
112  31.47245270 -089.33478646  31.47259865 -089.33479039 
111  31.47272858 -089.33491321 
111  31.47263939 -089.33499994 102 
112  31.47246064 -089.33491538  31.47236837 -089.33491440 
111  31.47246064 -089.33491538 102 
111  31.47022952 -089.33491516 
111  31.46981211 -089.33491604 102 
113  31.46626521 -089.33491616 
110   2 0.00   0.00 Pad
111  31.47051839 -089.33455482 
111  31.47050494 -089.33455490 
112  31.47045895 -089.33451480  31.47041913 -089.33451480 
111  31.47045895 -089.33451480 
111  31.47045971 -089.33425998 
112  31.47045971 -089.33425998  31.47049140 -089.33425998 
111  31.47050680 -089.33422213 
113  31.47051799 -089.33422339 
110   2 0.00   0.00 Pad
111  31.47051523 -089.33378678 
111  31.47050703 -089.33377792 
111  31.47039621 -089.33377879 
111  31.47039595 -089.33383616 
111  31.47020939 -089.33383616 
111  31.47020947 -089.33378138 
111  31.47015258 -089.33378831 
111  31.47015332 -089.33388706 
111  31.47011151 -089.33388622 
111  31.47011047 -089.33418329 
111  31.47008166 -089.33419109 
111  31.47008359 -089.33389596 
111  31.47010825 -089.33389659 
111  31.47010825 -089.33388013 
111  31.47014076 -089.33388013 
111  31.47013780 -089.33387493 
111  31.47008232 -089.33387418 
111  31.47008369 -089.33386194 
111  31.47013857 -089.33386033 
111  31.47013956 -089.33379426 
111  31.47011592 -089.33379414 
112  31.47011592 -089.33379414  31.47009574 -089.33379468 
111  31.47008369 -089.33381397 
111  31.47008387 -089.33374154 
112  31.47010899 -089.33375627  31.47012642 -089.33375411 
111  31.47010899 -089.33375627 
111  31.47021611 -089.33373721 
112  31.47024640 -089.33371382  31.47024778 -089.33369715 
111  31.47024640 -089.33371382 
111  31.47024714 -089.33362547 
111  31.47034540 -089.33362374 
111  31.47034639 -089.33371696 
112  31.47034639 -089.33371696  31.47034639 -089.33373417 
111  31.47037029 -089.33373634 
113  31.47051523 -089.33373665 
110   2 0.00   0.00 Pad
111  31.47071800 -089.33370399 
111  31.47067968 -089.33370399 
112  31.47067968 -089.33370399  31.47064365 -089.33370542 
111  31.47063595 -089.33375484 
111  31.47062767 -089.33375431 
111  31.47063083 -089.33343310 
111  31.47063683 -089.33343245 
112  31.47067177 -089.33348065  31.47069864 -089.33348065 
111  31.47067177 -089.33348065 
111  31.47071322 -089.33348014 
111  31.47071277 -089.33345686 
111  31.47073716 -089.33345686 
111  31.47073891 -089.33346707 
113  31.47071877 -089.33346717 
110   2 0.00   0.00 Pad
111  31.47069173 -089.33449344 
112  31.47069173 -089.33449344  31.47066133 -089.33449868 
111  31.47063768 -089.33456074 
111  31.47062450 -089.33456194 
111  31.47062609 -089.33378354 
111  31.47063076 -089.33378882 
112  31.47066913 -089.33383055  31.47069326 -089.33383265 
111  31.47066913 -089.33383055 
111  31.47070566 -089.33383171 
111  31.47070740 -089.33379903 
111  31.47074399 -089.33379903 
111  31.47074225 -089.33419730 
113  31.47069338 -089.33419619 
110   1 0.00  90.00 Pad
111  31.47043170 -089.33478700 
112  31.47051405 -089.33469266  31.47051524 -089.33463825 
111  31.47051405 -089.33469266 
111  31.47051839 -089.33455482 
111  31.47051799 -089.33422339 
111  31.47051523 -089.33378678 
111  31.47051523 -089.33373665 
111  31.47051681 -089.33278139 
111  31.47063282 -089.33278090 
111  31.47063400 -089.33283894 
111  31.47073259 -089.33284266 
111  31.47073219 -089.33302276 
111  31.47063282 -089.33302275 
111  31.47063084 -089.33313232 
111  31.47071358 -089.33313045 
111  31.47071515 -089.33335186 
111  31.47066566 -089.33335093 
112  31.47066566 -089.33335093  31.47063830 -089.33334953 
111  31.47063083 -089.33340246 
111  31.47063083 -089.33343310 
111  31.47062767 -089.33375431 
111  31.47062609 -089.33378354 
111  31.47062450 -089.33456194 
111  31.47062687 -089.33468636 
112  31.47062687 -089.33468636  31.47062687 -089.33474774 
113  31.47069761 -089.33478659 
110   1 0.00  90.00 Pad
111  31.47094613 -089.33478659 
112  31.47102698 -089.33467951  31.47102986 -089.33462718 
111  31.47102698 -089.33467951 
111  31.47102930 -089.33278476 
111  31.47111787 -089.33278693 
112  31.47111787 -089.33278693  31.47112219 -089.33282878 
111  31.47120319 -089.33283641 
111  31.47120350 -089.33294714 
112  31.47112312 -089.33304591  31.47112204 -089.33314229 
111  31.47112312 -089.33304591 
111  31.47143737 -089.33304845 
111  31.47144201 -089.33278476 
111  31.47152259 -089.33278476 
111  31.47152223 -089.33283694 
111  31.47161636 -089.33283899 
111  31.47161741 -089.33288453 
111  31.47152060 -089.33288520 
111  31.47152060 -089.33296648 
111  31.47161347 -089.33297029 
111  31.47161428 -089.33301787 
111  31.47152166 -089.33301650 
111  31.47152780 -089.33326592 
111  31.47161591 -089.33326592 
111  31.47161591 -089.33335835 
111  31.47152780 -089.33336379 
111  31.47152548 -089.33470126 
112  31.47152548 -089.33470126  31.47152692 -089.33475696 
113  31.47160852 -089.33478744 
111  31.47141187 -089.33445660 
111  31.47140259 -089.33445660 
111  31.47139950 -089.33306748 
111  31.47115219 -089.33306476 
111  31.47114755 -089.33445388 
111  31.47113827 -089.33445388 
111  31.47113827 -089.33465776 
113  31.47141187 -089.33465504 
110   1 0.00   0.00 Road
111  31.47184758 -089.33265889 
111  31.47161624 -089.33266350 
111  31.47161560 -089.33272297 
111  31.47149999 -089.33272483 
111  31.47149999 -089.33278424 
111  31.47146040 -089.33278529 
111  31.47146040 -089.33272749 
111  31.47133911 -089.33272759 
111  31.47133854 -089.33266536 
111  31.47120227 -089.33266355 
111  31.47120227 -089.33272483 
111  31.47109160 -089.33272669 
111  31.47109070 -089.33279067 
111  31.47105034 -089.33279072 
111  31.47104717 -089.33272669 
111  31.47097287 -089.33272759 
112  31.47097287 -089.33272759  31.47092573 -089.33272569 
111  31.47093157 -089.33265984 
111  31.47006255 -089.33265057 
112  31.46999998 -089.33271675  31.46999998 -089.33277487 
111  31.46999998 -089.33271675 
111  31.47000079 -089.33296993 
112  31.47000079 -089.33296993  31.46999998 -089.33301280 
111  31.47005463 -089.33302377 
111  31.47005780 -089.33317788 
111  31.46994061 -089.33317602 
111  31.46994378 -089.33271741 
112  31.46994378 -089.33271741  31.46994134 -089.33266596 
111  31.46991052 -089.33266171 
111  31.46970163 -089.33265800 
112  31.46970163 -089.33265800  31.46959680 -089.33266276 
111  31.46955896 -089.33257073 
111  31.46947546 -089.33234643 
112  31.46939647 -089.33228098  31.46935178 -089.33227812 
111  31.46933386 -089.33230431 
112  31.46933386 -089.33230431  31.46932434 -089.33257355 
111  31.46920558 -089.33281120 
112  31.46920717 -089.33286875  31.46923073 -089.33288495 
111  31.46920717 -089.33286875 
112  31.46920717 -089.33286875  31.46925836 -089.33291068 
111  31.46930848 -089.33306928 
111  31.46930929 -089.33312439 
111  31.46958249 -089.33311755 
111  31.46958163 -089.33317577 
111  31.46960881 -089.33317963 
111  31.46960624 -089.33326795 
111  31.46958107 -089.33327166 
111  31.46958030 -089.33337102 
111  31.46960958 -089.33337097 
111  31.46960941 -089.33346105 
111  31.46957517 -089.33346019 
111  31.46957457 -089.33364050 
111  31.46959357 -089.33373520 
111  31.46954448 -089.33373520 
112  31.46949941 -089.33366579  31.46946934 -089.33366484 
111  31.46949941 -089.33366579 
111  31.46918658 -089.33367392 
112  31.46918658 -089.33367392  31.46913538 -089.33367488 
111  31.46911215 -089.33365164 
111  31.46908998 -089.33363122 
112  31.46908998 -089.33363122  31.46904203 -089.33357882 
111  31.46899496 -089.33360337 
112  31.46899496 -089.33360337  31.46895108 -089.33365101 
111  31.46886646 -089.33366093 
111  31.46886646 -089.33370177 
111  31.46831536 -089.33370549 
111  31.46831852 -089.33344555 
111  31.46731700 -089.33344184 
111  31.46735183 -089.33338057 
111  31.46712912 -089.33339931 
111  31.46712696 -089.33331559 
111  31.46648927 -089.33331745 
111  31.46648927 -089.33340471 
111  31.46641959 -089.33340100 
111  31.46636099 -089.33336572 
111  31.46623747 -089.33336201 
111  31.46619154 -089.33340842 
112  31.46593816 -089.33323575  31.46585065 -089.33310894 
111  31.46593816 -089.33323575 
111  31.46600309 -089.33322090 
112  31.46583268 -089.33278180  31.46583110 -089.33245689 
111  31.46598471 -089.33235477 
112  31.46598471 -089.33235477  31.46601797 -089.33226937 
111  31.46595304 -089.33225080 
111  31.46562681 -089.33225080 
112  31.46556560 -089.33233855  31.46555905 -089.33242601 
111  31.46556560 -089.33233855 
111  31.46556346 -089.33354302 
111  31.46576617 -089.33372869 
111  31.46582951 -089.33372783 
111  31.46583110 -089.33382152 
111  31.46561889 -089.33381780 
112  31.46549062 -089.33365442  31.46547636 -089.33352446 
111  31.46549062 -089.33365442 
111  31.46541755 -089.33365070 
111  31.46541438 -089.33333322 
111  31.46549831 -089.33333136 
111  31.46549831 -089.33233807 
112  31.46549831 -089.33233807  31.46549831 -089.33226288 
111  31.46546030 -089.33225637 
111  31.46545714 -089.33230650 
111  31.46544130 -089.33230650 
111  31.46544130 -089.33234921 
111  31.46530511 -089.33235106 
111  31.46530511 -089.33229165 
112  31.46530511 -089.33229165  31.46530079 -089.33225958 
111  31.46526725 -089.33225266 
111  31.46526869 -089.33247174 
111  31.46522751 -089.33247174 
111  31.46522909 -089.33225266 
111  31.46514991 -089.33224523 
112  31.46514991 -089.33224523  31.46505786 -089.33223832 
111  31.46503114 -089.33215055 
111  31.46481577 -089.33143603 
111  31.46487484 -089.33141617 
111  31.46509290 -089.33211927 
112  31.46509290 -089.33211927  31.46510863 -089.33216308 
111  31.46518159 -089.33216755 
111  31.46918488 -089.33218055 
112  31.46925456 -089.33211186  31.46925813 -089.33205048 
111  31.46925456 -089.33211186 
111  31.46925140 -089.33177951 
111  31.46932108 -089.33178693 
111  31.46932741 -089.33209329 
112  31.46942560 -089.33219541  31.46947923 -089.33219446 
111  31.46942560 -089.33219541 
112  31.46942560 -089.33219541  31.46948898 -089.33219922 
111  31.46953808 -089.33233324 
111  31.46959444 -089.33249573 
112  31.46973124 -089.33259089  31.46981738 -089.33259089 
111  31.46973124 -089.33259089 
113  31.47184702 -089.33259090 
111  31.46923237 -089.33308405 
112  31.46918001 -089.33295990  31.46916124 -089.33294418 
111  31.46918001 -089.33295990 
112  31.46918001 -089.33295990  31.46913979 -089.33292950 
111  31.46910982 -089.33296687 
111  31.46896049 -089.33314578 
112  31.46896049 -089.33314578  31.46893010 -089.33318036 
111  31.46895157 -089.33324447 
111  31.46911577 -089.33353463 
112  31.46919191 -089.33359461  31.46922946 -089.33359566 
113  31.46923118 -089.33355555 
111  31.46887183 -089.33357972 
112  31.46897747 -089.33350731  31.46901404 -089.33343395 
111  31.46897747 -089.33350731 
112  31.46897747 -089.33350731  31.46899210 -089.33347491 
111  31.46897991 -089.33344824 
111  31.46890433 -089.33329674 
112  31.46890433 -089.33329674  31.46885801 -089.33323100 
111  31.46880925 -089.33325292 
112  31.46880925 -089.33325292  31.46872863 -089.33334744 
111  31.46841975 -089.33337678 
111  31.46835230 -089.33337869 
111  31.46835149 -089.33353780 
113  31.46887101 -089.33353875 
111  31.46690556 -089.33233600 
112  31.46690556 -089.33233600  31.46690239 -089.33226545 
111  31.46685171 -089.33225431 
111  31.46625152 -089.33226359 
112  31.46589520 -089.33278531  31.46589520 -089.33314364 
111  31.46589520 -089.33278531 
112  31.46589520 -089.33278531  31.46589520 -089.33314550 
112  31.46638138 -089.33327175  31.46655716 -089.33324390 
111  31.46638138 -089.33327175 
111  31.46638613 -089.33275746 
111  31.46686597 -089.33275560 
112  31.46690081 -089.33269990  31.46690239 -089.33265720 
113  31.46690081 -089.33269990 
111  31.46679063 -089.33313661 
111  31.46653411 -089.33313508 
111  31.46653411 -089.33310899 
112  31.46646535 -089.33319674  31.46646669 -089.33326997 
111  31.46653411 -089.33326857 
111  31.46651710 -089.33321333 
113  31.46678801 -089.33321180 
111  31.46721292 -089.33313460 
111  31.46680529 -089.33313565 
111  31.46680708 -089.33321216 
113  31.46720666 -089.33321530 
111  31.46747897 -089.33313565 
111  31.46722748 -089.33313460 
111  31.46722301 -089.33321845 
111  31.46731062 -089.33322159 
111  31.46733744 -089.33329181 
113  31.46738481 -089.33329391 
111  31.46749892 -089.33313880 
111  31.46740148 -089.33329496 
111  31.46775458 -089.33329391 
112  31.46777872 -089.33327399  31.46777872 -089.33325618 
111  31.46777872 -089.33327399 
113  31.46777961 -089.33313880 
111  31.46841515 -089.33329882 
112  31.46896319 -089.33301710  31.46924985 -089.33271807 
111  31.46896319 -089.33301710 
112  31.46896319 -089.33301710  31.46927093 -089.33268595 
111  31.46926039 -089.33231279 
112  31.46926039 -089.33231279  31.46926250 -089.33225842 
111  31.46919083 -089.33225101 
111  31.46703085 -089.33225843 
112  31.46697394 -089.33234245  31.46697250 -089.33240659 
111  31.46697394 -089.33234245 
111  31.46697605 -089.33269584 
112  31.46697605 -089.33269584  31.46697605 -089.33274985 
111  31.46702875 -089.33274773 
111  31.46785923 -089.33275514 
111  31.46785501 -089.33326422 
113  31.46788663 -089.33329881 
110   3 0.00   0.00 WS Circle
112  31.46580975 -089.33915511  31.46580414 -089.33935245  21 106 
112  31.46550237 -089.33951794  31.46535367 -089.33950478  21 106 
112  31.46521891 -089.33916026  31.46521891 -089.33900567  21 106 
114  31.46552316 -089.33883044  31.46564099 -089.33883373  21 106 
130 Airport Boundary
111  31.48329560 -089.33774213 
111  31.48182895 -089.33777795 
111  31.48182895 -089.33992720 
111  31.45441305 -089.33966695 
111  31.45440984 -089.33847393 
111  31.44913570 -089.33849826 
111  31.44913125 -089.33599687 
111  31.45740715 -089.33596126 
111  31.45741036 -089.33348025 
111  31.46542752 -089.33275562 
111  31.46544353 -089.33104420 
111  31.47334786 -089.33127194 
111  31.47334786 -089.33403003 
111  31.47906169 -089.33388675 
111  31.47905357 -089.33506486 
113  31.48327831 -089.33510461 
120 RH
111  31.45821217 -089.33623812  54 
111  31.45839147 -089.33623743 
111  31.46582753 -089.33623863  54 
111  31.46600904 -089.33623800 
111  31.46993413 -089.33625021  54 
111  31.47011451 -089.33625037 
111  31.47590658 -089.33624396  54 
115  31.47608056 -089.33624735 
120 TL
111  31.46559327 -089.33579070   1 
111  31.46625811 -089.33579070   1 
115  31.46969439 -089.33579077 
120 TL
111  31.47001804 -089.33651489   1 
111  31.47001848 -089.33625029   1  59 
111  31.47001841 -089.33619016   1  59 
111  31.47001919 -089.33581577   1 
111  31.47001963 -089.33542195   1 
115  31.47002033 -089.33502791 
120 TL
111  31.46591699 -089.33651234   1 
111  31.46591726 -089.33623809   1  59 
111  31.46591742 -089.33618929   1  59 
111  31.46591791 -089.33581439   1 
111  31.46591840 -089.33542109   1 
115  31.46591891 -089.33520372 
120 TL
111  31.47035940 -089.33579074   1 
112  31.47020983 -089.33583884  31.47015354 -089.33587742 
111  31.47020983 -089.33583884 
112  31.47020983 -089.33583884  31.47003402 -089.33598606   1  59 
111  31.47001841 -089.33619016   1  59 
112  31.46981399 -089.33582984  31.46961567 -089.33567246 
111  31.46981399 -089.33582984 
112  31.46981399 -089.33582984  31.46976376 -089.33579938   1 
111  31.46969439 -089.33579077   1 
112  31.47001963 -089.33542195  31.47004474 -089.33509196 
111  31.47001963 -089.33542195 
114  31.47001963 -089.33542195  31.47004301 -089.33575498   1 
120 TL
111  31.46625811 -089.33579070   1 
112  31.46610884 -089.33583797  31.46605255 -089.33587656 
111  31.46610884 -089.33583797 
112  31.46610884 -089.33583797  31.46593303 -089.33598520   1  59 
111  31.46591742 -089.33618929   1  59 
112  31.46571300 -089.33582898  31.46551468 -089.33567160 
111  31.46571300 -089.33582898 
112  31.46571300 -089.33582898  31.46566277 -089.33579852   1 
111  31.46559327 -089.33579070   1 
112  31.46591840 -089.33542109  31.46594352 -089.33509110 
111  31.46591840 -089.33542109 
114  31.46591840 -089.33542109  31.46594179 -089.33575412   1 
120 TL
111  31.45839686 -089.33681914   1 
112  31.45829308 -089.33654965  31.45828529 -089.33639939 
111  31.45829308 -089.33654965   1 
111  31.45829282 -089.33623762   1  59 
111  31.45829259 -089.33620528   1  59 
112  31.45848642 -089.33583795  31.45867435 -089.33569277 
111  31.45848642 -089.33583795 
112  31.45848642 -089.33583795  31.45853232 -089.33580546   1 
111  31.45860219 -089.33579053   1 
115  31.46559327 -089.33579070 
120 TL
111  31.47588270 -089.33682917   1 
112  31.47599526 -089.33652497  31.47600133 -089.33635741 
111  31.47599526 -089.33652497   1 
111  31.47599526 -089.33624562   1  59 
111  31.47599539 -089.33616861   1  59 
112  31.47581599 -089.33584412  31.47564206 -089.33569306 
111  31.47581599 -089.33584412 
112  31.47581599 -089.33584412  31.47575587 -089.33580300   1 
111  31.47565311 -089.33579076   1 
115  31.47295351 -089.33579069 
120 TL
111  31.46969439 -089.33579077   1 
111  31.47035940 -089.33579074   1 
111  31.47260567 -089.33579067   1 
112  31.47277945 -089.33557308  31.47279850 -089.33538878 
111  31.47277945 -089.33557308 
112  31.47277945 -089.33557308  31.47279755 -089.33576073   1 
111  31.47295351 -089.33579069   1 
115  31.47260567 -089.33579067 
120 TL
111  31.47057228 -089.33281168   1 
111  31.47057334 -089.33476605 
112  31.47057334 -089.33476605  31.47059201 -089.33483327   1 
111  31.47064645 -089.33485117   1 
111  31.47050379 -089.33485110   1 
116  31.47057334 -089.33476605  31.47058756 -089.33470092 
120 TL
111  31.47106772 -089.33280128   1 
111  31.47106725 -089.33476518 
112  31.47106725 -089.33476518  31.47108592 -089.33483240   1 
111  31.47114036 -089.33485131   1 
111  31.47099753 -089.33485144   1 
116  31.47106725 -089.33476518  31.47108147 -089.33470005 
120 TL
111  31.47147389 -089.33311048   1 
111  31.47147341 -089.33476625 
112  31.47147341 -089.33476625  31.47149208 -089.33483346   1 
111  31.47154652 -089.33485137   1 
111  31.47140386 -089.33485130   1 
116  31.47147341 -089.33476625  31.47148763 -089.33470111 
120 TL
112  31.47002033 -089.33502791  31.47000635 -089.33487029   1 
111  31.46985615 -089.33485139   1 
112  31.47002073 -089.33469021  31.47003149 -089.33454898 
111  31.47002073 -089.33469021 
112  31.47002073 -089.33469021  31.47003364 -089.33483143   1 
111  31.47017366 -089.33485091   1 
112  31.47002033 -089.33502791  31.47000258 -089.33518931 
111  31.47002033 -089.33502791   1 
111  31.47002073 -089.33469021   1 
115  31.47002125 -089.33439066 
120 TL
111  31.47050379 -089.33485110   1 
111  31.47017366 -089.33485091   1 
111  31.46985615 -089.33485139   1 
111  31.46627703 -089.33485165 
112  31.46627703 -089.33485165  31.46597928 -089.33486004   1 
111  31.46591891 -089.33520372   1 
115  31.46592003 -089.33434416 
120 TL
111  31.47099753 -089.33485144   1 
115  31.47064645 -089.33485117 
120 TL
111  31.47140386 -089.33485130   1 
115  31.47114036 -089.33485131 
120 TL
111  31.47277945 -089.33557308   1 
111  31.47277947 -089.33522242 
112  31.47277947 -089.33522242  31.47275872 -089.33486968   1 
111  31.47245845 -089.33485070   1 
115  31.47154652 -089.33485137 
120 TL
111  31.46694830 -089.33704757   1 
111  31.46639972 -089.33704690   1 
112  31.46591699 -089.33651234  31.46585016 -089.33603132 
111  31.46591699 -089.33651234 
112  31.46591699 -089.33651234  31.46586686 -089.33700207   1 
111  31.46547244 -089.33704515   1 
115  31.46492386 -089.33704447 
120 TL
111  31.47105439 -089.33705139   1 
111  31.47050581 -089.33705072   1 
112  31.47001804 -089.33651489  31.46995121 -089.33603387 
111  31.47001804 -089.33651489 
112  31.47001804 -089.33651489  31.46996792 -089.33700462   1 
111  31.46958023 -089.33704955   1 
115  31.46903165 -089.33704888 
15   31.47581599 -089.33584412 320.97 Hold Short Rwy 18
15   31.45848642 -089.33583795 218.16 Hold Short Rwy 36
15   31.46700520 -089.33406130 130.00 Terminal
15   31.46962700 -089.33401563 180.00 U.S. Aviation
18   31.46582280 -089.33345237 1 BCN
19   31.47307234 -089.33632970 1 WS
19   31.45925270 -089.33784615 1 WS
19   31.46552692 -089.33916717 1 WS
20   31.47582306 -089.33624577 270.00  0 2 {@L}A1{@R}36-18
20   31.46986014 -089.33625343 270.00  0 2 {@L}A2{@R}36-18
20   31.46575508 -089.33623867 270.00  0 2 {@L}A3{@R}36-18
20   31.45813656 -089.33624021 270.00  0 2 {@L}A4{@R}36-18
50 12832 AWOS 3
51 12300 CTAF/UNICOM
1      238 0 1 KLUL HESLER NOBLE FLD
100   45.72   1   0 0.25 0 3 0 13   31.67840300 -089.17903900    0.00    0.00 2  0 0 1 31   31.66768900 -089.16651100    0.00    0.00 2  0 0 0
21   31.67739304 -089.17723330  1 135.14   3.00 13  VASI
21   31.66869914 -089.16831637  1 315.14   3.00 31  VASI
110   1 0.00 135.14 Default taxiway for RWY 13
111  31.67825946 -089.17920847   3 102 
111  31.67753226 -089.18006705   3 102 
111  31.66681887 -089.16753748   3 102 
111  31.66754607 -089.16667900 
112  31.66783770 -089.16702007  31.66769031 -089.16685141   3 102 
111  31.66751616 -089.16705700   3 102 
112  31.66728396 -089.16733111  31.66710982 -089.16753670   3 102 
111  31.66725563 -089.16770723   3 102 
111  31.67224779 -089.17354567   3 102 
111  31.67282986 -089.17285847 
111  31.67297567 -089.17302900   3 102 
111  31.67239360 -089.17371620   3 102 
112  31.67738576 -089.17955465  31.67753158 -089.17972518   3 102 
111  31.67770572 -089.17951957   3 102 
112  31.67793792 -089.17924542  31.67811207 -089.17903981   3 102 
113  31.67796783 -089.17886741 
130 Airport Boundary 7
111  31.67874183 -089.18334613 
111  31.67576247 -089.17933987 
111  31.66973186 -089.17866059 
111  31.66969163 -089.17525731 
111  31.66210756 -089.17511551 
111  31.66212768 -089.17206674 
111  31.66339504 -089.17069598 
111  31.66345539 -089.16281155 
111  31.67071759 -089.16288245 
111  31.67069747 -089.16515130 
111  31.67395641 -089.16505676 
111  31.67474127 -089.17176913 
111  31.67784167 -089.17571868 
111  31.67961709 -089.17910120 
111  31.68104539 -089.18165397 
113  31.67999931 -089.18352128 
120 Default hold RWY 13 (near)
111  31.67796763 -089.17955302   4 
115  31.67782182 -089.17938249 
120 Default hold RWY 13 (centre)
111  31.67268384 -089.17337354   4 
115  31.67253803 -089.17320300 
120 Default hold RWY 13 (far)
111  31.66740006 -089.16719406   4 
115  31.66725424 -089.16702352 
18   31.67406265 -089.17157553 1 BCN
19   31.67913000 -089.17886603 1 WS
19   31.66696202 -089.16668404 1 WS
50 11927 AWOS 3
51 12305 CTAF/UNICOM
1      310 0 1 4R1  I H BASS JR MEM
100   22.86   1   0 0.25 0 2 0 14   31.01913500 -089.48474000    0.00    0.00 2  0 0 0 32   31.01178700 -089.48039300    0.00    0.00 2  0 0 0
21   31.01766575 -089.48347715  2 153.11   3.00 14  PAPI-4L
21   31.01325629 -089.48165570  2 333.12   3.00 32  PAPI-4L
110   1 0.30 153.11 Default taxiway for RWY 14
111  31.01908950 -089.48484471   3 102 
111  31.01885590 -089.48538231   3 102 
111  31.01150797 -089.48103492   3 102 
111  31.01174157 -089.48049736 
112  31.01192506 -089.48060592  31.01183230 -089.48055398   3 102 
111  31.01177648 -089.48068244   3 102 
112  31.01170206 -089.48085371  31.01164624 -089.48098216   3 102 
111  31.01173798 -089.48103644   3 102 
111  31.01518259 -089.48307443   3 102 
111  31.01536967 -089.48264390 
111  31.01546141 -089.48269818   3 102 
111  31.01527433 -089.48312871   3 102 
112  31.01871893 -089.48516670  31.01881068 -089.48522098   3 102 
111  31.01886650 -089.48509252   3 102 
112  31.01894092 -089.48492123  31.01899674 -089.48479277   3 102 
113  31.01890601 -089.48473615 
120 Default hold RWY 14 (near)
111  31.01899545 -089.48506116   4 
115  31.01890371 -089.48500687 
120 Default hold RWY 14 (centre)
111  31.01536736 -089.48291461   4 
115  31.01527562 -089.48286033 
120 Default hold RWY 14 (far)
111  31.01173927 -089.48076807   4 
115  31.01164752 -089.48071379 
18   31.01578784 -089.48181949 1 BCN
19   31.01945742 -089.48452883 1 WS
19   31.01146459 -089.48060417 1 WS
51 12280 CTAF
1      555 0 1 17M  MAGEE MUNI
100   15.24   1   0 0.25 0 2 0 18   31.86700800 -089.80060000   50.29    0.00 2  0 0 0 36   31.85847600 -089.80060000    0.00    0.00 2  0 0 0
110   1 0.30 180.00 Default taxiway for RWY 18
111  31.86700800 -089.80067810   3 102 
111  31.86700800 -089.80108447   3 102 
111  31.85847600 -089.80108442   3 102 
111  31.85847600 -089.80067809 
112  31.85861315 -089.80067809  31.85854457 -089.80068074   3 102 
111  31.85854457 -089.80077762   3 102 
112  31.85854457 -089.80090680  31.85854457 -089.80100369   3 102 
111  31.85861315 -089.80100369   3 102 
111  31.86270771 -089.80100370   3 102 
111  31.86270771 -089.80067809 
111  31.86277629 -089.80067809   3 102 
111  31.86277629 -089.80100370   3 102 
112  31.86687085 -089.80100372  31.86693943 -089.80100372   3 102 
111  31.86693943 -089.80090683   3 102 
112  31.86693943 -089.80077764  31.86693943 -089.80068074   3 102 
113  31.86687085 -089.80067810 
120 Default hold RWY 18 (near)
111  31.86700800 -089.80084223   4 
115  31.86693943 -089.80084223 
120 Default hold RWY 18 (centre)
111  31.86277629 -089.80084222   4 
115  31.86270771 -089.80084222 
120 Default hold RWY 18 (far)
111  31.85854457 -089.80084221   4 
115  31.85847600 -089.80084221 
18   31.86274267 -089.80003481 1 BCN
19   31.86714515 -089.80035777 1 WS
19   31.85833885 -089.80084221 1 WS
51 12280 CTAF/UNICOM
1      300 0 1 0MS2 Morgan Field
100   22.86   3   0 0.25 0 1 0 18   31.54498612 -089.39160111    0.00    0.00 1  0 0 0 36   31.53868110 -089.39185945    0.00    0.00 1  0 0 0
18   31.54180853 -089.39088756 1 BCN
19   31.54518100 -089.39123243 1 WS
19   31.53848622 -089.39222811 1 WS
1      454 0 1 M43  PRENTISS JEFFERSON DAVIS CO
100   18.29   1   0 0.25 0 2 0 12   31.59768900 -089.91075000    0.00    0.00 2  0 0 0 30   31.59291900 -089.90211400    0.00    0.00 2  0 0 0
21   31.59694496 -089.90879795  2 122.96   3.00 12  PAPI-4L
21   31.59366317 -089.90406589  2 302.96   3.00 30  PAPI-4L
110   1 0.30 122.96 Default taxiway for RWY 12
111  31.59762184 -089.91080112   3 102 
111  31.59727473 -089.91106537   3 102 
111  31.59250502 -089.90242891   3 102 
111  31.59285213 -089.90216468 
112  31.59294167 -089.90232680  31.59289501 -089.90224718   3 102 
111  31.59281216 -089.90231025   3 102 
112  31.59270169 -089.90239434  31.59261883 -089.90245741   3 102 
111  31.59266360 -089.90253848   3 102 
111  31.59493653 -089.90665405   3 102 
111  31.59521460 -089.90644237 
111  31.59525937 -089.90652343   3 102 
111  31.59498130 -089.90673511   3 102 
112  31.59725423 -089.91085068  31.59729900 -089.91093175   3 102 
111  31.59738186 -089.91086867   3 102 
112  31.59749233 -089.91078458  31.59757518 -089.91072150   3 102 
113  31.59753230 -089.91063899 
120 Default hold RWY 12 (near)
111  31.59748186 -089.91090768   4 
115  31.59743709 -089.91082662 
120 Default hold RWY 12 (centre)
111  31.59511939 -089.90662999   4 
115  31.59507462 -089.90654893 
120 Default hold RWY 12 (far)
111  31.59275692 -089.90235230   4 
115  31.59271215 -089.90227124 
18   31.59578761 -089.90606412 1 BCN
19   31.59798568 -089.91075444 1 WS
19   31.59262232 -089.90210959 1 WS
50 12832 AWOS 3
51 12280 UNICOM
1      235 0 1 MS92 Purvis Field
100   10.67   3   0 0.25 0 0 0 15   31.56409855 -089.09192160    0.00    0.00 1  0 0 0 33   31.55901255 -089.08874786    0.00    0.00 1  0 0 0
19   31.56425028 -089.09182669 1 WS
19   31.55886082 -089.08884277 1 WS
1      332 0 1 MS39 Smith County
100   30.48   3   0 0.25 0 0 0 08   31.82057313 -089.46191561    0.00    0.00 1  0 0 0 26   31.82141297 -089.45488273    0.00    0.00 1  0 0 0
19   31.82094239 -089.46230269 1 WS
19   31.82104370 -089.45449567 1 WS
1      351 0 1 00M  THIGPEN FLD
100   15.24   1   0 0.25 0 2 0 16   31.95750000 -089.23694400    0.00    0.00 2  0 0 0 34   31.94986100 -089.23361100    0.00    0.00 2  0 0 0
110   1 0.30 159.68 Default taxiway for RWY 16
111  31.95747697 -089.23701731   3 102 
111  31.95735715 -089.23739878   3 102 
111  31.94971819 -089.23406546   3 102 
111  31.94983801 -089.23368402 
112  31.94996663 -089.23374015  31.94990154 -089.23371457   3 102 
111  31.94987297 -089.23380552   3 102 
112  31.94983488 -089.23392678  31.94980631 -089.23401773   3 102 
111  31.94987062 -089.23404580   3 102 
111  31.95352933 -089.23564230   3 102 
111  31.95362534 -089.23533664 
111  31.95368965 -089.23536470   3 102 
111  31.95359364 -089.23567036   3 102 
112  31.95725234 -089.23726686  31.95731665 -089.23729492   3 102 
111  31.95734522 -089.23720397   3 102 
112  31.95738331 -089.23708269  31.95741188 -089.23699174   3 102 
113  31.95734835 -089.23696119 
120 Default hold RWY 16 (near)
111  31.95742857 -089.23717139   4 
115  31.95736426 -089.23714333 
120 Default hold RWY 16 (centre)
111  31.95364125 -089.23551877   4 
115  31.95357694 -089.23549071 
120 Default hold RWY 16 (far)
111  31.94985392 -089.23386615   4 
115  31.94978961 -089.23383809 
18   31.95384929 -089.23474773 1 BCN
19   31.95770005 -089.23677273 1 WS
19   31.94966096 -089.23378226 1 WS
51 12290 CTAF
17     200 0 1 MS81 [H] Forrest General Hospital
102 H1   31.31916666 -089.33027778   0.00   15.24   15.24   2 2   0 0.25 0
19   31.31937238 -089.33003697 1 WS
17     535 0 1 1MS7 [H] Smith County General Hospital
102 H1   31.99960000 -089.51951306   0.00    7.01    7.01   2 2   0 0.25 0
19   31.99969326 -089.51940309 1 WS