1      240 0 1 4J2  BERRIEN CO
100   22.86   1   0 0.25 0 2 0 10   31.21297200 -083.23266700    0.00    0.00 2  0 0 1 28   31.21213900 -083.21988900    0.00    0.00 2  0 0 1
21   31.21313529 -083.23054189  2  94.36   3.00 10  PAPI-4L
21   31.21197593 -083.22201413  2 274.36   3.00 28  PAPI-4L
110   1 0.30  94.36 Default taxiway for RWY 10
111  31.21287168 -083.23267593   3 102 
111  31.21235661 -083.23272180   3 102 
111  31.21152424 -083.21994369   3 102 
111  31.21203931 -083.21989782 
112  31.21205494 -083.22013767  31.21204488 -083.22001794   3 102 
111  31.21192180 -083.22002890   3 102 
112  31.21175769 -083.22004352  31.21163462 -083.22005448   3 102 
111  31.21164244 -083.22017441   3 102 
111  31.21203909 -083.22626365   3 102 
111  31.21245159 -083.22622691 
111  31.21245940 -083.22634684   3 102 
111  31.21204690 -083.22638358   3 102 
112  31.21244356 -083.23247282  31.21245137 -083.23259275   3 102 
111  31.21257444 -083.23258179   3 102 
112  31.21273855 -083.23256717  31.21286163 -083.23255621   3 102 
113  31.21285606 -083.23243608 
120 Default hold RWY 10 (near)
111  31.21266431 -083.23269440   4 
115  31.21265650 -083.23257448 
120 Default hold RWY 10 (centre)
111  31.21225203 -083.22636531   4 
115  31.21224422 -083.22624538 
120 Default hold RWY 10 (far)
111  31.21183975 -083.22003621   4 
115  31.21183194 -083.21991629 
18   31.21327258 -083.22621682 1 BCN
19   31.21329395 -083.23287957 1 WS
19   31.21181703 -083.21967648 1 WS
51 12270 CTAF/UNICOM
55 11952 VALDOSTA APP/DEP
55 12660 VALDOSTA APP/DEP
1      362 0 1 74GA Bowens Mill Christian Center
100   30.48   3   0 0.25 0 0 0 09   31.83447856 -083.22348831    0.00    0.00 1  0 0 0 27   31.83477532 -083.21348559    0.00    0.00 1  0 0 0
19   31.83488017 -083.22382790 1 WS
19   31.83437368 -083.21314604 1 WS
1      236 0 1 15J  COOK CO
100   30.48   1   0 0.25 0 2 0 05   31.13258300 -083.45851900    0.00    0.00 2  0 0 0 23   31.14003600 -083.44911700    0.00    0.00 2  0 0 0
100   30.48   1   0 0.25 0 0 0 15   31.14379700 -083.45603300  182.88    0.00 2  0 0 0 33   31.13480600 -083.44867800  106.68    0.00 2  0 0 0
21   31.13405190 -083.45724238  2  47.19   3.00 05  PAPI-4L
21   31.13856719 -083.45039387  2 227.20   3.00 23  PAPI-4L
110   1 0.30 145.00 Default taxiway for RWY 15
111  31.14371962 -083.45616211   3 
111  31.14332500 -083.45682058   3 
111  31.13433421 -083.44946481   3 
111  31.13472883 -083.44880640 
112  31.13495352 -083.44899023  31.13483988 -083.44890047   3 
111  31.13474548 -083.44905797   3 
112  31.13461962 -083.44926798  31.13452522 -083.44942548   3 
111  31.13463757 -083.44951739   3 
111  31.13885210 -083.45296548   3 
111  31.13916805 -083.45243829 
111  31.13928040 -083.45253021   3 
111  31.13896445 -083.45305740   3 
112  31.14317898 -083.45650549  31.14329132 -083.45659741   3 
111  31.14338572 -083.45643989   3 
112  31.14351158 -083.45622987  31.14360598 -083.45607235   3 
113  31.14349493 -083.45597828 
110   1 0.30  47.19 Default taxiway for RWY 05
111  31.13248403 -083.45841191   3 102 
111  31.13197928 -083.45786574   3 102 
111  31.13943262 -083.44846443   3 102 
111  31.13993737 -083.44901064 
112  31.13975098 -083.44924574  31.13984253 -083.44912641   3 102 
111  31.13972178 -083.44899574   3 102 
112  31.13956079 -083.44882153  31.13944005 -083.44869087   3 102 
111  31.13934685 -083.44880842   3 102 
111  31.13585317 -083.45321519   3 102 
111  31.13625730 -083.45365250 
111  31.13616410 -083.45377006   3 102 
111  31.13575997 -083.45333275   3 102 
112  31.13226629 -083.45773952  31.13217309 -083.45785707   3 102 
111  31.13229383 -083.45798772   3 102 
112  31.13245482 -083.45816192  31.13257557 -083.45829257   3 102 
113  31.13267042 -083.45817681 
120 Default hold RWY 15 (near)
111  31.14356100 -083.45642679   4 
115  31.14344865 -083.45633488 
120 Default hold RWY 05 (near)
111  31.13228114 -083.45819237   4 
115  31.13237433 -083.45807482 
120 Default hold RWY 15 (centre)
111  31.13912178 -083.45279488   4 
115  31.13900943 -083.45270296 
120 Default hold RWY 05 (centre)
111  31.13596121 -083.45355051   4 
115  31.13605441 -083.45343295 
120 Default hold RWY 15 (far)
111  31.13468255 -083.44916298   4 
115  31.13457021 -083.44907105 
120 Default hold RWY 05 (far)
111  31.13964129 -083.44890864   4 
115  31.13973448 -083.44879109 
19   31.13269847 -083.45908073 1 WS
19   31.14425769 -083.45582304 1 WS
19   31.13434532 -083.44888798 1 WS
19   31.13992048 -083.44855524 1 WS
51 12280 CTAF/UNICOM
55 11952 VALDOSTA APP/DEP
55 12660 VALDOSTA APP/DEP
1      310 0 1 KCKF CRISP CO CORDELE
100   45.72   1   0 0.25 0 0 0 14   31.99396700 -083.77800600    0.00    0.00 2  0 0 0 32   31.98417200 -083.76651100    0.00    0.00 2  0 0 0
100   30.48   1   0 0.25 0 0 0 05   31.98599400 -083.78061400    0.00    0.00 2  0 0 0 23   31.99490000 -083.76830600    0.00    0.00 2  0 0 0
100   45.72   1   0 0.25 0 2 0 10   31.98813600 -083.78134400    0.00    0.00 2 11 0 1 28   31.98634200 -083.76535300    0.00    0.00 2  0 0 0
21   31.98830035 -083.77917785  2  97.53   3.00 10  PAPI-4L
21   31.98617793 -083.76751914  2 277.54   3.00 28  PAPI-4L
110   1 0.30  49.53 Default taxiway for RWY 05
111  31.98589138 -083.78051077   3 
111  31.98536801 -083.77998426   3 
111  31.99427460 -083.76767739   3 
111  31.99479797 -083.76820395 
112  31.99461993 -083.76844997  31.99470724 -083.76832523   3 
111  31.99458204 -083.76819927   3 
112  31.99441511 -083.76803133  31.99428991 -083.76790537   3 
111  31.99420089 -083.76802838   3 
111  31.98997015 -083.77387428   3 
111  31.99038919 -083.77429585 
111  31.99030017 -083.77441886   3 
111  31.98988113 -083.77399729   3 
112  31.98565038 -083.77984321  31.98556136 -083.77996621   3 
111  31.98568656 -083.78009216   3 
112  31.98585349 -083.78026009  31.98597869 -083.78038603   3 
113  31.98606942 -083.78026476 
110   1 0.30  97.53 Default taxiway for RWY 10
111  31.98793428 -083.78137544   3 102 
111  31.98691230 -083.78153473   3 102 
111  31.98511930 -083.76554341   3 102 
111  31.98614128 -083.76538413 
112  31.98619521 -083.76586505  31.98616601 -083.76562494   3 102 
111  31.98592127 -083.76566308   3 102 
112  31.98559495 -083.76571394  31.98535021 -083.76575209   3 102 
111  31.98537718 -083.76599255   3 102 
111  31.98620627 -083.77338705   3 102 
111  31.98702430 -083.77325955 
111  31.98705126 -083.77350001   3 102 
111  31.98623323 -083.77362751   3 102 
112  31.98706233 -083.78102202  31.98708929 -083.78126248   3 102 
111  31.98733403 -083.78122433   3 102 
112  31.98766035 -083.78117347  31.98790509 -083.78113533   3 102 
113  31.98788036 -083.78089452 
120 Default hold RWY 05 (near)
111  31.98568101 -083.78029913   4 
115  31.98577003 -083.78017612 
120 Default hold RWY 10 (near)
111  31.98752415 -083.78143936   4 
115  31.98749719 -083.78119890 
120 Default hold RWY 05 (centre)
111  31.99008980 -083.77420722   4 
115  31.99017882 -083.77408421 
120 Default hold RWY 10 (centre)
111  31.98664113 -083.77356393   4 
115  31.98661417 -083.77332347 
120 Default hold RWY 05 (far)
111  31.99449858 -083.76811530   4 
115  31.99458760 -083.76799229 
120 Default hold RWY 10 (far)
111  31.98575811 -083.76568851   4 
115  31.98573115 -083.76544805 
19   31.98612895 -083.78117488 1 WS
19   31.98880177 -083.78172956 1 WS
19   31.99469401 -083.77783252 1 WS
19   31.98567618 -083.76496757 1 WS
19   31.98344501 -083.76668454 1 WS
19   31.99476500 -083.76774508 1 WS
50 11932 AWOS 3
51 12305 CTAF/UNICOM
1      330 0 1 GA42 Crowe
100   30.48   3   0 0.25 0 0 0 01   31.61304108 -083.88386066    0.00    0.00 1  0 0 0 19   31.62064668 -083.88260546    0.00    0.00 1  0 0 0
19   31.61282671 -083.88438392 1 WS
19   31.62086105 -083.88208215 1 WS
1      327 0 1 3J8  Crystal Lake Airpark
100   12.19   5   0 0.25 0 0 0 04   31.66221886 -083.45008175    0.00    0.00 1  0 0 0 22   31.66870336 -083.44412937    0.00    0.00 1  0 0 0
19   31.66223372 -083.45031348 1 WS
19   31.66868849 -083.44389762 1 WS
1      365 0 1 KFZG FITZGERALD MUNI
100   30.48   1   0 0.25 0 2 0 01   31.67651700 -083.27463300    0.00    0.00 2 11 0 0 19   31.68997200 -083.27131900    0.00    0.00 2  0 0 0
100   91.44   3   0 0.25 0 0 0 15   31.68824200 -083.27043300    0.00    0.00 1  0 0 0 33   31.68101900 -083.26348900    0.00    0.00 1  0 0 0
21   31.67834179 -083.27455356  1  11.84   3.00 01  VASI
21   31.68814722 -083.27139852  1 191.84   3.00 19  VASI
110   1 0.30  11.84 Default taxiway for RWY 01
111  31.67648933 -083.27447786   3 102 
111  31.67634821 -083.27368662   3 102 
111  31.68980325 -083.27037296   3 102 
111  31.68994437 -083.27116431 
112  31.68967591 -083.27123042  31.68980968 -083.27119479   3 102 
111  31.68977592 -083.27100548   3 102 
112  31.68973091 -083.27075308  31.68969715 -083.27056377   3 102 
111  31.68956292 -083.27059683   3 102 
111  31.68317098 -083.27217100   3 102 
111  31.68328397 -083.27280456 
111  31.68314974 -083.27283762   3 102 
111  31.68303675 -083.27220406   3 102 
112  31.67664481 -083.27377824  31.67651057 -083.27381129   3 102 
111  31.67654433 -083.27400056   3 102 
112  31.67658934 -083.27425293  31.67662310 -083.27444221   3 102 
113  31.67675780 -083.27441175 
120 Default hold RWY 01 (near)
111  31.67643260 -083.27415981   4 
115  31.67656683 -083.27412675 
120 Default hold RWY 01 (centre)
111  31.68309301 -083.27251954   4 
115  31.68322724 -083.27248648 
120 Default hold RWY 01 (far)
111  31.68975341 -083.27087928   4 
115  31.68988764 -083.27084622 
19   31.67633293 -083.27517230 1 WS
19   31.68966051 -083.26992263 1 WS
19   31.69015605 -083.27077961 1 WS
19   31.67960053 -083.26399942 1 WS
50 11862 AWOS 3
51 12300 CTAF/UNICOM
1      355 0 1 KTMA HENRY TIFT MYERS
100   30.48   1   0 0.25 0 3 0 15   31.43369400 -083.49471900    0.00    0.00 2  0 0 0 33   31.42067800 -083.48571900    0.00    0.00 3  8 0 0
100   22.86   1   0 0.25 0 2 0 10   31.43198300 -083.49220300    0.00    0.00 2  0 0 0 28   31.43117500 -083.48004200    0.00    0.00 2  0 0 0
100   22.86   1   0 0.25 0 0 0 03   31.42494200 -083.48980600    0.00    0.00 2  0 0 0 21   31.43291400 -083.48418100    0.00    0.00 2  0 0 0
21   31.43211639 -083.49007507  1  94.45   3.00 10  VASI
21   31.43231421 -083.49330872  2 149.46   3.00 15  PAPI-4L
21   31.43104181 -083.48216992  1 274.46   3.00 28  VASI
21   31.42215646 -083.48719710  2 329.46   3.00 33  PAPI-4L
110   1 0.30  94.45 Default taxiway for RWY 10
111  31.43188269 -083.49221215   3 102 
111  31.43136769 -083.49225911   3 102 
111  31.43056026 -083.48009801   3 102 
111  31.43107526 -083.48005105 
112  31.43109122 -083.48029142  31.43108100 -083.48017143   3 102 
111  31.43095794 -083.48018265   3 102 
112  31.43079385 -083.48019762  31.43067079 -083.48020884   3 102 
111  31.43067877 -083.48032903   3 102 
111  31.43106254 -083.48610911   3 102 
111  31.43147499 -083.48607150 
111  31.43148297 -083.48619169   3 102 
111  31.43107052 -083.48622930   3 102 
112  31.43145428 -083.49200938  31.43146226 -083.49212957   3 102 
111  31.43158532 -083.49211835   3 102 
112  31.43174941 -083.49210338  31.43187247 -083.49209216   3 102 
113  31.43186673 -083.49197177 
110   1 0.30 149.46 Default taxiway for RWY 15
111  31.43362544 -083.49485516   3 102 
111  31.43327581 -083.49554961   3 102 
111  31.42026012 -083.48654824   3 102 
111  31.42060975 -083.48585389 
112  31.42084599 -083.48601726  31.42072673 -083.48593786   3 102 
111  31.42064309 -083.48610395   3 102 
112  31.42053157 -083.48632542  31.42044794 -083.48649152   3 102 
111  31.42056606 -083.48657320   3 102 
111  31.42677861 -083.49086965   3 102 
111  31.42705854 -083.49031368 
111  31.42717666 -083.49039537   3 102 
111  31.42689673 -083.49095134   3 102 
112  31.43310927 -083.49524780  31.43322739 -083.49532948   3 102 
111  31.43331102 -083.49516336   3 102 
112  31.43342254 -083.49494186  31.43350618 -083.49477574   3 102 
113  31.43338920 -083.49469179 
120 Default hold RWY 10 (near)
111  31.43167534 -083.49223106   4 
115  31.43166736 -083.49211087 
120 Default hold RWY 15 (near)
111  31.43348490 -083.49513430   4 
115  31.43336678 -083.49505261 
120 Default hold RWY 10 (centre)
111  31.43127562 -083.48621060   4 
115  31.43126764 -083.48609041 
120 Default hold RWY 15 (centre)
111  31.42703612 -083.49067449   4 
115  31.42691800 -083.49059280 
120 Default hold RWY 10 (far)
111  31.43087589 -083.48019014   4 
115  31.43086791 -083.48006996 
120 Default hold RWY 15 (far)
111  31.42058733 -083.48621469   4 
115  31.42046921 -083.48613300 
18   31.42767594 -083.48925071 1 BCN
19   31.42492420 -083.49023879 1 WS
19   31.43230525 -083.49241545 1 WS
19   31.43413934 -083.49446707 1 WS
19   31.43085273 -083.47982960 1 WS
19   31.42023268 -083.48597093 1 WS
19   31.43293177 -083.48374818 1 WS
50 11852 AWOS 3
51 12270 CTAF/UNICOM
55 11952 VALDOSTA APP/DEP
55 12660 VALDOSTA APP/DEP
1      310 0 1 9GA2 Lost Creek Farms
100   27.43   3   0 0.25 0 0 0 09   31.10507574 -084.00246745    0.00    0.00 1  0 0 0 27   31.10529592 -083.99510367    0.00    0.00 1  0 0 0
19   31.10543720 -084.00277071 1 WS
19   31.10493445 -083.99480044 1 WS
1      294 0 1 KMGR MOULTRIE MUNI
100   30.48   1   0 0.25 0 2 0 04   31.08049200 -083.80949200    0.00    0.00 2  0 0 0 22   31.09146900 -083.79920800    0.00    0.00 2  0 0 0
100   22.86   1   0 0.25 0 0 0 16   31.08850000 -083.80396700   79.25   60.96 2  0 0 0 34   31.07852800 -083.79958600    0.00    0.00 2  0 0 0
21   31.08210562 -083.80848216  2  38.74   3.00 04  PAPI-4L
21   31.08985546 -083.80021815  2 218.74   3.00 22  PAPI-4L
110   1 0.30  38.74 Default taxiway for RWY 04
111  31.08040758 -083.80936914   3 102 
111  31.07997706 -083.80874254   3 102 
111  31.09095447 -083.79845965   3 102 
111  31.09138499 -083.79908632 
112  31.09117103 -083.79928674  31.09127661 -083.79918448   3 102 
111  31.09117362 -083.79903457   3 102 
112  31.09103630 -083.79883469  31.09093331 -083.79868478   3 102 
111  31.09082633 -083.79878499   3 102 
111  31.08560507 -083.80367591   3 102 
111  31.08594977 -083.80417762 
111  31.08584280 -083.80427783   3 102 
111  31.08549810 -083.80377612   3 102 
112  31.08027684 -083.80866703  31.08016986 -083.80876724   3 102 
111  31.08027285 -083.80891713   3 102 
112  31.08041017 -083.80911699  31.08051316 -083.80926688   3 102 
113  31.08062154 -083.80916872 
110   1 0.30 159.38 Default taxiway for RWY 16
111  31.08846457 -083.80407696   3 
111  31.08828265 -083.80464151   3 
111  31.07831072 -083.80025998   3 
111  31.07849264 -083.79969549 
112  31.07868519 -083.79978009  31.07858813 -083.79974025   3 
111  31.07854466 -083.79987514   3 
112  31.07848670 -083.80005499  31.07844323 -083.80018988   3 
111  31.07853950 -083.80023218   3 
111  31.08328478 -083.80231718   3 
111  31.08343047 -083.80186507 
111  31.08352674 -083.80190737   3 
111  31.08338105 -083.80235948   3 
112  31.08812634 -083.80444449  31.08822261 -083.80448679   3 
111  31.08826608 -083.80435189   3 
112  31.08832404 -083.80417202  31.08836751 -083.80403712   3 
113  31.08827203 -083.80399236 
120 Default hold RWY 04 (near)
111  31.08023453 -083.80911727   4 
115  31.08034151 -083.80901706 
120 Default hold RWY 16 (near)
111  31.08839133 -083.80430426   4 
115  31.08829506 -083.80426196 
120 Default hold RWY 04 (centre)
111  31.08566975 -083.80402595   4 
115  31.08577672 -083.80392574 
120 Default hold RWY 16 (centre)
111  31.08345350 -083.80213466   4 
115  31.08335723 -083.80209236 
120 Default hold RWY 04 (far)
111  31.09110496 -083.79893463   4 
115  31.09121194 -083.79883442 
120 Default hold RWY 16 (far)
111  31.07851568 -083.79996506   4 
115  31.07841940 -083.79992276 
19   31.08053551 -083.81006715 1 WS
19   31.08880073 -083.80371584 1 WS
19   31.07822727 -083.79983715 1 WS
19   31.09142544 -083.79863280 1 WS
50 11892 AWOS 3
51 12280 CTAF/UNICOM
55 11952 VALDOSTA APP/DEP
55 12660 VALDOSTA APP/DEP
1      350 0 1 13GA Oak Ridge Plantation
100   45.72   3   0 0.25 0 0 0 16   31.37089546 -083.75694247    0.00    0.00 1  0 0 0 34   31.36224842 -083.75285087    0.00    0.00 1  0 0 0
19   31.37150815 -083.75645280 1 WS
19   31.36163574 -083.75334051 1 WS
1      225 0 1 1GA8 South One Ten
100   21.34   3   0 0.25 0 0 0 17   31.18255594 -083.22754237    0.00    0.00 1  0 0 0 35   31.17450682 -083.22554263    0.00    0.00 1  0 0 0
19   31.18280363 -083.22725973 1 WS
19   31.17425913 -083.22582524 1 WS
1      292 0 1 KMUL SPENCE
100   91.44   2   0 0.25 0 0 0 04   31.13355500 -083.71903300    0.00    0.00 2  0 0 0 22   31.14327500 -083.70773400    0.00    0.00 2  0 0 0
100   22.86   2   0 0.25 0 0 0 14   31.14206000 -083.70914600    0.00  457.20 2  0 0 0 32   31.13331200 -083.69897600    0.00  179.83 2  0 0 0
100   91.44   2   0 0.25 0 0 0 18   31.13729800 -083.69897600    0.00    0.00 2  0 0 0 36   31.12932600 -083.69897600    0.00    0.00 2  0 0 0
110   2 0.30 135.14 Default taxiway for RWY 14
111  31.14198903 -083.70922932  53 
111  31.14162466 -083.70965712  53 
111  31.13287706 -083.69948614  53 
111  31.13324143 -083.69905838 
112  31.13338725 -083.69922793  31.13331275 -083.69914502  53 
111  31.13322568 -083.69924724  53 
112  31.13310959 -083.69938352  31.13302252 -083.69948574  53 
111  31.13309543 -083.69957051  53 
111  31.13728695 -083.70444406  53 
111  31.13757877 -083.70410146 
111  31.13765169 -083.70418624  53 
111  31.13735987 -083.70452884  53 
112  31.14155139 -083.70940239  31.14162430 -083.70948717  53 
111  31.14171137 -083.70938494  53 
112  31.14182746 -083.70924864  31.14191453 -083.70914642  53 
113  31.14184321 -083.70905977 
120 Default hold RWY 14 (near)
111  31.14184233 -083.70940156  54 
115  31.14176942 -083.70931679 
120 Default hold RWY 14 (centre)
111  31.13750499 -083.70435847  54 
115  31.13743207 -083.70427369 
120 Default hold RWY 14 (far)
111  31.13316764 -083.69931538  54 
115  31.13309473 -083.69923060 
19   31.13384219 -083.72073333 1 WS
19   31.14242252 -083.70906112 1 WS
19   31.13812089 -083.69753388 1 WS
19   31.12850311 -083.70041797 1 WS
19   31.14298766 -083.70603352 1 WS
19   31.13294949 -083.69906091 1 WS
51 12300 CTAF/UNICOM
1      230 0 1 09GA Sunbelt Strip
100   21.34   3   0 0.25 0 0 0 09   31.11118346 -083.68790056    0.00    0.00 1  0 0 0 27   31.11141320 -083.68021612    0.00    0.00 1  0 0 0
19   31.11146459 -083.68813644 1 WS
19   31.11113205 -083.67998026 1 WS
1      403 0 1 KSYV SYLVESTER
100   22.86   1   0 0.25 0 0 0 01   31.55409000 -083.89683000    0.00    0.00 2  0 0 0 19   31.56294400 -083.89463200    0.00    0.00 2  0 0 0
110   1 0.30  11.94 Default taxiway for RWY 01
111  31.55406918 -083.89671449   3 
111  31.55396228 -083.89612142   3 
111  31.56281630 -083.89392357   3 
111  31.56292320 -083.89451669 
112  31.56272193 -083.89456665  31.56282209 -083.89453908   3 
111  31.56279655 -083.89439735   3 
112  31.56276249 -083.89420838  31.56273695 -083.89406665   3 
111  31.56263632 -083.89409164   3 
111  31.55846090 -083.89512810   3 
111  31.55854651 -083.89560309 
111  31.55844587 -083.89562807   3 
111  31.55836026 -083.89515308   3 
112  31.55418484 -083.89618956  31.55408421 -083.89621454   3 
111  31.55410975 -083.89635625   3 
112  31.55414381 -083.89654521  31.55416935 -083.89668692   3 
113  31.55427045 -083.89666453 
120 Default hold RWY 01 (near)
111  31.55402614 -083.89647571   4 
115  31.55412678 -083.89645073 
120 Default hold RWY 01 (centre)
111  31.55840283 -083.89538929   4 
115  31.55850347 -083.89536431 
120 Default hold RWY 01 (far)
111  31.56277952 -083.89430287   4 
115  31.56288016 -083.89427789 
19   31.55395231 -083.89723267 1 WS
19   31.56308169 -083.89422928 1 WS
51 12280 CTAF/UNICOM
1      389 0 1 75J  TURNER CO
100   15.24   1   0 0.25 0 2 0 16   31.68977800 -083.63391900    0.00    0.00 2  0 0 0 34   31.68133300 -083.63050000    0.00    0.00 2  0 0 0
110   1 0.30 160.99 Default taxiway for RWY 16
111  31.68975640 -083.63399269   3 102 
111  31.68964398 -083.63437617   3 102 
111  31.68119903 -083.63095682   3 102 
111  31.68131145 -083.63057338 
112  31.68144111 -083.63062588  31.68137554 -083.63060213   3 102 
111  31.68134874 -083.63069355   3 102 
112  31.68131300 -083.63081545  31.68128619 -083.63090688   3 102 
111  31.68135102 -083.63093313   3 102 
111  31.68541142 -083.63257718   3 102 
111  31.68550151 -083.63226991 
111  31.68556634 -083.63229616   3 102 
111  31.68547625 -083.63260343   3 102 
112  31.68953664 -083.63424747  31.68960148 -083.63427372   3 102 
111  31.68962829 -083.63418229   3 102 
112  31.68966403 -083.63406038  31.68969083 -083.63396894   3 102 
113  31.68962673 -083.63394019 
120 Default hold RWY 16 (near)
111  31.68971099 -083.63414758   4 
115  31.68964616 -083.63412133 
120 Default hold RWY 16 (centre)
111  31.68552093 -083.63245104   4 
115  31.68545610 -083.63242479 
120 Default hold RWY 16 (far)
111  31.68133087 -083.63075450   4 
115  31.68126604 -083.63072825 
18   31.68571234 -083.63167619 1 BCN
19   31.68997468 -083.63374292 1 WS
19   31.68113632 -083.63067608 1 WS
51 12270 CTAF/UNICOM
17     363 0 1 9GA7 [H] Fitzgerald Jr Womans Hospital
102 H1   31.69796416 -083.26015473   0.00   12.19   12.19   2 2   0 0.25 0
19   31.69812874 -083.25996130 1 WS