1     2013 1 1 VODG DUNDIGUL
100   45.72   2   0 0.25 0 2 0 10L  17.63139200  078.39015600    0.00  304.80 2  0 0 0 28R  17.62770000  078.41348100    0.00  303.28 2  0 0 0
100   45.72   1   0 0.25 0 0 0 10R  17.62641100  078.39527500    0.00  234.70 2  0 0 0 28L  17.62331900  078.41453300    0.00  205.74 2  0 0 0
21   17.63149548  078.39208845  2  99.43   3.00 10L PAPI-4L
21   17.62759675  078.41154858  2 279.43   3.00 28R PAPI-4L
110   1 0.30  99.56 Default taxiway for RWY 10R
111  17.62621035  078.39523954   3 
111  17.62519380  078.39505991   3 
111  17.62210273  078.41431824   3 
111  17.62311928  078.41449787 
112  17.62318761  078.41407215  17.62315123  078.41428462   3 
111  17.62290779  078.41424161   3 
112  17.62258321  078.41418425  17.62233977  078.41414123   3 
111  17.62237393  078.41392837   3 
111  17.62383405  078.40483136   3 
111  17.62464773  078.40497514 
111  17.62468190  078.40476227   3 
111  17.62386822  078.40461849   3 
112  17.62532834  078.39552148  17.62536250  078.39530862   3 
111  17.62560594  078.39535164   3 
112  17.62593052  078.39540899  17.62617396  078.39545201   3 
113  17.62614202  078.39566526 
110   2 0.30  99.43 Default taxiway for RWY 10L
111  17.63119127  078.39012103  53 102 
111  17.63017433  078.38994387  53 102 
111  17.62648370  078.41326936  53 102 
111  17.62750064  078.41344651 
112  17.62756803  078.41302061  17.62753211  078.41323318  53 102 
111  17.62728858  078.41319075  53 102 
112  17.62696387  078.41313419  17.62672033  078.41309176  53 102 
111  17.62675403  078.41287881  53 102 
111  17.62851511  078.40174844  53 102 
111  17.62932911  078.40189024 
111  17.62936280  078.40167729  53 102 
111  17.62854880  078.40153549  53 102 
112  17.63030988  078.39040513  17.63034358  078.39019218  53 102 
111  17.63058712  078.39023460  53 102 
112  17.63091183  078.39029117  17.63115536  078.39033360  53 102 
113  17.63112388  078.39054693 
120 Default hold RWY 10R (near)
111  17.62580240  078.39516746   4 
115  17.62576823  078.39538032 
120 Default hold RWY 10L (near)
111  17.63078316  078.39004994  54 
115  17.63074947  078.39026289 
120 Default hold RWY 10R (centre)
111  17.62427395  078.40469019   4 
115  17.62423978  078.40490306 
120 Default hold RWY 10L (centre)
111  17.62895469  078.40160620  54 
115  17.62892100  078.40181915 
120 Default hold RWY 10R (far)
111  17.62274550  078.41421293   4 
115  17.62271133  078.41442579 
120 Default hold RWY 10L (far)
111  17.62712622  078.41316247  54 
115  17.62709253  078.41337542 
19   17.62708793  078.39495682 1 WS
19   17.63206823  078.38983616 1 WS
19   17.62702374  078.41380074 1 WS
19   17.62264204  078.41485110 1 WS
54 11910 ACADEMY TWR
1     2020 0 1 VOHK HAKIMPET
100   45.11   2   0 0.25 1 3 0 09   17.55248300  078.51268300    0.00  349.91 2  0 0 1 27   17.55411900  078.53237500    0.00  420.02 2  0 0 1
21   17.55303878  078.51452708  2  85.02   3.00 09  PAPI-4L
21   17.55356340  078.53053085  2 265.02   3.00 27  PAPI-4L
110   2 0.30  85.02 Default taxiway for RWY 09
111  17.55228303  078.51270129  53 102 
111  17.55126972  078.51279395  53 102 
111  17.55290669  078.53248577  53 102 
111  17.55392000  078.53239311 
112  17.55388474  078.53196894  17.55390013  078.53218122  53 102 
111  17.55365747  078.53220341  53 102 
112  17.55333393  078.53223300  17.55309127  078.53225519  53 102 
111  17.55307364  078.53204311  53 102 
111  17.55229923  078.52272742  53 102 
111  17.55311033  078.52265325 
111  17.55309270  078.52244116  53 102 
111  17.55228160  078.52251533  53 102 
112  17.55150719  078.51319964  17.55148956  078.51298755  53 102 
111  17.55173222  078.51296536  53 102 
112  17.55205576  078.51293577  17.55229842  078.51291358  53 102 
113  17.55231829  078.51312547 
120 Default hold RWY 09 (near)
111  17.55187636  078.51273848  54 
115  17.55189399  078.51295057 
120 Default hold RWY 09 (centre)
111  17.55268603  078.52247835  54 
115  17.55270366  078.52269044 
120 Default hold RWY 09 (far)
111  17.55349570  078.53221821  54 
115  17.55351333  078.53243030 
18   17.55471689  078.52239846 4 BCN
19   17.55305438  078.51220334 1 WS
19   17.55354757  078.53285459 1 WS
1     1742 1 1 VOHY HYDERABAD
100   45.11   1   0 0.25 0 3 0 09   17.45295300  078.45389200  480.06   60.96 2  7 0 0 27   17.45355300  078.48429200  738.84   60.96 3  1 0 0
21   17.45348096  078.46029727  2  88.81   3.00 09  PAPI-4L
21   17.45295446  078.47424700  2 268.82   3.00 27  PAPI-4L
110   1 0.30  88.81 Default taxiway for RWY 09
111  17.45275231  078.45389637   3 102 
111  17.45173538  078.45391851   3 102 
111  17.45233769  078.48431841   3 102 
111  17.45335462  078.48429627 
112  17.45334619  078.48387081  17.45334815  078.48408359   3 102 
111  17.45310463  078.48408889   3 102 
112  17.45277993  078.48409596  17.45253641  078.48410126   3 102 
111  17.45253220  078.48388853   3 102 
111  17.45224158  078.46922040   3 102 
111  17.45305557  078.46920268 
111  17.45305136  078.46898995   3 102 
111  17.45223737  078.46900767   3 102 
112  17.45194675  078.45433955  17.45194253  078.45412682   3 102 
111  17.45218605  078.45412152   3 102 
112  17.45251075  078.45411445  17.45275427  078.45410915   3 102 
113  17.45276074  078.45432183 
120 Default hold RWY 09 (near)
111  17.45234419  078.45390525   4 
115  17.45234840  078.45411798 
120 Default hold RWY 09 (centre)
111  17.45264324  078.46899883   4 
115  17.45264745  078.46921156 
120 Default hold RWY 09 (far)
111  17.45294228  078.48409242   4 
115  17.45294650  078.48430515 
18   17.45467469  078.46905978 4 BCN
19   17.45355338  078.45345329 1 WS
19   17.45295255  078.48473061 1 WS
50 12680 ATIS
54 12225 TWR
55 13240 APP