1      587 1 0 VTUW Nakhon Phanom
100   45.11   1   0 0.25 0 3 1 15   17.39304200  104.63623300    0.00   60.05 3  1 0 0 33   17.37454700  104.64981100    0.00   60.05 2  7 0 0
21   17.39087966  104.63833371  2 144.98   3.00 15  PAPI-4L
21   17.37579105  104.64838483  2 324.99   3.00 33  PAPI-4L
10   17.38477100  104.64448500 xxx 144.98  8200 0.0 0.0   120 161161  1 0 0 0.25 0
10   17.39218700  104.64058700 xxx 144.98  2200 0.0 0.0   500 101101  1 0 0 0.25 0
10   17.37865800  104.65034500 xxx 144.98  2200 0.0 0.0   400 101101  1 0 0 0.25 0
10   17.38340200  104.64703400 xxx 144.98  2100 0.0 0.0   500 101101  1 0 0 0.25 0
10   17.38772200  104.64384500 xxx 144.98  1500 0.0 0.0   500 161161  2 0 0 0.25 0
10   17.37547900  104.65079500 xxx 234.98   820 0.0 0.0   120 161161  1 0 0 0.25 0
10   17.38578200  104.64320400 xxx  54.98   800 0.0 0.0   120 161161  1 0 0 0.25 0
10   17.39354700  104.63741300 xxx 234.98   750 0.0 0.0   120 161161  1 0 0 0.25 0
10   17.37891600  104.64771300 xxx 234.98   500 0.0 0.0   120 161161  1 0 0 0.25 0
10   17.37939800  104.64840700 xxx  99.98   231 0.0 0.0   230 161161  1 0 0 0.25 0
10   17.38603000  104.64357000 xxx  99.98   231 0.0 0.0   230 161161  1 0 0 0.25 0
10   17.37851500  104.64711800 xxx  99.98   161 0.0 0.0   160 161161  1 0 0 0.25 0
10   17.37963700  104.64878100 xxx 234.98   200 0.0 0.0   120 161161  1 0 0 0.25 0
10   17.38379700  104.64574400 xxx  54.98   200 0.0 0.0   120 161161  1 0 0 0.25 0
10   17.39034500  104.64093800 xxx  54.98   190 0.0 0.0   120 161161  1 0 0 0.25 0
10   17.38363600  104.64550800 xxx  99.98   151 0.0 0.0   150 161161  1 0 0 0.25 0
10   17.38515300  104.64226500 xxx  99.98   151 0.0 0.0   150 161161  1 0 0 0.25 0
10   17.39018800  104.64071700 xxx  99.98   151 0.0 0.0   150 161161  1 0 0 0.25 0
10   17.37583200  104.65105400 xxx 189.98   150 0.0 0.0   150 161161  1 0 0 0.25 0
10   17.39371900  104.63793200 xxx  99.98   150 0.0 0.0   150 161161  1 0 0 0.25 0
10   17.38633000  104.64402000 xxx 189.98   150 0.0 0.0   150 161161  1 0 0 0.25 0
10   17.39282800  104.63669600 xxx 189.98   100 0.0 0.0    50 161161  1 0 0 0.25 0
10   17.37502900  104.64975700 xxx  99.98   100 0.0 0.0    50 161161  1 0 0 0.25 0
14   17.38683500  104.64576000   50 0 ATC Tower
15   17.38762500  104.64444000 180.00 Platform
18   17.38426000  104.64372300 1 BCN
19   17.39350900  104.63692500 1 WS
19   17.37408100  104.64910900 1 WS
54 12250 TWR
55 12335 SAKHON NAKHON APP
1      529 1 0 VTUI Sakon Nakhon Aero
100   45.11   1   0 0.25 0 3 1 05   17.18682200  104.10996900    0.00  149.96 2  0 0 1 23   17.20345800  104.12728300    0.00  149.96 3  7 0 0
21   17.18838111  104.11099961  2  44.83   3.00 05  PAPI-4L
21   17.20133040  104.12566031  2 224.84   3.00 23  PAPI-4L
10   17.19039500  104.11616500 xxx  44.83   700 0.0 0.0   300 101101  2 0 0 0.25 0
10   17.19074600  104.11513500 xxx 134.83   400 0.0 0.0   100 101101  2 0 0 0.25 0
10   17.19138700  104.11580700 xxx 134.83   400 0.0 0.0   100 101101  2 0 0 0.25 0
10   17.19589400  104.11714900 xxx  44.83   300 0.0 0.0   200 161161  1 0 0 0.25 0
10   17.19532200  104.11772900 xxx 134.83   400 0.0 0.0    70 161161  1 0 0 0.25 0
10   17.19113200  104.11473800 xxx  89.83   181 0.0 0.0   180 101101  2 0 0 0.25 0
10   17.19177400  104.11540200 xxx  89.83   181 0.0 0.0   180 101101  2 0 0 0.25 0
10   17.19100600  104.11621900 xxx  89.83   181 0.0 0.0   180 101101  2 0 0 0.25 0
10   17.19035900  104.11554000 xxx  89.83   181 0.0 0.0   180 101101  2 0 0 0.25 0
10   17.20346500  104.12679300 xxx  44.83   250 0.0 0.0   100 161161  2 0 0 0.25 0
10   17.18681900  104.11045100 xxx  44.83   250 0.0 0.0   100 161161  2 0 0 0.25 0
10   17.20311000  104.12655600 xxx 179.83   150 0.0 0.0    90 161161  2 0 0 0.25 0
10   17.18718000  104.11068000 xxx 179.83   150 0.0 0.0    90 161161  2 0 0 0.25 0
10   17.19493900  104.11813400 xxx  89.83   100 0.0 0.0   100 161161  1 0 0 0.25 0
10   17.19570400  104.11732500 xxx  89.83   100 0.0 0.0   100 161161  1 0 0 0.25 0
14   17.19586200  104.11640200   35 0 ATC Tower
15   17.19613600  104.11724100 180.00 Platform
18   17.19571100  104.11802700 1 BCN
19   17.18739500  104.10936700 1 WS
19   17.20288500  104.12789200 1 WS
54 11965 TWR
55 12335 APP
1      591 1 0 VTW8 Sakorn Nakorn Resort
100   10.06   2   0 0.25 0 0 0 14   17.45332101  104.04946351    0.00    0.00 2  0 0 0 32   17.45683598  104.04669535    0.00    0.00 2  0 0 0
110   4 0.00 133.10 field 1
111  17.45493787  104.04824497 
112  17.45503363  104.04827332  17.45507776  104.04834058 
112  17.45538510  104.04889758  17.45540786  104.04893946 
111  17.45543225  104.04893161 
111  17.45543166  104.04884944 
111  17.45508056  104.04821272 
112  17.45508093  104.04813296  17.45510762  104.04810196 
111  17.45508093  104.04813296 
114  17.45508093  104.04813296  17.45506290  104.04814657 
110   3 0.00 133.10 field 2
111  17.45508056  104.04821272 
111  17.45543166  104.04884944 
111  17.45543192  104.04862205 
113  17.45525073  104.04829886 
110   4 0.00   0.00 dirt road
112  17.45693937  104.04610734  17.45700057  104.04604492 
112  17.45691564  104.04608980  17.45686602  104.04613662 
112  17.45659494  104.04630650  17.45653057  104.04634177 
112  17.45631324  104.04652373  17.45628710  104.04654771 
112  17.45618899  104.04649147  17.45616055  104.04651843 
112  17.45619473  104.04661756  17.45615090  104.04666437 
111  17.45619473  104.04661756 
112  17.45619473  104.04661756  17.45614448  104.04667910 
112  17.45563418  104.04723495  17.45551840  104.04733702 
112  17.45489588  104.04779680  17.45485386  104.04782029 
112  17.45478876  104.04793508  17.45482700  104.04796881 
112  17.45488761  104.04798972  17.45492874  104.04804617 
112  17.45495396  104.04812210  17.45495863  104.04816712 
111  17.45495396  104.04812210 
112  17.45495396  104.04812210  17.45498198  104.04810839 
112  17.45502349  104.04806829  17.45504132  104.04804685 
111  17.45502349  104.04806829 
112  17.45502349  104.04806829  17.45499268  104.04805067 
112  17.45491746  104.04797000  17.45489409  104.04793446 
112  17.45493335  104.04784486  17.45497082  104.04780982 
112  17.45569047  104.04726925  17.45580255  104.04716246 
112  17.45619907  104.04670862  17.45623894  104.04666190 
112  17.45630391  104.04666191  17.45633667  104.04669673 
112  17.45647508  104.04692312  17.45645834  104.04695471 
111  17.45647508  104.04692312 
112  17.45647508  104.04692312  17.45649179  104.04691091 
112  17.45654132  104.04687128  17.45655812  104.04685651 
111  17.45654132  104.04687128 
112  17.45654132  104.04687128  17.45649906  104.04687957 
112  17.45634948  104.04665363  17.45632233  104.04661578 
112  17.45635715  104.04652908  17.45638959  104.04649248 
114  17.45661238  104.04633073  17.45667991  104.04629292 
130 Airport Boundary
111  17.45311344  104.04916370 
111  17.45326401  104.04935976 
111  17.45230801  104.05003849 
111  17.45191929  104.05046310 
111  17.45214656  104.05069587 
111  17.45271522  104.05019310 
111  17.45347613  104.04959576 
111  17.45494479  104.04839487 
111  17.45510500  104.04842890 
111  17.45543101  104.04901273 
111  17.45570415  104.04901365 
111  17.45570323  104.04869138 
111  17.45546882  104.04864594 
111  17.45525851  104.04826922 
111  17.45533456  104.04810612 
111  17.45656456  104.04715648 
111  17.45707190  104.04680317 
111  17.45715115  104.04599616 
111  17.45701146  104.04600576 
111  17.45654248  104.04632159 
111  17.45617997  104.04659485 
111  17.45578297  104.04702361 
111  17.45563087  104.04711331 
113  17.45434895  104.04810570 
14   17.45549546  104.04870568    6 0 Viewpoint
15   17.45534507  104.04860376 196.78 Start
19   17.45518348  104.04816906 0 Windsock