1     1252 1 1 KAGC ALLEGHENY CO
100   45.72   2   0 0.25 0 3 0 10   40.35428300 -079.94110000    0.00    0.00 3  0 0 1 28   40.35431100 -079.91777800    0.00    0.00 3  8 0 0
100   30.48   2   0 0.25 0 3 0 13   40.35729400 -079.93433100    0.00    0.00 2  0 0 1 31   40.35205800 -079.92243600    0.00    0.00 2  0 0 1
100   30.48   1   0 0.25 0 2 0 05   40.35168600 -079.93781700    0.00    0.00 2  0 0 0 23   40.35680300 -079.93159200    0.00    0.00 2  0 0 1
21   40.35466391 -079.93787104  1  89.90   3.00 10  VASI
110   2 0.30 120.01 Default taxiway for RWY 13
111  40.35717718 -079.93441954  53 102 
111  40.35658141 -079.93487108  53 102 
111  40.35134602 -079.92297511  53 102 
111  40.35194179 -079.92252361 
112  40.35207897 -079.92283532  40.35200844 -079.92268094  53 102 
111  40.35186592 -079.92278894  53 102 
112  40.35167589 -079.92293295  40.35153338 -079.92304096  53 102 
111  40.35160197 -079.92319682  53 102 
111  40.35404819 -079.92875516  53 102 
111  40.35452519 -079.92839364 
111  40.35459378 -079.92854950  53 102 
111  40.35411678 -079.92891102  53 102 
112  40.35656300 -079.93446935  40.35663159 -079.93462521  53 102 
111  40.35677410 -079.93451720  53 102 
112  40.35696413 -079.93437318  40.35710665 -079.93426516  53 102 
113  40.35704000 -079.93410783 
110   1 0.30  42.83 Default taxiway for RWY 05
111  40.35159429 -079.93768718   3 102 
111  40.35112657 -079.93702511   3 102 
111  40.35624374 -079.93080052   3 102 
111  40.35671146 -079.93146264 
112  40.35651030 -079.93170734  40.35660935 -079.93158283   3 102 
111  40.35649747 -079.93142444   3 102 
112  40.35634828 -079.93121325  40.35623640 -079.93105487   3 102 
111  40.35613582 -079.93117722   3 102 
111  40.35382868 -079.93398363   3 102 
111  40.35420316 -079.93451374 
111  40.35410258 -079.93463609   3 102 
111  40.35372810 -079.93410598   3 102 
112  40.35142097 -079.93691240  40.35132039 -079.93703474   3 102 
111  40.35143227 -079.93719312   3 102 
112  40.35158146 -079.93740429  40.35169334 -079.93756267   3 102 
113  40.35179545 -079.93744249 
110   2 0.30  89.90 Default taxiway for RWY 10
111  40.35407953 -079.94109954  53 102 
111  40.35304866 -079.94109723  53 102 
111  40.35307900 -079.91777524  53 102 
111  40.35410987 -079.91777755 
112  40.35410917 -079.91831747  40.35410727 -079.91804751  53 102 
111  40.35386040 -079.91804696  53 102 
112  40.35353124 -079.91804622  40.35328437 -079.91804567  53 102 
111  40.35328402 -079.91831563  53 102 
111  40.35326973 -079.92930173  53 102 
111  40.35409488 -079.92930357 
111  40.35409453 -079.92957352  53 102 
111  40.35326938 -079.92957168  53 102 
112  40.35325508 -079.94055778  40.35325473 -079.94082774  53 102 
111  40.35350160 -079.94082829  53 102 
112  40.35383076 -079.94082903  40.35407763 -079.94082958  53 102 
113  40.35408023 -079.94055962 
120 Default hold RWY 13 (near)
111  40.35693771 -079.93460104  54 
115  40.35686912 -079.93444519 
120 Default hold RWY 05 (near)
111  40.35140629 -079.93742106   4 
115  40.35150687 -079.93729871 
120 Default hold RWY 10 (near)
111  40.35366583 -079.94109862  54 
115  40.35366618 -079.94082866 
120 Default hold RWY 13 (centre)
111  40.35435431 -079.92873100  54 
115  40.35428572 -079.92857514 
120 Default hold RWY 05 (centre)
111  40.35391458 -079.93436995   4 
115  40.35401516 -079.93424760 
120 Default hold RWY 10 (centre)
111  40.35368083 -079.92957260  54 
115  40.35368118 -079.92930265 
120 Default hold RWY 13 (far)
111  40.35177091 -079.92286095  54 
115  40.35170232 -079.92270510 
120 Default hold RWY 05 (far)
111  40.35642288 -079.93131885   4 
115  40.35652346 -079.93119650 
120 Default hold RWY 10 (far)
111  40.35369582 -079.91804659  54 
115  40.35369617 -079.91777663 
18   40.35550789 -079.92775352 1 BCN
19   40.35176455 -079.93845763 1 WS
19   40.35489947 -079.94164130 1 WS
19   40.35778747 -079.93437267 1 WS
19   40.35369442 -079.91723691 1 WS
19   40.35672441 -079.93095132 1 WS
19   40.35156451 -079.92239442 1 WS
50 12055 ATIS
51 12295 UNICOM
53 12170 GND
54 12110 TWR
55 11935 PITTSBURGH APP/DEP
1     1185 1 0 KLBE Arnold Palmer Rgnl
100   29.87   1   0 0.00 0 3 1 05   40.26520879 -079.42090591    0.00    0.00 2  0 0 1 23   40.28154821 -079.39898950  259.08    0.00 3  8 0 0
100   22.86   1   0 0.00 0 2 1 03   40.27338597 -079.40079258    0.00    0.00 2  0 0 0 21   40.28271017 -079.39642683    0.00    0.00 2  0 0 0
21   40.26798599 -079.41800975  2  45.65   3.00 05  PAPI-4L
21   40.27716970 -079.40421950  2 225.66   3.00 23  PAPI-4L
110   1 0.00 223.90 Main Ramp
112  40.27010412 -079.41197869  40.27006591 -079.41191882 
111  40.27010412 -079.41197869 102 
111  40.26983955 -079.41166280 106 
111  40.26957498 -079.41134691 106 
111  40.27030092 -079.41031327 
111  40.27017919 -079.41017266 
111  40.27008157 -079.41014488 
111  40.27037506 -079.40976522 
111  40.27044461 -079.40993320 
111  40.27052106 -079.41004250 102 
111  40.27060188 -079.40993548 
111  40.27042683 -079.40970398 
111  40.27070680 -079.40933836 
111  40.27082331 -079.40949423 
112  40.27082331 -079.40949423  40.27084150 -079.40951776 102 
112  40.27090956 -079.40950259  40.27093569 -079.40947052 102 
112  40.27089858 -079.40926010  40.27083119 -079.40917774 
111  40.27089858 -079.40926010 102 
111  40.27057845 -079.40884983 
112  40.27057845 -079.40884983  40.27051794 -079.40877714 
112  40.27037481 -079.40875455  40.27030103 -079.40883417 
111  40.27037481 -079.40875455 102 
111  40.27002944 -079.40921049 106 
111  40.26968406 -079.40966643 106 
111  40.26949233 -079.40943133 106 
111  40.26982910 -079.40895903 102 
111  40.26992861 -079.40909242 102 
111  40.26998620 -079.40901016 
112  40.26998620 -079.40901016  40.27003662 -079.40893747 102 
112  40.26989304 -079.40881575  40.26983254 -079.40887522 
111  40.26989304 -079.40881575 
111  40.26980903 -079.40893210 
111  40.26963323 -079.40869035 
111  40.26995473 -079.40831360 
111  40.27013464 -079.40855632 
112  40.27005951 -079.40872458  40.27010353 -079.40878195 
111  40.27005951 -079.40872458 102 
112  40.27021900 -079.40870797  40.27028934 -079.40862691 
111  40.27021900 -079.40870797 102 
111  40.27034480 -079.40853860 106 
111  40.27028246 -079.40845302 106 
111  40.27046716 -079.40820466 106 
111  40.26969415 -079.40722153 106 
111  40.27054119 -079.40597263 106 
111  40.27163530 -079.40740655 
111  40.27153261 -079.40753697 
112  40.27153261 -079.40753697  40.27151217 -079.40756340 102 
112  40.27153726 -079.40763531  40.27155238 -079.40766593 
111  40.27153726 -079.40763531 102 
111  40.27185371 -079.40805329 
112  40.27185371 -079.40805329  40.27186591 -079.40806754 102 
112  40.27190067 -079.40806734  40.27191447 -079.40804961 
111  40.27190067 -079.40806734 106 
111  40.27193277 -079.40802109 
112  40.27193277 -079.40802109  40.27194790 -079.40800126 106 
112  40.27194285 -079.40794840  40.27192801 -079.40792963 
111  40.27194285 -079.40794840 106 
111  40.27176134 -079.40771051 106 
111  40.27402014 -079.40471706 
112  40.27402014 -079.40471706  40.27410379 -079.40482366 106 
112  40.27416635 -079.40502764  40.27418394 -079.40510729 102 
112  40.27434176 -079.40505107  40.27440638 -079.40495439 
111  40.27434176 -079.40505107 
111  40.27457958 -079.40614028 
111  40.27235888 -079.40911824 
112  40.27235888 -079.40911824  40.27239303 -079.40906602 102 
112  40.27237162 -079.40895629  40.27233385 -079.40890712 
111  40.27237162 -079.40895629 102 
111  40.27231116 -079.40887830 
112  40.27231116 -079.40887830  40.27227831 -079.40883930 102 
112  40.27217627 -079.40890012  40.27213461 -079.40895879 
111  40.27217627 -079.40890012 102 
111  40.27014788 -079.41162300 
112  40.27014788 -079.41162300  40.27005444 -079.41175119 102 
112  40.27031778 -079.41185607  40.27043052 -079.41171595 
111  40.27031778 -079.41185607 
111  40.27010480 -079.41214181 
114  40.27010480 -079.41214181  40.27015340 -079.41206283 102 
111  40.27099717 -079.40913065 
112  40.27099717 -079.40913065  40.27104892 -079.40919846 102 
112  40.27121460 -079.40911707  40.27127670 -079.40904247 
111  40.27121460 -079.40911707 106 
111  40.27184542 -079.40828643 102 
111  40.27169230 -079.40808962 102 
111  40.27159139 -079.40822187 
111  40.27153447 -079.40821509 
111  40.27128091 -079.40787260 
111  40.27075310 -079.40857791 
111  40.27068066 -079.40866608 
112  40.27068066 -079.40866608  40.27065996 -079.40869320 102 
112  40.27068932 -079.40874171  40.27070912 -079.40876992 
113  40.27068932 -079.40874171 102 
110   1 0.00   0.00 Twy B/G/H
111  40.27336249 -079.40066155 102 
111  40.27328041 -079.40036436 
112  40.27328041 -079.40036436  40.27322471 -079.40016008 102 
112  40.27345051 -079.39993046  40.27359363 -079.39986343 
111  40.27345051 -079.39993046 102 
111  40.27877260 -079.39743284 
112  40.27877260 -079.39743284  40.27882336 -079.39740807 102 
112  40.27885287 -079.39722394  40.27882119 -079.39710591 
111  40.27885287 -079.39722394 106 
111  40.27865914 -079.39657817 106 
111  40.27982437 -079.39605324 106 
111  40.28002278 -079.39670576 
112  40.28002278 -079.39670576  40.28006784 -079.39685158 102 
112  40.28020279 -079.39662386  40.28015682 -079.39645753 
111  40.28020279 -079.39662386 106 
111  40.27999943 -079.39591394 106 
111  40.28018596 -079.39582703 106 
111  40.28020983 -079.39590050 106 
111  40.28064600 -079.39569905 106 
111  40.28057282 -079.39541736 106 
111  40.28120689 -079.39514379 106 
111  40.28126098 -079.39533189 106 
111  40.28142027 -079.39526167 106 
111  40.28148927 -079.39551759 102 
111  40.28193099 -079.39532276 
112  40.28193099 -079.39532276  40.28197843 -079.39529566 102 
112  40.28200234 -079.39517320  40.28198315 -079.39509857 
111  40.28200234 -079.39517320 106 
111  40.28192600 -079.39489277 106 
111  40.28224838 -079.39474425 102 
111  40.28267005 -079.39630205 
111  40.28246195 -079.39640026 
112  40.28246195 -079.39640026  40.28253382 -079.39636407 102 
112  40.28252632 -079.39620052  40.28250491 -079.39611930 
111  40.28252632 -079.39620052 102 
111  40.28248122 -079.39603595 
112  40.28248122 -079.39603595  40.28245808 -079.39595409 102 
112  40.28231189 -079.39592451  40.28223042 -079.39596295 
111  40.28231189 -079.39592451 102 
111  40.27967267 -079.39716309 
112  40.27967267 -079.39716309  40.27959813 -079.39720291 102 
112  40.27959506 -079.39737450  40.27961569 -079.39745451 
111  40.27959506 -079.39737450 102 
111  40.27964356 -079.39754834 
112  40.27964356 -079.39754834  40.27966780 -079.39763310 102 
112  40.27980991 -079.39764476  40.27988480 -079.39762392 
111  40.27980991 -079.39764476 
111  40.27949647 -079.39778849 
112  40.27949647 -079.39778849  40.27954464 -079.39776309 102 
112  40.27954379 -079.39761495  40.27952567 -079.39755211 
111  40.27954379 -079.39761495 102 
111  40.27948488 -079.39739538 
112  40.27948488 -079.39739538  40.27946063 -079.39731592 102 
112  40.27936745 -079.39730640  40.27930419 -079.39733415 
111  40.27936745 -079.39730640 102 
111  40.27640119 -079.39869851 
112  40.27640119 -079.39869851  40.27634341 -079.39872579 102 
112  40.27636245 -079.39887696  40.27638044 -079.39894205 
111  40.27636245 -079.39887696 102 
111  40.27642324 -079.39909536 
112  40.27642324 -079.39909536  40.27644050 -079.39915853 102 
112  40.27655116 -079.39917101  40.27661279 -079.39914620 
111  40.27655116 -079.39917101 
111  40.27629729 -079.39928688 
112  40.27629729 -079.39928688  40.27634812 -079.39924414 102 
112  40.27634152 -079.39911467  40.27632955 -079.39906297 
111  40.27634152 -079.39911467 102 
111  40.27628145 -079.39889395 
112  40.27628145 -079.39889395  40.27626124 -079.39882213 102 
112  40.27613563 -079.39882293  40.27605287 -079.39885874 
111  40.27613563 -079.39882293 102 
111  40.27348751 -079.40006594 
112  40.27348751 -079.40006594  40.27340257 -079.40010755 102 
112  40.27338441 -079.40031805  40.27340759 -079.40040280 
111  40.27338441 -079.40031805 102 
111  40.27343001 -079.40048452 
112  40.27343001 -079.40048452  40.27345551 -079.40057461 102 
112  40.27356641 -079.40056681  40.27360391 -079.40055635 
113  40.27356641 -079.40056681 
111  40.28228302 -079.39578529 
112  40.28228302 -079.39578529  40.28235620 -079.39575073 102 
112  40.28236054 -079.39558952  40.28232983 -079.39547309 
111  40.28236054 -079.39558952 102 
111  40.28227262 -079.39526394 
112  40.28227262 -079.39526394  40.28225186 -079.39518698 102 
112  40.28215387 -079.39519052  40.28211964 -079.39520334 
111  40.28215387 -079.39519052 102 
111  40.28210739 -079.39521536 
112  40.28210739 -079.39521536  40.28203032 -079.39525590 102 
112  40.28192893 -079.39540204  40.28180439 -079.39546333 
111  40.28192893 -079.39540204 102 
111  40.28112574 -079.39577411 102 
111  40.28117778 -079.39599368 
112  40.28117778 -079.39599368  40.28104271 -079.39605295 102 
112  40.28123260 -079.39627843  40.28137111 -079.39621347 
113  40.28123260 -079.39627843 102 
111  40.28071329 -079.39609344 
112  40.28071329 -079.39609344  40.28067422 -079.39611170 102 
112  40.28069565 -079.39635257  40.28074342 -079.39652997 
111  40.28069565 -079.39635257 
112  40.28069565 -079.39635257  40.28075939 -079.39655648 102 
112  40.28094814 -079.39625535  40.28089702 -079.39607045 
111  40.28094814 -079.39625535 
112  40.28094814 -079.39625535  40.28093427 -079.39619879 102 
112  40.28084009 -079.39616220  40.28077149 -079.39619098 
111  40.28084009 -079.39616220 106 
111  40.28078150 -079.39619357 106 
113  40.28074829 -079.39607952 
112  40.28044652 -079.39620783  40.28038815 -079.39623096 
111  40.28044652 -079.39620783 106 
111  40.28040821 -079.39622596 106 
111  40.28031305 -079.39591078 106 
111  40.28023340 -079.39594962 106 
111  40.28030285 -079.39619109 
112  40.28030285 -079.39619109  40.28024538 -079.39621759 102 
112  40.28024217 -079.39646623  40.28028793 -079.39664200 
111  40.28024217 -079.39646623 
112  40.28024217 -079.39646623  40.28033050 -079.39675499 102 
112  40.28057848 -079.39635709  40.28050612 -079.39609763 
111  40.28057848 -079.39635709 
114  40.28057848 -079.39635709  40.28053379 -079.39620922 102 
110   1 0.00   0.00 Twy A/B/C/D/E/F
112  40.28126836 -079.39888131  40.28121955 -079.39881655 
111  40.28126836 -079.39888131 102 
111  40.28103016 -079.39857357 
112  40.28103016 -079.39857357  40.28084197 -079.39833574 102 
112  40.28040560 -079.39858236  40.28024014 -079.39880807 
111  40.28040560 -079.39858236 102 
111  40.28018155 -079.39888133 
112  40.28018155 -079.39888133  40.28012900 -079.39895334 102 
112  40.28006764 -079.39915263  40.28003658 -079.39925908 
111  40.28006764 -079.39915263 102 
111  40.27972102 -079.40093027 
112  40.27972102 -079.40093027  40.27970530 -079.40101840 102 
112  40.27984426 -079.40101821  40.27990410 -079.40094043 
111  40.27984426 -079.40101821 
111  40.27940161 -079.40161345 
112  40.27940161 -079.40161345  40.27945459 -079.40153904 102 
112  40.27948643 -079.40141422  40.27949986 -079.40134520 
111  40.27948643 -079.40141422 102 
111  40.27984178 -079.39958770 
112  40.27984178 -079.39958770  40.27986152 -079.39948771 102 
112  40.27972305 -079.39949933  40.27967351 -079.39956577 
111  40.27972305 -079.39949933 102 
111  40.27466016 -079.40628463 
112  40.27466016 -079.40628463  40.27461193 -079.40635823 102 
112  40.27472905 -079.40644069  40.27479941 -079.40641481 
111  40.27472905 -079.40644069 102 
111  40.27604013 -079.40595569 
112  40.27604013 -079.40595569  40.27614172 -079.40591614 102 
112  40.27633837 -079.40572713  40.27644980 -079.40559276 
111  40.27633837 -079.40572713 
111  40.27583610 -079.40639413 
112  40.27583610 -079.40639413  40.27587845 -079.40633642 102 
112  40.27576956 -079.40624088  40.27569232 -079.40626947 
111  40.27576956 -079.40624088 102 
111  40.27437839 -079.40675284 
112  40.27437839 -079.40675284  40.27432081 -079.40677542 102 
112  40.27422201 -079.40687590  40.27418053 -079.40693388 
111  40.27422201 -079.40687590 102 
111  40.27270957 -079.40890521 
112  40.27270957 -079.40890521  40.27266556 -079.40896590 102 
112  40.27271150 -079.40914092  40.27276356 -079.40921052 
111  40.27271150 -079.40914092 102 
111  40.27317268 -079.40972942 
112  40.27317268 -079.40972942  40.27322131 -079.40979205 102 
112  40.27335180 -079.40972829  40.27340212 -079.40966520 
111  40.27335180 -079.40972829 
111  40.27308113 -079.41009286 
112  40.27308113 -079.41009286  40.27313196 -079.41001645 102 
112  40.27307870 -079.40985662  40.27302791 -079.40979027 
111  40.27307870 -079.40985662 102 
111  40.27261776 -079.40926618 
112  40.27261776 -079.40926618  40.27255900 -079.40919659 102 
112  40.27243888 -079.40926819  40.27239672 -079.40932598 
111  40.27243888 -079.40926819 102 
111  40.27074857 -079.41153949 102 
111  40.27050942 -079.41194376 
112  40.27050942 -079.41194376  40.27047561 -079.41199620 102 
112  40.27050990 -079.41219665  40.27055258 -079.41225842 
111  40.27050990 -079.41219665 102 
111  40.27080955 -079.41261562 
112  40.27080955 -079.41261562  40.27092400 -079.41275380 102 
112  40.27120621 -079.41260430  40.27131902 -079.41245883 
111  40.27120621 -079.41260430 
111  40.27070168 -079.41328314 
112  40.27070168 -079.41328314  40.27079900 -079.41314844 102 
112  40.27069593 -079.41276605  40.27060436 -079.41264878 
111  40.27069593 -079.41276605 102 
111  40.27035190 -079.41235792 
112  40.27035190 -079.41235792  40.27030692 -079.41230156 102 
112  40.27018551 -079.41233603  40.27014693 -079.41237684 
111  40.27018551 -079.41233603 102 
111  40.26988002 -079.41270116 102 
111  40.26793665 -079.41530572 102 
111  40.26766796 -079.41571200 
112  40.26766796 -079.41571200  40.26761409 -079.41579433 102 
112  40.26765449 -079.41608415  40.26773731 -079.41619476 
111  40.26765449 -079.41608415 102 
111  40.26796247 -079.41647548 
112  40.26796247 -079.41647548  40.26807206 -079.41660832 102 
112  40.26832650 -079.41647273  40.26842155 -079.41634901 
111  40.26832650 -079.41647273 
111  40.26785522 -079.41710180 
112  40.26785522 -079.41710180  40.26793608 -079.41698800 102 
112  40.26784820 -079.41670533  40.26776683 -079.41659939 
111  40.26784820 -079.41670533 102 
111  40.26749656 -079.41625850 
112  40.26749656 -079.41625850  40.26745936 -079.41619864 102 
112  40.26730029 -079.41626669  40.26725048 -079.41632032 
111  40.26730029 -079.41626669 102 
111  40.26697178 -079.41660255 102 
111  40.26497158 -079.41928275 102 
111  40.26470890 -079.41970290 
112  40.26470890 -079.41970290  40.26466502 -079.41976320 102 
112  40.26470424 -079.41996583  40.26474248 -079.42003391 
111  40.26470424 -079.41996583 102 
111  40.26501446 -079.42040178 
112  40.26501446 -079.42040178  40.26512000 -079.42053921 102 
112  40.26540238 -079.42039264  40.26551028 -079.42025788 
111  40.26540238 -079.42039264 
111  40.26511194 -079.42077805 102 
111  40.26459477 -079.42011314 
112  40.26459477 -079.42011314  40.26447563 -079.41996345 102 
112  40.26458949 -079.41953967  40.26470867 -079.41937275 
111  40.26458949 -079.41953967 102 
111  40.27010480 -079.41214181 
111  40.27031778 -079.41185607 102 
111  40.27235888 -079.40911824 
111  40.27457958 -079.40614028 
111  40.27434176 -079.40505107 102 
111  40.27345675 -079.40099369 102 
111  40.27343882 -079.40091095 
111  40.27366826 -079.40080211 
112  40.27366826 -079.40080211  40.27360446 -079.40083465 102 
112  40.27359716 -079.40098398  40.27361642 -079.40107574 
111  40.27359716 -079.40098398 102 
111  40.27462548 -079.40570027 
112  40.27462548 -079.40570027  40.27465701 -079.40583113 102 
112  40.27484886 -079.40577906  40.27492070 -079.40568692 
111  40.27484886 -079.40577906 102 
111  40.27971232 -079.39926545 
112  40.27971232 -079.39926545  40.27983870 -079.39908699 102 
112  40.27981167 -079.39859274  40.27974023 -079.39832918 
111  40.27981167 -079.39859274 102 
111  40.27969650 -079.39816948 
112  40.27969650 -079.39816948  40.27966685 -079.39806514 102 
112  40.27952387 -079.39805990  40.27945077 -079.39809065 
111  40.27952387 -079.39805990 
111  40.27987535 -079.39789676 
112  40.27987535 -079.39789676  40.27983952 -079.39792181 102 
112  40.27981540 -079.39807423  40.27984168 -079.39818068 
111  40.27981540 -079.39807423 102 
111  40.27991933 -079.39845632 
112  40.27991933 -079.39845632  40.27997219 -079.39864438 102 
112  40.28024117 -079.39854898  40.28033216 -079.39842836 
111  40.28024117 -079.39854898 102 
111  40.28031921 -079.39844155 
112  40.28031921 -079.39844155  40.28050207 -079.39819105 102 
112  40.28111186 -079.39843166  40.28134776 -079.39873652 
111  40.28111186 -079.39843166 102 
111  40.28145213 -079.39886764 
111  40.28127173 -079.39910871 
114  40.28127173 -079.39910871  40.28131849 -079.39904060 102 
120 ILS Hold
111  40.27987024 -079.39827561  56 
115  40.27974200 -079.39833658 
120 ILS Hold
111  40.27830065 -079.40140542  56 
115  40.27820521 -079.40128466 
120 A Hold
111  40.26472937 -079.42028665   4 
115  40.26483198 -079.42014914 
120 A Hold
111  40.28096774 -079.39850602   4 
115  40.28106338 -079.39837669 
120 A CL
111  40.28036512 -079.39850848   1 
111  40.28027176 -079.39862942   1 
111  40.28012379 -079.39880153   1 
111  40.27976321 -079.39932223   1 
111  40.27967501 -079.39944138   1 
111  40.27928328 -079.39995921   1 
111  40.27513651 -079.40552126   1 
111  40.27461817 -079.40621651   1 
111  40.27443420 -079.40646509   1 
111  40.27439852 -079.40651264   1 
111  40.27417435 -079.40681179   1 
111  40.27407728 -079.40694415   1 
111  40.27265877 -079.40884580   1 
111  40.27239282 -079.40920105   1 
111  40.27039485 -079.41188190   1 
111  40.27012890 -079.41223715   1 
111  40.26751624 -079.41574227   1 
111  40.26725019 -079.41609912   1 
111  40.26465526 -079.41957896 
112  40.26465526 -079.41957896  40.26456304 -079.41970380   1 
112  40.26465559 -079.42007031  40.26476601 -079.42021578 
111  40.26465559 -079.42007031   1 
111  40.26501343 -079.42052573 
112  40.26501343 -079.42052573  40.26510360 -079.42064065   1 
115  40.26521467 -079.42064159 
120 A CL
112  40.28131576 -079.39930438  40.28142815 -079.39914194   1 
112  40.28130937 -079.39880955  40.28121377 -079.39867619 
111  40.28130937 -079.39880955   1 
111  40.28106754 -079.39849850 
112  40.28106754 -079.39849850  40.28085917 -079.39824581   1 
116  40.28036512 -079.39850848  40.28016877 -079.39877235 
120 B Hold
111  40.27975994 -079.40001329   4 
115  40.27989043 -079.40005938 
120 B Hold
111  40.27985591 -079.39822412   4 
115  40.27972796 -079.39828357 
120 B Hold
111  40.27950751 -079.39747799   4 
115  40.27961002 -079.39742954 
120 B CL
112  40.28027176 -079.39862942  40.28015882 -079.39878145   1 
116  40.27986314 -079.39851669  40.27979074 -079.39826606 
120 B CL
112  40.27990874 -079.39960699  40.27998080 -079.39923368   1 
116  40.27988024 -079.39857982  40.27979172 -079.39826020 
120 B CL
112  40.27976321 -079.39932223  40.27988916 -079.39915266   1 
112  40.27988024 -079.39857982  40.27980257 -079.39829818 
111  40.27988024 -079.39857982   1 
111  40.27986314 -079.39851669   1 
115  40.27976250 -079.39814812 
120 B CL
112  40.27990874 -079.39960699  40.27994693 -079.39940940   1 
116  40.27967501 -079.39944138  40.27958160 -079.39957097 
120 B CL
111  40.27953328 -079.39736160   1 
115  40.27942899 -079.39698151 
120 B CL
111  40.27976250 -079.39814812   1 
115  40.27958638 -079.39755177 
120 B CL
111  40.27890527 -079.40251056   1 
111  40.27929471 -079.40199453 
112  40.27929471 -079.40199453  40.27943807 -079.40180622   1 
112  40.27956594 -079.40135811  40.27960399 -079.40115505 
111  40.27956594 -079.40135811   1 
111  40.27961581 -079.40111264   1 
111  40.27972097 -079.40057183   1 
111  40.27982614 -079.40003102   1 
111  40.28000098 -079.39913218 
112  40.28000098 -079.39913218  40.28001674 -079.39902886   1 
116  40.28012379 -079.39880153  40.28018160 -079.39872920 
120 B CL
112  40.27934116 -079.39724317  40.27940691 -079.39721075   1 
112  40.27942755 -079.39697588  40.27939116 -079.39684832 
111  40.27942755 -079.39697588 
112  40.27942755 -079.39697588  40.27946248 -079.39710406   1 
116  40.27963229 -079.39710659  40.27971388 -079.39706791 
120 B CL
111  40.27894333 -079.39820504   1 
111  40.27945902 -079.39796206 
112  40.27945902 -079.39796206  40.27961132 -079.39789023   1 
116  40.27976250 -079.39814812  40.27980014 -079.39828677 
120 B CL
111  40.28041224 -079.39751398   1 
111  40.27989664 -079.39775756 
112  40.27989664 -079.39775756  40.27975989 -079.39782751   1 
116  40.27976250 -079.39814812  40.27980014 -079.39828677 
120 B CL
111  40.28040568 -079.39749796   1 
111  40.27988946 -079.39773898 
112  40.27988946 -079.39773898  40.27973700 -079.39781023   1 
116  40.27958638 -079.39755177  40.27954905 -079.39741297 
120 B CL
112  40.27953328 -079.39736160  40.27950481 -079.39725331   1 
116  40.27963229 -079.39710659  40.27971388 -079.39706791 
120 B CL
111  40.27893525 -079.39818343   1 
111  40.27945138 -079.39794182 
112  40.27945138 -079.39794182  40.27958828 -079.39787239   1 
112  40.27958638 -079.39755177  40.27954905 -079.39741297 
111  40.27958638 -079.39755177   1 
111  40.27953328 -079.39736160 
112  40.27953328 -079.39736160  40.27950481 -079.39725331   1 
116  40.27934116 -079.39724317  40.27927542 -079.39727560 
120 C Hold
111  40.27510135 -079.40648538   4 
115  40.27506606 -079.40631681 
120 C CL
112  40.27443420 -079.40646509  40.27457774 -079.40625888   1 
116  40.27456767 -079.40574975  40.27451413 -079.40550766 
120 C CL
111  40.27688641 -079.40522800   1 
111  40.27649759 -079.40574562 
112  40.27649759 -079.40574562  40.27641838 -079.40584750   1 
112  40.27611028 -079.40602279  40.27598595 -079.40606915 
111  40.27611028 -079.40602279   1 
115  40.27577863 -079.40614509 
120 C CL
112  40.27475422 -079.40652267  40.27461193 -079.40657606   1 
116  40.27461817 -079.40621651  40.27472485 -079.40607285 
120 C CL
111  40.27577863 -079.40614509   1 
111  40.27475422 -079.40652267   1 
111  40.27442096 -079.40664517 
112  40.27442096 -079.40664517  40.27427608 -079.40669968   1 
116  40.27417435 -079.40681179  40.27410312 -079.40690966 
120 D Hold
111  40.27278582 -079.40947974   4 
115  40.27287877 -079.40935551 
120 D CL
112  40.27239282 -079.40920105  40.27245969 -079.40911175   1 
112  40.27238134 -079.40884184  40.27229857 -079.40873735 
111  40.27238134 -079.40884184 
112  40.27238134 -079.40884184  40.27246406 -079.40894704   1 
116  40.27265877 -079.40884580  40.27272763 -079.40875516 
120 D CL
111  40.27385867 -079.40929308   1 
111  40.27347567 -079.40980679 
112  40.27347567 -079.40980679  40.27336257 -079.40995856   1 
116  40.27314066 -079.40981307  40.27306061 -079.40970987 
120 D CL
112  40.27266850 -079.40920972  40.27258250 -079.40909941   1 
116  40.27265877 -079.40884580  40.27272763 -079.40875516 
120 D CL
111  40.27276734 -079.41075540   1 
111  40.27315007 -079.41024120 
112  40.27315007 -079.41024120  40.27324980 -079.41010001   1 
112  40.27314066 -079.40981307  40.27306061 -079.40970987 
111  40.27314066 -079.40981307   1 
111  40.27266850 -079.40920972 
112  40.27266850 -079.40920972  40.27258250 -079.40909941   1 
116  40.27239282 -079.40920105  40.27232595 -079.40929034 
120 E Hold
111  40.27050440 -079.41253906   4 
115  40.27063236 -079.41236837 
120 E CL
111  40.27040458 -079.41224582   1 
111  40.27011741 -079.41187794 
112  40.27011741 -079.41187794  40.27005925 -079.41179532   1 
112  40.27009011 -079.41154712  40.27016913 -079.41144107 
111  40.27009011 -079.41154712   1 
111  40.27124748 -079.40999272   1 
111  40.27156871 -079.40956122   1 
111  40.27212105 -079.40881958 
112  40.27212105 -079.40881958  40.27219276 -079.40872122   1 
112  40.27238134 -079.40884184  40.27247767 -079.40897137 
111  40.27238134 -079.40884184   1 
115  40.27266850 -079.40920972 
120 E CL
112  40.27012890 -079.41223715  40.27023072 -079.41210041   1 
112  40.27011741 -079.41187794  40.27003464 -079.41177346 
111  40.27011741 -079.41187794 
112  40.27011741 -079.41187794  40.27020014 -079.41198314   1 
116  40.27039485 -079.41188190  40.27050241 -079.41173728 
120 E CL
111  40.27159286 -079.41232671   1 
111  40.27120797 -079.41283795 
112  40.27120797 -079.41283795  40.27109488 -079.41298973   1 
116  40.27087673 -079.41284918  40.27079668 -079.41274598 
120 E CL
112  40.27040458 -079.41224582  40.27031858 -079.41213552   1 
116  40.27039485 -079.41188190  40.27046371 -079.41179127 
120 E CL
111  40.27049965 -079.41378903   1 
111  40.27088426 -079.41327237 
112  40.27088426 -079.41327237  40.27098399 -079.41313118   1 
112  40.27087673 -079.41284918  40.27079668 -079.41274598 
111  40.27087673 -079.41284918   1 
111  40.27040458 -079.41224582 
112  40.27040458 -079.41224582  40.27031858 -079.41213552   1 
116  40.27012890 -079.41223715  40.27006203 -079.41232645 
120 F Hold
111  40.26761867 -079.41641063   4 
115  40.26776099 -079.41622022 
120 F CL
111  40.26871586 -079.41619023   1 
111  40.26833096 -079.41670147 
112  40.26833096 -079.41670147  40.26821787 -079.41685324   1 
116  40.26799973 -079.41671269  40.26791968 -079.41660949 
120 F CL
112  40.26752757 -079.41610934  40.26744157 -079.41599903   1 
116  40.26751624 -079.41574227  40.26758510 -079.41565164 
120 F CL
111  40.26762264 -079.41765255   1 
111  40.26800725 -079.41713588 
112  40.26800725 -079.41713588  40.26810698 -079.41699469   1 
112  40.26799973 -079.41671269  40.26791968 -079.41660949 
111  40.26799973 -079.41671269   1 
111  40.26752757 -079.41610934 
112  40.26752757 -079.41610934  40.26744157 -079.41599903   1 
116  40.26725019 -079.41609912  40.26718332 -079.41618842 
120 G Hold
111  40.27630363 -079.39897508   4 
115  40.27637947 -079.39893926 
120 G CL
111  40.27719002 -079.39900632   1 
111  40.27667379 -079.39924735 
112  40.27667379 -079.39924735  40.27652133 -079.39931859   1 
116  40.27637072 -079.39906013  40.27633339 -079.39892134 
120 G CL
112  40.27631762 -079.39886996  40.27628915 -079.39876167   1 
116  40.27641663 -079.39861495  40.27649821 -079.39857627 
120 G CL
111  40.27571958 -079.39969180   1 
111  40.27623571 -079.39945018 
112  40.27623571 -079.39945018  40.27637262 -079.39938075   1 
112  40.27637072 -079.39906013  40.27633339 -079.39892134 
111  40.27637072 -079.39906013   1 
111  40.27631762 -079.39886996 
112  40.27631762 -079.39886996  40.27628915 -079.39876167   1 
116  40.27612550 -079.39875154  40.27605975 -079.39878396 
120 H Hold
111  40.27328656 -079.40038517   4 
115  40.27338902 -079.40033685 
120 H Hold
111  40.28249500 -079.39608335   4 
115  40.28259798 -079.39603398 
120 H CL
111  40.27344847 -079.40061972   1 
112  40.27338239 -079.40052568  40.27336382 -079.40045756 
111  40.27338239 -079.40052568   1 
111  40.27333599 -079.40035740 
112  40.27333599 -079.40035740  40.27329782 -079.40021350   1 
112  40.27347011 -079.39999588  40.27358486 -079.39994125 
111  40.27347011 -079.39999588   1 
111  40.27610495 -079.39875841   1 
111  40.27643167 -079.39860755   1 
111  40.27932577 -079.39724739   1 
111  40.27965249 -079.39709410   1 
111  40.28229445 -079.39585528 
112  40.28229445 -079.39585528  40.28239750 -079.39580846   1 
112  40.28253078 -079.39600259  40.28256479 -079.39612978 
111  40.28253078 -079.39600259   1 
111  40.28259231 -079.39623102 
112  40.28259231 -079.39623102  40.28260902 -079.39629429   1 
115  40.28258185 -079.39634464 
120 H CL
112  40.27487555 -079.40586963  40.27480473 -079.40596415   1 
112  40.27456767 -079.40574975  40.27452518 -079.40554384 
111  40.27456767 -079.40574975   1 
111  40.27352966 -079.40101239 
112  40.27352966 -079.40101239  40.27351750 -079.40095959   1 
116  40.27352725 -079.40087098  40.27353369 -079.40084999 
120 J Hold
111  40.27362923 -079.40113269   4 
115  40.27350064 -079.40118522 
120 Ramp Other Hold
111  40.26979285 -079.41160455  55 
111  40.27226266 -079.40829010  55 
111  40.27253233 -079.40863490  55 
111  40.27436742 -079.40617380  55 
115  40.27411090 -079.40487643 
120 Ramp CL
112  40.27439852 -079.40651264  40.27428365 -079.40666151   1 
116  40.27408618 -079.40654375  40.27400613 -079.40644055 
120 Ramp CL
112  40.27407728 -079.40694415  40.27418032 -079.40680585   1 
112  40.27408618 -079.40654375  40.27400613 -079.40644055 
111  40.27408618 -079.40654375   1 
111  40.27366413 -079.40600408 
112  40.27366413 -079.40600408  40.27360928 -079.40592777   1 
112  40.27342420 -079.40597949  40.27336151 -079.40605554 
111  40.27342420 -079.40597949   1 
115  40.27321339 -079.40624079 
120 Ramp CL
111  40.27238134 -079.40884184   1 
115  40.27146305 -079.40766750 
120 Ramp CL
112  40.27156871 -079.40956122  40.27145384 -079.40971008   1 
116  40.27125638 -079.40959232  40.27117633 -079.40948912 
120 Ramp CL
112  40.27124748 -079.40999272  40.27135051 -079.40985443   1 
112  40.27125638 -079.40959232  40.27117633 -079.40948912 
111  40.27125638 -079.40959232   1 
115  40.27041227 -079.40851299 
120 Ramp Side Stripe
111  40.27099777 -079.40913579  58 
111  40.27130335 -079.40952708 
112  40.27130335 -079.40952708  40.27135495 -079.40959338  58 
112  40.27149454 -079.40950622  40.27155134 -079.40943961 
111  40.27149454 -079.40950622  58 
111  40.27213164 -079.40865069  58 
115  40.27184542 -079.40828643 
120 Ramp Side Stripe
112  40.27004577 -079.41190939  40.26996117 -079.41180851  58 
112  40.27004068 -079.41145734  40.27012441 -079.41134226 
111  40.27004068 -079.41145734  58 
111  40.27119850 -079.40990394 
112  40.27119850 -079.40990394  40.27125933 -079.40982172  58 
112  40.27118682 -079.40962933  40.27114294 -079.40957313 
111  40.27118682 -079.40962933  58 
115  40.27089858 -079.40926010 
120 Ramp Side Stripe
111  40.27188687 -079.40808507  58 
111  40.27243593 -079.40878730 
112  40.27243593 -079.40878730  40.27249124 -079.40885639  58 
112  40.27261407 -079.40877708  40.27265131 -079.40872827 
111  40.27261407 -079.40877708  58 
111  40.27438760 -079.40639810 
112  40.27438760 -079.40639810  40.27444732 -079.40631758  58 
112  40.27449966 -079.40576973  40.27444499 -079.40551939 
111  40.27449966 -079.40576973  58 
115  40.27434176 -079.40505107 
14   40.27469426 -079.40483083   38 0 ATC Tower
15   40.27232033 -079.40765638 228.19 Terminal Ramp
18   40.27832945 -079.39634333 1 BCN
19   40.26607554 -079.42106888 1 WS
19   40.28083845 -079.39879273 1 WS
19   40.27402705 -079.40128647 1 WS
19   40.28293503 -079.39546758 1 WS
20   40.28092903 -079.39855613 330.89  0 2 {@L}A{@R}23-APCH
20   40.26468535 -079.42034433 314.95  0 2 {@L}A{@R}5
20   40.27834130 -079.40146030  45.10  0 2 {@L}A{@R}ILS
20   40.27247988 -079.40931217  48.53  0 2 {@L}A{@Y,^l}D{^r}
20   40.27021663 -079.41239589  48.53  0 2 {@L}A{@Y,^l}E
20   40.27029957 -079.41176912 223.96  0 2 {@L}A{@Y,^l}E{^r}
20   40.26733284 -079.41631539  48.53  0 2 {@L}A{@Y,^l}F
20   40.28020296 -079.39849033 223.66  0 2 {@L}A{@Y,^l}J|D{^ru}
20   40.27975662 -079.39955678  47.22  0 2 {@L}A{@Y,^ld}B{^ru}
20   40.27479786 -079.40572405 223.66  0 2 {@L}A{@Y,^ld}J|D{^rd}
20   40.27419180 -079.40701927  47.22  0 2 {@L}A{@Y,^lu}C|J{^ru}
20   40.26752359 -079.41549838 223.96  0 2 {@L}A{@Y}F{^r}
20   40.27988323 -079.39821169 110.39  0 2 {@L}B{@R}21-3
20   40.27970542 -079.39999302 250.92  0 2 {@L}B{@R}23
20   40.27947869 -079.39748850 292.39  0 2 {@L}B{@R}3-21
20   40.27971507 -079.39834704 289.94  0 2 {@L}B{@R}ILS
20   40.28003639 -079.39963318  74.35  0 2 {@L}B{@Y,^lu}A{^rd}
20   40.27511584 -079.40655593  16.61  0 2 {@L}C{@R}5-23
20   40.27473808 -079.40636102 195.25  0 2 {@L}C{@Y,^ld}A{^ru}
20   40.27274553 -079.40953271 314.95  0 2 {@L}D{@R}5-23
20   40.27046552 -079.41259146 314.95  0 2 {@L}E{@R}5-23
20   40.27274450 -079.40908218 137.93  0 2 {@L}E{@Y,^l}A{^r}
20   40.27055279 -079.41214191 137.93  0 2 {@L}E{@Y,^l}A{^r}
20   40.26757850 -079.41646342 314.95  0 2 {@L}F{@R}5-23
20   40.26769014 -079.41602262 137.93  0 2 {@L}F{@Y,^l}A{^r}
20   40.27624931 -079.39899963 289.73  0 2 {@L}G{@R}3-21
20   40.28246363 -079.39609800 292.11  0 2 {@L}H{@R}21
20   40.27323922 -079.40040479 292.39  0 2 {@L}H{@R}3
20   40.28014386 -079.39672713 200.60  0 2 {@L}H{@Y,^l}B{^r}
20   40.27939774 -079.39737316  23.85  0 2 {@L}H{@Y,^l}B{^r}
20   40.27616802 -079.39886822  23.85  0 2 {@L}H{@Y,^l}G
20   40.27634358 -079.39850045 200.60  0 2 {@L}H{@Y}G{^r}
20   40.27368027 -079.40111383 109.47  0 2 {@L}J{@R}3
20   40.27427798 -079.40502701 288.86  0 2 {@L}J{@Y,^lu}A{^rd}
20   40.26536190 -079.42034582 225.22  0 2 {@Y,^l}A
20   40.27953265 -079.39813485  21.19  0 2 {@Y,^l}B
20   40.27979795 -079.39756765 199.20  0 2 {@Y,^l}B
20   40.27635558 -079.40559097 225.22  0 2 {@Y,^l}C
20   40.27332417 -079.40965892 225.22  0 2 {@Y,^l}D
20   40.27115477 -079.41256657 225.22  0 2 {@Y,^l}E
20   40.26827994 -079.41641573 225.22  0 2 {@Y,^l}F
20   40.27653434 -079.39909893 199.20  0 2 {@Y,^l}G
20   40.27354631 -079.40049528 199.20  0 2 {@Y,^l}H
20   40.28119991 -079.39910946  45.27  0 2 {@Y}A{^r}
20   40.27992137 -079.39795077 201.94  0 2 {@Y}B{^r}
20   40.27920623 -079.40176381  45.27  0 2 {@Y}B{^r}
20   40.27943699 -079.39774053  19.29  0 2 {@Y}B{^r}
20   40.27304336 -079.41003321  45.27  0 2 {@Y}D{^r}
20   40.27067006 -079.41321495  45.27  0 2 {@Y}E{^r}
20   40.26781865 -079.41705152  45.27  0 2 {@Y}F{^r}
20   40.27626220 -079.39922652  19.29  0 2 {@Y}G{^r}
20   40.28242205 -079.39634453  19.29  0 2 {@Y}H{^r}
20   40.27367985 -079.40087394 199.20  0 2 {@Y}J{^r}
50 11837 ATIS
51 12500 CTAF
53 12180 GND
54 12500 TWR
1     1248 0 1 KBTP BUTLER CO K W SCHOLTER FLD
100   30.48   1   0 0.25 0 3 0 08   40.77455000 -079.95932800    0.00    0.00 3  8 0 0 26   40.77863300 -079.94285000    0.00    0.00 2  0 0 0
21   40.77634156 -079.95340827  1  71.88   3.00 08  VASI
21   40.77775491 -079.94497148  2 251.89   3.00 26  PAPI-4L
110   1 0.30  71.88 Default taxiway for RWY 08
112  40.77476354 -079.95903917  40.77472300 -079.95921222   3 102 
111  40.77487942 -079.95927982   3 102 
112  40.77508797 -079.95936996  40.77524438 -079.95943757   3 102 
111  40.77528705 -079.95926545   3 102 
111  40.77722247 -079.95145727   3 102 
111  40.77669896 -079.95123099 
111  40.77674163 -079.95105887   3 102 
111  40.77726514 -079.95128515   3 102 
112  40.77920056 -079.94347696  40.77924323 -079.94330484   3 102 
111  40.77908682 -079.94323723   3 102 
112  40.77887827 -079.94314708  40.77872185 -079.94307947   3 102 
111  40.77867705 -079.94325067 
111  40.77876238 -079.94290643   3 102 
111  40.77941624 -079.94318906   3 102 
111  40.77533207 -079.95966603   3 102 
113  40.77467821 -079.95938341 
120 Default hold RWY 08 (near)
111  40.77498369 -079.95932489   4 
115  40.77494103 -079.95949701 
120 Default hold RWY 08 (centre)
111  40.77700445 -079.95117247   4 
115  40.77696178 -079.95134459 
120 Default hold RWY 08 (far)
111  40.77902520 -079.94302003   4 
115  40.77898254 -079.94319215 
18   40.77567948 -079.95069593 1 BCN
19   40.77485570 -079.95984125 1 WS
19   40.77832722 -079.94233679 1 WS
50 13382 AWOS 3
51 12280 CTAF/UNICOM
52 12870 PITTSBURGH CLNC DEL
55 12475 PITTSBURGH APP/DEP
1     1333 0 1 3G9  Butler Farm Show
100   11.58   1   0 0.25 0 1 0 18   40.85606845 -079.97543079    0.00    0.00 2  0 0 0 36   40.84906043 -079.97412867    0.00    0.00 2  0 0 0
110   1 0.30 172.00 Default taxiway for RWY 18
111  40.85606151 -079.97549608   3 102 
111  40.85602493 -079.97584020   3 102 
111  40.84901692 -079.97453789   3 102 
111  40.84905350 -079.97419381 
112  40.84915672 -079.97421299  40.84910480 -079.97420635   3 102 
111  40.84909609 -079.97428822   3 102 
112  40.84908449 -079.97439738  40.84907578 -079.97447926   3 102 
111  40.84912739 -079.97448885   3 102 
111  40.85250237 -079.97511602   3 102 
111  40.85253170 -079.97484016 
111  40.85258331 -079.97484975   3 102 
111  40.85255398 -079.97512561   3 102 
112  40.85592896 -079.97575278  40.85598057 -079.97576237   3 102 
111  40.85598928 -079.97568049   3 102 
112  40.85600088 -079.97557132  40.85600959 -079.97548943   3 102 
113  40.85595829 -079.97547690 
120 Default hold RWY 18 (near)
111  40.85604669 -079.97563549   4 
115  40.85599508 -079.97562590 
120 Default hold RWY 18 (centre)
111  40.85256849 -079.97498915   4 
115  40.85251688 -079.97497956 
120 Default hold RWY 18 (far)
111  40.84909029 -079.97434280   4 
115  40.84903868 -079.97433321 
18   40.85261521 -079.97430208 1 BCN
19   40.85619343 -079.97524527 1 WS
19   40.84893545 -079.97431417 1 WS
1     1180 0 1 PN01 Cedar Run
100   15.24   3   0 0.25 0 0 0 18   40.59056743 -079.90633854    0.00    0.00 1  0 0 0 36   40.58567811 -079.90543370    0.00    0.00 1  0 0 0
19   40.59073187 -079.90609541 1 WS
19   40.58551367 -079.90567682 1 WS
1     1220 0 1 G04  Culmerville
100   54.25   3   0 0.25 0 0 0 09   40.66224468 -079.84862313    0.00    0.00 1  0 0 0 27   40.66288754 -079.84259299    0.00    0.00 1  0 0 0
19   40.66290195 -079.84939491 1 WS
19   40.66223022 -079.84182125 1 WS
1     1373 0 1 PN08 Davis
100   30.48   3   0 0.25 0 0 0 15   40.73600504 -079.16137800    0.00    0.00 1  0 0 0 33   40.73323384 -079.15841646    0.00    0.00 1  0 0 0
19   40.73647715 -079.16118383 1 WS
19   40.73276174 -079.15861064 1 WS
1     1500 0 1 PN49 Dunbar
100   30.48   3   0 0.25 0 0 0 09   40.77174139 -079.43144211    0.00    0.00 1  0 0 0 27   40.77227583 -079.42642067    0.00    0.00 1  0 0 0
19   40.77211065 -079.43187641 1 WS
19   40.77190656 -079.42598639 1 WS
1     1220 0 1 PN66 Dunlea Airpark
100   30.48   3   0 0.25 0 0 0 05   40.42358490 -079.36605995    0.00    0.00 1  0 0 0 23   40.42766176 -079.36123783    0.00    0.00 1  0 0 0
19   40.42365635 -079.36670270 1 WS
19   40.42759028 -079.36059504 1 WS
1     1150 0 1 92PA Hawkins Field
100   30.48   3   0 0.25 0 0 0 17   40.70590730 -079.95271922    0.00    0.00 1  0 0 0 35   40.70255770 -079.95128356    0.00    0.00 1  0 0 0
19   40.70629532 -079.95231485 1 WS
19   40.70216969 -079.95168792 1 WS
1     1405 0 1 KIDI INDIANA CO
100   22.86   1   0 0.25 0 2 0 10   40.63282800 -079.11269400    0.00    0.00 2  0 0 0 28   40.63162500 -079.09836700    0.00    0.00 2  0 0 1
21   40.63290240 -079.11029705  1  96.31   3.00 10  VASI
21   40.63155090 -079.10076393  1 276.32   3.00 28  VASI
110   1 0.30  96.31 Default taxiway for RWY 10
111  40.63272800 -079.11270857   3 102 
111  40.63221457 -079.11278337   3 102 
111  40.63101246 -079.09845611   3 102 
111  40.63152589 -079.09838131 
112  40.63154849 -079.09865075  40.63153495 -079.09851635   3 102 
111  40.63141226 -079.09853423   3 102 
112  40.63124868 -079.09855806  40.63112600 -079.09857593   3 102 
111  40.63113730 -079.09871065   3 102 
111  40.63171010 -079.10553748   3 102 
111  40.63212129 -079.10547758 
111  40.63213259 -079.10561230   3 102 
111  40.63172140 -079.10567220   3 102 
112  40.63229420 -079.11249903  40.63230551 -079.11263375   3 102 
111  40.63242819 -079.11261588   3 102 
112  40.63259177 -079.11259205  40.63271446 -079.11257417   3 102 
113  40.63270539 -079.11243913 
120 Default hold RWY 10 (near)
111  40.63252128 -079.11273868   4 
115  40.63250998 -079.11260396 
120 Default hold RWY 10 (centre)
111  40.63192587 -079.10564241   4 
115  40.63191457 -079.10550769 
120 Default hold RWY 10 (far)
111  40.63133047 -079.09854614   4 
115  40.63131917 -079.09841142 
18   40.63294126 -079.10542643 1 BCN
19   40.63315596 -079.11291895 1 WS
19   40.63129701 -079.09814212 1 WS
50 12662 AWOS 3
51 12280 UNICOM
1     1250 0 1 31D  Inter County
100   37.80   3   0 0.25 0 0 0 09   40.33302839 -079.78270428    0.00    0.00 1  0 0 0 27   40.33377661 -079.77572018    0.00    0.00 1  0 0 0
19   40.33348627 -079.78323930 1 WS
19   40.33331870 -079.77518520 1 WS
1     1240 0 1 PA15 J & W Landing Strip
100   18.29   3   0 0.25 0 0 0 08   40.51368411 -079.43060844    0.00    0.00 1  0 0 0 26   40.51533699 -079.42391712    0.00    0.00 1  0 0 0
19   40.51386803 -079.43091468 1 WS
19   40.51515305 -079.42361089 1 WS
1     1200 0 1 9PS2 J T Willie
100   30.48   3   0 0.25 0 0 0 18   40.81152737 -079.67030042    0.00    0.00 1  0 0 0 36   40.80582317 -079.66924126    0.00    0.00 1  0 0 0
19   40.81185626 -079.66981253 1 WS
19   40.80549428 -079.66972911 1 WS
1     1188 0 1 5G8  Jeannette Regional
100   15.24   1   0 0.25 0 2 0 02   40.37296390 -079.60935054    0.00    0.00 2  0 0 0 20   40.37995054 -079.60740114    0.00    0.00 2  0 0 0
110   1 0.30  12.00 Default taxiway for RWY 02
111  40.37295011 -079.60926538   3 102 
111  40.37287836 -079.60882227   3 102 
111  40.37986502 -079.60687302   3 102 
111  40.37993677 -079.60731618 
112  40.37980261 -079.60735361  40.37986922 -079.60733201   3 102 
111  40.37985212 -079.60722634   3 102 
112  40.37982930 -079.60708546  40.37981220 -079.60697979   3 102 
111  40.37974512 -079.60699850   3 102 
111  40.37641949 -079.60792633   3 102 
111  40.37647698 -079.60828142 
111  40.37640990 -079.60830014   3 102 
111  40.37635241 -079.60794506   3 102 
112  40.37302677 -079.60887289  40.37295970 -079.60889161   3 102 
111  40.37297680 -079.60899726   3 102 
112  40.37299962 -079.60913813  40.37301672 -079.60924379   3 102 
113  40.37308426 -079.60922795 
120 Default hold RWY 02 (near)
111  40.37292113 -079.60908641   4 
115  40.37298821 -079.60906770 
120 Default hold RWY 02 (centre)
111  40.37638092 -079.60812115   4 
115  40.37644800 -079.60810243 
120 Default hold RWY 02 (far)
111  40.37984071 -079.60715590   4 
115  40.37990779 -079.60713718 
18   40.37655702 -079.60899223 1 BCN
19   40.37287252 -079.60965210 1 WS
19   40.38004192 -079.60709955 1 WS
1     1040 0 1 PA48 Jim Shearer South
100   15.24   1   0 0.25 0 1 0 15   40.44695149 -079.29114430    0.00    0.00 2  0 0 0 33   40.44262849 -079.28670626    0.00    0.00 2  0 0 0
18   40.44508552 -079.28842816 1 BCN
19   40.44718622 -079.29104224 1 WS
19   40.44239376 -079.28680833 1 WS
1     1280 0 1 85PN Kiski
100   30.48   3   0 0.25 0 0 0 12   40.57998774 -079.60778396    0.00    0.00 1  0 0 0 30   40.57847726 -079.60286160    0.00    0.00 1  0 0 0
19   40.58047198 -079.60791590 1 WS
19   40.57799302 -079.60272970 1 WS
1     1080 0 1 PN25 Lindsay
100   30.48   3   0 0.25 0 0 0 10   40.73570403 -079.69182557    0.00    0.00 1  0 0 0 28   40.73553651 -079.68549443    0.00    0.00 1  0 0 0
19   40.73612479 -079.69216842 1 WS
19   40.73511573 -079.68515162 1 WS
1     1975 0 1 PN47 Lohrs Landing
100   30.48   3   0 0.25 0 0 0 03   40.18162834 -079.06735843    0.00    0.00 1  0 0 0 21   40.18518888 -079.06547547    0.00    0.00 1  0 0 0
19   40.18152814 -079.06799225 1 WS
19   40.18528907 -079.06484162 1 WS
1     1500 0 1 PN57 Marion Center Speedway
100   45.72   3   0 0.25 0 0 0 08   40.81089205 -079.04153952    0.00    0.00 1  0 0 0 26   40.81312461 -079.03297272    0.00    0.00 1  0 0 0
19   40.81134162 -079.04231902 1 WS
19   40.81267498 -079.03219324 1 WS
1     1090 0 1 P37  Mc Ville
100   42.67   3   0 0.25 0 0 0 18   40.73733638 -079.60049939    0.00    0.00 1  0 0 0 36   40.72945916 -079.59903839    0.00    0.00 1  0 0 0
100   48.77   3   0 0.25 0 2 0 03   40.73044252 -079.60134460    0.00    0.00 1  0 0 0 21   40.73635302 -079.59819318    0.00    0.00 1  0 0 0
19   40.73028220 -079.60236703 1 WS
19   40.73779683 -079.59981710 1 WS
19   40.72899872 -079.59972060 1 WS
19   40.73651332 -079.59717065 1 WS
1     1160 0 1 P45  Mount Pleasant Scottdale
100   48.16   3   0 0.25 0 0 0 06   40.10646856 -079.54466852    0.00    0.00 1  0 0 0 24   40.11034254 -079.53818538    0.00    0.00 1  0 0 0
100   64.31   3   0 0.25 0 0 0 14   40.10987388 -079.54355913    0.00    0.00 1  0 0 0 32   40.10693722 -079.53929477    0.00    0.00 1  0 0 0
19   40.10671399 -079.54563833 1 WS
19   40.11090530 -079.54336319 1 WS
19   40.11009706 -079.53721554 1 WS
19   40.10590581 -079.53949076 1 WS
1     1140 0 1 77PA Nardo
100   30.48   3   0 0.25 0 0 0 09   40.58305698 -079.90299367    0.00    0.00 1  0 0 0 27   40.58374412 -079.89655579    0.00    0.00 1  0 0 0
19   40.58342624 -079.90342675 1 WS
19   40.58337483 -079.89612275 1 WS
1      865 0 1 PN02 Offutt Acres
100   36.58   3   0 0.25 0 0 0 09   40.98452815 -079.56886357    0.00    0.00 1  0 0 0 27   40.98504351 -079.56400589    0.00    0.00 1  0 0 0
19   40.98497126 -079.56938640 1 WS
19   40.98460038 -079.56348308 1 WS
1     1210 0 0 3PN9 Phil Cain Memorial Ultralight
100   30.48   3   0 0.25 0 0 0 05   40.44115790 -079.55104412    0.00    0.00 0  0 0 0 23   40.44239210 -079.54911148    0.00    0.00 0  0 0 0
19   40.44129676 -079.55166771 1 WS
19   40.44225322 -079.54848788 1 WS
1     1187 0 1 4G0  Pittsburgh-Monroeville
100    8.23   1   0 0.25 0 0 0 05   40.44996674 -079.77751858    0.00    0.00 2  0 0 0 23   40.45461436 -079.77201920    0.00    0.00 2  0 0 0
19   40.44998511 -079.77769085 1 WS
19   40.45459598 -079.77184692 1 WS
1     1420 0 1 PN36 Rayne
100   30.48   3   0 0.25 0 0 0 09   40.73309210 -079.07012384    0.00    0.00 1  0 0 0 27   40.73370290 -079.06438840    0.00    0.00 1  0 0 0
19   40.73346136 -079.07055789 1 WS
19   40.73333363 -079.06395438 1 WS
1     1228 0 1 KFWQ ROSTRAVER
100   22.86   1   0 0.25 0 2 0 08   40.20762200 -079.83807200    0.00    0.00 2  0 0 1 26   40.21183300 -079.82484200    0.00    0.00 2  0 0 1
21   40.20856730 -079.83603469  1  67.37   3.00 08  VASI
21   40.21088793 -079.82687962  1 247.38   3.00 26  VASI
110   1 0.30  67.37 Default taxiway for RWY 08
111  40.20752913 -079.83802131   3 102 
111  40.20705235 -079.83776105   3 102 
111  40.21126410 -079.82453185   3 102 
111  40.21174088 -079.82479213 
112  40.21166173 -079.82504077  40.21169923 -079.82491531   3 102 
111  40.21158530 -079.82485312   3 102 
112  40.21143339 -079.82477020  40.21131946 -079.82470800   3 102 
111  40.21127989 -079.82483232   3 102 
111  40.20927296 -079.83113612   3 102 
111  40.20965480 -079.83134456 
111  40.20961522 -079.83146888   3 102 
111  40.20923338 -079.83126044   3 102 
112  40.20722645 -079.83756425  40.20718687 -079.83768856   3 102 
111  40.20730080 -079.83775075   3 102 
112  40.20745271 -079.83783367  40.20756664 -079.83789586   3 102 
113  40.20760829 -079.83777268 
120 Default hold RWY 08 (near)
111  40.20733717 -079.83791653   4 
115  40.20737675 -079.83779221 
120 Default hold RWY 08 (centre)
111  40.20942326 -079.83136409   4 
115  40.20946284 -079.83123977 
120 Default hold RWY 08 (far)
111  40.21150934 -079.82481166   4 
115  40.21154892 -079.82468734 
18   40.21039092 -079.83182041 1 BCN
19   40.20782640 -079.83847541 1 WS
19   40.21162855 -079.82443859 1 WS
50 11847 AWOS 3
51 12280 CTAF/UNICOM
55 11935 PITTSBURGH APP/DEP
1     1240 0 1 9PN1 Seitz Field
100   30.48   3   0 0.25 0 0 0 16   40.04077976 -079.79130400    0.00    0.00 1  0 0 0 34   40.03714690 -079.78878100    0.00    0.00 1  0 0 0
19   40.04121512 -079.79099769 1 WS
19   40.03671155 -079.78908731 1 WS
1     2907 0 1 7SP  SEVEN SPRINGS
100   12.80   1   0 0.25 0 2 0 10   40.00991400 -079.32741700    0.00   46.33 2  0 0 0 28   40.01016400 -079.31646400    0.00   46.94 2  0 0 0
110   1 0.30  88.29 Default taxiway for RWY 10
111  40.00985867 -079.32741484   3 102 
111  40.00956854 -079.32740353   3 102 
111  40.00981906 -079.31645057   3 102 
111  40.01010919 -079.31646188 
112  40.01010575 -079.31661222  40.01010522 -079.31653697   3 102 
111  40.01003613 -079.31653427   3 102 
112  40.00994401 -079.31653068  40.00987492 -079.31652799   3 102 
111  40.00987320 -079.31660316   3 102 
111  40.00975224 -079.32189171   3 102 
111  40.00998479 -079.32190077 
111  40.00998307 -079.32197595   3 102 
111  40.00975052 -079.32196689   3 102 
112  40.00962956 -079.32725544  40.00962784 -079.32733061   3 102 
111  40.00969693 -079.32733330   3 102 
112  40.00978905 -079.32733689  40.00985814 -079.32733959   3 102 
113  40.00986211 -079.32726450 
120 Default hold RWY 10 (near)
111  40.00974127 -079.32741027   4 
115  40.00974299 -079.32733510 
120 Default hold RWY 10 (centre)
111  40.00986567 -079.32197138   4 
115  40.00986739 -079.32189620 
120 Default hold RWY 10 (far)
111  40.00999007 -079.31653248   4 
115  40.00999179 -079.31645731 
18   40.01044222 -079.32195945 1 BCN
19   40.01008329 -079.32757407 1 WS
19   40.00999469 -079.31630694 1 WS
51 12290 CTAF
1     1380 0 1 PN83 Skunk Hollow
100   30.48   3   0 0.25 0 0 0 12   40.80351012 -079.20472138    0.00    0.00 1  0 0 0 30   40.80217432 -079.20035364    0.00    0.00 1  0 0 0
19   40.80399436 -079.20485376 1 WS
19   40.80169008 -079.20022130 1 WS
1     2272 0 1 2G9  SOMERSET CO
100   22.86   1   0 0.25 0 2 0 07   40.03551900 -079.02151400    0.00    0.00 2  0 0 0 25   40.04268900 -079.00757500    0.00    0.00 2  0 0 1
100   62.18   4   0 0.25 0 0 0 14   40.04002500 -079.01702800   89.92    0.00 1  0 0 0 32   40.03435600 -079.01084200    0.00    0.00 1  0 0 0
21   40.04145805 -079.00932711  1 236.11   3.00 25  VASI
110   1 0.30  56.10 Default taxiway for RWY 07
111  40.03543549 -079.02144071   3 102 
111  40.03500674 -079.02106441   3 102 
111  40.04217758 -079.00712683   3 102 
111  40.04260633 -079.00750317 
112  40.04249158 -079.00772618  40.04254708 -079.00761303   3 102 
111  40.04244463 -079.00752310   3 102 
112  40.04230803 -079.00740320  40.04220558 -079.00731327   3 102 
111  40.04214821 -079.00742478   3 102 
111  40.03870622 -079.01411480   3 102 
111  40.03904959 -079.01441618 
111  40.03899222 -079.01452769   3 102 
111  40.03864885 -079.01422631   3 102 
112  40.03520686 -079.02091632  40.03514949 -079.02102783   3 102 
111  40.03525194 -079.02111775   3 102 
112  40.03538854 -079.02123764  40.03549099 -079.02132756   3 102 
113  40.03555023 -079.02121769 
120 Default hold RWY 07 (near)
111  40.03526287 -079.02128921   4 
115  40.03532024 -079.02117769 
120 Default hold RWY 07 (centre)
111  40.03881960 -079.01437618   4 
115  40.03887697 -079.01426467 
120 Default hold RWY 07 (far)
111  40.04237633 -079.00746315   4 
115  40.04243371 -079.00735165 
19   40.03565925 -079.02196082 1 WS
19   40.04099258 -079.01665529 1 WS
19   40.03338844 -079.01121475 1 WS
19   40.04254870 -079.00712817 1 WS
50 13380 AWOS 3
51 12280 CTAF/UNICOM
1     1160 0 1 PN98 Sugar-Bob
100   30.48   3   0 0.25 0 0 0 07   40.27701046 -079.77044151    0.00    0.00 1  0 0 0 25   40.27868454 -079.76631461    0.00    0.00 1  0 0 0
19   40.27724496 -079.77101216 1 WS
19   40.27845002 -079.76574397 1 WS
1     1320 0 1 PS98 Travis
100   30.48   3   0 0.25 0 0 0 09   40.88311202 -079.19606541    0.00    0.00 1  0 0 0 27   40.88368464 -079.19067627    0.00    0.00 1  0 0 0
19   40.88348128 -079.19650044 1 WS
19   40.88331537 -079.19024127 1 WS
1     1360 0 1 87PA Waltman
100   30.48   3   0 0.25 0 0 0 17   40.92984385 -079.74011927    0.00    0.00 1  0 0 0 35   40.92306115 -079.73720241    0.00    0.00 1  0 0 0
19   40.93023187 -079.73971353 1 WS
19   40.92267314 -079.73760812 1 WS
1     1060 0 0 9G1  West Penn
100   29.87   2   1 0.00 0 2 0 17   40.60823720 -079.82784646    0.00    0.00 2  0 0 0 35   40.59885533 -079.82439138    0.00    0.00 2  0 0 0
21   40.60751623 -079.82703186  2 166.58   3.00 17  PAPI-4L
21   40.59946654 -079.82524943  2 343.97   3.00 35  PAPI-4L
110   1 0.00   0.00 Taxiway at begin of 35
111  40.59889522 -079.82422003   3 
112  40.59898082 -079.82398383  40.59903407 -079.82391199   3 
111  40.59915609 -079.82391404   3 
111  40.59932083 -079.82397209   3 
112  40.59944114 -079.82407583  40.59948347 -079.82414732   3 
111  40.59952627 -079.82425451   3 
111  40.59960604 -079.82447859   3 
111  40.59943880 -079.82441960   3 
112  40.59933503 -079.82421319  40.59930933 -079.82417907   3 
111  40.59922036 -079.82413310   3 
112  40.59909311 -079.82414782  40.59906194 -079.82416835   3 
113  40.59905419 -079.82428445   3 
110   1 0.00   0.00 New Taxiway 5
111  40.60811489 -079.82761207   3 
111  40.60828167 -079.82690115   3 
111  40.60772917 -079.82664289   3 
111  40.60797314 -079.82573387   3 
111  40.60863615 -079.82605380   3 
113  40.60827258 -079.82767250   3 
110   1 0.00   0.00 New Taxiway 4
111  40.60378609 -079.82601656   3 
111  40.60415109 -079.82423760   3 
111  40.60429337 -079.82428135   3 
111  40.60416208 -079.82490385   3 
111  40.60490490 -079.82525177   3 
111  40.60486448 -079.82545176   3 
111  40.60412475 -079.82512968   3 
113  40.60393486 -079.82606770   3 
120 Hold lines for RWY 35
111  40.59897190 -079.82400269   4 
111  40.59908749 -079.82414979   4 
111  40.59910177 -079.82414466   4 
113  40.59897969 -079.82398901   4 
14   40.60453626 -079.82471364   82 0 New Tower Viewpoint 1
18   40.60364232 -079.82684088 1 BCN
19   40.60694444 -079.82666600 1 WS
19   40.59996931 -079.82422162 1 WS
19   40.60784610 -079.81939521 1 WS
16     745 0 1 PN65 [S] Deer Lakes
101   45.72 0 02   40.62683367 -079.69722031 20   40.64829799 -079.69120803
16     745 0 1 PS88 [S] Kikkatuck Ii
101  304.80 0 16   40.65733127 -079.69652859 34   40.64279983 -079.68634475
16     755 0 1 PN24 [S] Snider
101   91.44 0 04   40.67420992 -079.67400805 22   40.69258674 -079.65886529
101   91.44 0 12   40.68802225 -079.68152867 30   40.67877441 -079.65134467
17    1604 0 1 PN78 [H] 600 Grant Street Rooftop
102 H1   40.44201333 -079.99533084   0.00   15.24   15.24   2 2   0 0.25 0
19   40.44221905 -079.99506053 1 WS
17     799 0 1 42PN [H] Allegheny General Hospital Emergency
102 H1   40.45756888 -079.99144195   0.00   12.19   12.19   2 2   0 0.25 0
19   40.45773346 -079.99122565 1 WS
17     965 0 1 7PS6 [H] Allegheny Valley Hospital
102 H1   40.61895500 -079.73782612   0.00    6.10    6.10   2 2   0 0.25 0
19   40.61903729 -079.73771771 1 WS
17    1157 0 1 81PN [H] Armstrong County Memorial Hospital
102 H1   40.81117527 -079.54810084   0.00   21.34   21.34   1 2   0 0.25 0
19   40.81146328 -079.54772031 1 WS
17    1200 0 1 PS26 [H] Banning
102 H1   40.63478833 -079.74421528   0.00   18.29   18.29   3 1   0 0.25 0
19   40.63503520 -079.74388997 1 WS
17    1199 0 1 PS24 [H] Brownsville General Hospital
102 H1   40.00368555 -079.87560167   0.00   15.24    9.14   1 2   0 0.25 0
19   40.00383641 -079.87544053 1 WS
17    1175 0 1 PA93 [H] Cherokee
102 H1   40.68500000 -079.45666667   0.00   18.29   18.29   1 2   0 0.25 0
19   40.68524687 -079.45634112 1 WS
17    1124 0 1 PS78 [H] Childrens Hospital
102 H1   40.44229111 -079.96005195   0.00   29.26   14.63   2 2   0 0.25 0
19   40.44255443 -079.95979245 1 WS
17    1000 0 1 3PA5 [H] Davis Family Furniture
102 H1   40.31034694 -079.65504250   0.00   18.29   18.29   3 1   0 0.25 0
19   40.31059381 -079.65471876 1 WS
17    1210 0 1 50PN [H] Delmont Personal Use
102 H1   40.39117888 -079.57115306   0.00   18.29   18.29   2 2   0 0.25 0
19   40.39142575 -079.57082893 1 WS
17    1304 0 1 8PA5 [H] Echo 8 Communications Facility
102 H1   40.81450833 -079.50615556   0.00   10.36   10.36   2 2   0 0.25 0
19   40.81464822 -079.50597072 1 WS
17     950 0 1 4PS9 [H] Ferrante
102 H1   40.59867666 -079.58115584   0.00   15.24   15.24   3 1   0 0.25 0
19   40.59888238 -079.58088490 1 WS
17    1199 0 1 54PN [H] Forbes Regional Health Center
102 H1   40.42729055 -079.74754584   0.00   30.48   30.48   1 2   0 0.25 0
19   40.42770200 -079.74700533 1 WS
17    1240 0 1 PA29 [H] Frick Hospital & Community Health Cent
102 H1   40.14534944 -079.55059417   0.00   19.81   19.81   1 2   0 0.25 0
19   40.14561551 -079.55024610 1 WS
17     986 0 1 51PN [H] Helistop Ridc Industrial Park
102 H1   40.49923500 -079.86532751   0.00   18.29   18.29   1 2   0 0.25 0
19   40.49948187 -079.86500286 1 WS
17    1190 0 1 PN63 [H] Howard Johnsons Motor Lodge
102 H1   40.43673500 -079.76032389   0.00   18.29   18.29   1 2   0 0.25 0
19   40.43698187 -079.75999954 1 WS
17    1285 0 1 PN32 [H] Indiana Hospital
102 H1   40.60839972 -079.13558973   0.00   30.48   30.48   1 2   0 0.25 0
19   40.60881117 -079.13504776 1 WS
17    1200 0 1 25PA [H] Jeannette Hospital
102 H1   40.31728333 -079.60115834   0.00   19.81   19.81   2 2   0 0.25 0
19   40.31754940 -079.60080938 1 WS
17    1156 0 1 60PN [H] Jefferson Hospital
102 H1   40.33340277 -079.92477223   0.00   21.34   21.34   1 2   0 0.25 0
19   40.33369078 -079.92439440 1 WS
17    1040 0 1 PA24 [H] Latrobe Hospital
102 H1   40.31951388 -079.39531473   0.00   22.86   22.86   1 2   0 0.25 0
19   40.31982109 -079.39491180 1 WS
17    1070 0 1 02PA [H] Louis A Grant Inc
102 H1   40.46312777 -079.76893334   0.00   18.29   15.24   3 1   0 0.25 0
19   40.46334721 -079.76866294 1 WS
17     886 0 1 PN23 [H] Mercy Hospital
102 H1   40.43534694 -079.98505250   0.00   19.81   19.81   2 2   0 0.25 0
19   40.43561301 -079.98470293 1 WS
17    1348 0 1 83PA [H] MMC
102 H1   40.31118027 -079.61031945   0.00   18.29   18.29   2 2   0 0.25 0
19   40.31142714 -079.60999571 1 WS
17    1114 0 1 5PA5 [H] Monongahela Valley Hospital
102 H1   40.18229333 -079.91004834   0.00   19.81   18.90   1 2   0 0.25 0
19   40.18255117 -079.90971444 1 WS
17    1400 0 1 PN42 [H] Practice Football Field
102 H1   40.62506611 -079.14975695   0.00   91.44   91.44   3 1   0 0.25 0
19   40.62630045 -079.14813062 1 WS
17    1515 0 1 1PS8 [H] Punxsutawney Area Hospital
102 H1   40.96117527 -079.00197834   0.00   18.29   18.29   2 2   0 0.25 0
19   40.96142214 -079.00165143 1 WS
17    1360 0 1 53PN [H] S W Jack
102 H1   40.63006611 -079.11364501   0.00   21.34   21.34   1 2   0 0.25 0
19   40.63035412 -079.11326551 1 WS
17    1037 0 1 PA16 [H] Shadyside Health Education & Research 
102 H1   40.45506888 -079.94032917   0.00   14.63   14.63   1 2   0 0.25 0
19   40.45526637 -079.94006962 1 WS
17    1430 0 1 95PA [H] Snyder Ranch
102 H1   40.89478611 -079.59004639   0.00  182.88   60.96   3 1   0 0.25 0
102 H2   40.89478611 -079.59004639   0.00  365.76  121.92   3 1   0 0.25 0
19   40.89752909 -079.58786908 1 WS
19   40.89615760 -079.58895776 1 WS
17     947 0 1 5PS3 [H] St Francis Medical Center
102 H1   40.46645777 -079.95282973   0.00   19.81   19.81   2 2   0 0.25 0
19   40.46672384 -079.95248000 1 WS
17     761 0 1 46PA [H] St Margaret Memorial Hospital
102 H1   40.48951277 -079.89449501   0.00   19.81   19.81   2 2   0 0.25 0
19   40.48977884 -079.89414516 1 WS
17    1090 0 1 24PN [H] W.P.H.S.
102 H1   40.10840555 -079.54809389   0.00   22.56   22.56   2 2   0 0.25 0
19   40.10871002 -079.54769580 1 WS
17    1117 0 1 PN80 [H] West Penn Hospital
102 H1   40.46201305 -079.94477389   0.00   18.29   18.29   2 2   0 0.25 0
19   40.46225992 -079.94444942 1 WS
17    1100 0 1 PA28 [H] Westmoreland Hospital
102 H1   40.30118027 -079.55531806   0.00   11.89   11.89   1 2   0 0.25 0
19   40.30133937 -079.55510946 1 WS