1     1605 0 1 PS53 7H Skeet Club Inc Field
100   38.10   3   0 0.25 0 0 0 06   40.63744456 -078.58386777    0.00    0.00 1  0 0 0 24   40.64046544 -078.57895169    0.00    0.00 1  0 0 0
19   40.63762740 -078.58464430 1 WS
19   40.64028257 -078.57817514 1 WS
1     1784 0 1 1N3  Albert
100   38.10   5   0 0.25 0 0 0 11   40.97593333 -078.25570977    0.00    0.00 1  0 0 0 29   40.97417999 -078.24376247    0.00    0.00 1  0 0 0
19   40.97650225 -078.25602599 1 WS
19   40.97361103 -078.24344637 1 WS
1     2070 0 1 PS52 Alberter Farms
100   30.48   3   0 0.25 0 0 0 08   40.19397502 -078.83723953    0.00    0.00 1  0 0 0 26   40.19617886 -078.82835993    0.00    0.00 1  0 0 0
19   40.19428154 -078.83774751 1 WS
19   40.19587229 -078.82785197 1 WS
1     1504 0 1 KAOO ALTOONA BLAIR CO
100   30.48   1   0 0.25 0 3 0 03   40.28872800 -078.32313600    0.00    0.00 2  0 0 1 21   40.30314700 -078.31774200    0.00    0.00 3  8 0 0
100   22.86   1   0 0.25 0 2 0 12   40.29860300 -078.32564400    0.00    0.00 2  0 0 1 30   40.29544200 -078.31316400    0.00    0.00 2  0 0 1
21   40.29055073 -078.32291117  2  15.92   3.00 03  PAPI-4L
21   40.29832139 -078.32328003  2 108.37   3.00 12  PAPI-4L
21   40.30042037 -078.31830526  2 195.93   3.00 21  PAPI-4L
21   40.29572386 -078.31552781  2 288.38   3.00 30  PAPI-4L
110   1 0.30  15.92 Default taxiway for RWY 03
111  40.28869099 -078.32296594   3 102 
111  40.28850224 -078.32209860   3 102 
111  40.30292137 -078.31670553   3 102 
111  40.30311012 -078.31757305 
112  40.30284634 -078.31767170  40.30297761 -078.31761954   3 102 
111  40.30293246 -078.31741202   3 102 
112  40.30287226 -078.31713532  40.30282711 -078.31692780   3 102 
111  40.30269522 -078.31697712   3 102 
111  40.29581538 -078.31955032   3 102 
111  40.29596650 -078.32024483 
111  40.29583461 -078.32029416   3 102 
111  40.29568349 -078.31959965   3 102 
112  40.28880364 -078.32217285  40.28867176 -078.32222217   3 102 
111  40.28871691 -078.32242965   3 102 
112  40.28877711 -078.32270629  40.28882226 -078.32291377   3 102 
113  40.28895476 -078.32286729 
110   1 0.30 108.37 Default taxiway for RWY 12
111  40.29850751 -078.32568557   3 102 
111  40.29801727 -078.32589898   3 102 
111  40.29485694 -078.31341839   3 102 
111  40.29534718 -078.31320499 
112  40.29541200 -078.31346098  40.29537746 -078.31333390   3 102 
111  40.29526031 -078.31338490   3 102 
112  40.29510412 -078.31345289  40.29498697 -078.31350388   3 102 
111  40.29501938 -078.31363188   3 102 
111  40.29651852 -078.31955219   3 102 
111  40.29691114 -078.31938128 
111  40.29694355 -078.31950928   3 102 
111  40.29655093 -078.31968019   3 102 
112  40.29805007 -078.32560048  40.29808248 -078.32572848   3 102 
111  40.29819963 -078.32567749   3 102 
112  40.29835582 -078.32560949  40.29847297 -078.32555850   3 102 
113  40.29844269 -078.32542957 
120 Default hold RWY 03 (near)
111  40.28861512 -078.32261730   4 
115  40.28874701 -078.32256797 
120 Default hold RWY 12 (near)
111  40.29831013 -078.32577149   4 
115  40.29827772 -078.32564349 
120 Default hold RWY 03 (centre)
111  40.29575874 -078.31994549   4 
115  40.29589063 -078.31989616 
120 Default hold RWY 12 (centre)
111  40.29674617 -078.31959520   4 
115  40.29671376 -078.31946720 
120 Default hold RWY 03 (far)
111  40.30290236 -078.31727367   4 
115  40.30303425 -078.31722434 
120 Default hold RWY 12 (far)
111  40.29518221 -078.31341889   4 
115  40.29514980 -078.31329090 
18   40.29770509 -078.31910763 1 BCN
19   40.28857711 -078.32375335 1 WS
19   40.29895938 -078.32577308 1 WS
19   40.30329787 -078.31712450 1 WS
19   40.29508560 -078.31303500 1 WS
50 12712 ASOS
51 12360 CTAF
51 12300 UNICOM
1     1100 0 1 PS77 Altoona Intown
100   14.63   1   0 0.25 0 0 0 04   40.56502586 -078.36022907    0.00    0.00 2  0 0 0 22   40.57399802 -078.35313205    0.00    0.00 2  0 0 0
110   1 0.30  31.00 Default taxiway for RWY 04
111  40.56499312 -078.36015733   3 
111  40.56482244 -078.35978338   3 
111  40.57379482 -078.35268725   3 
111  40.57396550 -078.35306125 
112  40.57385264 -078.35315051  40.57390791 -078.35310334   3 
111  40.57386722 -078.35301419   3 
112  40.57381298 -078.35289532  40.57377229 -078.35280617   3 
111  40.57371586 -078.35285080   3 
111  40.56937074 -078.35628728   3 
111  40.56950752 -078.35658697 
111  40.56945109 -078.35663160   3 
111  40.56931431 -078.35633191   3 
112  40.56496920 -078.35976840  40.56491277 -078.35981303   3 
111  40.56495346 -078.35990217   3 
112  40.56500770 -078.36002102  40.56504839 -078.36011016   3 
113  40.56510598 -078.36006807 
120 Default hold RWY 04 (near)
111  40.56492415 -078.36000622   4 
115  40.56498058 -078.35996159 
120 Default hold RWY 04 (centre)
111  40.56938212 -078.35648049   4 
115  40.56943855 -078.35643586 
120 Default hold RWY 04 (far)
111  40.57384010 -078.35295475   4 
115  40.57389653 -078.35291012 
19   40.56501471 -078.36054118 1 WS
19   40.57400915 -078.35281990 1 WS
1     1371 0 1 2PN5 Baker-Sell
100   30.48   3   0 0.25 0 0 0 05   40.24619199 -078.36295934    0.00    0.00 1  0 0 0 23   40.25063023 -078.35873456    0.00    0.00 1  0 0 0
19   40.24621190 -078.36360668 1 WS
19   40.25061029 -078.35808718 1 WS
1     1640 0 1 PS69 Barnhart
100   38.10   3   0 0.25 0 0 0 09   40.72638503 -078.54465038    0.00    0.00 1  0 0 0 27   40.72762941 -078.53428296    0.00    0.00 1  0 0 0
19   40.72683799 -078.54520316 1 WS
19   40.72717640 -078.53373024 1 WS
1     1163 0 1 KHMZ BEDFORD CO
100   22.86   1   0 0.25 0 2 0 14   40.09031900 -078.52058900    0.00    0.00 2  0 0 1 32   40.08193600 -078.50641400    0.00    0.00 2  0 0 1
21   40.08945641 -078.51848703  2 127.70   3.00 14  PAPI-4L
21   40.08279885 -078.50851554  2 307.71   3.00 32  PAPI-4L
110   1 0.30 127.70 Default taxiway for RWY 14
111  40.09023939 -078.52066942   3 102 
111  40.08983067 -078.52108232   3 102 
111  40.08144853 -078.50690551   3 102 
111  40.08185725 -078.50649266 
112  40.08198306 -078.50670543  40.08191838 -078.50660085   3 102 
111  40.08182072 -078.50669950   3 102 
112  40.08169050 -078.50683104  40.08159283 -078.50692969   3 102 
111  40.08165573 -078.50703607   3 102 
111  40.08568954 -078.51385851   3 102 
111  40.08601687 -078.51352785 
111  40.08607977 -078.51363424   3 102 
111  40.08575244 -078.51396490   3 102 
112  40.08978626 -078.52078733  40.08984916 -078.52089371   3 102 
111  40.08994683 -078.52079505   3 102 
112  40.09007705 -078.52066350  40.09017471 -078.52056483   3 102 
113  40.09011359 -078.52045665 
120 Default hold RWY 14 (near)
111  40.09007484 -078.52083566   4 
115  40.09001194 -078.52072927 
120 Default hold RWY 14 (centre)
111  40.08591522 -078.51380047   4 
115  40.08585232 -078.51369408 
120 Default hold RWY 14 (far)
111  40.08175561 -078.50676527   4 
115  40.08169270 -078.50665888 
18   40.08669757 -078.51292792 1 BCN
19   40.09068788 -078.52055620 1 WS
19   40.08156712 -078.50644687 1 WS
51 12270 UNICOM
1     1270 0 1 7G4  Blue Knob Valley
100   28.04   5   0 0.25 0 0 0 11   40.39679980 -078.45993844    0.00    0.00 1  0 0 0 29   40.39501296 -078.44786824    0.00    0.00 1  0 0 0
19   40.39721951 -078.46016890 1 WS
19   40.39459322 -078.44763785 1 WS
1     1156 0 1 6G6  Cove Valley
100   30.48   3   0 0.25 0 0 0 04   40.45128405 -078.24061924    0.00    0.00 1  0 0 0 22   40.45774983 -078.23551354    0.00    0.00 1  0 0 0
19   40.45126083 -078.24126835 1 WS
19   40.45777303 -078.23486435 1 WS
1     1600 0 1 PS39 Downes
100   38.10   3   0 0.25 0 0 0 14   40.62836861 -078.96083324    0.00    0.00 1  0 0 0 32   40.62620915 -078.95756010    0.00    0.00 1  0 0 0
19   40.62898068 -078.96073081 1 WS
19   40.62559709 -078.95766255 1 WS
1     2099 0 1 9G8  EBENSBURG
100   15.24   1   0 0.25 0 2 0 07   40.45944700 -078.78055600    0.00    0.00 2  0 0 0 25   40.46277500 -078.76999700    0.00    0.00 2  0 0 0
100   45.72   3   0 0.25 0 0 0 11   40.46138900 -078.78111400    0.00    0.00 1  0 0 0 29   40.46083600 -078.77527500    0.00    0.00 1  0 0 0
110   1 0.30  67.50 Default taxiway for RWY 07
111  40.45938573 -078.78052263   3 102 
111  40.45906689 -078.78034901   3 102 
111  40.46239537 -078.76979052   3 102 
111  40.46271421 -078.76996415 
112  40.46266171 -078.77013068  40.46268588 -078.77004629   3 102 
111  40.46260986 -078.77000489   3 102 
112  40.46250849 -078.76994969  40.46243247 -078.76990829   3 102 
111  40.46240622 -078.76999155   3 102 
111  40.46080760 -078.77506264   3 102 
111  40.46106309 -078.77520176 
111  40.46103685 -078.77528502   3 102 
111  40.46078136 -078.77514590   3 102 
112  40.45918274 -078.78021698  40.45915649 -078.78030025   3 102 
111  40.45923251 -078.78034165   3 102 
112  40.45933388 -078.78039684  40.45940990 -078.78043824   3 102 
113  40.45943823 -078.78035610 
120 Default hold RWY 07 (near)
111  40.45925694 -078.78045251   4 
115  40.45928319 -078.78036925 
120 Default hold RWY 07 (centre)
111  40.46090806 -078.77521489   4 
115  40.46093430 -078.77513163 
120 Default hold RWY 07 (far)
111  40.46255917 -078.76997729   4 
115  40.46258542 -078.76989402 
19   40.45958456 -078.78082602 1 WS
19   40.46205226 -078.78155047 1 WS
19   40.46017272 -078.77483859 1 WS
19   40.46263741 -078.76972699 1 WS
51 12280 CTAF/UNICOM
55 12120 CLEVELAND CNTR
1      960 0 1 PN35 Flying R
100   15.24   3   0 0.25 0 0 0 05   39.99842971 -078.08494017    0.00    0.00 1  0 0 0 23   40.00174195 -078.08118151    0.00    0.00 1  0 0 0
19   39.99846116 -078.08526030 1 WS
19   40.00171049 -078.08086137 1 WS
1     2245 0 1 PS47 Hamilton Hill
100   18.29   3   0 0.25 0 0 0 10   40.42793671 -078.74465052    0.00    0.00 1  0 0 0 28   40.42776439 -078.73816838    0.00    0.00 1  0 0 0
19   40.42818917 -078.74485528 1 WS
19   40.42751192 -078.73796364 1 WS
1     2442 0 1 5G2  Indian Lake
100   15.24   1   0 0.25 0 0 0 14   40.05836605 -078.85294533    0.00    0.00 2  0 0 0 32   40.05012505 -078.84098801    0.00    0.00 2  0 0 0
110   1 0.30 132.00 Default taxiway for RWY 14
111  40.05831676 -078.85300331   3 
111  40.05806027 -078.85330500   3 
111  40.04981988 -078.84134619   3 
111  40.05007637 -078.84104453 
112  40.05016814 -078.84117771  40.05012059 -078.84111309   3 
111  40.05005943 -078.84118501   3 
112  40.04997789 -078.84128092  40.04991673 -078.84135284   3 
111  40.04996261 -078.84141943   3 
111  40.05396810 -078.84723236   3 
111  40.05417363 -078.84699063 
111  40.05421951 -078.84705722   3 
111  40.05401398 -078.84729895   3 
112  40.05801947 -078.85311189  40.05806535 -078.85317847   3 
111  40.05812651 -078.85310653   3 
112  40.05820805 -078.85301062  40.05826921 -078.85293869   3 
113  40.05822500 -078.85287014 
120 Default hold RWY 14 (near)
111  40.05821316 -078.85312517   4 
115  40.05816728 -078.85305858 
120 Default hold RWY 14 (centre)
111  40.05411591 -078.84717907   4 
115  40.05407003 -078.84711248 
120 Default hold RWY 14 (far)
111  40.05001866 -078.84123297   4 
115  40.04997277 -078.84116638 
19   40.05861070 -078.85289866 1 WS
19   40.04988040 -078.84103471 1 WS
1     2284 1 1 KJST JOHN MURTHA JOHNSTOWN CAMBRIA CO
100   45.72   1   0 0.25 0 3 0 15   40.32365800 -078.84220600    0.00    0.00 2  0 0 0 33   40.30808100 -078.82749700    0.00    0.00 3  8 0 0
100   30.48   1   0 0.25 0 2 0 05   40.31039700 -078.83934400    0.00    0.00 2  0 0 0 23   40.31970800 -078.82936900    0.00    0.00 2  0 0 1
100   30.48   1   0 0.25 0 0 0 10   40.31745300 -078.83850000    0.00    0.00 2  0 0 0 28   40.31798300 -078.82527500    0.00    0.00 2  0 0 0
21   40.31200297 -078.83819129  2  39.24   3.00 05  PAPI-4L
21   40.32241759 -078.84042548  5 144.24   3.00 15  VASI-3L
21   40.31811921 -078.83054954  5 219.25   3.00 23  VASI-3L
21   40.30996635 -078.82992909  2 324.25   3.00 33  PAPI-4L
110   1 0.30  39.24 Default taxiway for RWY 05
111  40.31031166 -078.83920699   3 102 
111  40.30987645 -078.83850822   3 102 
111  40.31918788 -078.82853449   3 102 
111  40.31962309 -078.82923335 
112  40.31941065 -078.82946089  40.31951545 -078.82934483   3 102 
111  40.31941134 -078.82917766   3 102 
112  40.31927253 -078.82895475  40.31916842 -078.82878757   3 102 
111  40.31906220 -078.82890135   3 102 
111  40.31467203 -078.83360377   3 102 
111  40.31502048 -078.83416328 
111  40.31491426 -078.83427705   3 102 
111  40.31456581 -078.83371754   3 102 
112  40.31017565 -078.83841997  40.31006943 -078.83853375   3 102 
111  40.31017354 -078.83870090   3 102 
112  40.31031235 -078.83892378  40.31041646 -078.83909093   3 102 
113  40.31052410 -078.83897944 
110   1 0.30 144.24 Default taxiway for RWY 15
112  40.32344302 -078.84167406  40.32361128 -078.84182935   3 102 
111  40.32375554 -078.84156659   3 102 
112  40.32394789 -078.84121624  40.32409216 -078.84095348   3 102 
111  40.32392522 -078.84079579   3 102 
111  40.31655454 -078.83383393   3 102 
111  40.31607234 -078.83471210 
111  40.31590540 -078.83455441   3 102 
111  40.31638760 -078.83367625   3 102 
112  40.30901692 -078.82671439  40.30884997 -078.82655670   3 102 
111  40.30870570 -078.82681940   3 102 
112  40.30851335 -078.82716967  40.30836909 -078.82743237   3 102 
111  40.30853472 -078.82759246 
111  40.30820083 -078.82727709   3 102 
111  40.30880325 -078.82618010   3 102 
111  40.32437932 -078.84089219   3 102 
113  40.32377690 -078.84198943 
120 Default hold RWY 05 (near)
111  40.31013672 -078.83892611   4 
115  40.31024294 -078.83881234 
120 Default hold RWY 15 (near)
111  40.32385172 -078.84139142   4 
115  40.32401866 -078.84154910 
120 Default hold RWY 05 (centre)
111  40.31473932 -078.83399615   4 
115  40.31484554 -078.83388238 
120 Default hold RWY 15 (centre)
111  40.31614716 -078.83411413   4 
115  40.31631410 -078.83427182 
120 Default hold RWY 05 (far)
111  40.31934193 -078.82906620   4 
115  40.31944815 -078.82895243 
120 Default hold RWY 15 (far)
111  40.30844259 -078.82683686   4 
115  40.30860953 -078.82699454 
18   40.31503031 -078.83638417 1 BCN
19   40.31044484 -078.83998944 1 WS
19   40.31784946 -078.83888761 1 WS
19   40.32435254 -078.84186446 1 WS
19   40.31758650 -078.82488746 1 WS
19   40.31966011 -078.82872348 1 WS
19   40.30738651 -078.82783861 1 WS
50 11832 ASOS
50 11832 ATIS
51 12575 CTAF
51 12295 UNICOM
53 12160 GND
54 12575 TWR
1     2040 0 1 85PA Krumenacker
100   22.86   3   0 0.25 0 0 0 07   40.59411141 -078.78063315    0.00    0.00 1  0 0 0 25   40.59602635 -078.77608353    0.00    0.00 1  0 0 0
19   40.59428036 -078.78106625 1 WS
19   40.59585738 -078.77565042 1 WS
1     1948 0 1 KPSB MID STATE
100   30.48   1   0 0.25 0 2 0 16   40.89338900 -078.09149200    0.00    0.00 3  8 0 0 34   40.87906400 -078.08311100    0.00    0.00 2  0 0 0
100   30.48   1   0 0.25 0 2 0 06   40.87784400 -078.09429400    0.00    0.00 2  0 0 0 24   40.88673100 -078.08048900    0.00    0.00 2  0 0 0
21   40.88532964 -078.08203759  1 229.59   3.00 24  VASI
110   1 0.30  49.58 Default taxiway for RWY 06
111  40.87774130 -078.09417833   3 102 
111  40.87721750 -078.09358838   3 102 
111  40.88610532 -078.07978513   3 102 
111  40.88662912 -078.08037516 
112  40.88645128 -078.08065136  40.88653848 -078.08051133   3 102 
111  40.88641318 -078.08037019   3 102 
112  40.88624612 -078.08018200  40.88612082 -078.08004085   3 102 
111  40.88603190 -078.08017895   3 102 
111  40.88181029 -078.08673532   3 102 
111  40.88222967 -078.08720770 
111  40.88214075 -078.08734580   3 102 
111  40.88172137 -078.08687342   3 102 
112  40.87749976 -078.09342978  40.87741084 -078.09356788   3 102 
111  40.87753614 -078.09370900   3 102 
112  40.87770320 -078.09389717  40.87782850 -078.09403830   3 102 
113  40.87791914 -078.09390212 
110   1 0.30 156.14 Default taxiway for RWY 16
111  40.89333443 -078.09165520   3 102 
111  40.89305610 -078.09248753   3 102 
111  40.87873140 -078.08410450   3 102 
111  40.87900973 -078.08327235 
112  40.87926058 -078.08341914  40.87913425 -078.08334847   3 102 
111  40.87906766 -078.08354753   3 102 
112  40.87897889 -078.08381295  40.87891231 -078.08401201   3 102 
111  40.87903773 -078.08408541   3 102 
111  40.88588652 -078.08809341   3 102 
111  40.88610937 -078.08742707 
111  40.88623479 -078.08750047   3 102 
111  40.88601194 -078.08816681   3 102 
112  40.89286073 -078.09217480  40.89298616 -078.09224821   3 102 
111  40.89305274 -078.09204910   3 102 
112  40.89314151 -078.09178363  40.89320810 -078.09158452   3 102 
113  40.89308358 -078.09150840 
120 Default hold RWY 16 (near)
111  40.89322255 -078.09198976   4 
115  40.89309713 -078.09191636 
120 Default hold RWY 06 (near)
111  40.87753075 -078.09394119   4 
115  40.87761967 -078.09380309 
120 Default hold RWY 16 (centre)
111  40.88612291 -078.08783500   4 
115  40.88599749 -078.08776160 
120 Default hold RWY 06 (centre)
111  40.88193020 -078.08710864   4 
115  40.88201912 -078.08697054 
120 Default hold RWY 16 (far)
111  40.87902328 -078.08368024   4 
115  40.87889785 -078.08360685 
120 Default hold RWY 06 (far)
111  40.88632965 -078.08027609   4 
115  40.88641857 -078.08013799 
18   40.88661564 -078.08613962 1 BCN
19   40.87797941 -078.09492301 1 WS
19   40.89380630 -078.09114103 1 WS
19   40.87864672 -078.08346195 1 WS
19   40.88659552 -078.07985994 1 WS
50 12752 AWOS 3
51 12290 CTAF
1     1540 0 1 PN56 Miller
100   18.29   3   0 0.25 0 0 0 01   40.88191291 -078.73927554    0.00    0.00 1  0 0 0 19   40.88876931 -078.73911724    0.00    0.00 1  0 0 0
100   18.29   5   0 0.25 0 0 0 10   40.88538898 -078.74282402    0.00    0.00 1  0 0 0 28   40.88529324 -078.73556876    0.00    0.00 1  0 0 0
19   40.88175267 -078.73960581 1 WS
19   40.88563868 -078.74303599 1 WS
19   40.88504353 -078.73535681 1 WS
19   40.88892955 -078.73878694 1 WS
1     1439 0 1 N35  PUNXSUTAWNEY MUNI
100   15.24   1   0 0.25 0 3 0 06   40.96448100 -078.93747800    0.00    0.00 2  0 0 1 24   40.96898900 -078.92837500    0.00    0.00 2  0 0 1
100   30.48   5   0 0.25 0 3 0 01   40.96361100 -078.92610800    0.00    0.00 1  0 0 1 19   40.96916700 -078.92639200    0.00    0.00 1  0 0 1
21   40.96569104 -078.93567855  2  56.74   3.00 06  PAPI-4L
21   40.96777911 -078.93017474  2 236.74   3.00 24  PAPI-4L
110   1 0.30  56.74 Default taxiway for RWY 06
111  40.96442554 -078.93742983   3 102 
111  40.96413696 -078.93717915   3 102 
111  40.96864532 -078.92807675   3 102 
111  40.96893390 -078.92832744 
112  40.96885868 -078.92847931  40.96889441 -078.92840175   3 102 
111  40.96882560 -078.92834198   3 102 
112  40.96873386 -078.92826228  40.96866505 -078.92820250   3 102 
111  40.96862744 -078.92827844   3 102 
111  40.96646728 -078.93263979   3 102 
111  40.96669852 -078.93284066 
111  40.96666091 -078.93291660   3 102 
111  40.96642967 -078.93271573   3 102 
112  40.96426952 -078.93707709  40.96423191 -078.93715302   3 102 
111  40.96430072 -078.93721279   3 102 
112  40.96439246 -078.93729248  40.96446127 -078.93735225   3 102 
113  40.96450076 -078.93727796 
120 Default hold RWY 06 (near)
111  40.96430898 -078.93732858   4 
115  40.96434659 -078.93725264 
120 Default hold RWY 06 (centre)
111  40.96654435 -078.93281535   4 
115  40.96658196 -078.93273941 
120 Default hold RWY 06 (far)
111  40.96877973 -078.92830213   4 
115  40.96881734 -078.92822619 
18   40.96713600 -078.93327660 1 BCN
19   40.96332104 -078.92663845 1 WS
19   40.96457780 -078.93777929 1 WS
19   40.96889218 -078.92807370 1 WS
19   40.96945696 -078.92586150 1 WS
51 12300 CTAF/UNICOM
1     1620 0 1 1PS4 Sankey
100   59.44   5   0 0.25 0 0 0 09   40.86029037 -078.26308507    0.00    0.00 1  0 0 0 27   40.86149185 -078.25305495    0.00    0.00 1  0 0 0
19   40.86099775 -078.26394931 1 WS
19   40.86078439 -078.25219080 1 WS
1     2080 0 1 PN04 Strittmatter
100   18.29   3   0 0.25 0 0 0 09   40.54662797 -078.69795215    0.00    0.00 1  0 0 0 27   40.54740035 -078.69153453    0.00    0.00 1  0 0 0
19   40.54684605 -078.69821690 1 WS
19   40.54718226 -078.69126980 1 WS
1     1962 0 1 PN53 Strohmier
100   15.24   3   0 0.25 0 0 0 15   40.55311011 -078.62511348    0.00    0.00 1  0 0 0 33   40.54980599 -078.62159208    0.00    0.00 1  0 0 0
100   15.24   3   0 0.25 0 0 0 05   40.55021596 -078.62477382    0.00    0.00 1  0 0 0 23   40.55270014 -078.62193174    0.00    0.00 1  0 0 0
19   40.55024741 -078.62509658 1 WS
19   40.55334616 -078.62501666 1 WS
19   40.55266868 -078.62160898 1 WS
19   40.54956994 -078.62168890 1 WS
1     1380 0 1 PS15 Vicars - Private
100   30.48   3   0 0.25 0 0 0 08   40.54703279 -078.39372873    0.00    0.00 1  0 0 0 26   40.54810443 -078.38963295    0.00    0.00 1  0 0 0
19   40.54733251 -078.39424634 1 WS
19   40.54780470 -078.38911535 1 WS
1     1622 0 1 PS23 Windy Hill
100   38.10   3   0 0.25 0 0 0 05   40.08342360 -078.54939945    0.00    0.00 1  0 0 0 23   40.08673584 -078.54563611    0.00    0.00 1  0 0 0
19   40.08350134 -078.55019942 1 WS
19   40.08665807 -078.54483610 1 WS
17    1302 0 1 PS91 [H] Conemaugh Valley Memorial Hospital
102 H1   40.30451888 -078.92058056   0.00   13.72   10.97   2 2   0 0.25 0
19   40.30467798 -078.92038633 1 WS
17     720 0 1 64PA [H] J C Blair Memorial Hospital
102 H1   40.49368444 -078.00944778   0.00   24.38   24.38   1 2   0 0.25 0
19   40.49401360 -078.00901495 1 WS
17    1170 0 1 7PS3 [H] Mercy Hospital
102 H1   40.50145916 -078.40779112   0.00   21.34   19.81   2 2   0 0.25 0
19   40.50173345 -078.40744121 1 WS
17    1336 0 1 3PA7 [H] Nason Hospital
102 H1   40.33896388 -078.39140250   0.00   24.38   24.38   2 2   0 0.25 0
19   40.33929304 -078.39097066 1 WS
17    1035 0 1 PS44 [H] Operations Center
102 H1   40.61145472 -078.32556973   0.00    9.14    9.14   3 1   0 0.25 0
19   40.61157815 -078.32540713 1 WS
17    1419 0 1 20PA [H] Reichdrill
102 H1   40.90366861 -078.22945778   0.00  109.73   36.58   2 2   0 0.25 0
19   40.90449151 -078.22880452 1 WS
17    1027 0 1 PS09 [H] Richard F. Seifert Medical Arts Center
102 H1   40.32507388 -078.92335862   0.00    8.53    7.32   2 2   0 0.25 0
19   40.32517811 -078.92322910 1 WS
17    1256 0 1 74PN [H] The Altoona Hospital
102 H1   40.52229166 -078.39695806   0.00   21.34   23.77   1 2   0 0.25 1
18   40.52229166 -078.39794317 3 BCN
19   40.52260161 -078.39653587 1 WS