1       40 0 1 UB18 BAKU KALA
100   39.62   2   0 0.25 0 0 0 18   40.41845300  050.20004200    0.00    0.00 2  0 0 0 36   40.39465300  050.20035300    0.00    0.00 2  0 0 0
110   2 0.30 179.43 Default taxiway for RWY 18
111  40.41845125  050.19981078  53 
111  40.41844235  050.19863695  53 
111  40.39464235  050.19894855  53 
111  40.39465125  050.20012197 
112  40.39500782  050.20011731  40.39482952  050.20011669  53 
111  40.39482739  050.19983577  53 
112  40.39482455  050.19946122  40.39482242  050.19918031  53 
111  40.39500070  050.19917798  53 
111  40.40645499  050.19902805  53 
111  40.40646211  050.19996754 
111  40.40664039  050.19996521  53 
111  40.40663327  050.19902572  53 
112  40.41808756  050.19887579  40.41826585  050.19887345  53 
111  40.41826798  050.19915446  53 
112  40.41827082  050.19952914  40.41827295  050.19981015  53 
113  40.41809468  050.19981544 
120 Default hold RWY 18 (near)
111  40.41844768  050.19933947  54 
115  40.41826940  050.19934180 
120 Default hold RWY 18 (centre)
111  40.40663682  050.19949399  54 
115  40.40645854  050.19949632 
120 Default hold RWY 18 (far)
111  40.39482597  050.19964850  54 
115  40.39464768  050.19965083 
19   40.41881489  050.20073987 1 WS
19   40.39429111  050.19965538 1 WS
1       10 1 0 UBBB HEYDAR ALIYEV
100   50.90   2   0 0.25 1 3 0 18   40.48666700  050.06333300    0.00  399.90 3  2 1 1 36   40.45666700  050.06333300  135.33  164.90 3  2 1 1
100   60.05   1   0 0.25 0 3 0 16   40.48000000  050.03500000    0.00  399.90 3  1 0 1 34   40.45666700  050.04666700    0.00  199.95 3  1 0 1
21   40.47879985  050.03625885  2 159.17   3.00 16  PAPI-4L
21   40.48437502  050.06389444  2 180.00   3.00 18  PAPI-4L
21   40.45708781  050.04579838  2 339.18   3.00 34  PAPI-4L
21   40.46092502  050.06277175  2   0.00   3.00 36  PAPI-4L
10   40.45690920  050.06223300 xxx  90.00   400 0.0 0.0   120 161161  1 0 0 0.25 0
10   40.45725630  050.04759980 xxx  70.00   510 0.0 0.0   190 101101  1 0 0 0.25 0
10   40.45859150  050.04891970 xxx  20.00  1000 0.0 0.0   170 101101  1 0 0 0.25 0
10   40.46157070  050.05072780 xxx 180.00   700 0.0 0.0   500 101101  1 0 0 0.25 0
10   40.45867160  050.04856490 xxx  28.00  1160 0.0 0.0   170 161161  1 0 0 0.25 0
10   40.46408080  050.04794310 xxx  23.00   930 0.0 0.0   400 161161  1 0 0 0.25 0
10   40.46186450  050.04913330 xxx 328.00  1500 0.0 0.0   700 161161  1 0 0 0.25 0
10   40.46888730  050.06085210 xxx 180.00  8200 0.0 0.0   130 161161  1 0 0 0.25 0
10   40.46302410  050.04666140 xxx 245.00   300 0.0 0.0   130 161161  1 0 0 0.25 0
10   40.46517180  050.04611590 xxx  90.00   300 0.0 0.0   200 101101  1 0 0 0.25 0
10   40.45694350  050.06139760 xxx 286.00   110 0.0 0.0   120 161161  1 0 0 0.25 0
10   40.45706180  050.06109620 xxx 310.00   120 0.0 0.0   120 161161  1 0 0 0.25 0
10   40.45727920  050.06093220 xxx 340.00   120 0.0 0.0   120 161161  1 0 0 0.25 0
10   40.48043060  050.06172180 xxx  86.00   150 0.0 0.0   130 161161  1 0 0 0.25 0
10   40.48012540  050.06093220 xxx 219.00   150 0.0 0.0   130 161161  1 0 0 0.25 0
10   40.48033140  050.06128310 xxx 245.00   151 0.0 0.0   130 161161  1 0 0 0.25 0
10   40.45700070  050.06291200 xxx 180.00   200 0.0 0.0   130 161161  1 0 0 0.25 0
10   40.45743180  050.06313320 xxx 220.00   300 0.0 0.0   100 161161  1 0 0 0.25 0
10   40.48042300  050.06253430 xxx  90.00   330 0.0 0.0   130 161161  1 0 0 0.25 0
10   40.45756150  050.06087110 xxx 356.00   120 0.0 0.0   130 161161  2 0 0 0.25 0
10   40.46710970  050.06013870 xxx  90.00   500 0.0 0.0   100 161161  2 0 0 0.25 0
10   40.46517940  050.04798130 xxx 355.00   300 0.0 0.0   300 161161  2 0 0 0.25 0
10   40.46402740  050.05394740 xxx  90.00  3100 0.0 0.0  1200 161161  2 0 0 0.25 0
10   40.46637730  050.05938340 xxx 360.00   600 0.0 0.0   100 161161  2 0 0 0.25 0
10   40.46555330  050.05285640 xxx  90.00  5790 0.0 0.0   130 161161  2 0 0 0.25 0
10   40.46149060  050.04659270 xxx 166.00  3000 0.0 0.0   140 161161  2 0 0 0.25 0
14   40.46054460  050.05084990   50 0 ATC Tower
15   40.46291730  050.05386730 180.00 Ramp
18   40.47166838  050.06543875 1 BCN
19   40.48079280  050.03574167 1 WS
19   40.48712508  050.06423464 1 WS
19   40.45587428  050.04592546 1 WS
19   40.45620892  050.06243177 1 WS
50 12680 BAKU ATIS
50 12640 BAKU ATIS
53 12170 BAKU GND
54 11920 BAKU TWR
55 12930 BAKU APP
55 12390 BAKU APP
55 11920 BAKU PRECISION
55 12080 BAKU RADAR
55 12800 BAKU RADAR