1      279 1 1 UTAK TURKMENBASHI
100   43.89   2   0 0.25 0 1 0 16   40.07444400  053.00388900    0.00    0.00 2  7 0 0 34   40.05250000  053.01055600    0.00    0.00 2  7 0 0
110   2 0.30 166.91 Default taxiway for RWY 16
111  40.07439977  053.00364048  53 102 
111  40.07417558  053.00238070  53 102 
111  40.05223177  053.00905033  53 102 
111  40.05245596  053.01030971 
112  40.05284068  053.01019278  40.05264781  053.01024839  53 102 
111  40.05259413  053.00994682  53 102 
112  40.05252255  053.00954474  40.05246887  053.00924317  53 102 
111  40.05266123  053.00918470  53 102 
111  40.06315224  053.00599609  53 102 
111  40.06333169  053.00700433 
111  40.06352405  053.00694586  53 102 
111  40.06334460  053.00593762  53 102 
112  40.07383560  053.00274901  40.07402796  053.00269054  53 102 
111  40.07408164  053.00299220  53 102 
112  40.07415322  053.00339442  40.07420690  053.00369608  53 102 
113  40.07401505  053.00375740 
120 Default hold RWY 16 (near)
111  40.07430979  053.00313485  54 
115  40.07411743  053.00319331 
120 Default hold RWY 16 (centre)
111  40.06343407  053.00644031  54 
115  40.06324171  053.00649878 
120 Default hold RWY 16 (far)
111  40.05255834  053.00974578  54 
115  40.05236598  053.00980424 
18   40.06378722  053.00898237 4 BCN
19   40.07496293  053.00452624 1 WS
19   40.05198111  053.00991893 1 WS
53 12170 GND
54 12400 TWR
55 12000 APP
1      -20 0 1 UT1F YANGADZHA
100   36.58   2   0 0.25 0 0 0 06   40.04503600  053.32096400    0.00  499.87 2  0 0 0 24   40.03123600  053.33628900    0.00    0.00 2  0 0 0
110   2 0.30 139.62 Default taxiway for RWY 06
111  40.04493084  053.32080246  53 
111  40.04439630  053.31998135  53 
111  40.03059731  053.33530965  53 
111  40.03113185  053.33613060 
112  40.03138260  053.33585206  40.03125577  053.33598909  53 
111  40.03112783  053.33579260  53 
112  40.03095725  053.33553061  40.03082931  053.33533412  53 
111  40.03095468  053.33519485  53 
111  40.03754074  053.32787890  53 
111  40.03796866  053.32853617 
111  40.03809403  053.32839690  53 
111  40.03766611  053.32773963  53 
112  40.04425217  053.32042367  40.04437754  053.32028440  53 
111  40.04450548  053.32048093  53 
112  40.04467606  053.32074297  40.04480400  053.32093950  53 
113  40.04468009  053.32108100 
120 Default hold RWY 06 (near)
111  40.04471615  053.32047268  54 
115  40.04459077  053.32061195 
120 Default hold RWY 06 (centre)
111  40.03787934  053.32806714  54 
115  40.03775397  053.32820642 
120 Default hold RWY 06 (far)
111  40.03104254  053.33566160  54 
115  40.03091716  053.33580087 
19   40.04560660  053.32117679 1 WS
19   40.03066543  053.33607613 1 WS