1     3934 1 1 KAHC AMEDEE AAF
100   45.72   1   0 0.25 0 1 0 08   40.26768900 -120.16531900    0.00    0.00 2  0 0 0 26   40.26461400 -120.13995000    0.00   62.48 2  0 0 0
21   40.26452458 -120.14235697  1 279.03   3.00 26  VASI
110   1 0.30  99.02 Default taxiway for RWY 08
111  40.26748804 -120.16536080   3 102 
111  40.26646992 -120.16557256   3 102 
111  40.26339769 -120.14020240   3 102 
111  40.26441581 -120.13999065 
112  40.26448030 -120.14052321  40.26444584 -120.14025739   3 102 
111  40.26420202 -120.14030810   3 102 
112  40.26387693 -120.14037571  40.26363312 -120.14042642   3 102 
111  40.26366536 -120.14069270   3 102 
111  40.26512086 -120.15271207   3 102 
111  40.26593580 -120.15254258 
111  40.26596805 -120.15280886   3 102 
111  40.26515311 -120.15297835   3 102 
112  40.26660861 -120.16499774  40.26664085 -120.16526402   3 102 
111  40.26688466 -120.16521331   3 102 
112  40.26720975 -120.16514569  40.26745357 -120.16509498   3 102 
113  40.26742355 -120.16482824 
120 Default hold RWY 08 (near)
111  40.26707946 -120.16544578   4 
115  40.26704721 -120.16517950 
120 Default hold RWY 08 (centre)
111  40.26555947 -120.15289384   4 
115  40.26552722 -120.15262756 
120 Default hold RWY 08 (far)
111  40.26403948 -120.14034190   4 
115  40.26400723 -120.14007562 
18   40.26757551 -120.15234114 1 BCN
19   40.26836303 -120.16572478 1 WS
19   40.26393988 -120.13954449 1 WS
51 12610 CTAF
1     4055 0 1 H37  HERLONG
100   12.19   1   0 0.25 0 0 0 06   40.13777800 -120.18445000    0.00    0.00 2  0 0 0 24   40.13972200 -120.17306100    0.00    0.00 2  0 0 0
110   1 0.30  77.41 Default taxiway for RWY 06
111  40.13772666 -120.18443500   3 
111  40.13745676 -120.18435615   3 
111  40.13940132 -120.17296748   3 
111  40.13967122 -120.17304633 
112  40.13964730 -120.17318639  40.13965706 -120.17311572   3 
111  40.13959281 -120.17309695   3 
112  40.13950715 -120.17307192  40.13944290 -120.17305315   3 
111  40.13943094 -120.17312318   3 
111  40.13848856 -120.17864244   3 
111  40.13870492 -120.17870565 
111  40.13869296 -120.17877568   3 
111  40.13847660 -120.17871247   3 
112  40.13753422 -120.18423172  40.13752226 -120.18430176   3 
111  40.13758651 -120.18432053   3 
112  40.13767217 -120.18434556  40.13773642 -120.18436433   3 
113  40.13775058 -120.18429493 
120 Default hold RWY 06 (near)
111  40.13761738 -120.18440308   4 
115  40.13762934 -120.18433305 
120 Default hold RWY 06 (centre)
111  40.13858368 -120.17874375   4 
115  40.13859564 -120.17867372 
120 Default hold RWY 06 (far)
111  40.13954998 -120.17308443   4 
115  40.13956194 -120.17301440 
19   40.13791470 -120.18463699 1 WS
19   40.13958527 -120.17287402 1 WS
51 12290 CTAF
1     5299 0 1 O39  Ravendale
100    9.14   1   0 0.25 0 0 0 17   40.80720601 -120.36574413    0.00    0.00 2  0 0 0 35   40.79925621 -120.36703365    0.00    0.00 2  0 0 0
110   1 0.30 187.00 Default taxiway for RWY 17
111  40.80721075 -120.36579513   3 
111  40.80723610 -120.36606785   3 
111  40.79928631 -120.36735748   3 
111  40.79926096 -120.36708480 
112  40.79934263 -120.36707155  40.79930207 -120.36708113   3 
111  40.79930809 -120.36714586   3 
112  40.79931612 -120.36723218  40.79932213 -120.36729691   3 
111  40.79936296 -120.36729028   3 
111  40.80323576 -120.36666203   3 
111  40.80321543 -120.36644328 
111  40.80325627 -120.36643665   3 
111  40.80327660 -120.36665540   3 
112  40.80714940 -120.36602715  40.80719024 -120.36602053   3 
111  40.80718423 -120.36595578   3 
112  40.80717620 -120.36586946  40.80717018 -120.36580471   3 
113  40.80712907 -120.36580838 
120 Default hold RWY 17 (near)
111  40.80722105 -120.36590599   4 
115  40.80718021 -120.36591262 
120 Default hold RWY 17 (centre)
111  40.80326657 -120.36654750   4 
115  40.80322573 -120.36655413 
120 Default hold RWY 17 (far)
111  40.79931210 -120.36718902   4 
115  40.79927126 -120.36719564 
19   40.80727265 -120.36556902 1 WS
19   40.79918957 -120.36720874 1 WS
1     5116 0 1 1Q2  SPAULDING
100   15.24   1   0 0.25 0 2 0 16   40.65661400 -120.76841100    0.00    0.00 2  0 0 0 34   40.64399700 -120.76860800    0.00    0.00 2  0 0 0
110   1 0.30 180.68 Default taxiway for RWY 16
111  40.65661479 -120.76849842   3 102 
111  40.65661887 -120.76895332   3 102 
111  40.64400187 -120.76915026   3 102 
111  40.64399779 -120.76869544 
112  40.64413493 -120.76869330  40.64406638 -120.76869734   3 102 
111  40.64406736 -120.76880578   3 102 
112  40.64406866 -120.76895037  40.64406963 -120.76905882   3 102 
111  40.64413820 -120.76905775   3 102 
111  40.65027528 -120.76896194   3 102 
111  40.65027201 -120.76859746 
111  40.65034057 -120.76859639   3 102 
111  40.65034384 -120.76896087   3 102 
112  40.65648092 -120.76886507  40.65654949 -120.76886400   3 102 
111  40.65654852 -120.76875554   3 102 
112  40.65654722 -120.76861092  40.65654624 -120.76850246   3 102 
113  40.65647765 -120.76850056 
120 Default hold RWY 16 (near)
111  40.65661644 -120.76868216   4 
115  40.65654787 -120.76868323 
120 Default hold RWY 16 (centre)
111  40.65034222 -120.76878011   4 
115  40.65027366 -120.76878118 
120 Default hold RWY 16 (far)
111  40.64406801 -120.76887808   4 
115  40.64399944 -120.76887915 
18   40.65029990 -120.76787687 1 BCN
19   40.65674870 -120.76813770 1 WS
19   40.64386230 -120.76888125 1 WS
51 12290 CTAF
1     4149 0 1 KSVE SUSANVILLE MUNI
100   22.86   1   0 0.25 0 2 0 11   40.37979200 -120.57748300    0.00    0.00 2  0 0 0 29   40.37280000 -120.56618900    0.00    0.00 2  0 0 0
100   18.29   4   0 0.25 0 0 0 07   40.37453600 -120.57820800    0.00    0.00 1  0 0 0 25   40.37459200 -120.57038900    0.00    0.00 1  0 0 0
21   40.37372269 -120.56824904  1 309.10   3.00 29  VASI
110   1 0.30 129.10 Default taxiway for RWY 11
111  40.37971392 -120.57756629   3 102 
111  40.37931302 -120.57799392   3 102 
111  40.37232157 -120.56669869   3 102 
111  40.37272247 -120.56627111 
112  40.37285220 -120.56648070  40.37278559 -120.56637776   3 102 
111  40.37268979 -120.56647994   3 102 
112  40.37256206 -120.56661617  40.37246627 -120.56671834   3 102 
111  40.37253113 -120.56682314   3 102 
111  40.37586469 -120.57220876   3 102 
111  40.37618576 -120.57186631 
111  40.37625063 -120.57197110   3 102 
111  40.37592956 -120.57231355   3 102 
112  40.37926312 -120.57769917  40.37932798 -120.57780396   3 102 
111  40.37942377 -120.57770178   3 102 
112  40.37955150 -120.57756554  40.37964730 -120.57746335   3 102 
113  40.37958419 -120.57735670 
120 Default hold RWY 11 (near)
111  40.37955251 -120.57773846   4 
115  40.37948764 -120.57763366 
120 Default hold RWY 11 (centre)
111  40.37608922 -120.57214325   4 
115  40.37602435 -120.57203846 
120 Default hold RWY 11 (far)
111  40.37262593 -120.56654805   4 
115  40.37256106 -120.56644326 
18   40.37685561 -120.57124307 1 BCN
19   40.37478131 -120.57842708 1 WS
19   40.38016016 -120.57743827 1 WS
19   40.37243185 -120.56623379 1 WS
19   40.37434668 -120.57016995 1 WS
50 13380 AWOS 3
51 12280 CTAF/UNICOM
17    3482 0 1 30CA [H] Indian Valley Hospital
102 H1   40.13322388 -120.93023362   0.00   38.10   36.58   3 1   0 0.25 0
19   40.13372310 -120.92958783 1 WS
17    6401 0 0 5CO9 [H] WCDH
102 H1   40.08573500 -120.23520900 360.00   15.24   15.24   1 2   0 0.25 1
18   40.08573500 -120.23538800 3 BCN
19   40.08566700 -120.23538800 0 WS