1     5826 0 0 U69  Duchesne Muni
100   17.98   1   0 0.00 0 2 0 17   40.20115397 -110.38434973    0.00    0.00 2  0 0 0 35   40.18571603 -110.38434973    0.00    0.00 2  0 0 0
100   22.86   3   0 0.00 0 0 0 08   40.19450416 -110.38897862    0.00    0.00 1  0 0 0 26   40.19442851 -110.37325766    0.00    0.00 1  0 0 0
110   4 0.00   0.00 New Taxiway 134
111  40.19439715 -110.38838487 
111  40.19425362 -110.38830972 
111  40.19326041 -110.38838487 
111  40.19322596 -110.38849009 
111  40.19300780 -110.38848258 
111  40.19302502 -110.38806171 
111  40.19323170 -110.38807674 
111  40.19326041 -110.38815941 
111  40.19429381 -110.38814438 
113  40.19439140 -110.38804667 
110   1 0.00   0.00 New Taxiway 133
111  40.18572019 -110.38445701  53 
111  40.18559208 -110.38447564  53 
112  40.18552566 -110.38458122  40.18552566 -110.38461848  53 
111  40.18518878 -110.38457501  53 
111  40.18521725 -110.38420237  53 
113  40.18571545 -110.38423964 
110   1 0.00   0.00 New Taxiway 132
111  40.19331172 -110.38445703  53 
112  40.19323106 -110.38456262  40.19323106 -110.38466821  53 
111  40.19323106 -110.38477380  53 
112  40.19332121 -110.38482349  40.19333545 -110.38491044  53 
111  40.19331172 -110.38533280  53 
112  40.19316464 -110.38543218  40.19303178 -110.38542597  53 
111  40.19230110 -110.38545702  53 
111  40.19228212 -110.38573652  53 
111  40.19160363 -110.38585453  53 
111  40.19159414 -110.38561851  53 
111  40.19150399 -110.38559988  53 
111  40.19150873 -110.38535764  53 
111  40.19207335 -110.38531417  53 
111  40.19209708 -110.38482349  53 
111  40.19249089 -110.38480486  53 
112  40.19227263 -110.38446325  40.19203540 -110.38445703 
111  40.19287046 -110.38446325  53 
112  40.19264272 -110.38458747  40.19260476 -110.38469306  53 
111  40.19263323 -110.38481107  53 
111  40.19311719 -110.38479243  53 
111  40.19314091 -110.38454399  53 
114  40.19306974 -110.38446325  40.19302704 -110.38445703 
110   1 0.00   0.00 New Taxiway 131
111  40.20114523 -110.38423969  53 
111  40.20119268 -110.38423347  53 
111  40.20119742 -110.38459997  53 
111  40.20094596 -110.38463724  53 
111  40.20087004 -110.38458755  53 
114  40.20074668 -110.38446331  40.20064229 -110.38446331 
18   40.19325454 -110.38587332 1 BCN
19   40.19580680 -110.38197858 0 New Windsock 6
19   40.19479454 -110.38818065 1 WS
19   40.20073016 -110.38466476 1 WS
19   40.19412128 -110.37363758 1 WS
19   40.18587927 -110.38463986 1 WS
51 12280 CTAF/UNICOM
1     5172 0 0 74V  Roosevelt Muni
100   22.86   1   0 0.00 0 2 0 07   40.27732974 -110.06289551    0.00    0.00 2  0 0 1 25   40.27943878 -110.03984349    0.00    0.00 2  0 0 1
21   40.27775852 -110.06066847  2  82.88   3.00 07  PAPI-4L
21   40.27898566 -110.04210327  2 262.89   3.00 25  PAPI-4L
110   1 0.00   0.00 New Taxiway 129
111  40.27930501 -110.04021305  53 
111  40.27922035 -110.04005770  53 
111  40.27893251 -110.03997448  53 
111  40.27895791 -110.03971926  53 
113  40.27933464 -110.03982467 
110   1 0.00   0.00 New Taxiway 128
111  40.27842456 -110.04972272  53 
111  40.27836530 -110.04962285  53 
111  40.27781079 -110.04951189  53 
111  40.27772613 -110.04964505  53 
111  40.27767957 -110.05013329  53 
111  40.27712929 -110.05006116  53 
111  40.27700654 -110.05000013  53 
111  40.27710813 -110.04858534  53 
111  40.27697267 -110.04850767  53 
111  40.27705310 -110.04820252  53 
111  40.27706580 -110.04769763  53 
111  40.27750179 -110.04779195  53 
111  40.27743829 -110.04866857  53 
111  40.27778539 -110.04873514  53 
111  40.27777269 -110.04929551  53 
111  40.27784889 -110.04938428  53 
111  40.27839070 -110.04946196  53 
113  40.27845419 -110.04940093 
110   1 0.00   0.00 New Taxiway 127
111  40.27722241 -110.06287738  53 
111  40.27685415 -110.06284964  53 
111  40.27688378 -110.06255559  53 
111  40.27717585 -110.06258888  53 
113  40.27726474 -110.06245573 
130 Airport Boundary 130
111  40.27604636 -110.06384306 
111  40.27714272 -110.05078819 
111  40.27670418 -110.05017240 
111  40.27689213 -110.04770922 
111  40.27714272 -110.04717553 
112  40.27786319 -110.04491761  40.27786319 -110.04479445 
111  40.27855233 -110.03695332 
111  40.28021254 -110.03769230 
111  40.28027519 -110.04023758 
113  40.27786319 -110.06396619 
18   40.27786807 -110.04834583 1 BCN
19   40.27711947 -110.06234387 1 WS
19   40.27919673 -110.04024814 1 WS
50 11897 AWOS 3
51 12280 CTAF/UNICOM
17    5182 0 1 UT61 [H] Duchesne Co. Hospital
102 H1   40.33606472 -110.33960139   0.00   25.91   25.91   2 2   0 0.25 0
19   40.33641308 -110.33914438 1 WS