1      570 0 1 23IS Clark
100   21.34   3   0 0.25 0 0 0 09   40.32595324 -090.83050883    0.00    0.00 1  0 0 0 27   40.32580008 -090.82475563    0.00    0.00 1  0 0 0
19   40.32624777 -090.83074736 1 WS
19   40.32550553 -090.82451713 1 WS
1      620 0 1 IS08 Curless
100   21.34   3   0 0.25 0 0 0 05   40.26121763 -090.23947900    0.00    0.00 1  0 0 0 23   40.26442625 -090.23409712    0.00    0.00 1  0 0 0
19   40.26132636 -090.23990964 1 WS
19   40.26431750 -090.23366646 1 WS
1      601 0 1 8H1  Dowacter
100   15.24   3   0 0.25 0 0 0 36   40.31212351 -090.87188259    0.00    0.00 1  0 0 0 18   40.31574203 -090.87171687    0.00    0.00 1  0 0 0
19   40.31199362 -090.87215850 1 WS
19   40.31587192 -090.87144095 1 WS
1      740 0 1 3IS2 Earp
100   24.38   3   0 0.25 0 0 0 09   40.74070269 -090.67364867    0.00    0.00 1  0 0 0 27   40.74048731 -090.66550801    0.00    0.00 1  0 0 0
19   40.74103930 -090.67392298 1 WS
19   40.74015068 -090.66523375 1 WS
1      550 0 1 34IL G. Bray
100   27.43   3   0 0.25 0 0 0 16   40.36513548 -090.10962368    0.00    0.00 1  0 0 0 34   40.35994840 -090.10727966    0.00    0.00 1  0 0 0
19   40.36548946 -090.10926964 1 WS
19   40.35959443 -090.10763368 1 WS
1      764 0 1 KGBG GALESBURG MUNI
100   45.72   1   0 0.25 0 3 0 03   40.93090300 -090.43648600    0.00    0.00 3  8 0 0 21   40.94491700 -090.42658900    0.00    0.00 2  0 0 1
100   30.48   1   0 0.25 0 2 0 10   40.93909400 -090.43685300    0.00    0.00 2  0 0 0 28   40.93721100 -090.42406400    0.00    0.00 2  0 0 0
21   40.94315171 -090.42727072  1 208.08   3.00 21  VASI
110   1 0.30  28.08 Default taxiway for RWY 03
111  40.93080724 -090.43624837   3 102 
111  40.93032206 -090.43504446   3 102 
111  40.94433648 -090.42514925   3 102 
111  40.94482166 -090.42635342 
112  40.94445863 -090.42660974  40.94463909 -090.42647895   3 102 
111  40.94452290 -090.42619058   3 102 
112  40.94436798 -090.42580609  40.94425179 -090.42551772   3 102 
111  40.94407027 -090.42564589   3 102 
111  40.93751685 -090.43027306   3 102 
111  40.93790521 -090.43123682 
111  40.93772369 -090.43136498   3 102 
111  40.93733533 -090.43040122   3 102 
112  40.93078191 -090.43502839  40.93060039 -090.43515655   3 102 
111  40.93071658 -090.43544486   3 102 
112  40.93087150 -090.43582927  40.93098769 -090.43611758   3 102 
113  40.93117027 -090.43599205 
110   1 0.30 101.03 Default taxiway for RWY 10
111  40.93896159 -090.43688715   3 102 
111  40.93828629 -090.43706132   3 102 
111  40.93640400 -090.42427195   3 102 
111  40.93707930 -090.42409779 
112  40.93713175 -090.42445420  40.93710331 -090.42427656   3 102 
111  40.93694177 -090.42431822   3 102 
112  40.93672638 -090.42437377  40.93656484 -090.42441544   3 102 
111  40.93659107 -090.42459365   3 102 
111  40.93746665 -090.43054281   3 102 
111  40.93800733 -090.43040336 
111  40.93803356 -090.43058157   3 102 
111  40.93749288 -090.43072102   3 102 
112  40.93836845 -090.43667019  40.93839468 -090.43684839   3 102 
111  40.93855622 -090.43680673   3 102 
112  40.93877161 -090.43675117  40.93893315 -090.43670951   3 102 
113  40.93890913 -090.43653074 
120 Default hold RWY 03 (near)
111  40.93061253 -090.43576523   4 
115  40.93079404 -090.43563707 
120 Default hold RWY 10 (near)
111  40.93869015 -090.43695716   4 
115  40.93866392 -090.43677895 
120 Default hold RWY 03 (centre)
111  40.93752898 -090.43088178   4 
115  40.93771050 -090.43075362 
120 Default hold RWY 10 (centre)
111  40.93776212 -090.43065158   4 
115  40.93773589 -090.43047337 
120 Default hold RWY 03 (far)
111  40.94444544 -090.42599834   4 
115  40.94462695 -090.42587018 
120 Default hold RWY 10 (far)
111  40.93683408 -090.42434600   4 
115  40.93680786 -090.42416780 
18   40.93909527 -090.43021594 1 BCN
19   40.93083044 -090.43746309 1 WS
19   40.93955031 -090.43710525 1 WS
19   40.94498948 -090.42561169 1 WS
19   40.93675467 -090.42381185 1 WS
51 12300 CTAF/UNICOM
52 12070 CLNC DEL
55 11820 QUAD CITY APP/DEP
1      650 0 1 8H0  Giles Griswold
100   30.48   3   0 0.25 0 0 0 36   40.28201806 -090.90606734    0.00    0.00 1  0 0 0 18   40.28640416 -090.90586656    0.00    0.00 1  0 0 0
19   40.28175829 -090.90661890 1 WS
19   40.28666393 -090.90531496 1 WS
1      750 0 1 36IS Gillen
100   21.34   3   0 0.25 0 0 0 18   40.92957917 -090.73110263    0.00    0.00 1  0 0 0 36   40.92327415 -090.73139405    0.00    0.00 1  0 0 0
19   40.92976101 -090.73071278 1 WS
19   40.92309231 -090.73178386 1 WS
1      499 0 1 9I0  Havana Regional
100   30.48   3   0 0.25 0 1 0 09   40.22121101 -090.02709605    0.00    0.00 1  0 0 0 27   40.22109899 -090.01869119    0.00    0.00 1  0 0 0
18   40.22211490 -090.02287168 1 BCN
19   40.22162716 -090.02744585 1 WS
19   40.22068281 -090.01834144 1 WS
1      654 0 1 04H  Herren
100   21.34   3   0 0.25 0 0 0 17   40.09013971 -090.88578452    0.00    0.00 1  0 0 0 35   40.08606529 -090.88503604    0.00    0.00 1  0 0 0
19   40.09036994 -090.88544664 1 WS
19   40.08583507 -090.88537389 1 WS
1      705 0 1 IS55 Housewright
100   21.34   3   0 0.25 0 0 0 18   40.59443814 -090.94219640    0.00    0.00 1  0 0 0 36   40.58731074 -090.94252416    0.00    0.00 1  0 0 0
19   40.59461998 -090.94180850 1 WS
19   40.58712890 -090.94291200 1 WS
1      684 0 1 KCTK INGERSOLL
100   22.86   1   0 0.25 0 2 0 18   40.57307800 -090.07387500    0.00    0.00 2  0 0 0 36   40.56237800 -090.07415800    0.00    0.00 2  0 0 1
100   18.29   1   0 0.25 0 2 0 09   40.57065300 -090.08174200    0.00    0.00 2  0 0 0 27   40.57071700 -090.06988600    0.00    0.00 2  0 0 0
110   1 0.30  89.59 Default taxiway for RWY 09
111  40.57057296 -090.08174124   3 102 
111  40.57015928 -090.08173734   3 102 
111  40.57022389 -090.06988135   3 102 
111  40.57063757 -090.06988525 
112  40.57063639 -090.07010191  40.57063473 -090.06999356   3 102 
111  40.57053599 -090.06999263   3 102 
112  40.57040433 -090.06999139  40.57030558 -090.06999045   3 102 
111  40.57030499 -090.07009878   3 102 
111  40.57027416 -090.07575595   3 102 
111  40.57060556 -090.07575908 
111  40.57060497 -090.07586741   3 102 
111  40.57027357 -090.07586428   3 102 
112  40.57024274 -090.08152145  40.57024215 -090.08162978   3 102 
111  40.57034090 -090.08163072   3 102 
112  40.57047256 -090.08163196  40.57057130 -090.08163289   3 102 
113  40.57057414 -090.08152458 
110   1 0.30 181.15 Default taxiway for RWY 18
111  40.57308002 -090.07400743   3 102 
111  40.57309040 -090.07468735   3 102 
111  40.56239040 -090.07497027   3 102 
111  40.56238002 -090.07429046 
112  40.56258570 -090.07428501  40.56248291 -090.07429069   3 102 
111  40.56248539 -090.07445314   3 102 
112  40.56248869 -090.07466973  40.56249117 -090.07483218   3 102 
111  40.56259401 -090.07482946   3 102 
111  40.56768691 -090.07469479   3 102 
111  40.56767860 -090.07415030 
111  40.56778144 -090.07414758   3 102 
111  40.56778975 -090.07469207   3 102 
112  40.57288265 -090.07455740  40.57298549 -090.07455468   3 102 
111  40.57298301 -090.07439221   3 102 
112  40.57297971 -090.07417558  40.57297723 -090.07401311   3 102 
113  40.57287434 -090.07401287 
120 Default hold RWY 09 (near)
111  40.57040614 -090.08173967   4 
115  40.57040673 -090.08163134 
120 Default hold RWY 18 (near)
111  40.57308420 -090.07428118   4 
115  40.57298136 -090.07428390 
120 Default hold RWY 09 (centre)
111  40.57043815 -090.07586584   4 
115  40.57043874 -090.07575751 
120 Default hold RWY 18 (centre)
111  40.56778562 -090.07442131   4 
115  40.56768278 -090.07442402 
120 Default hold RWY 09 (far)
111  40.57047016 -090.06999201   4 
115  40.57047075 -090.06988368 
120 Default hold RWY 18 (far)
111  40.56248704 -090.07456143   4 
115  40.56238420 -090.07456416 
18   40.56771583 -090.07307059 1 BCN
19   40.57089868 -090.08196099 1 WS
19   40.57327751 -090.07346519 1 WS
19   40.57047130 -090.06966705 1 WS
19   40.56217849 -090.07456775 1 WS
51 12280 CTAF/UNICOM
55 12467 PEORIA APP/DEP
1      460 0 1 62LL J R Briney and Sons
100   27.43   3   0 0.25 0 0 0 05   40.16766633 -090.29295994    0.00    0.00 1  0 0 0 23   40.17131421 -090.28784062    0.00    0.00 1  0 0 0
19   40.16776877 -090.29352670 1 WS
19   40.17121174 -090.28727383 1 WS
1      691 0 1 IL22 Long Rla
100   30.48   3   0 0.25 0 0 0 09   40.66433083 -090.49232783    0.00    0.00 1  0 0 0 27   40.66408193 -090.48293163    0.00    0.00 1  0 0 0
19   40.66475159 -090.49267032 1 WS
19   40.66366114 -090.48258920 1 WS
1      707 0 1 KMQB MACOMB MUNI
100   30.48   1   0 0.25 0 3 0 09   40.51970000 -090.66104700    0.00    0.00 2  0 0 0 27   40.51967500 -090.64270300    0.00    0.00 2  0 0 1
100   57.91   3   0 0.25 0 0 0 18   40.52570600 -090.65311100    0.00  229.21 1  0 0 0 36   40.51549700 -090.65313100    0.00   96.01 1  0 0 0
21   40.52000509 -090.65867867  1  90.10   3.00 09  VASI
21   40.51937028 -090.64507142  1 270.11   3.00 27  VASI
110   1 0.30  90.10 Default taxiway for RWY 09
111  40.51956510 -090.66104730   3 102 
111  40.51887711 -090.66104883   3 102 
111  40.51885356 -090.64270482   3 102 
111  40.51954155 -090.64270329 
112  40.51954201 -090.64306412  40.51953953 -090.64288371   3 102 
111  40.51937495 -090.64288408   3 102 
112  40.51915551 -090.64288457  40.51899094 -090.64288493   3 102 
111  40.51899117 -090.64306534   3 102 
111  40.51900237 -090.65178631   3 102 
111  40.51955321 -090.65178509 
111  40.51955344 -090.65196550   3 102 
111  40.51900260 -090.65196672   3 102 
112  40.51901380 -090.66068769  40.51901403 -090.66086810   3 102 
111  40.51917860 -090.66086774   3 102 
112  40.51939804 -090.66086725  40.51956262 -090.66086688   3 102 
113  40.51956464 -090.66068647 
120 Default hold RWY 09 (near)
111  40.51928855 -090.66104791   4 
115  40.51928832 -090.66086749 
120 Default hold RWY 09 (centre)
111  40.51927689 -090.65196611   4 
115  40.51927666 -090.65178570 
120 Default hold RWY 09 (far)
111  40.51926523 -090.64288432   4 
115  40.51926500 -090.64270390 
19   40.52011191 -090.66140692 1 WS
19   40.52622601 -090.65208151 1 WS
19   40.51926303 -090.64234320 1 WS
19   40.51497699 -090.65416032 1 WS
50 11902 AWOS 3
51 12280 CTAF/UNICOM
1      753 0 1 C66  Monmouth Municipal
100   18.29   1   0 0.25 0 2 0 02   40.92606527 -090.63319194    0.00    0.00 2  0 0 0 20   40.93336777 -090.62902638    0.00    0.00 2  0 0 0
21   40.92781842 -090.63255705  1  23.31   3.00 02  VASI
21   40.93161465 -090.62966147  1 203.32   3.00 20  VASI
110   1 0.30  23.31 Default taxiway for RWY 02
111  40.92603359 -090.63309465   3 102 
111  40.92586987 -090.63259182   3 102 
111  40.93317244 -090.62842665   3 102 
111  40.93333616 -090.62892954 
112  40.93318502 -090.62901575  40.93325970 -090.62896991   3 102 
111  40.93322062 -090.62884987   3 102 
112  40.93316852 -090.62868982  40.93312944 -090.62856978   3 102 
111  40.93305387 -090.62861289   3 102 
111  40.92959151 -090.63058771   3 102 
111  40.92972266 -090.63099055 
111  40.92964709 -090.63103365   3 102 
111  40.92951594 -090.63063081   3 102 
112  40.92605358 -090.63260563  40.92597801 -090.63264874   3 102 
111  40.92601709 -090.63276876   3 102 
112  40.92606919 -090.63292879  40.92610827 -090.63304882   3 102 
113  40.92618473 -090.63300844 
120 Default hold RWY 02 (near)
111  40.92596757 -090.63289188   4 
115  40.92604314 -090.63284878 
120 Default hold RWY 02 (centre)
111  40.92958107 -090.63083086   4 
115  40.92965664 -090.63078776 
120 Default hold RWY 02 (far)
111  40.93319457 -090.62876985   4 
115  40.93327014 -090.62872675 
18   40.92994332 -090.63181026 1 BCN
19   40.92601183 -090.63357821 1 WS
19   40.93342120 -090.62864007 1 WS
1      700 0 1 0LL2 Murks Strip
100   22.86   3   0 0.25 0 0 0 09   40.73905250 -090.38538643    0.00    0.00 1  0 0 0 27   40.73880360 -090.37597969    0.00    0.00 1  0 0 0
19   40.73936670 -090.38564365 1 WS
19   40.73848938 -090.37572251 1 WS
1      432 0 1 8IL6 Norris Farms
100   30.48   3   0 0.25 0 0 0 36   40.33485247 -090.08777480    0.00    0.00 1  0 0 0 18   40.34856529 -090.08746076    0.00    0.00 1  0 0 0
19   40.33458539 -090.08832076 1 WS
19   40.34883237 -090.08691469 1 WS
1      680 0 1 IL25 Palmer
100   24.38   3   0 0.25 0 0 0 09   40.49849997 -090.57960995    0.00    0.00 1  0 0 0 27   40.49824725 -090.57009283    0.00    0.00 1  0 0 0
19   40.49883658 -090.57988327 1 WS
19   40.49791062 -090.56981956 1 WS
1      667 0 1 1C7  Prairie City
100   46.94   3   0 0.25 0 2 0 08   40.61767944 -090.46375108    0.00    0.00 1  0 0 0 26   40.61851166 -090.45595004    0.00    0.00 1  0 0 0
18   40.61955963 -090.46012165 1 BCN
19   40.61824809 -090.46441837 1 WS
19   40.61794296 -090.45528281 1 WS
1      660 0 1 9H4  Randolph M Wells
100   30.48   3   0 0.25 0 0 0 36   40.19300023 -090.53359160    0.00    0.00 1  0 0 0 18   40.19875699 -090.53332842    0.00    0.00 1  0 0 0
19   40.19274046 -090.53414243 1 WS
19   40.19901676 -090.53277754 1 WS
1      650 0 1 IL15 Runyan Aviation
100   60.96   3   0 0.25 0 0 0 09   40.56544365 -090.55347501    0.00    0.00 1  0 0 0 27   40.56519245 -090.54400611    0.00    0.00 1  0 0 0
19   40.56628516 -090.55415898 1 WS
19   40.56435088 -090.54332226 1 WS
1      665 0 1 5K4  Schuy-Rush
100   30.48   3   0 0.25 0 2 0 09   40.11771725 -090.59679322    0.00    0.00 1  0 0 0 27   40.11737607 -090.58401734    0.00    0.00 1  0 0 0
18   40.11850612 -090.59036145 1 BCN
19   40.11813800 -090.59713295 1 WS
19   40.11695528 -090.58367769 1 WS
1      702 0 1 C10  Smith
100   45.72   3   0 0.25 0 2 0 09   40.45432982 -090.62805610    0.00    0.00 1  0 0 0 27   40.45408572 -090.61886946    0.00    0.00 1  0 0 0
18   40.45564696 -090.62339672 1 BCN
19   40.45496096 -090.62856823 1 WS
19   40.45345455 -090.61835742 1 WS
1      661 0 1 2C6  Tri-County
100   53.34   3   0 0.25 0 1 0 02   40.77031310 -090.07611543    0.00    0.00 1  0 0 0 20   40.77753966 -090.07245235    0.00    0.00 1  0 0 0
18   40.77452797 -090.07635348 1 BCN
19   40.77012249 -090.07722847 1 WS
19   40.77773024 -090.07133917 1 WS
1      720 0 1 IL01 Wolfords
100   30.48   3   0 0.25 0 0 0 06   40.79086480 -090.44234372    0.00    0.00 1  0 0 0 24   40.79421296 -090.43402630    0.00    0.00 1  0 0 0
102 H1   40.79253888 -090.43818501   0.00   15.24   15.24   3 1   0 0.25 0
19   40.79109929 -090.44291876 1 WS
19   40.79274460 -090.43791328 1 WS
19   40.79397842 -090.43345125 1 WS
17     760 0 1 LL01 [H] Community Memorial Hospital
102 H1   40.92170472 -090.65541334   0.00    9.14    9.14   2 2   0 0.25 0
19   40.92182815 -090.65524998 1 WS
17     760 0 1 5IL3 [H] Galesburg Cottage Hospital
102 H1   40.95587111 -090.36735028   0.00   27.43   27.43   2 2   0 0.25 0
19   40.95624141 -090.36685995 1 WS
17     471 0 1 31IS [H] Mason District Hospital
102 H1   40.30782027 -090.05456139   0.00   12.19   12.19   2 2   0 0.25 0
19   40.30798485 -090.05434557 1 WS
17     685 0 1 46IL [H] Mc Donough County Hospital
102 H1   40.45004083 -090.66679695   0.00   13.41   13.41   2 2   0 0.25 0
19   40.45022187 -090.66655905 1 WS
17    1115 0 1 MO70 [H] St Francis Hospital
102 H1   40.32809916 -090.87624445   0.00    6.10    6.10   2 2   0 0.25 0
19   40.32818145 -090.87613651 1 WS