1       63 0 1 NC43 Bear Pen
100   45.72   3   0 0.25 0 0 0 06   34.12021769 -078.34599695    0.00    0.00 1  0 0 0 24   34.13012229 -078.33011917    0.00    0.00 1  0 0 0
100   60.96   3   0 0.25 0 0 0 18   34.13333759 -078.33926951    0.00    0.00 1  0 0 0 36   34.11700239 -078.33684661    0.00    0.00 1  0 0 0
19   34.12046292 -078.34684255 1 WS
19   34.13398240 -078.33836354 1 WS
19   34.11635760 -078.33775241 1 WS
19   34.12987696 -078.32927352 1 WS
1       95 0 1 8NC3 Bill Johnsons
100   18.29   3   0 0.25 0 1 0 06   34.94910855 -078.86162075    0.00    0.00 1  0 0 0 24   34.95233311 -078.85620593    0.00    0.00 1  0 0 0
18   34.95118684 -078.85932647 1 BCN
19   34.94921153 -078.86196023 1 WS
19   34.95223012 -078.85586645 1 WS
1      115 0 1 3W6  Bladenboro
100   41.15   3   0 0.25 0 0 0 02   34.54643488 -078.78412271    0.00    0.00 1  0 0 0 20   34.55390234 -078.78202953    0.00    0.00 1  0 0 0
19   34.54619871 -078.78487930 1 WS
19   34.55413850 -078.78127286 1 WS
1       98 0 1 KCPC COLUMBUS CO MUNI
100   22.86   1   0 0.25 0 2 0 06   34.26726700 -078.72109400    0.00    0.00 2  0 0 1 24   34.27847800 -078.70888600    0.00    0.00 2  0 0 0
21   34.26880621 -078.71990792  2  41.98   3.00 06  PAPI-4L
21   34.27695697 -078.71009675  1 221.99   3.00 24  VASI
110   1 0.30  41.98 Default taxiway for RWY 06
111  34.26719970 -078.72100350   3 102 
111  34.26685420 -078.72053884   3 102 
111  34.27806581 -078.70833239   3 102 
111  34.27841131 -078.70879711 
112  34.27825837 -078.70896361  34.27833334 -078.70887834   3 102 
111  34.27825078 -078.70876729   3 102 
112  34.27814070 -078.70861923  34.27805814 -078.70850818   3 102 
111  34.27798167 -078.70859143   3 102 
111  34.27256704 -078.71448652   3 102 
111  34.27284374 -078.71485868 
111  34.27276727 -078.71494193   3 102 
111  34.27249057 -078.71456977   3 102 
112  34.26707593 -078.72046486  34.26699947 -078.72054811   3 102 
111  34.26708203 -078.72065915   3 102 
112  34.26719211 -078.72080719  34.26727467 -078.72091822   3 102 
113  34.26735263 -078.72083700 
120 Default hold RWY 06 (near)
111  34.26706060 -078.72081642   4 
115  34.26713707 -078.72073317 
120 Default hold RWY 06 (centre)
111  34.27262817 -078.71475484   4 
115  34.27270464 -078.71467159 
120 Default hold RWY 06 (far)
111  34.27819574 -078.70869326   4 
115  34.27827221 -078.70861001 
18   34.27335316 -078.71563766 1 BCN
19   34.26731955 -078.72153685 1 WS
19   34.27842541 -078.70844309 1 WS
50 11837 AWOS 3
51 12280 CTAF/UNICOM
55 11920 MYRTLE BEACH APP/DEP
1      133 0 1 KEYF CURTIS L BROWN JR FIELD
100   22.86   1   0 0.25 0 2 0 15   34.60737500 -078.58413300    0.00    0.00 2  0 0 0 33   34.59623300 -078.57440800    0.00    0.00 2  0 0 0
21   34.60608888 -078.58256016  2 144.30   3.00 15  PAPI-4L
21   34.59751926 -078.57598049  2 324.31   3.00 33  PAPI-4L
110   1 0.30 144.30 Default taxiway for RWY 15
111  34.60731629 -078.58423227   3 102 
111  34.60701488 -078.58474196   3 102 
111  34.59587327 -078.57501557   3 102 
111  34.59617468 -078.57450596 
112  34.59634175 -078.57465180  34.59625690 -078.57458110   3 102 
111  34.59618487 -078.57470287   3 102 
112  34.59608884 -078.57486524  34.59601682 -078.57498702   3 102 
111  34.59610036 -078.57505994   3 102 
111  34.60146233 -078.57974082   3 102 
111  34.60170372 -078.57933266 
111  34.60178725 -078.57940558   3 102 
111  34.60154586 -078.57981374   3 102 
112  34.60690783 -078.58449461  34.60699137 -078.58456754   3 102 
111  34.60706339 -078.58444575   3 102 
112  34.60715942 -078.58428336  34.60723145 -078.58416157   3 102 
113  34.60714922 -078.58408642 
120 Default hold RWY 15 (near)
111  34.60719494 -078.58443748   4 
115  34.60711141 -078.58436456 
120 Default hold RWY 15 (centre)
111  34.60166590 -078.57961077   4 
115  34.60158237 -078.57953785 
120 Default hold RWY 15 (far)
111  34.59613686 -078.57478406   4 
115  34.59605333 -078.57471114 
18   34.60222535 -078.57856239 1 BCN
19   34.60772133 -078.58397572 1 WS
19   34.59588668 -078.57456529 1 WS
50 11947 AWOS 3
51 12280 CTAF
1      126 0 1 NC82 Dublin Field
100   20.12   3   0 0.25 0 0 0 03   34.66685413 -078.70394101    0.00    0.00 1  0 0 0 21   34.67237363 -078.70109233    0.00    0.00 1  0 0 0
19   34.66679358 -078.70433093 1 WS
19   34.67243416 -078.70070238 1 WS
1      189 1 0 KFAY Fayetteville Rgnl Grannis Fld
100   45.72   1   0 0.25 0 3 1 04   34.98435000 -078.88700800  152.10    0.00 3  8 0 0 22   35.00247500 -078.87367800  215.19    0.00 3  0 0 1
100   45.72   1   0 0.25 0 2 1 10   34.98782200 -078.88816900    0.00    0.00 2  0 0 1 28   34.98755600 -078.87214400    0.00    0.00 2  0 0 1
21   34.98789055 -078.88498003  2  31.07   3.00 04  PAPI-4L
21   34.99908029 -078.87563834  1 211.07   3.00 22  VASI
21   34.98718898 -078.87435045  2 271.17   3.00 28  PAPI-4L
10   34.98866300 -078.87630500 xxx 271.86  2421 0.0 0.0   100 161161  1 0 0 0.35 0
10   35.00002300 -078.87686900 xxx  32.04  1908 0.0 0.0   100 161161  1 0 0 0.35 0
10   34.99563200 -078.88022600 xxx  32.04  1908 0.0 0.0   100 161161  1 0 0 0.35 0
10   34.99311400 -078.88355300 xxx  32.34  1250 0.0 0.0   234 161161  1 0 0 0.35 0
10   34.99007000 -078.88732900 xxx  90.20  1166 0.0 0.0   300 161161  1 0 0 0.35 0
10   34.98929200 -078.88504800 xxx  32.10  1257 0.0 0.0    97 161161  1 0 0 0.35 0
10   34.99213000 -078.88290400 xxx  32.61  1179 0.0 0.0    90 161161  1 0 0 0.35 0
10   34.98936100 -078.88152300 xxx 120.34   883 0.0 0.0   100 161161  1 0 0 0.35 0
10   34.98898700 -078.88676500 xxx  91.00   824 0.0 0.0   100 161161  1 0 0 0.35 0
10   34.99261500 -078.88441500 xxx  32.60   747 0.0 0.0   113 161161  1 0 0 0.35 0
10   34.99044800 -078.88572700 xxx  32.23   483 0.0 0.0   336 161161  1 0 0 0.35 0
10   34.99017700 -078.88974800 xxx   0.00   600 0.0 0.0   200 161161  1 0 0 0.35 0
10   34.99348100 -078.88169900 xxx 119.81   657 0.0 0.0   100 161161  1 0 0 0.35 0
10   34.98715200 -078.88671100 xxx  34.28   592 0.0 0.0   100 161161  1 0 0 0.35 0
10   34.99404900 -078.88333100 xxx  39.84   601 0.0 0.0    83 161161  1 0 0 0.35 0
10   34.99052000 -078.88343800 xxx 121.00   480 0.0 0.0   100 161161  1 0 0 0.35 0
10   34.99386200 -078.88520100 xxx 128.11   346 0.0 0.0   133 161161  1 0 0 0.35 0
10   34.99025700 -078.88446000 xxx  25.47   437 0.0 0.0    37 161161  1 0 0 0.35 0
10   34.98593500 -078.88658100 xxx 121.00   363 0.0 0.0   100 161161  1 0 0 0.35 0
10   34.99106200 -078.88491800 xxx  91.00   280 0.0 0.0   172 161161  1 0 0 0.35 0
10   34.99070400 -078.88895400 xxx  90.15   195 0.0 0.0   238 161161  1 0 0 0.35 0
10   34.98848300 -078.88802300 xxx   0.16   350 0.0 0.0    70 161161  1 0 0 0.35 0
10   34.99353800 -078.88436900 xxx 124.07   329 0.0 0.0    80 161161  1 0 0 0.35 0
10   34.98908600 -078.88865700 xxx 271.92   353 0.0 0.0    50 161161  1 0 0 0.35 0
10   34.99761200 -078.87803600 xxx 121.00   296 0.0 0.0   100 161161  1 0 0 0.35 0
10   34.98827700 -078.87957000 xxx   1.00   296 0.0 0.0   100 161161  1 0 0 0.35 0
10   35.00112500 -078.87536600 xxx 121.00   270 0.0 0.0   100 161161  1 0 0 0.35 0
10   34.99438500 -078.88512400 xxx 220.91   306 0.0 0.0    50 161161  1 0 0 0.35 0
10   34.98798000 -078.87925700 xxx 129.22   251 0.0 0.0   100 161161  1 0 0 0.35 0
10   34.98795700 -078.87988300 xxx  55.10   251 0.0 0.0   100 161161  1 0 0 0.35 0
10   34.98960500 -078.88519300 xxx 120.96   234 0.0 0.0   116 161161  1 0 0 0.35 0
10   34.99146700 -078.88485000 xxx  89.79   312 0.0 0.0    37 161161  1 0 0 0.35 0
10   35.00247200 -078.87501500 xxx 212.39   244 0.0 0.0   100 161161  1 0 0 0.35 0
10   34.99422100 -078.88436900 xxx  38.90   250 0.0 0.0    80 161161  1 0 0 0.35 0
10   34.99466300 -078.88502500 xxx  39.39   250 0.0 0.0    80 161161  1 0 0 0.35 0
10   34.98804100 -078.87238300 xxx   1.00   199 0.0 0.0   130 161161  1 0 0 0.35 0
10   34.99058500 -078.88763400 xxx  65.63   277 0.0 0.0    48 161161  1 0 0 0.35 0
10   34.99043700 -078.88840500 xxx  63.77   231 0.0 0.0    87 161161  1 0 0 0.35 0
10   34.99161500 -078.88469700 xxx  89.46   188 0.0 0.0   129 161161  1 0 0 0.35 0
10   34.99434300 -078.88475000 xxx 130.09   229 0.0 0.0    87 161161  1 0 0 0.35 0
10   34.98940700 -078.88812300 xxx   0.97   260 0.0 0.0    50 161161  1 0 0 0.35 0
10   34.99033700 -078.89012900 xxx   0.00   179 0.0 0.0   124 161161  1 0 0 0.35 0
10   34.98804100 -078.88575000 xxx 155.19   162 0.0 0.0   129 161161  1 0 0 0.35 0
10   34.99181000 -078.88372000 xxx 122.77   227 0.0 0.0    63 161161  1 0 0 0.35 0
10   35.00258600 -078.87422200 xxx 121.00   186 0.0 0.0   100 161161  1 0 0 0.35 0
10   34.98593900 -078.88620000 xxx  83.70   198 0.0 0.0    87 161161  1 0 0 0.35 0
10   34.99324000 -078.88083600 xxx 268.80   194 0.0 0.0    83 161161  1 0 0 0.35 0
10   35.00109500 -078.87573200 xxx 266.76   207 0.0 0.0    70 161161  1 0 0 0.35 0
10   34.98847200 -078.87242900 xxx 169.04   146 0.0 0.0   130 161161  1 0 0 0.35 0
10   34.99087100 -078.88432300 xxx 123.84   194 0.0 0.0    76 161161  1 0 0 0.35 0
10   34.99417100 -078.88231700 xxx  26.95   207 0.0 0.0    63 161161  1 0 0 0.35 0
10   34.98754500 -078.88625300 xxx  51.45   172 0.0 0.0    80 161161  1 0 0 0.35 0
10   34.99055500 -078.88840500 xxx  83.74   172 0.0 0.0    80 161161  1 0 0 0.35 0
10   34.99760800 -078.87843300 xxx 264.90   168 0.0 0.0    83 161161  1 0 0 0.35 0
10   34.99076800 -078.88365200 xxx 151.03   181 0.0 0.0    70 161161  1 0 0 0.35 0
10   34.99374000 -078.88187400 xxx  83.03   181 0.0 0.0    63 161161  1 0 0 0.35 0
10   34.99328600 -078.88169900 xxx  83.03   181 0.0 0.0    63 161161  1 0 0 0.35 0
10   34.98862100 -078.87943300 xxx  45.16   139 0.0 0.0   100 161161  1 0 0 0.35 0
10   34.99166900 -078.88511700 xxx  39.50   181 0.0 0.0    43 161161  1 0 0 0.35 0
10   34.99386200 -078.88578000 xxx 131.27   120 0.0 0.0   100 161161  1 0 0 0.35 0
10   34.99163400 -078.88498700 xxx  53.90   155 0.0 0.0    63 161161  1 0 0 0.35 0
10   34.99195900 -078.88432300 xxx  40.11   175 0.0 0.0    37 161161  1 0 0 0.35 0
10   34.99012000 -078.88304900 xxx 170.03   122 0.0 0.0    89 161161  1 0 0 0.35 0
10   34.99110800 -078.88546800 xxx  53.90   122 0.0 0.0    89 161161  1 0 0 0.35 0
10   34.98862100 -078.87976800 xxx 129.22   133 0.0 0.0    74 161161  1 0 0 0.35 0
10   34.98885000 -078.88559000 xxx 145.04   122 0.0 0.0    83 161161  1 0 0 0.35 0
10   34.99054000 -078.88732900 xxx 353.50   100 0.0 0.0   100 161161  1 0 0 0.35 0
10   34.98642000 -078.88723000 xxx  91.31   100 0.0 0.0   100 161161  1 0 0 0.35 0
10   35.00272800 -078.87474100 xxx 347.38   100 0.0 0.0   100 161161  1 0 0 0.35 0
10   34.98625600 -078.88716100 xxx  50.00   100 0.0 0.0   100 161161  1 0 0 0.35 0
10   34.98805600 -078.88788600 xxx 137.36   122 0.0 0.0    76 161161  1 0 0 0.35 0
10   34.99788700 -078.87822700 xxx 162.84   122 0.0 0.0    76 161161  1 0 0 0.35 0
10   34.99087100 -078.88480400 xxx  53.90   122 0.0 0.0    76 161161  1 0 0 0.35 0
10   34.99041000 -078.88288900 xxx  82.02   122 0.0 0.0    76 161161  1 0 0 0.35 0
10   34.99051300 -078.88374300 xxx  91.65   122 0.0 0.0    70 161161  1 0 0 0.35 0
10   34.99363300 -078.88152300 xxx 174.42   122 0.0 0.0    70 161161  1 0 0 0.35 0
10   34.98659500 -078.88702400 xxx  20.72   139 0.0 0.0    48 161161  1 0 0 0.35 0
10   34.98642300 -078.88705400 xxx 353.50   139 0.0 0.0    48 161161  1 0 0 0.35 0
10   34.99062700 -078.88865700 xxx 140.07   139 0.0 0.0    48 161161  1 0 0 0.35 0
10   34.98626700 -078.88696300 xxx 145.79   139 0.0 0.0    48 161161  1 0 0 0.35 0
10   34.98600800 -078.88646700 xxx 100.64   139 0.0 0.0    48 161161  1 0 0 0.35 0
10   34.99049400 -078.88756600 xxx  71.10   139 0.0 0.0    48 161161  1 0 0 0.35 0
10   34.98610300 -078.88597100 xxx  49.96   139 0.0 0.0    48 161161  1 0 0 0.35 0
10   34.99391200 -078.88473500 xxx 222.57   131 0.0 0.0    54 161161  1 0 0 0.35 0
10   35.00272800 -078.87455700 xxx 103.82    80 0.0 0.0   100 161161  1 0 0 0.35 0
10   35.00145000 -078.87555700 xxx 174.42   122 0.0 0.0    57 161161  1 0 0 0.35 0
10   34.99092500 -078.88421600 xxx 104.76   122 0.0 0.0    37 161161  1 0 0 0.35 0
10   34.99097800 -078.88432300 xxx 131.76   122 0.0 0.0    37 161161  1 0 0 0.35 0
10   34.99093600 -078.88401000 xxx  82.26   122 0.0 0.0    37 161161  1 0 0 0.35 0
10   34.98910500 -078.88791700 xxx 110.90   122 0.0 0.0    37 161161  1 0 0 0.35 0
10   34.98922300 -078.88807700 xxx 169.96   122 0.0 0.0    37 161161  1 0 0 0.35 0
10   34.99118000 -078.88556700 xxx  83.57   122 0.0 0.0    37 161161  1 0 0 0.35 0
10   34.99043700 -078.88401000 xxx  53.90   122 0.0 0.0    37 161161  1 0 0 0.35 0
10   34.98964700 -078.88797800 xxx  53.90   122 0.0 0.0    37 161161  1 0 0 0.35 0
10   34.99042900 -078.88353000 xxx 105.30   122 0.0 0.0    37 161161  1 0 0 0.35 0
10   34.98872800 -078.88565100 xxx 184.43   122 0.0 0.0    37 161161  1 0 0 0.35 0
10   34.99026500 -078.88321700 xxx 147.53   122 0.0 0.0    37 161161  1 0 0 0.35 0
10   34.98992200 -078.88314800 xxx 192.52   122 0.0 0.0    37 161161  1 0 0 0.35 0
10   34.98886500 -078.88575000 xxx 114.32   122 0.0 0.0    37 161161  1 0 0 0.35 0
10   34.99048200 -078.88304100 xxx  92.39   122 0.0 0.0    37 161161  1 0 0 0.35 0
10   34.99053200 -078.88273600 xxx  53.90   122 0.0 0.0    37 161161  1 0 0 0.35 0
10   34.99050100 -078.88285100 xxx  74.46   122 0.0 0.0    37 161161  1 0 0 0.35 0
10   34.98987200 -078.88535300 xxx 140.21   122 0.0 0.0    37 161161  1 0 0 0.35 0
10   34.98885300 -078.88787100 xxx  53.90   122 0.0 0.0    37 161161  1 0 0 0.35 0
10   34.98889900 -078.88772600 xxx  76.28   122 0.0 0.0    37 161161  1 0 0 0.35 0
10   34.98876200 -078.88792400 xxx  21.42   122 0.0 0.0    37 161161  1 0 0 0.35 0
10   34.98927300 -078.88524600 xxx 182.25   122 0.0 0.0    37 161161  1 0 0 0.35 0
10   34.98800700 -078.88766500 xxx 110.79   122 0.0 0.0    37 161161  1 0 0 0.35 0
10   34.98822800 -078.88792400 xxx 165.60   122 0.0 0.0    37 161161  1 0 0 0.35 0
10   34.98909800 -078.88536800 xxx  53.90   122 0.0 0.0    37 161161  1 0 0 0.35 0
10   34.98825100 -078.88564300 xxx 184.24   122 0.0 0.0    37 161161  1 0 0 0.35 0
10   34.98797200 -078.88544500 xxx 115.88   122 0.0 0.0    37 161161  1 0 0 0.35 0
10   34.98919300 -078.88526900 xxx  28.43   122 0.0 0.0    37 161161  1 0 0 0.35 0
10   34.99099000 -078.88385800 xxx  53.90   122 0.0 0.0    37 161161  1 0 0 0.35 0
10   34.98966200 -078.88570400 xxx 108.25   122 0.0 0.0    37 161161  1 0 0 0.35 0
10   34.99097800 -078.88392600 xxx  53.90   122 0.0 0.0    37 161161  1 0 0 0.35 0
10   34.98955500 -078.88540600 xxx 124.31   122 0.0 0.0    37 161161  1 0 0 0.35 0
10   34.99097100 -078.88362900 xxx 191.13   122 0.0 0.0    37 161161  1 0 0 0.35 0
10   34.99089800 -078.88362100 xxx 172.83   122 0.0 0.0    37 161161  1 0 0 0.35 0
10   34.99068500 -078.88349200 xxx 135.83   122 0.0 0.0    37 161161  1 0 0 0.35 0
10   34.98945600 -078.88528400 xxx 166.39   122 0.0 0.0    37 161161  1 0 0 0.35 0
10   34.99317600 -078.88192700 xxx  53.90   122 0.0 0.0    37 161161  1 0 0 0.35 0
10   34.99322900 -078.88147700 xxx 100.87   122 0.0 0.0    37 161161  1 0 0 0.35 0
10   34.99298900 -078.88102000 xxx 156.03   122 0.0 0.0    37 161161  1 0 0 0.35 0
10   34.99287000 -078.88102000 xxx 179.62   122 0.0 0.0    37 161161  1 0 0 0.35 0
10   34.99306500 -078.88110400 xxx 145.59   122 0.0 0.0    37 161161  1 0 0 0.35 0
10   34.99344600 -078.88209500 xxx 174.42   122 0.0 0.0    37 161161  1 0 0 0.35 0
10   34.99331300 -078.88211100 xxx 192.08   122 0.0 0.0    37 161161  1 0 0 0.35 0
10   34.99352600 -078.88211100 xxx 165.43   122 0.0 0.0    37 161161  1 0 0 0.35 0
10   34.99357600 -078.88218700 xxx 140.54   122 0.0 0.0    37 161161  1 0 0 0.35 0
10   34.99370600 -078.88263700 xxx  53.90   122 0.0 0.0    37 161161  1 0 0 0.35 0
10   34.99371300 -078.88246900 xxx  89.87   122 0.0 0.0    37 161161  1 0 0 0.35 0
10   34.98949800 -078.88536100 xxx 139.59   122 0.0 0.0    37 161161  1 0 0 0.35 0
10   34.99177200 -078.88410200 xxx  53.90   122 0.0 0.0    37 161161  1 0 0 0.35 0
10   34.99175600 -078.88393400 xxx  85.96   122 0.0 0.0    37 161161  1 0 0 0.35 0
10   34.99173400 -078.88377400 xxx  99.42   122 0.0 0.0    37 161161  1 0 0 0.35 0
10   34.99161900 -078.88353000 xxx 144.49   122 0.0 0.0    37 161161  1 0 0 0.35 0
10   34.99150500 -078.88352200 xxx 185.35   122 0.0 0.0    37 161161  1 0 0 0.35 0
10   34.99204600 -078.88386500 xxx 173.64   122 0.0 0.0    37 161161  1 0 0 0.35 0
10   34.99218800 -078.88383500 xxx  19.08   122 0.0 0.0    37 161161  1 0 0 0.35 0
10   34.99194300 -078.88380400 xxx 147.11   122 0.0 0.0    37 161161  1 0 0 0.35 0
10   34.99177600 -078.88339200 xxx  75.33   122 0.0 0.0    37 161161  1 0 0 0.35 0
10   34.99177900 -078.88349900 xxx  97.65   122 0.0 0.0    37 161161  1 0 0 0.35 0
10   34.99338900 -078.88498700 xxx  38.13   122 0.0 0.0    37 161161  1 0 0 0.35 0
10   34.98978800 -078.88489500 xxx  72.16   122 0.0 0.0    37 161161  1 0 0 0.35 0
10   34.98986100 -078.88476600 xxx  45.36   122 0.0 0.0    37 161161  1 0 0 0.35 0
10   34.98975800 -078.88519300 xxx  96.29   122 0.0 0.0    37 161161  1 0 0 0.35 0
10   34.98983800 -078.88536100 xxx 123.63   122 0.0 0.0    37 161161  1 0 0 0.35 0
10   34.98994400 -078.88535300 xxx 166.45   122 0.0 0.0    37 161161  1 0 0 0.35 0
10   34.99159600 -078.88432300 xxx  22.33   122 0.0 0.0    37 161161  1 0 0 0.35 0
10   34.99166900 -078.88418600 xxx  53.90   122 0.0 0.0    37 161161  1 0 0 0.35 0
10   34.99159600 -078.88427000 xxx  37.48   122 0.0 0.0    37 161161  1 0 0 0.35 0
10   34.99007000 -078.88536800 xxx 192.80   122 0.0 0.0    37 161161  1 0 0 0.35 0
10   34.98970400 -078.88782500 xxx  77.21   122 0.0 0.0    37 161161  1 0 0 0.35 0
10   34.98944500 -078.88508600 xxx  53.90   122 0.0 0.0    37 161161  1 0 0 0.35 0
10   34.99382000 -078.88179000 xxx 237.31   122 0.0 0.0    37 161161  1 0 0 0.35 0
10   34.98968500 -078.88497200 xxx  53.90   122 0.0 0.0    37 161161  1 0 0 0.35 0
10   34.99382000 -078.88143200 xxx 195.45   122 0.0 0.0    37 161161  1 0 0 0.35 0
10   34.99349200 -078.88139300 xxx 328.13   122 0.0 0.0    37 161161  1 0 0 0.35 0
10   34.98956700 -078.88804600 xxx  25.03   122 0.0 0.0    37 161161  1 0 0 0.35 0
10   34.99336600 -078.88067600 xxx 226.27   122 0.0 0.0    37 161161  1 0 0 0.35 0
10   34.98912000 -078.88800000 xxx 134.32   122 0.0 0.0    37 161161  1 0 0 0.35 0
10   34.99775300 -078.87803600 xxx 322.34   122 0.0 0.0    37 161161  1 0 0 0.35 0
10   34.99809300 -078.87815100 xxx 188.63   122 0.0 0.0    37 161161  1 0 0 0.35 0
10   34.99759300 -078.87762500 xxx  82.84   122 0.0 0.0    37 161161  1 0 0 0.35 0
10   34.99760800 -078.87776200 xxx 274.15   122 0.0 0.0    37 161161  1 0 0 0.35 0
10   34.99062300 -078.88427000 xxx 172.95   122 0.0 0.0    37 161161  1 0 0 0.35 0
10   34.99746700 -078.87863900 xxx 233.23   122 0.0 0.0    37 161161  1 0 0 0.35 0
10   34.99729900 -078.87780800 xxx 174.42   122 0.0 0.0    37 161161  1 0 0 0.35 0
10   34.99741700 -078.87790700 xxx 142.06   122 0.0 0.0    37 161161  1 0 0 0.35 0
10   34.99752000 -078.87812800 xxx 285.68   122 0.0 0.0    37 161161  1 0 0 0.35 0
10   35.00084700 -078.87518300 xxx 174.42   122 0.0 0.0    37 161161  1 0 0 0.35 0
10   35.00095400 -078.87527500 xxx 320.94   122 0.0 0.0    37 161161  1 0 0 0.35 0
10   34.99081000 -078.88439900 xxx 123.17   122 0.0 0.0    37 161161  1 0 0 0.35 0
10   35.00098000 -078.87594600 xxx 236.57   122 0.0 0.0    37 161161  1 0 0 0.35 0
10   34.99112700 -078.88443800 xxx 161.82   122 0.0 0.0    37 161161  1 0 0 0.35 0
10   35.00132800 -078.87546500 xxx 334.30   122 0.0 0.0    37 161161  1 0 0 0.35 0
10   35.00164800 -078.87549600 xxx 190.99   122 0.0 0.0    37 161161  1 0 0 0.35 0
10   35.00114400 -078.87501500 xxx 271.20   122 0.0 0.0    37 161161  1 0 0 0.35 0
10   34.98847600 -078.87278700 xxx 283.21   100 0.0 0.0    41 161161  1 0 0 0.35 0
10   34.98843800 -078.87263500 xxx 316.97   100 0.0 0.0    41 161161  1 0 0 0.35 0
10   34.98914000 -078.88925900 xxx 115.67    70 0.0 0.0    50 161161  1 0 0 0.35 0
10   34.98928800 -078.88946500 xxx  67.68    50 0.0 0.0    50 161161  1 0 0 0.35 0
10   34.98919300 -078.88937400 xxx 132.62    50 0.0 0.0    50 161161  1 0 0 0.35 0
10   34.98917400 -078.88942000 xxx  40.00    50 0.0 0.0    50 161161  1 0 0 0.35 0
10   34.98912000 -078.88929700 xxx  20.00    50 0.0 0.0    50 161161  1 0 0 0.35 0
10   34.98924600 -078.88951900 xxx  53.90    50 0.0 0.0    50 161161  1 0 0 0.35 0
10   34.98934600 -078.88958700 xxx  63.09    50 0.0 0.0    50 161161  1 0 0 0.35 0
14   34.99157700 -078.88547500  100 0 ATC Tower
15   34.99359900 -078.88347600 300.00 General Aviation
15   34.99032600 -078.88781000   0.00 Passenger Terminal
18   34.99375500 -078.88742100 1 BCN
19   34.98477600 -078.88786300 1 WS
19   35.00204800 -078.87281800 1 WS
19   34.98864400 -078.88814500 1 WS
19   34.98673200 -078.87216900 1 WS
50 12125 ATIS
51 12295 UNICOM
54 11830 TWR
55 12170 GND
55 13300 APP/DEP
55 12780 APP/DEP
55 12517 APP/DEP
1      125 0 1 20W  Garland Brinks
100   30.48   3   0 0.25 0 0 0 09   34.76834737 -078.37875410    0.00    0.00 1  0 0 0 27   34.76921651 -078.37013702    0.00    0.00 1  0 0 0
100   60.96   3   0 0.25 0 0 0 01   34.76563184 -078.37464653    0.00    0.00 1  0 0 0 19   34.77193204 -078.37424459    0.00    0.00 1  0 0 0
19   34.76512707 -078.37568181 1 WS
19   34.76872231 -078.37914658 1 WS
19   34.76884155 -078.36974457 1 WS
19   34.77243681 -078.37320922 1 WS
1      160 0 1 2GC  GRAYS CREEK
100    9.14   1   0 0.25 0 1 0 17   34.88890600 -078.83657200    0.00    0.00 2  0 0 0 35   34.87942800 -078.83454200    0.00    0.00 2  0 0 0
110   1 0.30 170.04 Default taxiway for RWY 17
111  34.88889927 -078.83661870   3 102 
111  34.88886328 -078.83686842   3 102 
111  34.87938530 -078.83483816   3 102 
111  34.87942129 -078.83458847 
112  34.87950233 -078.83460583  34.87946142 -078.83459985   3 102 
111  34.87945288 -078.83465913   3 102 
112  34.87944148 -078.83473816  34.87943294 -078.83479744   3 102 
111  34.87947346 -078.83480612   3 102 
111  34.88411115 -078.83579954   3 102 
111  34.88414002 -078.83559924 
111  34.88418054 -078.83560792   3 102 
111  34.88415167 -078.83580822   3 102 
112  34.88878935 -078.83680166  34.88882988 -078.83681034   3 102 
111  34.88883842 -078.83675105   3 102 
112  34.88884982 -078.83667201  34.88885836 -078.83661272   3 102 
113  34.88881822 -078.83660134 
120 Default hold RWY 17 (near)
111  34.88888464 -078.83672021   4 
115  34.88884412 -078.83671153 
120 Default hold RWY 17 (centre)
111  34.88416591 -078.83570942   4 
115  34.88412539 -078.83570074 
120 Default hold RWY 17 (far)
111  34.87944718 -078.83469864   4 
115  34.87940666 -078.83468996 
18   34.88421724 -078.83521116 1 BCN
19   34.88900841 -078.83644115 1 WS
19   34.87932559 -078.83467283 1 WS
51 12290 CTAF
1       39 0 1 KACZ HENDERSON FLD
100   22.86   1   0 0.25 0 2 0 09   34.71741100 -078.01026100   45.42    0.00 2  0 0 0 27   34.71836100 -077.99700800   46.02    0.00 2  0 0 0
21   34.71787583 -078.00761324  1  85.01   3.00 09  VASI
21   34.71789598 -077.99966252  1 265.02   3.00 27  VASI
110   1 0.30  85.01 Default taxiway for RWY 09
111  34.71731077 -078.01025036   3 102 
111  34.71679617 -078.01019572   3 102 
111  34.71774689 -077.99694287   3 102 
111  34.71826149 -077.99699751 
112  34.71824360 -077.99724685  34.71825030 -077.99712194   3 102 
111  34.71812733 -077.99710888   3 102 
112  34.71796338 -077.99709147  34.71784041 -077.99707842   3 102 
111  34.71783147 -077.99720309   3 102 
111  34.71737847 -078.00351784   3 102 
111  34.71779060 -078.00356160 
111  34.71778166 -078.00368627   3 102 
111  34.71736953 -078.00364251   3 102 
112  34.71691653 -078.00995727  34.71690758 -078.01008193   3 102 
111  34.71703055 -078.01009499   3 102 
112  34.71719450 -078.01011239  34.71731747 -078.01012545   3 102 
113  34.71732866 -078.01000103 
120 Default hold RWY 09 (near)
111  34.71710358 -078.01022836   4 
115  34.71711252 -078.01010369 
120 Default hold RWY 09 (centre)
111  34.71757447 -078.00366427   4 
115  34.71758341 -078.00353960 
120 Default hold RWY 09 (far)
111  34.71804535 -077.99710018   4 
115  34.71805430 -077.99697551 
18   34.71860224 -078.00371141 1 BCN
19   34.71769916 -078.01054283 1 WS
19   34.71807281 -077.99672621 1 WS
51 12280 CTAF/UNICOM
55 12140 WILMINGTON APP/DEP
1       23 0 1 17NC Mitchell Field
100   27.43   3   0 0.25 0 0 0 15   34.46857989 -078.33071486    0.00    0.00 1  0 0 0 33   34.46397955 -078.32651016    0.00    0.00 1  0 0 0
19   34.46899990 -078.33053636 1 WS
19   34.46355954 -078.32668867 1 WS
1       58 0 1 NC86 ROCKING A FARM
100    7.62   1   0 0.25 0 0 0 05   34.73022500 -078.75670300  304.80    0.00 2  0 0 0 23   34.73813900 -078.75337800  304.80    0.00 2  0 0 0
110   1 0.30  19.05 Default taxiway for RWY 05
111  34.73021454 -078.75666615   3 
111  34.73015786 -078.75646639   3 
111  34.73807191 -078.75314168   3 
111  34.73812859 -078.75334147 
112  34.73806377 -078.75336870  34.73809545 -078.75335249   3 
111  34.73808202 -078.75330516   3 
112  34.73806412 -078.75324206  34.73805069 -078.75319473   3 
111  34.73801828 -078.75320835   3 
111  34.73414228 -078.75483666   3 
111  34.73418777 -078.75499700 
111  34.73415536 -078.75501062   3 
111  34.73410987 -078.75485028   3 
112  34.73023387 -078.75647859  34.73020146 -078.75649220   3 
111  34.73021489 -078.75653952   3 
112  34.73023279 -078.75660262  34.73024622 -078.75664994   3 
113  34.73027936 -078.75663892 
120 Default hold RWY 05 (near)
111  34.73019143 -078.75658469   4 
115  34.73022384 -078.75657107 
120 Default hold RWY 05 (centre)
111  34.73413225 -078.75492916   4 
115  34.73416466 -078.75491554 
120 Default hold RWY 05 (far)
111  34.73807307 -078.75327361   4 
115  34.73810548 -078.75326000 
19   34.73019330 -078.75684696 1 WS
19   34.73817070 -078.75323402 1 WS
1       50 0 1 NC48 Safe Field
100   21.34   3   0 0.25 0 0 0 10   34.75038421 -078.06498797    0.00    0.00 1  0 0 0 28   34.74995355 -078.05498649    0.00    0.00 1  0 0 0
19   34.75068187 -078.06520301 1 WS
19   34.74965587 -078.05477148 1 WS
1      148 0 1 KCTZ SAMPSON CO
100   22.86   1   0 0.25 0 2 0 06   34.97061400 -078.37211700    0.00    0.00 2  0 0 1 24   34.97926400 -078.35914200    0.00    0.00 2  0 0 1
21   34.97198334 -078.37064505  2  50.86   3.00 06  PAPI-4L
110   1 0.30  50.86 Default taxiway for RWY 06
111  34.97053596 -078.37203951   3 102 
111  34.97013529 -078.37164164   3 102 
111  34.97878598 -078.35866796   3 102 
111  34.97918665 -078.35906587 
112  34.97905681 -078.35926060  34.97911998 -078.35916151   3 102 
111  34.97902424 -078.35906642   3 102 
112  34.97889659 -078.35893965  34.97880084 -078.35884457   3 102 
111  34.97873592 -078.35894193   3 102 
111  34.97457288 -078.36518535   3 102 
111  34.97489377 -078.36550400 
111  34.97482884 -078.36560137   3 102 
111  34.97450795 -078.36528272   3 102 
112  34.97034491 -078.37152614  34.97027999 -078.37162351   3 102 
111  34.97037574 -078.37171858   3 102 
112  34.97050339 -078.37184534  34.97059913 -078.37194041   3 102 
113  34.97066580 -078.37184478 
120 Default hold RWY 06 (near)
111  34.97037464 -078.37187932   4 
115  34.97043956 -078.37178196 
120 Default hold RWY 06 (centre)
111  34.97466752 -078.36544118   4 
115  34.97473245 -078.36534381 
120 Default hold RWY 06 (far)
111  34.97896041 -078.35900304   4 
115  34.97902533 -078.35890567 
18   34.97549610 -078.36618476 1 BCN
19   34.97072245 -078.37254835 1 WS
19   34.97915550 -078.35871062 1 WS
50 11912 AWOS 3
51 12280 CTAF/UNICOM
55 13300 FAYETTEVILLE APP/DEP
1       60 0 1 9NC6 Sandy Run Acres
100   22.86   4   0 0.25 0 0 0 12   34.27660594 -078.16571859    0.00    0.00 1  0 0 0 30   34.27317628 -078.15594087    0.00    0.00 1  0 0 0
19   34.27696911 -078.16580251 1 WS
19   34.27281310 -078.15585699 1 WS
1      175 0 1 35W  Southern Comforts Aerodrome
100   60.96   3   0 0.25 0 0 0 01   34.86579655 -078.96593440    0.00    0.00 1  0 0 0 19   34.87675343 -078.96523450    0.00    0.00 1  0 0 0
19   34.86529177 -078.96697094 1 WS
19   34.87725820 -078.96419781 1 WS
1      163 0 1 06NC Tailwinds
100   27.43   3   0 0.25 0 0 0 09   34.82706543 -078.93458939    0.00    0.00 1  0 0 0 27   34.82793457 -078.92596617    0.00    0.00 1  0 0 0
19   34.82740287 -078.93494287 1 WS
19   34.82759711 -078.92561271 1 WS
1      105 0 1 NC78 Turbeville
100   30.48   3   0 0.25 0 0 0 08   34.20952567 -078.95801596    0.00    0.00 1  0 0 0 26   34.21081099 -078.95259572    0.00    0.00 1  0 0 0
19   34.20984557 -078.95847194 1 WS
19   34.21049108 -078.95213975 1 WS
1       99 0 1 5J9  TWIN CITY
100   18.29   1   0 0.25 0 1 0 08   34.08697800 -078.87077800   60.96    0.00 2  0 0 0 26   34.08983900 -078.85907200    0.00    0.00 2  0 0 0
21   34.08908674 -078.86106993  1 253.56   3.00 26  VASI
110   1 0.30  73.56 Default taxiway for RWY 08
111  34.08690123 -078.87075064   3 102 
111  34.08650446 -078.87060923   3 102 
111  34.08936602 -078.85890362   3 102 
111  34.08976279 -078.85904504 
112  34.08971619 -078.85923563  34.08973734 -078.85913956   3 102 
111  34.08964263 -078.85910580   3 102 
112  34.08951635 -078.85906080  34.08942164 -078.85902704   3 102 
111  34.08939834 -078.85912234   3 102 
111  34.08802581 -078.86473690   3 102 
111  34.08834366 -078.86485019 
111  34.08832036 -078.86494549   3 102 
111  34.08800251 -078.86483220   3 102 
112  34.08662997 -078.87044676  34.08660668 -078.87054205   3 102 
111  34.08670139 -078.87057581   3 102 
112  34.08682767 -078.87062082  34.08692238 -078.87065457   3 102 
113  34.08694782 -078.87056005 
120 Default hold RWY 08 (near)
111  34.08674123 -078.87069361   4 
115  34.08676453 -078.87059831 
120 Default hold RWY 08 (centre)
111  34.08816036 -078.86488846   4 
115  34.08818366 -078.86479316 
120 Default hold RWY 08 (far)
111  34.08957949 -078.85908330   4 
115  34.08960279 -078.85898801 
18   34.08896084 -078.86512373 1 BCN
19   34.08716818 -078.87105298 1 WS
19   34.08964879 -078.85879704 1 WS
51 12290 CTAF
55 11920 MYRTLE BEACH APP/DEP
1      125 0 1 NC69 Twin Oak
100   18.29   3   0 0.25 0 0 0 15   34.87352285 -078.47648580    0.00    0.00 1  0 0 0 33   34.86848437 -078.47185810    0.00    0.00 1  0 0 0
19   34.87380286 -078.47636622 1 WS
19   34.86820437 -078.47197768 1 WS
1       33 0 1 77NC WINNABOW
100   27.43   1   0 0.25 0 2 0 17   34.15696100 -078.10656100    0.00    0.00 2  0 0 0 35   34.14748900 -078.10455300  121.92    0.00 2  0 0 0
110   1 0.30 170.05 Default taxiway for RWY 17
111  34.15694006 -078.10670524   3 102 
111  34.15683302 -078.10744252   3 102 
111  34.14736104 -078.10543419   3 102 
111  34.14746808 -078.10469700 
112  34.14771123 -078.10474856  34.14758926 -078.10472545   3 102 
111  34.14756366 -078.10490174   3 102 
112  34.14752954 -078.10513679  34.14750394 -078.10531307   3 102 
111  34.14762552 -078.10533885   3 102 
111  34.15205757 -078.10627856   3 102 
111  34.15214328 -078.10568823 
111  34.15226486 -078.10571401   3 102 
111  34.15217915 -078.10630434   3 102 
112  34.15661120 -078.10724405  34.15673277 -078.10726982   3 102 
111  34.15675837 -078.10709352   3 102 
112  34.15679249 -078.10685844  34.15681809 -078.10668214   3 102 
113  34.15669691 -078.10665369 
120 Default hold RWY 17 (near)
111  34.15689701 -078.10700176   4 
115  34.15677543 -078.10697598 
120 Default hold RWY 17 (centre)
111  34.15222181 -078.10601052   4 
115  34.15210023 -078.10598474 
120 Default hold RWY 17 (far)
111  34.14754660 -078.10501926   4 
115  34.14742503 -078.10499348 
18   34.15237691 -078.10452905 1 BCN
19   34.15726814 -078.10617179 1 WS
19   34.14718186 -078.10494217 1 WS
1       35 0 1 NC65 Yonder
100   22.86   3   0 0.25 0 0 0 06   34.55697154 -078.27230996    0.00    0.00 1  0 0 0 24   34.56225400 -078.26379782    0.00    0.00 1  0 0 0
19   34.55709307 -078.27273396 1 WS
19   34.56213244 -078.26337380 1 WS
17     120 0 1 NC94 [H] Bladen County Hospital
102 H1   34.61961444 -078.62529084   0.00   21.34   21.34   2 2   0 0.25 0
19   34.61990245 -078.62494086 1 WS
17      80 0 1 10NC [H] Murphy Farms
102 H1   34.81350138 -078.02137473   0.00   22.86    7.62   2 2   0 0.25 0
19   34.81367144 -078.02125111 1 WS
17      27 0 1 05NC [H] The Brunswick Hospital
102 H1   34.00989388 -078.29222195   0.00    9.14    6.10   2 2   0 0.25 0
19   34.00998988 -078.29212268 1 WS