1       94 0 1 KOAJ ALBERT J ELLIS
100   45.72   1   0 0.25 0 3 0 05   34.82218900 -077.62041700    0.00    0.00 3  8 0 0 23   34.83612800 -077.60386700    0.00    0.00 2  0 0 1
21   34.82453352 -077.61832066  2  44.26   3.00 05  PAPI-4L
21   34.83455736 -077.60504544  2 224.27   3.00 23  PAPI-4L
110   1 0.30  44.26 Default taxiway for RWY 05
111  34.82204700 -077.62023949   3 102 
111  34.82132755 -077.61934014   3 102 
111  34.83526767 -077.60279275   3 102 
111  34.83598712 -077.60369226 
112  34.83569244 -077.60404205  34.83583821 -077.60386518   3 102 
111  34.83566592 -077.60364977   3 102 
112  34.83543620 -077.60336256  34.83526391 -077.60314715   3 102 
111  34.83511657 -077.60332205   3 102 
111  34.82851486 -077.61115849   3 102 
111  34.82909073 -077.61187842 
111  34.82894339 -077.61205332   3 102 
111  34.82836752 -077.61133339   3 102 
112  34.82176581 -077.61916982  34.82161847 -077.61934472   3 102 
111  34.82179076 -077.61956009   3 102 
112  34.82202048 -077.61984726  34.82219277 -077.62006263   3 102 
113  34.82234168 -077.61988969 
120 Default hold RWY 05 (near)
111  34.82175828 -077.61987857   4 
115  34.82190562 -077.61970368 
120 Default hold RWY 05 (centre)
111  34.82865467 -077.61169237   4 
115  34.82880201 -077.61151747 
120 Default hold RWY 05 (far)
111  34.83555106 -077.60350617   4 
115  34.83569840 -077.60333128 
18   34.83016213 -077.61340217 1 BCN
19   34.82232504 -077.62130522 1 WS
19   34.83599183 -077.60297866 1 WS
50 12447 AWOS 3
51 12300 CTAF/UNICOM
55 12140 WILMINGTON APP/DEP
1       35 0 1 39W  Bell Strip
100   22.86   3   0 0.25 0 0 0 17   34.99934864 -077.25928540    0.00    0.00 1  0 0 0 35   34.99152246 -077.25618128    0.00    0.00 1  0 0 0
19   34.99963923 -077.25900633 1 WS
19   34.99123187 -077.25646033 1 WS
1       21 1 1 KNJM BOGUE MCALF
100   29.26   4   0 0.25 1 3 0 05   34.68598300 -077.03336900    0.00   45.72 1 10 1 0 23   34.69428600 -077.02466900    0.00   45.72 1 10 1 0
21   34.68754415 -077.03221923  1  40.74   3.00 05  VASI
21   34.69272493 -077.02581905  1 220.75   3.00 23  VASI
18   34.69073463 -077.02987029 4 BCN
19   34.68604130 -077.03394194 1 WS
19   34.69422766 -077.02409600 1 WS
51 12645 CTAF
54 12645 TWR
55 11935 CHERRY POINT APP/DEP
55 12410 CHERRY POINT APP/DEP
1       31 0 1 07W  Brickhouse Fld
100   18.29   3   0 0.25 0 0 0 07   34.41218845 -077.95415464    0.00    0.00 1  0 0 0 25   34.41592431 -077.94526704    0.00    0.00 1  0 0 0
19   34.41233369 -077.95446824 1 WS
19   34.41577905 -077.94495344 1 WS
1       60 0 1 14NC CAMP DAVIS MCOLF
100   45.72   2   0 0.25 0 0 0 01   34.50927800 -077.55029700    0.00    0.00 2  0 0 0 19   34.52405600 -077.54970300    0.00    0.00 2  0 0 0
100   45.72   1   0 0.25 0 0 0 05   34.50305600 -077.56166700    0.00    0.00 2  0 0 0 23   34.51139200 -077.54861400    0.00    0.00 2  0 0 0
110   2 0.30   1.90 Default taxiway for RWY 01
111  34.50927127 -077.55005021  53 
111  34.50923715 -077.54879990  53 
111  34.52401515 -077.54820574  53 
111  34.52404927 -077.54945628 
112  34.52363805 -077.54947280  34.52384358 -077.54946181  53 
111  34.52383541 -077.54916234  53 
112  34.52382452 -077.54876304  34.52381634 -077.54846357  53 
111  34.52361073 -077.54847183  53 
111  34.51673576 -077.54874822  53 
111  34.51676308 -077.54974911 
111  34.51655747 -077.54975737  53 
111  34.51653015 -077.54875648  53 
112  34.50965517 -077.54903288  34.50944956 -077.54904115  53 
111  34.50945774 -077.54934057  53 
112  34.50946863 -077.54973980  34.50947680 -077.55003922  53 
113  34.50968249 -077.55003368 
110   1 0.30  52.22 Default taxiway for RWY 05
111  34.50289518 -077.56151574   3 
111  34.50208040 -077.56074942   3 
111  34.51041709 -077.54769764   3 
111  34.51123187 -077.54846404 
112  34.51097982 -077.54885865  34.51110407 -077.54865966   3 
111  34.51090895 -077.54847613   3 
112  34.51064879 -077.54823142  34.51045367 -077.54804788   3 
111  34.51032764 -077.54824520   3 
111  34.50647436 -077.55427781   3 
111  34.50712654 -077.55489123 
111  34.50700051 -077.55508854   3 
111  34.50634833 -077.55447512   3 
112  34.50249506 -077.56050774  34.50236903 -077.56070504   3 
111  34.50256415 -077.56088856   3 
112  34.50282431 -077.56113324  34.50301943 -077.56131676   3 
113  34.50314724 -077.56112113 
120 Default hold RWY 01 (near)
111  34.50925757 -077.54954845  54 
115  34.50946318 -077.54954019 
120 Default hold RWY 05 (near)
111  34.50256820 -077.56120821   4 
115  34.50269423 -077.56101090 
120 Default hold RWY 01 (centre)
111  34.51654377 -077.54925556  54 
115  34.51674938 -077.54924730 
120 Default hold RWY 05 (centre)
111  34.50667353 -077.55478100   4 
115  34.50679956 -077.55458369 
120 Default hold RWY 01 (far)
111  34.52382996 -077.54896269  54 
115  34.52403557 -077.54895443 
120 Default hold RWY 05 (far)
111  34.51077887 -077.54835377   4 
115  34.51090489 -077.54815647 
19   34.50888721 -077.55106208 1 WS
19   34.50329174 -077.56252040 1 WS
19   34.52444679 -077.54893778 1 WS
19   34.51115617 -077.54776055 1 WS
55 11935 CHERRY POINT APP
1       50 0 1 6NC6 Catino Ranch
100   18.29   3   0 0.25 0 0 0 16   34.79046202 -077.40009170    0.00    0.00 1  0 0 0 34   34.78319630 -077.39538776    0.00    0.00 1  0 0 0
19   34.79072323 -077.39992038 1 WS
19   34.78293509 -077.39555909 1 WS
1       46 0 1 32W  Deppe Landing Strip
100   30.48   3   0 0.25 0 0 0 06   34.85000749 -077.31912902    0.00    0.00 1  0 0 0 24   34.85642473 -077.30911988    0.00    0.00 1  0 0 0
19   34.85016281 -077.31970109 1 WS
19   34.85626935 -077.30854778 1 WS
1      115 0 1 6N9  Flying W
100   22.86   3   0 0.25 0 0 0 13   34.98345259 -077.70095953    0.00    0.00 1  0 0 0 31   34.98076351 -077.69570715    0.00    0.00 1  0 0 0
19   34.98382214 -077.70097378 1 WS
19   34.98039396 -077.69569292 1 WS
1       80 0 1 47W  Hell and Purgatory
100   45.72   3   0 0.25 0 0 0 05   34.96855110 -077.59488350    0.00    0.00 1  0 0 0 23   34.97621834 -077.58783262    0.00    0.00 1  0 0 0
19   34.96859391 -077.59578714 1 WS
19   34.97617549 -077.58692889 1 WS
1       40 0 1 NC95 Holly Ridge Topsail Island
100   26.82   3   0 0.25 0 2 0 14   34.49430401 -077.53553117    0.00    0.00 1  0 0 0 32   34.48769653 -077.52662773    0.00    0.00 1  0 0 0
18   34.49162811 -077.53039340 1 BCN
19   34.49473460 -077.53545489 1 WS
19   34.48726595 -077.52670406 1 WS
1       58 0 1 NC61 Jacksonville
100   22.86   3   0 0.25 0 1 0 08   34.80335356 -077.34500200    0.00    0.00 1  0 0 0 26   34.80530310 -077.33769468    0.00    0.00 1  0 0 0
18   34.80501182 -077.34161885 1 BCN
19   34.80358215 -077.34535591 1 WS
19   34.80507448 -077.33734078 1 WS
1       26 1 0 KNCA New River MCAS
100   45.72   1   0 0.25 0 3 1 05   34.70461400 -077.44845600    0.00    0.00 2  7 0 0 23   34.71455600 -077.43643100    0.00    0.00 2  0 0 0
100   45.72   1   0 0.25 0 3 1 01   34.70060300 -077.43668900    0.00    0.00 3  7 0 0 19   34.71376400 -077.43669700    0.00    0.00 3  0 0 0
21   34.70316901 -077.43718162  2 359.97   3.00 01  PAPI-4L
21   34.70617504 -077.44726070  2  44.83   3.00 05  PAPI-4L
21   34.71196435 -077.43620480  2 179.97   3.00 19  PAPI-4L
21   34.71299508 -077.43762668  2 224.84   3.00 23  PAPI-4L
10   34.70726000 -077.43884300 xxx 312.42  4000 0.0 0.0   150 161161  1 0 0 0.25 0
10   34.71355800 -077.44648700 xxx 223.02  3344 0.0 0.0   508 161161  1 0 0 0.25 0
10   34.70983100 -077.43825500 xxx 268.90  2307 0.0 0.0   150 161161  1 0 0 0.25 0
10   34.71509600 -077.44202400 xxx 224.63  1375 0.0 0.0  1060 161161  1 0 0 0.25 0
10   34.71654100 -077.44268800 xxx 263.76  1736 0.0 0.0   666 161161  1 0 0 0.25 0
10   34.71255500 -077.44719700 xxx 262.96  1316 0.0 0.0  1060 161161  1 0 0 0.25 0
10   34.70704700 -077.45031700 xxx 312.63  2031 0.0 0.0   275 161161  1 0 0 0.25 0
10   34.71590400 -077.44747900 xxx 262.71  1493 0.0 0.0   777 161161  1 0 0 0.25 0
10   34.70892300 -077.45021800 xxx 312.63  1159 0.0 0.0   819 161161  1 0 0 0.25 0
10   34.71163900 -077.44510700 xxx 223.02  1756 0.0 0.0   200 161161  1 0 0 0.25 0
10   34.71451200 -077.44742600 xxx 259.38  1375 0.0 0.0   436 161161  1 0 0 0.25 0
10   34.71514100 -077.43810300 xxx 112.25  1073 0.0 0.0   148 161161  1 0 0 0.25 0
10   34.71418000 -077.44435100 xxx 268.96   713 0.0 0.0   476 161161  1 0 0 0.25 0
10   34.71152900 -077.44444300 xxx 222.10   588 0.0 0.0   292 161161  1 0 0 0.25 0
10   34.71659100 -077.44001000 xxx 169.64   713 0.0 0.0   154 161161  1 0 0 0.25 0
10   34.70935400 -077.44763200 xxx 219.59   503 0.0 0.0   200 161161  1 0 0 0.25 0
10   34.70985400 -077.43428800 xxx 178.43   538 0.0 0.0   150 161161  1 0 0 0.25 0
10   34.71111300 -077.44422900 xxx 263.45   345 0.0 0.0   292 161161  1 0 0 0.25 0
10   34.71141400 -077.44393200 xxx 182.93   345 0.0 0.0   292 161161  1 0 0 0.25 0
10   34.71423300 -077.43670700 xxx 359.97   358 0.0 0.0   150 101101  1 0 0 0.25 0
10   34.70357100 -077.43446400 xxx 130.00   240 0.0 0.0   130 161161  1 0 0 0.25 0
10   34.71747200 -077.43981200 xxx 169.64   194 0.0 0.0   154 161161  1 0 0 0.25 0
14   34.71058300 -077.44245100    0 0 ATC Tower
15   34.70882400 -077.45028700   0.00 Ramp 1
15   34.71322600 -077.44736500   0.00 Ramp 2
15   34.71568700 -077.44255100   0.00 Ramp 3
15   34.70997600 -077.43428000  91.00 Terminal
18   34.71016300 -077.44315300 1 BCN
19   34.70519300 -077.44916500 1 WS
19   34.71397800 -077.43572200 1 WS
19   34.70060300 -077.43769100 1 WS
19   34.71376400 -077.43569900 1 WS
53 12180 GND
54 12000 TWR
55 12485 ARRIVAL
55 11935 CHERRY POINT APP/DEP
1       35 0 1 03NC Pilots Ridge
100   12.19   1   0 0.25 0 0 0 09   34.10387869 -077.90868769    0.00    0.00 2  0 0 0 27   34.10479797 -077.89964565    0.00    0.00 2  0 0 0
110   1 0.30  83.00 Default taxiway for RWY 09
111  34.10382647 -077.90867994   3 
111  34.10355199 -077.90863923   3 
111  34.10447160 -077.89959729   3 
111  34.10474608 -077.89963800 
112  34.10473271 -077.89976952  34.10473716 -077.89970343   3 
111  34.10467182 -077.89969374   3 
112  34.10458470 -077.89968082  34.10451936 -077.89967112   3 
111  34.10451268 -077.89973688   3 
111  34.10406959 -077.90409345   3 
111  34.10428962 -077.90412609 
111  34.10428293 -077.90419185   3 
111  34.10406290 -077.90415921   3 
112  34.10361982 -077.90851578  34.10361313 -077.90858154   3 
111  34.10367847 -077.90859124   3 
112  34.10376559 -077.90860416  34.10383093 -077.90861385   3 
113  34.10383985 -077.90854842 
120 Default hold RWY 09 (near)
111  34.10371534 -077.90866346   4 
115  34.10372203 -077.90859770 
120 Default hold RWY 09 (centre)
111  34.10417180 -077.90417537   4 
115  34.10417849 -077.90410961 
120 Default hold RWY 09 (far)
111  34.10462826 -077.89968728   4 
115  34.10463495 -077.89962152 
19   34.10402866 -077.90884344 1 WS
19   34.10464799 -077.89948992 1 WS
1       60 0 1 NC41 Sky Manor
100   25.91   3   0 0.25 0 2 0 08   34.71530225 -077.59792164    0.00    0.00 1  0 0 0 26   34.71836219 -077.58646448    0.00    0.00 1  0 0 0
18   34.71760701 -077.59249944 1 BCN
19   34.71556149 -077.59832238 1 WS
19   34.71810292 -077.58606376 1 WS
1       23 0 1 7NC1 Stag Air Park
100   38.10   3   0 0.25 0 0 0 11   34.52887027 -077.85512759    0.00    0.00 1  0 0 0 29   34.52701917 -077.84539519    0.00    0.00 1  0 0 0
19   34.52944718 -077.85539309 1 WS
19   34.52644223 -077.84512976 1 WS
1       40 0 1 5W9  Star Hill
100   22.86   3   0 0.25 0 1 0 05   34.70230786 -077.05418399    0.00    0.00 1  0 0 0 23   34.70801546 -077.04793269    0.00    0.00 1  0 0 0
18   34.70564254 -077.05170809 1 BCN
19   34.70236053 -077.05462913 1 WS
19   34.70796277 -077.04748752 1 WS
1       65 0 1 01NC Topsail Airpark
100   22.86   1   0 0.25 0 0 0 18   34.47799406 -077.58185197    0.00    0.00 2  0 0 0 36   34.47256148 -077.58092581    0.00    0.00 2  0 0 0
19   34.47824054 -077.58151765 1 WS
19   34.47231501 -077.58126011 1 WS
1       30 0 1 4NC5 Triple M
100   30.48   3   0 0.25 0 2 0 05   34.72763632 -077.05357384    0.00    0.00 1  0 0 0 23   34.73324200 -077.04743228    0.00    0.00 1  0 0 0
18   34.73108155 -077.05137128 1 BCN
19   34.72770777 -077.05416919 1 WS
19   34.73317052 -077.04683689 1 WS
1       30 0 1 8NC7 Whitewood Forest
100   27.43   3   0 0.25 0 0 0 04   34.56112020 -077.44248086    0.00    0.00 1  0 0 0 22   34.57032202 -077.43522414    0.00    0.00 1  0 0 0
19   34.56111482 -077.44302124 1 WS
19   34.57032737 -077.43468370 1 WS
1       32 1 0 KILM Wilmington Intl
100   60.96   2   0 0.25 0 3 1 06   34.26188600 -077.91030800    0.00  283.77 3  0 0 1 24   34.27652200 -077.89048100    0.00    0.00 3  0 0 0
100   45.72   1   0 0.25 0 3 1 17   34.28120000 -077.90914400    0.00  304.80 2  0 0 1 35   34.26320800 -077.90092200    0.00    0.00 3  8 0 0
21   34.26396725 -077.90829806  1  48.22   3.00 06  VASI
21   34.27964934 -077.90794789  1 159.31   3.00 17  VASI
21   34.27454376 -077.89235264  1 228.23   3.00 24  VASI
21   34.26574142 -077.90260162  2 339.31   3.00 35  PAPI-4L
10   34.26743500 -077.90286000 xxx  10.00   550 0.0 0.0   400 161161  1 0 0 0.25 0
10   34.26808200 -077.90157700 xxx  90.00  1000 0.0 0.0   150 161161  1 0 0 0.25 0
10   34.26801000 -077.90442500 xxx  90.00   700 0.0 0.0   150 161161  1 0 0 0.25 0
10   34.26572900 -077.90831700 xxx  49.00  2600 0.0 0.0   100 161161  1 0 0 0.25 0
10   34.26284600 -077.91078800 xxx 139.00   700 0.0 0.0   130 161161  1 0 0 0.25 0
10   34.26238500 -077.91001700 xxx   0.00   150 0.0 0.0   150 161161  1 0 0 0.25 0
10   34.26344800 -077.91103000 xxx   0.00   200 0.0 0.0   100 161161  1 0 0 0.25 0
10   34.26597900 -077.90450700 xxx 160.00  1700 0.0 0.0    66 161161  1 0 0 0.25 0
10   34.26696700 -077.90498700 xxx 160.00   600 0.0 0.0   100 161161  1 0 0 0.25 0
10   34.26960900 -077.90605900 xxx 158.00  1200 0.0 0.0    66 161161  1 0 0 0.25 0
10   34.26806600 -077.90679500 xxx  90.00   800 0.0 0.0    66 161161  1 0 0 0.25 0
10   34.26858700 -077.90437500 xxx  49.00   550 0.0 0.0   100 161161  1 0 0 0.25 0
10   34.27130500 -077.90024500 xxx  49.00  2600 0.0 0.0   100 161161  1 0 0 0.25 0
10   34.27080500 -077.90261300 xxx  90.00  1000 0.0 0.0   120 161161  1 0 0 0.25 0
10   34.27611700 -077.89441900 xxx  49.00  1900 0.0 0.0   100 161161  1 0 0 0.25 0
10   34.27407300 -077.89681500 xxx  13.50   300 0.0 0.0   120 161161  1 0 0 0.25 0
10   34.27336400 -077.89669000 xxx 110.00   328 0.0 0.0   200 161161  1 0 0 0.25 0
10   34.27295100 -077.89594900 xxx 137.17   328 0.0 0.0   200 161161  1 0 0 0.25 0
10   34.26774800 -077.90528100 xxx  30.00   250 0.0 0.0   150 161161  1 0 0 0.25 0
10   34.26829600 -077.90456900 xxx   0.00   100 0.0 0.0   100 161161  1 0 0 0.25 0
10   34.26785200 -077.90549100 xxx   0.00   200 0.0 0.0   200 161161  1 0 0 0.25 0
10   34.26800000 -077.90589700 xxx  30.00    60 0.0 0.0   100 161161  1 0 0 0.25 0
10   34.26822600 -077.90555400 xxx 199.69   150 0.0 0.0    66 161161  1 0 0 0.25 0
10   34.26822600 -077.90523400 xxx 120.00   150 0.0 0.0    66 161161  1 0 0 0.25 0
10   34.26461500 -077.90846900 xxx 139.00   800 0.0 0.0   130 161161  1 0 0 0.25 0
10   34.26511800 -077.90903400 xxx   5.00   200 0.0 0.0   200 161161  1 0 0 0.25 0
10   34.26398600 -077.90781600 xxx   5.00   200 0.0 0.0   200 161161  1 0 0 0.25 0
10   34.27058700 -077.90156300 xxx 355.00   150 0.0 0.0   100 161161  1 0 0 0.25 0
10   34.27706600 -077.89158300 xxx 139.00   700 0.0 0.0   150 161161  1 0 0 0.25 0
10   34.27638500 -077.89127200 xxx   5.00   150 0.0 0.0    80 161161  1 0 0 0.25 0
10   34.27741600 -077.89233400 xxx   5.00   100 0.0 0.0   150 161161  1 0 0 0.25 0
10   34.27383900 -077.90790000 xxx  70.00  1200 0.0 0.0    66 161161  1 0 0 0.25 0
10   34.27436600 -077.90625100 xxx  25.00   150 0.0 0.0   150 161161  1 0 0 0.25 0
10   34.27242300 -077.90782700 xxx 152.00  1000 0.0 0.0   100 161161  1 0 0 0.25 0
10   34.26902100 -077.90358800 xxx  15.00   300 0.0 0.0   300 161161  1 0 0 0.25 0
10   34.27107200 -077.90581000 xxx 100.00   900 0.0 0.0   120 161161  1 0 0 0.25 0
10   34.26391000 -077.89902000 xxx  70.00  1200 0.0 0.0    80 161161  1 0 0 0.25 0
10   34.26450400 -077.89783400 xxx 340.00   200 0.0 0.0   120 161161  1 0 0 0.25 0
10   34.26404400 -077.89713300 xxx 340.00   400 0.0 0.0   170 161161  1 0 0 0.25 0
10   34.26631800 -077.90940700 xxx  49.00   930 0.0 0.0   750 161161  1 0 0 0.25 0
10   34.26754500 -077.90850200 xxx  45.00   200 0.0 0.0   450 161161  1 0 0 0.25 0
10   34.26735500 -077.90797600 xxx   5.00   600 0.0 0.0   150 161161  1 0 0 0.25 0
10   34.26783500 -077.90836700 xxx   0.00   250 0.0 0.0   250 161161  1 0 0 0.25 0
10   34.27044500 -077.89369900 xxx   5.00   170 0.0 0.0   200 161161  1 0 0 0.25 0
10   34.27079300 -077.89395200 xxx   0.00   150 0.0 0.0    30 161161  1 0 0 0.25 0
10   34.27118300 -077.89403700 xxx 159.69   150 0.0 0.0    30 161161  1 0 0 0.25 0
10   34.27177400 -077.89454800 xxx 138.68   400 0.0 0.0    30 161161  1 0 0 0.25 0
10   34.27243700 -077.89526800 xxx 137.00   328 0.0 0.0   100 161161  1 0 0 0.25 0
10   34.27210700 -077.89489800 xxx   2.00    70 0.0 0.0    70 161161  1 0 0 0.25 0
10   34.26930000 -077.90775200 xxx  10.00  1300 0.0 0.0   100 161161  1 0 0 0.25 0
10   34.26591500 -077.89876800 xxx  45.00    75 0.0 0.0    75 161161  1 0 0 0.25 0
10   34.26346700 -077.90070100 xxx   0.00    70 0.0 0.0   120 161161  1 0 0 0.25 0
10   34.27834400 -077.91019000 xxx 170.00  1100 0.0 0.0   120 161161  1 0 0 0.25 0
10   34.27998500 -077.91039500 xxx  23.00   192 0.0 0.0   120 161161  1 0 0 0.25 0
10   34.28039400 -077.91008800 xxx  40.55   200 0.0 0.0   120 161161  1 0 0 0.25 0
10   34.28076400 -077.90954200 xxx  58.18   270 0.0 0.0   120 161161  1 0 0 0.25 0
10   34.28037400 -077.90963600 xxx  72.00   400 0.0 0.0   120 161161  1 0 0 0.25 0
10   34.28064200 -077.90939300 xxx  72.00   328 0.0 0.0   100 161161  1 0 0 0.25 0
10   34.28045200 -077.90905600 xxx  15.00   150 0.0 0.0   150 161161  1 0 0 0.25 0
10   34.26363800 -077.90343200 xxx 148.48   150 0.0 0.0    66 161161  1 0 0 0.25 0
10   34.26340300 -077.90312600 xxx 116.98   150 0.0 0.0    66 161161  1 0 0 0.25 0
10   34.26339100 -077.90197400 xxx  85.00   600 0.0 0.0    66 161161  1 0 0 0.25 0
10   34.26351800 -077.90161900 xxx  72.00   328 0.0 0.0    66 161161  1 0 0 0.25 0
10   34.26330900 -077.90183600 xxx 112.23   150 0.0 0.0    66 161161  1 0 0 0.25 0
10   34.26323800 -077.90139900 xxx  90.00   150 0.0 0.0    66 161161  1 0 0 0.25 0
10   34.26335300 -077.90136600 xxx  90.00   150 0.0 0.0    66 161161  1 0 0 0.25 0
10   34.26363800 -077.90140200 xxx 122.47    80 0.0 0.0    80 161161  1 0 0 0.25 0
10   34.26810800 -077.90800000 xxx  55.00   150 0.0 0.0   150 161161  1 0 0 0.25 0
10   34.26808000 -077.90783300 xxx  45.00   150 0.0 0.0   150 161161  1 0 0 0.25 0
10   34.27557600 -077.91008700 xxx 348.00  1200 0.0 0.0   450 161161  1 0 0 0.25 0
10   34.27397200 -077.90887100 xxx 150.00   328 0.0 0.0    66 161161  1 0 0 0.25 0
10   34.27360300 -077.90854700 xxx  15.00   150 0.0 0.0   150 161161  1 0 0 0.25 0
10   34.27285600 -077.90925000 xxx  16.00   800 0.0 0.0   130 161161  1 0 0 0.25 0
10   34.27319700 -077.90964000 xxx 348.00   600 0.0 0.0   100 161161  1 0 0 0.25 0
10   34.27378700 -077.90932800 xxx 348.00   250 0.0 0.0   250 161161  1 0 0 0.25 0
10   34.27326200 -077.90991900 xxx 348.00   500 0.0 0.0   200 161161  1 0 0 0.25 0
10   34.27318800 -077.90936100 xxx   0.00   150 0.0 0.0   150 161161  1 0 0 0.25 0
10   34.27340000 -077.90879300 xxx  72.00   150 0.0 0.0   100 161161  1 0 0 0.25 0
10   34.27163900 -077.91063300 xxx  25.00   400 0.0 0.0    30 161161  1 0 0 0.25 0
10   34.27215800 -077.91022700 xxx  71.59   100 0.0 0.0    30 161161  1 0 0 0.25 0
10   34.27219800 -077.90975500 xxx  90.00   200 0.0 0.0    30 161161  1 0 0 0.25 0
10   34.27145000 -077.90999600 xxx  18.00   550 0.0 0.0    80 161161  1 0 0 0.25 0
10   34.27159500 -077.90874700 xxx 152.00   650 0.0 0.0   400 161161  1 0 0 0.25 0
10   34.27131800 -077.90954700 xxx  90.00   300 0.0 0.0   150 161161  1 0 0 0.25 0
10   34.27163300 -077.90958500 xxx   0.00   200 0.0 0.0   200 161161  1 0 0 0.25 0
10   34.27085800 -077.90902900 xxx   0.00   250 0.0 0.0   200 161161  1 0 0 0.25 0
10   34.27058100 -077.90850300 xxx   0.00   150 0.0 0.0   150 161161  1 0 0 0.25 0
10   34.26968100 -077.90918100 xxx   0.00   450 0.0 0.0   250 161161  1 0 0 0.25 0
10   34.27082100 -077.90804600 xxx  52.51   300 0.0 0.0   100 161161  1 0 0 0.25 0
10   34.27071400 -077.90773300 xxx 127.00   200 0.0 0.0   100 161161  1 0 0 0.25 0
10   34.27097200 -077.90727600 xxx  90.00   400 0.0 0.0   150 161161  1 0 0 0.25 0
10   34.27094000 -077.90665900 xxx  28.94   200 0.0 0.0   150 161161  1 0 0 0.25 0
10   34.27114200 -077.90729100 xxx 316.47   100 0.0 0.0   100 161161  1 0 0 0.25 0
10   34.27075800 -077.90729100 xxx  45.00   150 0.0 0.0   100 161161  1 0 0 0.25 0
10   34.26947300 -077.90827400 xxx  90.00   328 0.0 0.0    66 161161  1 0 0 0.25 0
10   34.26981900 -077.90858700 xxx 142.51   350 0.0 0.0   100 161161  1 0 0 0.25 0
10   34.26929700 -077.90833500 xxx  32.00   170 0.0 0.0    66 161161  1 0 0 0.25 0
10   34.26966200 -077.90868600 xxx   0.00   100 0.0 0.0   100 161161  1 0 0 0.25 0
10   34.26926500 -077.90864000 xxx   0.00   150 0.0 0.0   150 161161  1 0 0 0.25 0
10   34.26944200 -077.90137800 xxx  45.00    70 0.0 0.0    70 101101  5 0 0 0.25 0
14   34.26592900 -077.89878600  105 0 ATC Tower
15   34.26587200 -077.90907700 150.00 KILM Ramp
18   34.26688700 -077.91033800 1 BCN
19   34.26186600 -077.90946900 1 WS
19   34.27587900 -077.89040200 1 WS
19   34.28058700 -077.90836000 1 WS
19   34.26395000 -077.90179400 1 WS
50 12110 ATIS
51 11990 CTAF
51 12295 UNICOM
53 12190 GND/CLNC DEL
54 11990 TWR
55 12140 APP/DEP
55 11825 APP/DEP
55 13575 APP/DEP
17     126 0 1 23NC [H] Duplin General Hospital
102 H1   34.96472222 -077.96166667   0.00   12.19   12.19   2 2   0 0.25 0
19   34.96488680 -077.96146584 1 WS