1     5262 0 0 P14  Holbrook Muni
100   22.86   1   0 0.25 0 2 1 03   34.93465800 -110.14475600  243.84    0.00 2  0 0 1 21   34.94883600 -110.13050800    0.00    0.00 2  0 0 1
100   36.58   5   0 0.25 0 0 0 11   34.94111400 -110.14416900    0.00    0.00 1  0 0 0 29   34.93666700 -110.13471900    0.00    0.00 1  0 0 0
21   34.93793234 -110.14194167  2  39.48   3.00 03  PAPI-4L
21   34.94725559 -110.13162102  2 219.49   3.00 21  PAPI-4L
10   34.94217700 -110.13626900 xxx  39.48  5897 0.0 0.0    38 161161  1 0 0 0.35 0
10   34.93524600 -110.14050300 xxx  39.48   870 0.0 0.0   476 161161  1 0 0 0.35 0
10   34.93482200 -110.14295200 xxx  98.48   925 0.0 0.0    38 161161  1 0 0 0.35 0
10   34.93575300 -110.14237200 xxx 129.48   625 0.0 0.0    38 161161  1 0 0 0.35 0
10   34.93615700 -110.14131900 xxx 129.48   461 0.0 0.0    38 161161  1 0 0 0.25 0
10   34.93906400 -110.13977100 xxx 129.48   230 0.0 0.0    38 161161  1 0 0 0.25 0
10   34.94854400 -110.13027200 xxx 129.48   225 0.0 0.0    38 161161  1 0 0 0.35 0
10   34.94581600 -110.13313300 xxx 129.48   225 0.0 0.0    38 161161  1 0 0 0.25 0
14   34.94274900 -110.13763400    0 0 ATC Tower
18   34.94200900 -110.13801600 1 BCN
19   34.93492100 -110.14514200 1 WS
19   34.94857800 -110.13011900 1 WS
19   34.94168500 -110.14376800 1 WS
19   34.93609600 -110.13511700 1 WS
50 11867 AWOS 3
51 12280 CTAF/UNICOM
1     6657 0 1 AZ82 MOGOLLON AIRPARK
100   15.24   1   0 0.25 0 0 0 03   34.39372500 -110.53358500    0.00  365.76 2  0 0 0 21   34.40079300 -110.52611500    0.00  213.36 2  0 0 0
21   34.39926135 -110.52730530  2 221.09   3.00 21  PAPI-4L
110   1 0.30  41.09 Default taxiway for RWY 03
111  34.39368141 -110.53352442   3 
111  34.39345459 -110.53320919   3 
111  34.40052282 -110.52573979   3 
111  34.40074964 -110.52605505 
112  34.40064627 -110.52616429  34.40069647 -110.52610761   3 
111  34.40064239 -110.52603244   3 
112  34.40057028 -110.52593222  34.40051620 -110.52585705   3 
111  34.40046452 -110.52591167   3 
111  34.39705962 -110.52950983   3 
111  34.39724137 -110.52976243 
111  34.39718968 -110.52981704   3 
111  34.39700793 -110.52956444   3 
112  34.39360303 -110.53316260  34.39355134 -110.53321721   3 
111  34.39360542 -110.53329237   3 
112  34.39367753 -110.53339258  34.39373161 -110.53346775   3 
113  34.39378478 -110.53341519 
120 Default hold RWY 03 (near)
111  34.39358979 -110.53339710   4 
115  34.39364147 -110.53334248 
120 Default hold RWY 03 (centre)
111  34.39709806 -110.52968971   4 
115  34.39714975 -110.52963510 
120 Default hold RWY 03 (far)
111  34.40060633 -110.52598233   4 
115  34.40065802 -110.52592771 
19   34.39375684 -110.53388213 1 WS
19   34.40076114 -110.52581784 1 WS
50 12290 AWOS 3
51 12290 UNICOM
1     5688 0 1 49E  Pleasant Valley Airstrip
100   10.67   5   0 0.25 0 0 0 06   34.15642343 -110.94162884    0.00    0.00 1  0 0 0 24   34.15977155 -110.92917616    0.00    0.00 1  0 0 0
19   34.15652941 -110.94179245 1 WS
19   34.15966555 -110.92901256 1 WS
1     6415 0 0 KSOW SHOW LOW RGNL
100   29.87   1   0 0.00 0 2 0 06   34.26376803 -110.01889763  213.06    0.00 2  0 0 1 24   34.26857397 -109.99571870  228.91    0.00 2  0 0 1
100   17.98   1   0 0.00 0 1 0 03   34.26055356 -110.00748090    0.00    0.00 2  0 0 0 21   34.26782644 -109.99782168    0.00    0.00 2  0 0 0
21   34.26500572 -110.01459708  2  75.91   3.00 06  PAPI-4L
21   34.26730372 -110.00018147  2 255.92   3.00 24  PAPI-4L
110   1 0.00   0.00 New Taxiway 19
111  34.26323124 -110.00310295 
111  34.26302412 -110.00339843 
111  34.26283455 -110.00367019   3 102 
111  34.26245980 -110.00415868   3 102 
111  34.26190443 -110.00360017   3 102 
112  34.26232997 -110.00300675  34.26240931 -110.00291075   3 102 
111  34.26240210 -110.00276240   3 102 
112  34.26269781 -110.00230861  34.26279157 -110.00218643   3 102 
111  34.26286370 -110.00232606   3 102 
111  34.26325586 -110.00277182   3 102 
111  34.26331356 -110.00271946 
113  34.26344244 -110.00285737 
110   1 0.00   0.00 New Taxiway 9
111  34.26176249 -110.00663659   3 102 
111  34.26166495 -110.00652513   3 102 
112  34.26136692 -110.00651202  34.26122061 -110.00668249 
112  34.26166495 -110.00612519  34.26159451 -110.00624976   3 102 
111  34.26170289 -110.00638745   3 102 
111  34.26183836 -110.00652513   3 102 
111  34.26197925 -110.00667081 
113  34.26188713 -110.00677572   3 102 
110   1 0.00   0.00 New Taxiway 8
111  34.26191422 -110.00810012   3 102 
111  34.26102553 -110.00790999   3 102 
111  34.26188713 -110.00677572 
111  34.26197925 -110.00667081   3 102 
111  34.26205511 -110.00675605   3 102 
111  34.26292213 -110.00558828 
111  34.26332312 -110.00624392 
113  34.26310095 -110.00651930   3 102 
110   1 0.00   0.00 New Taxiway 7
111  34.26469275 -110.00838409   3 102 
111  34.26402483 -110.00817085   3 102 
111  34.26451748 -110.00577057   3 102 
111  34.26481571 -110.00586927   3 102 
112  34.26494395 -110.00574243  34.26490557 -110.00562250   3 102 
111  34.26486590 -110.00555531 
111  34.26524811 -110.00578352   3 102 
112  34.26508916 -110.00582084  34.26503091 -110.00594026   3 102 
112  34.26459506 -110.00808141  34.26457394 -110.00817085   3 102 
113  34.26472881 -110.00821590 
110   1 0.00   0.00 New Taxiway 15
111  34.26310718 -110.00368415   3 102 
112  34.26331634 -110.00377403  34.26336683 -110.00376530 
112  34.26314685 -110.00399133  34.26316488 -110.00393809   3 102 
111  34.26302856 -110.00376705   3 102 
112  34.26283455 -110.00367019  34.26278550 -110.00372604 
114  34.26302412 -110.00339843  34.26292458 -110.00354155   3 102 
110   1 0.00   0.00 New Taxiway 15
111  34.26349666 -110.00310818   3 102 
112  34.26370582 -110.00319806  34.26375631 -110.00318934 
112  34.26353632 -110.00341536  34.26355436 -110.00336213   3 102 
111  34.26342525 -110.00318236   3 102 
112  34.26323124 -110.00310295  34.26313170 -110.00315007 
114  34.26344244 -110.00285737  34.26336455 -110.00294813   3 102 
110   1 0.00   0.00 New Taxiway 13
111  34.26467798 -110.00521690 
111  34.26437365 -110.00522587 
111  34.26420025 -110.00506851   3 102 
111  34.26348792 -110.00433376   3 102 
112  34.26317057 -110.00411297  34.26310710 -110.00418977 
112  34.26335304 -110.00387298  34.26332131 -110.00394978   3 102 
111  34.26359106 -110.00420896   3 102 
113  34.26419402 -110.00482333   3 102 
110   1 0.00   0.00 New Taxiway 12
111  34.26532745 -110.00539954 
111  34.26524811 -110.00578352 
111  34.26486590 -110.00555531   3 102 
111  34.26458277 -110.00535130   3 102 
111  34.26437365 -110.00522587 
112  34.26467798 -110.00521690  34.26479698 -110.00531290   3 102 
114  34.26508260 -110.00548569  34.26523334 -110.00557208   3 102 
110   1 0.00   0.00 New Taxiway 11
111  34.26357708 -110.00655031 
111  34.26332312 -110.00624392 
111  34.26292213 -110.00558828   3 102 
111  34.26356082 -110.00473413   3 102 
111  34.26399433 -110.00517998   3 102 
112  34.26412438 -110.00518653  34.26418399 -110.00515375   3 102 
111  34.26420025 -110.00506851 
111  34.26437365 -110.00522587   3 102 
111  34.26421650 -110.00539634 
111  34.26414064 -110.00540946 
113  34.26410812 -110.00578974   3 102 
110   1 0.00   0.00 New Taxiway 1
111  34.26635745 -110.00025774   3 102 
111  34.26638795 -109.99983698 
113  34.26669149 -109.99921013 
110   1 0.00   0.00 New Taxiway 3
111  34.26569419 -110.00573282   3 102 
111  34.26634111 -110.00592871 
111  34.26629938 -110.00615229   3 102 
111  34.26623381 -110.00604410   3 102 
111  34.26566313 -110.00585810   3 102 
112  34.26543212 -110.00593686  34.26534271 -110.00606668 
114  34.26551378 -110.00554879  34.26549590 -110.00559928   3 102 
110   1 0.00  75.91 Default taxiway for RWY 06
111  34.26376803 -110.01889763   3 102 
111  34.26255004 -110.01855070   3 102 
111  34.26320727 -110.01529343   3 102 
111  34.26469275 -110.00838409 
111  34.26472881 -110.00821590   3 102 
111  34.26524811 -110.00578352 
111  34.26532745 -110.00539954   3 102 
111  34.26631382 -110.00051256   3 102 
111  34.26635745 -110.00025774 
111  34.26669149 -109.99921013   3 102 
111  34.26677521 -109.99862612 
111  34.26687136 -109.99815347   3 102 
111  34.26694759 -109.99780024   3 102 
111  34.26743101 -109.99544295   3 102 
112  34.26760381 -109.99513176  34.26772680 -109.99516843   3 102 
111  34.26791347 -109.99521406   3 102 
112  34.26805109 -109.99558756  34.26810196 -109.99560044   3 102 
111  34.26857397 -109.99571870 
112  34.26841828 -109.99592789  34.26837082 -109.99583766   3 102 
111  34.26786957 -109.99571748   3 102 
112  34.26770994 -109.99567693  34.26755031 -109.99563638   3 102 
111  34.26751692 -109.99581320   3 102 
111  34.26706929 -109.99785666   3 102 
111  34.26712746 -109.99779592 
111  34.26703435 -109.99814515   3 102 
111  34.26691804 -109.99872147 
111  34.26686386 -109.99897772 
111  34.26683849 -109.99925199   3 102 
111  34.26551378 -110.00554879 
111  34.26543212 -110.00593686   3 102 
111  34.26353821 -110.01483162 
111  34.26342496 -110.01535811   3 102 
112  34.26284867 -110.01821950  34.26282249 -110.01837172   3 102 
111  34.26303041 -110.01839728   3 102 
111  34.26342481 -110.01849840 
112  34.26342481 -110.01849840  34.26358378 -110.01844296   3 102 
113  34.26388221 -110.01836996 
110   1 0.00   0.00 New Taxiway 4
111  34.26342496 -110.01535811 
111  34.26353821 -110.01483162   3 102 
111  34.26357397 -110.01509847   3 102 
111  34.26384220 -110.01519747   3 102 
112  34.26425945 -110.01533450  34.26429522 -110.01533450   3 102 
111  34.26441443 -110.01526959 
113  34.26434290 -110.01562299   3 102 
110   1 0.00   0.00 New Taxiway 3
112  34.26761010 -109.99748603  34.26766192 -109.99764014 
111  34.26749683 -109.99726554   3 102 
111  34.26824778 -109.99630693   3 102 
111  34.26830688 -109.99639036 
111  34.26821823 -109.99684923   3 102 
112  34.26799661 -109.99686710  34.26791288 -109.99697437   3 102 
113  34.26780946 -109.99709952   3 102 
110   1 0.00   0.00 New Taxiway 2
111  34.26781659 -109.99766674   3 102 
111  34.26812958 -109.99729090 
113  34.26801682 -109.99782736 
110   1 0.00  47.66 Default taxiway for RWY 03
111  34.26344244 -110.00285737 
111  34.26331356 -110.00271946   3 102 
111  34.26659286 -109.99841877   3 
111  34.26687136 -109.99815347 
111  34.26703435 -109.99814515 
111  34.26712746 -109.99779592   3 102 
111  34.26749683 -109.99726554 
111  34.26761010 -109.99748603   3 102 
111  34.26781659 -109.99766674 
111  34.26801682 -109.99782736   3 102 
111  34.26787284 -109.99789916 
111  34.26782644 -109.99782168 
111  34.26776610 -109.99778469   3 102 
112  34.26754073 -109.99761778  34.26746282 -109.99756078   3 102 
111  34.26743327 -109.99762073   3 102 
111  34.26703435 -109.99814515 
111  34.26670313 -109.99854054   3 102 
111  34.26439642 -110.00163027   3 102 
113  34.26384248 -110.00234380   3 102 
110   1 0.00   0.00 New Taxiway 6
111  34.26670313 -109.99854054 
111  34.26681954 -109.99839370 
111  34.26691804 -109.99872147   3 102 
111  34.26705101 -109.99874530 
111  34.26686386 -109.99897772 
113  34.26677521 -109.99862612 
120 Linear Feature 18
111  34.26566313 -110.00585810  54 103 
115  34.26569419 -110.00573282 
120 Linear Feature 17
111  34.26297309 -110.01866829  54 103 
115  34.26303041 -110.01839728 
120 Linear Feature 16
111  34.26359106 -110.00420896  54 103 
115  34.26348792 -110.00433376 
120 Linear Feature 10
111  34.26183836 -110.00652513  54 103 
115  34.26176249 -110.00663659 
120 Linear Feature 5
111  34.26377663 -110.01546432  54 103 
115  34.26384220 -110.01519747 
120 Linear Feature 2
111  34.26655485 -110.00057041  54 103 
115  34.26631382 -110.00051256 
120 Linear Feature 8
111  34.26780946 -109.99709952  54 103 
115  34.26771588 -109.99698629 
120 Linear Feature 7
111  34.26754073 -109.99761778  54 103 
115  34.26761010 -109.99748603 
120 Linear Feature 5
111  34.26677521 -109.99862612   3 102 
111  34.26670313 -109.99854054  54 103 
115  34.26659286 -109.99841877 
120 Linear Feature 4
111  34.26706929 -109.99785666   5 103 
115  34.26694759 -109.99780024 
120 Linear Feature 1
111  34.26786957 -109.99571748  54 103 
115  34.26794823 -109.99532882 
18   34.26710294 -110.00759345 1 BCN
19   34.26052759 -110.00700032 1 WS
19   34.26410729 -110.01930712 1 WS
19   34.26775035 -109.99747961 1 WS
19   34.26823463 -109.99530995 1 WS
50 11807 AWOS 3
51 12300 CTAF/UNICOM
1     5820 0 1 KTYL TAYLOR
100   22.86   1   0 0.25 0 2 0 03   34.44540000 -110.12266900    0.00    0.00 2  0 0 1 21   34.46031400 -110.10697200   60.96    0.00 2  0 0 1
21   34.44695657 -110.12151412  2  40.95   3.00 03  PAPI-4L
21   34.45834328 -110.10856353  2 220.96   3.00 21  PAPI-4L
110   1 0.30  40.95 Default taxiway for RWY 03
111  34.44533406 -110.12257685   3 102 
111  34.44499551 -110.12210375   3 102 
111  34.45991051 -110.10640945   3 102 
111  34.46024906 -110.10688264 
112  34.46009368 -110.10704614  34.46016989 -110.10696233   3 102 
111  34.46008900 -110.10684926   3 102 
112  34.45998113 -110.10669850  34.45990023 -110.10658543   3 102 
111  34.45982254 -110.10666718   3 102 
111  34.45255927 -110.11430995   3 102 
111  34.45283041 -110.11468887 
111  34.45275272 -110.11477062   3 102 
111  34.45248158 -110.11439170   3 102 
112  34.44521830 -110.12203446  34.44514061 -110.12211621   3 102 
111  34.44522151 -110.12222926   3 102 
112  34.44532938 -110.12237999  34.44541027 -110.12249304   3 102 
113  34.44548944 -110.12241335 
120 Default hold RWY 03 (near)
111  34.44519775 -110.12238638   4 
115  34.44527544 -110.12230463 
120 Default hold RWY 03 (centre)
111  34.45261641 -110.11458013   4 
115  34.45269410 -110.11449838 
120 Default hold RWY 03 (far)
111  34.46003506 -110.10677388   4 
115  34.46011275 -110.10669213 
18   34.45332717 -110.11548157 1 BCN
19   34.44544597 -110.12311387 1 WS
19   34.46026798 -110.10652706 1 WS
50 11907 AWOS 3
51 12270 CTAF/UNICOM
17    6500 0 1 AZ75 [H] Navapache Regional Medical Center
102 H1   34.20337583 -110.01816473   0.00   12.19   12.19   2 2   0 0.25 0
19   34.20354041 -110.01796573 1 WS