1     6440 0 1 07E  Navajo Nr 5
100   18.29   4   0 0.25 0 0 0 04   34.88331862 -109.43259679    0.00    0.00 1  0 0 0 22   34.89007360 -109.42205655    0.00    0.00 1  0 0 0
19   34.88341182 -109.43294017 1 WS
19   34.88998038 -109.42171315 1 WS
1     5736 0 1 KSJN ST JOHNS INDUSTRIAL AIR PARK
100   22.86   1   0 0.25 0 2 0 14   34.52617500 -109.38272200    0.00    0.00 2  0 0 1 32   34.51373300 -109.37345300   28.04    0.00 2  0 0 1
100   18.29   1   0 0.25 0 0 0 03   34.51266400 -109.38319200   57.91    0.00 2  0 0 0 21   34.52012500 -109.37640800    0.00    0.00 2  0 0 0
21   34.52479850 -109.38126788  2 148.46   3.00 14  PAPI-4L
21   34.51532469 -109.37506696  2 328.46   3.00 32  PAPI-4L
110   1 0.30  36.84 Default taxiway for RWY 03
111  34.51261601 -109.38311426   3 
111  34.51236797 -109.38271245   3 
111  34.51982916 -109.37592902   3 
111  34.52007720 -109.37633086 
112  34.51994548 -109.37645061  34.52000999 -109.37638855   3 
111  34.51995079 -109.37629263   3 
112  34.51987185 -109.37616474  34.51981264 -109.37606882   3 
111  34.51974678 -109.37612870   3 
111  34.51618083 -109.37937073   3 
111  34.51637953 -109.37969263 
111  34.51631367 -109.37975250   3 
111  34.51611497 -109.37943060   3 
112  34.51254903 -109.38267262  34.51248317 -109.38273249   3 
111  34.51254238 -109.38282840   3 
112  34.51262132 -109.38295628  34.51268052 -109.38305219   3 
113  34.51274773 -109.38299451 
110   1 0.30 148.46 Default taxiway for RWY 14
111  34.52612236 -109.38282608   3 102 
111  34.52585212 -109.38336042   3 102 
111  34.51341047 -109.37408994   3 102 
111  34.51368071 -109.37355568 
112  34.51385603 -109.37368631  34.51376720 -109.37362332   3 102 
111  34.51370262 -109.37375098   3 102 
112  34.51361652 -109.37392120  34.51355194 -109.37404887   3 102 
111  34.51363960 -109.37411419   3 102 
111  34.51964127 -109.37858613   3 102 
111  34.51985770 -109.37815822 
111  34.51994537 -109.37822354   3 102 
111  34.51972894 -109.37865145   3 102 
112  34.52573061 -109.38312338  34.52581827 -109.38318870   3 102 
111  34.52588285 -109.38306101   3 102 
112  34.52596895 -109.38289077  34.52603353 -109.38276308   3 102 
113  34.52594704 -109.38269544 
120 Default hold RWY 03 (near)
111  34.51251599 -109.38295222   4 
115  34.51258185 -109.38289234 
120 Default hold RWY 14 (near)
111  34.52601356 -109.38304121   4 
115  34.52592590 -109.38297589 
120 Default hold RWY 03 (centre)
111  34.51621365 -109.37959045   4 
115  34.51627951 -109.37953058 
120 Default hold RWY 14 (centre)
111  34.51983657 -109.37843866   4 
115  34.51974890 -109.37837334 
120 Default hold RWY 03 (far)
111  34.51991132 -109.37622868   4 
115  34.51997718 -109.37616881 
120 Default hold RWY 14 (far)
111  34.51365957 -109.37383609   4 
115  34.51357191 -109.37377078 
18   34.52033047 -109.37734369 1 BCN
19   34.51268029 -109.38355153 1 WS
19   34.52651104 -109.38253485 1 WS
19   34.51339697 -109.37364016 1 WS
19   34.52010868 -109.37604844 1 WS
50 13217 ASOS
51 12280 CTAF/UNICOM
1     7051 0 1 D68  TOWN OF SPRINGERVILLE MUNI
100   22.86   1   0 0.25 0 2 0 03   34.12198100 -109.32075800    0.00    0.00 2  0 0 0 21   34.13867200 -109.30150800    0.00    0.00 2  0 0 0
100   18.29   1   0 0.25 0 2 0 11   34.13637800 -109.31094400    0.00    0.00 2  0 0 0 29   34.12869400 -109.29891900    0.00    0.00 2  0 0 0
21   34.12349069 -109.31951973  2  43.67   3.00 03  PAPI-4L
21   34.13550010 -109.30901574  2 127.66   3.00 11  PAPI-4L
21   34.13716251 -109.30274686  2 223.68   3.00 21  PAPI-4L
21   34.12957208 -109.30084696  2 307.67   3.00 29  PAPI-4L
110   1 0.30  43.67 Default taxiway for RWY 03
111  34.12191153 -109.32067008   3 102 
111  34.12155487 -109.32021871   3 102 
111  34.13824737 -109.30097241   3 102 
111  34.13860403 -109.30142387 
112  34.13845522 -109.30159545  34.13852807 -109.30150769   3 102 
111  34.13844284 -109.30139981   3 102 
112  34.13832921 -109.30125597  34.13824398 -109.30114810   3 102 
111  34.13816958 -109.30123389   3 102 
111  34.13000934 -109.31064255   3 102 
111  34.13029498 -109.31100408 
111  34.13022058 -109.31108988   3 102 
111  34.12993494 -109.31072835   3 102 
112  34.12177471 -109.32013701  34.12170030 -109.32022280   3 102 
111  34.12178553 -109.32033066   3 102 
112  34.12189916 -109.32047447  34.12198439 -109.32058233   3 102 
113  34.12206035 -109.32049850 
110   1 0.30 127.66 Default taxiway for RWY 11
111  34.13631464 -109.31100309   3 102 
111  34.13598716 -109.31130849   3 102 
111  34.12830375 -109.29928237   3 102 
111  34.12863123 -109.29897699 
112  34.12873179 -109.29913439  34.12867973 -109.29905735   3 102 
111  34.12860156 -109.29913024   3 102 
112  34.12849733 -109.29922743  34.12841917 -109.29930032   3 102 
111  34.12846945 -109.29937902   3 102 
111  34.13218545 -109.30519533   3 102 
111  34.13244779 -109.30495068 
111  34.13249807 -109.30502938   3 102 
111  34.13223573 -109.30527403   3 102 
112  34.13595174 -109.31109034  34.13600202 -109.31116904   3 102 
111  34.13608018 -109.31109614   3 102 
112  34.13618441 -109.31099895  34.13626258 -109.31092605   3 102 
113  34.13621408 -109.31084569 
120 Default hold RWY 03 (near)
111  34.12176794 -109.32048836   4 
115  34.12184235 -109.32040257 
120 Default hold RWY 11 (near)
111  34.13618258 -109.31112624   4 
115  34.13613230 -109.31104754 
120 Default hold RWY 03 (centre)
111  34.13007699 -109.31090813   4 
115  34.13015139 -109.31082233 
120 Default hold RWY 11 (centre)
111  34.13236601 -109.30515254   4 
115  34.13231573 -109.30507384 
120 Default hold RWY 03 (far)
111  34.13838603 -109.30132789   4 
115  34.13846044 -109.30124210 
120 Default hold RWY 11 (far)
111  34.12854945 -109.29917884   4 
115  34.12849917 -109.29910014 
18   34.13299249 -109.30450605 1 BCN
19   34.12204430 -109.32119802 1 WS
19   34.13667398 -109.31091916 1 WS
19   34.12839802 -109.29894389 1 WS
19   34.13860863 -109.30106790 1 WS
51 12280 CTAF/UNICOM
1     6066 0 1 21AZ WHITE MOUNTAIN LAKE
100   15.24   1   0 0.25 0 0 0 12   34.35611100 -109.97500000    0.00    0.00 2  0 0 0 30   34.34861100 -109.96528100    0.00    0.00 2  0 0 0
110   1 0.30 133.07 Default taxiway for RWY 12
111  34.35606254 -109.97505486   3 
111  34.35581040 -109.97534031   3 
111  34.34831078 -109.96562041   3 
111  34.34856292 -109.96533498 
112  34.34865657 -109.96545635  34.34860811 -109.96539753   3 
111  34.34854799 -109.96546559   3 
112  34.34846783 -109.96555633  34.34840771 -109.96562439   3 
111  34.34845453 -109.96568507   3 
111  34.35208728 -109.97039330   3 
111  34.35228932 -109.97016458 
111  34.35233614 -109.97022527   3 
111  34.35213410 -109.97045399   3 
112  34.35576685 -109.97516223  34.35581368 -109.97522291   3 
111  34.35587380 -109.97515484   3 
112  34.35595396 -109.97506409  34.35601408 -109.97499603   3 
113  34.35596889 -109.97493349 
120 Default hold RWY 12 (near)
111  34.35596070 -109.97517016   4 
115  34.35591388 -109.97510947 
120 Default hold RWY 12 (centre)
111  34.35223430 -109.97034056   4 
115  34.35218748 -109.97027987 
120 Default hold RWY 12 (far)
111  34.34850791 -109.96551096   4 
115  34.34846108 -109.96545027 
19   34.35635495 -109.97495121 1 WS
19   34.34836706 -109.96532981 1 WS