1     5194 0 1 E80  ALEXANDER MUNI
100   18.29   1   0 0.25 0 2 0 03   34.63876900 -106.84145800    0.00    0.00 2  0 0 0 21   34.65158900 -106.82594400    0.00    0.00 2  0 0 0
21   34.65013488 -106.82726962  1 224.88   3.00 21  VASI
110   1 0.30  44.87 Default taxiway for RWY 03
111  34.63871253 -106.84138905   3 102 
111  34.63842068 -106.84103269   3 102 
111  34.65124166 -106.82552102   3 102 
111  34.65153351 -106.82587744 
112  34.65141687 -106.82601856  34.65147361 -106.82594606   3 102 
111  34.65140394 -106.82586099   3 102 
112  34.65131106 -106.82574755  34.65124139 -106.82566248   3 102 
111  34.65118307 -106.82573304   3 102 
111  34.64491838 -106.83331247   3 102 
111  34.64515218 -106.83359797 
111  34.64509386 -106.83366853   3 102 
111  34.64486006 -106.83338303   3 102 
112  34.63859537 -106.84096245  34.63853705 -106.84103301   3 102 
111  34.63860672 -106.84111808   3 102 
112  34.63869960 -106.84123149  34.63876927 -106.84131655   3 102 
113  34.63882917 -106.84124793 
120 Default hold RWY 03 (near)
111  34.63859484 -106.84124534   4 
115  34.63865316 -106.84117478 
120 Default hold RWY 03 (centre)
111  34.64497617 -106.83352481   4 
115  34.64503449 -106.83345425 
120 Default hold RWY 03 (far)
111  34.65135750 -106.82580427   4 
115  34.65141582 -106.82573371 
18   34.64558484 -106.83419966 1 BCN
19   34.63882652 -106.84181178 1 WS
19   34.65153143 -106.82559018 1 WS
51 12290 CTAF
55 12390 ALBUQUERQUE APP/DEP
1     6500 0 1 NM02 Biplane Ranch
100   15.24   3   0 0.25 0 0 0 09   34.92284960 -106.17085787    0.00    0.00 1  0 0 0 27   34.92169816 -106.16363325    0.00    0.00 1  0 0 0
19   34.92307771 -106.17097420 1 WS
19   34.92147005 -106.16351694 1 WS
1     5218 0 1 55E  Burris Ranch Nr 1
100   15.24   4   0 0.25 0 0 0 01   34.47699524 -106.61605829    0.00    0.00 1  0 0 0 19   34.48979920 -106.61009561    0.00    0.00 1  0 0 0
100   12.19   4   0 0.25 0 0 0 08   34.48351690 -106.62139490    0.00    0.00 1  0 0 0 26   34.48327754 -106.60475900    0.00    0.00 1  0 0 0
19   34.47694092 -106.61635089 1 WS
19   34.48368336 -106.62152452 1 WS
19   34.48311107 -106.60462941 1 WS
19   34.48985351 -106.60980295 1 WS
1     6100 0 1 E92  Estancia Municipal
100   15.24   5   0 0.25 0 0 0 08   34.76348907 -106.04808241    0.00    0.00 1  0 0 0 26   34.76329759 -106.03472871    0.00    0.00 1  0 0 0
19   34.76369714 -106.04824498 1 WS
19   34.76308950 -106.03456618 1 WS
1     6135 0 1 NM49 J & M Farms
100   15.24   4   0 0.25 0 0 0 17   34.58830890 -106.07514659    0.00    0.00 1  0 0 0 35   34.57459608 -106.07543731    0.00    0.00 1  0 0 0
19   34.58844244 -106.07489383 1 WS
19   34.57446254 -106.07569003 1 WS
1     4830 0 1 E98  MID VALLEY AIRPARK
100   11.28   1   0 0.25 0 1 0 18   34.76555600 -106.74445000   60.96    0.00 2  0 0 0 36   34.75361400 -106.74583100  163.07    0.00 2  0 0 0
110   1 0.30 185.43 Default taxiway for RWY 18
111  34.76556059 -106.74450877   3 102 
111  34.76558480 -106.74481897   3 102 
111  34.75364281 -106.74620012   3 102 
111  34.75361860 -106.74588996 
112  34.75371963 -106.74587827  34.75366933 -106.74588685   3 102 
111  34.75367509 -106.74596063   3 102 
112  34.75368277 -106.74605901  34.75368853 -106.74613279   3 102 
111  34.75373904 -106.74612694   3 102 
111  34.75958375 -106.74545097   3 102 
111  34.75956434 -106.74520228 
111  34.75961485 -106.74519644   3 102 
111  34.75963426 -106.74544513   3 102 
112  34.76547896 -106.74476916  34.76552948 -106.74476331   3 102 
111  34.76552372 -106.74468952   3 102 
112  34.76551604 -106.74459113  34.76551028 -106.74451733   3 102 
113  34.76545955 -106.74452046 
120 Default hold RWY 18 (near)
111  34.76557040 -106.74463448   4 
115  34.76551988 -106.74464032 
120 Default hold RWY 18 (centre)
111  34.75962466 -106.74532215   4 
115  34.75957415 -106.74532799 
120 Default hold RWY 18 (far)
111  34.75367893 -106.74600982   4 
115  34.75362841 -106.74601566 
18   34.75955326 -106.74471163 1 BCN
19   34.76564277 -106.74425549 1 WS
19   34.75352723 -106.74602548 1 WS
51 12290 CTAF
1     6164 0 1 57E  Monte Prieto Ranch
100   15.24   4   0 0.25 0 0 0 01   34.08611837 -106.12035390    0.00    0.00 1  0 0 0 19   34.09123995 -106.11798000    0.00    0.00 1  0 0 0
19   34.08606405 -106.12064514 1 WS
19   34.09129426 -106.11768874 1 WS
1     6199 0 1 0E0  MORIARTY
100   22.86   1   0 0.25 0 2 0 08   34.98560800 -106.02231900    0.00    0.00 2  0 0 1 26   34.98560800 -105.99661100    0.00    0.00 2  0 0 1
110   1 0.30  89.99 Default taxiway for RWY 08
111  34.98550739 -106.02231898   3 102 
111  34.98499083 -106.02231890   3 102 
111  34.98499354 -105.99661090   3 102 
111  34.98551010 -105.99661098 
112  34.98551007 -105.99686208  34.98550784 -105.99673653   3 102 
111  34.98538440 -105.99673651   3 102 
112  34.98521983 -105.99673649  34.98509639 -105.99673647   3 102 
111  34.98509637 -105.99686202   3 102 
111  34.98509505 -106.00940215   3 102 
111  34.98550875 -106.00940221 
111  34.98550874 -106.00952775   3 102 
111  34.98509504 -106.00952769   3 102 
112  34.98509372 -106.02206782  34.98509370 -106.02219337   3 102 
111  34.98521714 -106.02219339   3 102 
112  34.98538171 -106.02219341  34.98550515 -106.02219343   3 102 
113  34.98550742 -106.02206788 
120 Default hold RWY 08 (near)
111  34.98529941 -106.02231895   4 
115  34.98529942 -106.02219340 
120 Default hold RWY 08 (centre)
111  34.98530076 -106.00952772   4 
115  34.98530077 -106.00940218 
120 Default hold RWY 08 (far)
111  34.98530211 -105.99673650   4 
115  34.98530212 -105.99661095 
18   34.98632801 -106.00946624 1 BCN
19   34.98591518 -106.02257015 1 WS
19   34.98530076 -105.99635995 1 WS
51 12290 CTAF
1     6492 0 1 Q04  Mountainair Municipal
100   15.24   4   0 0.25 0 0 0 08   34.52512476 -106.23680616    0.00    0.00 1  0 0 0 26   34.52500134 -106.22822440    0.00    0.00 1  0 0 0
19   34.52533284 -106.23696825 1 WS
19   34.52479325 -106.22806233 1 WS
1     4875 0 1 KONM SOCORRO MUNI
100   30.48   1   0 0.25 0 2 0 15   34.02940800 -106.90276100   56.39    0.00 2  0 0 0 33   34.01401900 -106.89729400   55.78    0.00 2  0 0 0
100   18.29   1   0 0.25 0 2 0 06   34.02164700 -106.91435600    0.00    0.00 2  0 0 0 24   34.02522200 -106.89983900    0.00    0.00 2  0 0 0
21   34.02728171 -106.90161791  1 163.59   3.00 15  VASI
21   34.01614008 -106.89843490  1 343.60   3.00 33  VASI
110   1 0.30  73.45 Default taxiway for RWY 06
111  34.02157028 -106.91432849   3 102 
111  34.02117372 -106.91418629   3 102 
111  34.02474957 -106.89966989   3 102 
111  34.02514613 -106.89981210 
112  34.02509925 -106.90000244  34.02512053 -106.89990649   3 102 
111  34.02502588 -106.89987255   3 102 
112  34.02489967 -106.89982729  34.02480501 -106.89979335   3 102 
111  34.02478157 -106.89988852   3 102 
111  34.02305225 -106.90690879   3 102 
111  34.02336993 -106.90702271 
111  34.02334648 -106.90711788   3 102 
111  34.02302880 -106.90700396   3 102 
112  34.02129949 -106.91402423  34.02127604 -106.91411940   3 102 
111  34.02137070 -106.91415335   3 102 
112  34.02149691 -106.91419860  34.02159156 -106.91423254   3 102 
113  34.02161717 -106.91413815 
110   1 0.30 163.59 Default taxiway for RWY 15
111  34.02936989 -106.90291714   3 102 
111  34.02917555 -106.90371349   3 102 
111  34.01378667 -106.89824533   3 102 
111  34.01398101 -106.89744913 
112  34.01424414 -106.89754262  34.01411194 -106.89749848   3 102 
111  34.01406545 -106.89768895   3 102 
112  34.01400346 -106.89794290  34.01395697 -106.89813336   3 102 
111  34.01408854 -106.89818010   3 102 
111  34.02145407 -106.90079730   3 102 
111  34.02160967 -106.90015976 
111  34.02174123 -106.90020651   3 102 
111  34.02158563 -106.90084405   3 102 
112  34.02895116 -106.90346125  34.02908273 -106.90350799   3 102 
111  34.02912922 -106.90331750   3 102 
112  34.02919121 -106.90306350  34.02923770 -106.90287300   3 102 
113  34.02910676 -106.90282365 
120 Default hold RWY 06 (near)
111  34.02141036 -106.91427114   4 
115  34.02143380 -106.91417597 
120 Default hold RWY 15 (near)
111  34.02929177 -106.90323725   4 
115  34.02916021 -106.90319050 
120 Default hold RWY 06 (centre)
111  34.02318656 -106.90706053   4 
115  34.02321001 -106.90696536 
120 Default hold RWY 15 (centre)
111  34.02166311 -106.90052658   4 
115  34.02153155 -106.90047983 
120 Default hold RWY 06 (far)
111  34.02496277 -106.89984992   4 
115  34.02498621 -106.89975475 
120 Default hold RWY 15 (far)
111  34.01403445 -106.89781592   4 
115  34.01390289 -106.89776917 
18   34.02198536 -106.89891608 1 BCN
19   34.02183675 -106.91463120 1 WS
19   34.02978736 -106.90237824 1 WS
19   34.02503221 -106.89956382 1 WS
19   34.01363967 -106.89767671 1 WS
51 12280 CTAF/UNICOM
17    4803 0 1 NM35 [H] Socorro General Hospital
102 H1   34.03701027 -106.91197251   0.00   11.58   11.58   1 2   0 0.25 0
19   34.03716662 -106.91178384 1 WS