1      600 0 0 SJXB Aguapey
100   20.12   5   0 0.00 0 0 0 03  -15.76011087 -058.80298714    0.00    0.00 1  0 0 0 21  -15.75266690 -058.80090174    0.00    0.00 1  0 0 0
130 Airport Boundary
111 -15.75105896 -058.80122692 
111 -15.76131587 -058.80410035 
111 -15.76171882 -058.80266196 
113 -15.75146191 -058.79978853 
19  -15.75646396 -058.80167647 0 Windsock
1      787 0 0 SWXR Faria
100   17.98   4   0 0.00 0 0 0 09  -15.64676198 -058.77639463    0.00    0.00 0  0 0 0 27  -15.64490468 -058.76916093    0.00    0.00 0  0 0 0
130 Airport Boundary
111 -15.64379779 -058.76789710 
111 -15.64640085 -058.77803539 
111 -15.64786888 -058.77765847 
113 -15.64526581 -058.76752018 
19  -15.64609206 -058.77271135 0 Windsock
1     1001 0 0 SNLM Fazenda Agropecuaria Rancho 11
100   29.87   4   0 0.00 0 0 0 11  -15.61388828 -058.90306686    0.00    0.00 0  0 0 0 29  -15.61444506 -058.89748869    0.00    0.00 0  0 0 0
130 Airport Boundary
111 -15.61378342 -058.89591516 
111 -15.61292868 -058.90447858 
111 -15.61454993 -058.90464041 
113 -15.61540467 -058.89607698 
19  -15.61454367 -058.90031541 0 Windsock
1     1181 0 0 SWDZ Fazenda Agua Limpa
100   20.12   4   0 0.00 0 0 0 12  -15.28845650 -058.53387184    0.00    0.00 0  0 0 0 30  -15.29043238 -058.52668373    0.00    0.00 0  0 0 0
130 Airport Boundary
111 -15.29008940 -058.52503610 
111 -15.28731953 -058.53511266 
111 -15.28879948 -058.53551947 
113 -15.29156935 -058.52544291 
19  -15.28972060 -058.53035369 0 Windsock
1      984 0 0 SWYH Fazenda Alianca
100   17.98   3   0 0.00 0 0 0 18  -15.28898680 -058.31537267    0.00    0.00 0  0 0 0 36  -15.29601320 -058.31351621    0.00    0.00 0  0 0 0
130 Airport Boundary
111 -15.29723710 -058.31242843 
111 -15.28738532 -058.31503138 
111 -15.28776290 -058.31646044 
113 -15.29761467 -058.31385749 
19  -15.29256693 -058.31469776 0 Windsock
1     1214 0 0 SWLX Fazenda Analice
100   24.99   3   0 0.00 0 0 0 11  -15.41184517 -058.83057240    0.00    0.00 0  0 0 0 29  -15.41259927 -058.82220539    0.00    0.00 0  0 0 0
130 Airport Boundary
111 -15.41194552 -058.82064141 
111 -15.41092231 -058.83199427 
111 -15.41249892 -058.83213637 
113 -15.41352213 -058.82078351 
19  -15.41255306 -058.82641871 0 Windsock
1      902 0 0 SWZF Fazenda Araguari
100   29.87   3   0 0.00 0 0 0 09  -15.49614250 -058.40485824    0.00    0.00 0  0 0 0 27  -15.49330194 -058.39403064    0.00    0.00 0  0 0 0
130 Airport Boundary
111 -15.49213401 -058.39278629 
111 -15.49573585 -058.40651568 
111 -15.49731042 -058.40610260 
113 -15.49370858 -058.39237321 
19  -15.49509035 -058.39934786 0 Windsock
1     1345 0 0 SWTN Fazenda Arapucel
100   22.86   5   0 0.00 0 0 0 01  -15.04630960 -058.72877681    0.00    0.00 1  0 0 0 19  -15.03646818 -058.72955653    0.00    0.00 1  0 0 0
130 Airport Boundary
111 -15.03509054 -058.73042173 
111 -15.04780629 -058.72941428 
111 -15.04768724 -058.72791160 
113 -15.03497149 -058.72891905 
19  -15.04136505 -058.72886574 0 Windsock
1      725 0 0 SWLF Fazenda Dona Laura
100   17.98   5   0 0.00 0 0 0 18  -15.61680733 -058.20980712    0.00    0.00 1  0 0 0 36  -15.62374823 -058.20797066    0.00    0.00 1  0 0 0
130 Airport Boundary
111 -15.62497312 -058.20688330 
111 -15.61520498 -058.20946781 
111 -15.61558245 -058.21089447 
113 -15.62535059 -058.20830997 
19  -15.62034495 -058.20914276 0 Windsock
1      656 0 0 SWEW Fazenda Felicidade
100   29.87   3   0 0.00 0 0 0 17  -15.83597804 -058.63450836    0.00    0.00 0  0 0 0 35  -15.84846640 -058.62882498    0.00    0.00 0  0 0 0
130 Airport Boundary
111 -15.84947426 -058.62749119 
111 -15.83431032 -058.63439220 
111 -15.83497019 -058.63584216 
113 -15.85013412 -058.62894115 
19  -15.84237637 -058.63200539 0 Windsock
1     1001 0 0 SWYR Fazenda Nossa Senhora do Pilar
100   24.99   5   0 0.00 0 0 0 16  -15.34242299 -058.79761551    0.00    0.00 1  0 0 0 34  -15.34924367 -058.79294005    0.00    0.00 1  0 0 0
130 Airport Boundary
111 -15.35002012 -058.79146287 
111 -15.34076518 -058.79780697 
111 -15.34164653 -058.79909270 
113 -15.35090147 -058.79274859 
19  -15.34601828 -058.79554759 0 Windsock
1     1345 0 0 SNWJ Fazenda Rancho Grande
100   39.93   3   0 0.00 0 0 0 17  -15.20431697 -058.62643230    0.00    0.00 0  0 0 0 35  -15.21179415 -058.62301214    0.00    0.00 0  0 0 0
130 Airport Boundary
111 -15.21277802 -058.62163387 
111 -15.20263086 -058.62627531 
111 -15.20333310 -058.62781056 
113 -15.21348026 -058.62316911 
19  -15.20824818 -058.62514333 0 Windsock
1     1033 0 0 SSYE Fazenda Roberta
100   17.98   3   0 0.00 0 0 0 18  -15.31819676 -058.50235590    0.00    0.00 0  0 0 0 36  -15.32346989 -058.50097744    0.00    0.00 0  0 0 0
130 Airport Boundary
111 -15.32469577 -058.49989327 
111 -15.31659714 -058.50201035 
111 -15.31697088 -058.50344007 
113 -15.32506951 -058.50132299 
19  -15.32089938 -058.50191934 0 Windsock
1     1444 0 0 SNVJ Fazenda Salto Grande
100   20.12   3   0 0.00 0 0 0 15  -15.25036826 -058.79624201    0.00    0.00 0  0 0 0 33  -15.25629840 -058.79042465    0.00    0.00 0  0 0 0
130 Airport Boundary
111 -15.25682418 -058.78884379 
111 -15.24877760 -058.79673735 
111 -15.24984247 -058.79782287 
113 -15.25788906 -058.78992931 
19  -15.25353114 -058.79353497 0 Windsock
1     1115 0 0 SWRW Fazenda Santa Alice
100   24.08   5   0 0.00 0 0 0 17  -15.58252434 -058.04675723    0.00    0.00 1  0 0 0 35  -15.59247566 -058.04213165    0.00    0.00 1  0 0 0
130 Airport Boundary
111 -15.59348602 -058.04081283 
111 -15.58086480 -058.04667944 
111 -15.58151397 -058.04807605 
113 -15.59413520 -058.04220943 
19  -15.58763482 -058.04473450 0 Windsock
1      938 0 0 SWTA Fazenda Santa Marcia
100   17.98   5   0 0.00 0 0 0 02  -15.41864993 -058.40920171    0.00    0.00 1  0 0 0 20  -15.41190562 -058.40857607    0.00    0.00 1  0 0 0
130 Airport Boundary
111 -15.41039187 -058.40917294 
111 -15.42002806 -058.41006686 
111 -15.42016369 -058.40860484 
113 -15.41052750 -058.40771092 
19  -15.41530180 -058.40862995 0 Windsock
1      755 0 0 SIQW Fazenda Santa Maria do Jauru
100   22.86   5   0 0.00 0 0 0 03  -15.82164788 -058.55451104    0.00    0.00 1  0 0 0 21  -15.81112990 -058.55160008    0.00    0.00 1  0 0 0
130 Airport Boundary
111 -15.80951839 -058.55194288 
111 -15.82285383 -058.55563360 
111 -15.82325939 -058.55416823 
113 -15.80992395 -058.55047751 
19  -15.81647070 -058.55275997 0 Windsock
1      749 0 0 SIOJ Fazenda Soroteca
100   20.12   5   0 0.00 0 0 0 02  -15.63579574 -058.30873981    0.00    0.00 1  0 0 0 20  -15.62698204 -058.30792685    0.00    0.00 1  0 0 0
130 Airport Boundary
111 -15.62546728 -058.30853255 
111 -15.63717414 -058.30961238 
111 -15.63731049 -058.30813412 
113 -15.62560363 -058.30705429 
19  -15.63141448 -058.30805592 0 Windsock
1      778 0 0 SNDA Fazenda Vale Formoso
100   49.99   3   0 0.00 0 0 0 18  -15.36604695 -058.66270963    0.00    0.00 0  0 0 0 36  -15.37395305 -058.66062371    0.00    0.00 0  0 0 0
130 Airport Boundary
111 -15.37513891 -058.65939646 
111 -15.36440999 -058.66222715 
111 -15.36486109 -058.66393689 
113 -15.37559001 -058.66110620 
19  -15.37014061 -058.66219962 0 Windsock
1     1033 0 0 SWRQ Fazenda Vittoria
100   17.98   3   0 0.00 0 0 0 18  -15.22176236 -058.58786145    0.00    0.00 0  0 0 0 36  -15.22879321 -058.58602743    0.00    0.00 0  0 0 0
130 Airport Boundary
111 -15.23001899 -058.58494373 
111 -15.22016340 -058.58751458 
111 -15.22053657 -058.58894514 
113 -15.23039216 -058.58637429 
19  -15.22534359 -058.58719673 0 Windsock
1      849 0 0 SWYC Jair Feliciano de Deus
100   24.08   5   0 0.00 0 0 0 14  -15.68428370 -058.11556534    0.00    0.00 1  0 0 0 32  -15.69016074 -058.10721245    0.00    0.00 1  0 0 0
130 Airport Boundary
111 -15.69038159 -058.10554068 
111 -15.68278477 -058.11633785 
111 -15.68406285 -058.11723710 
113 -15.69165967 -058.10643993 
19  -15.68748757 -058.11157559 0 Windsock