1      350 1 0 VTY1 Grand Garden
100   30.18   4   0 0.00 0 0 0 18   14.02836251  099.33671864    0.00    0.00 1  0 0 0 36   14.02521549  099.33660536    0.00    0.00 1  0 0 0
14   14.02674600  099.33638800    5 0 ATC Tower
15   14.02548400  099.33662400   2.00 Strip
19   14.02861973  099.33714660 0 WS
19   14.02495827  099.33617741 0 WS
1      200 1 0 VTBG Kanchanaburi RTAF
100   38.10   1   0 0.00 0 0 0 05   14.12992595  099.45302680    0.00   81.99 2  0 0 0 23   14.12208893  099.44254188    0.00   91.14 2  0 0 0
110   1 0.00 232.40 taxiway
111  14.12259490  099.44294993 
112  14.12259893  099.44246357  14.12270467  099.44230305 
111  14.12294111  099.44248245 
111  14.12468094  099.44483302 
112  14.12456790  099.44512917  14.12442692  099.44524123 
111  14.12423875  099.44516022 
111  14.12460099  099.44563590 
112  14.12471767  099.44533098  14.12486453  099.44520983 
111  14.12499321  099.44525568 
111  14.12797283  099.44928533 
112  14.12789415  099.44956838  14.12776491  099.44966833 
111  14.12756675  099.44961340 
111  14.12788911  099.45003692 
112  14.12801640  099.44973620  14.12814564  099.44963322 
111  14.12829287  099.44972183 
111  14.13007512  099.45212657 
112  14.13008498  099.45246331  14.12999099  099.45261778 
111  14.12974352  099.45252003 
111  14.13004637  099.45292685 
112  14.13025036  099.45286649  14.13033260  099.45285740 
112  14.13044468  099.45292796  14.13047993  099.45294310 
112  14.13075235  099.45277994  14.13085515  099.45270422 
112  14.13096788  099.45243303  14.13094145  099.45239062 
111  14.13039914  099.45166042 
112  14.13039914  099.45166042  14.13011424  099.45171191 
111  14.12999158  099.45160112 
111  14.12833275  099.44935932 
111  14.12721278  099.44784849 
111  14.12615765  099.44642576 
111  14.12576668  099.44589859 
111  14.12563950  099.44572710 
111  14.12535970  099.44534982 
111  14.12528339  099.44524692 
111  14.12277361  099.44186069 
111  14.12258760  099.44200054 
111  14.12265814  099.44209950 
111  14.12244969  099.44226151 
113  14.12221345  099.44244511 
110   2 0.00 232.40 ramp1
111  14.12535970  099.44534982 
112  14.12543032  099.44533092  14.12545702  099.44536596 
112  14.12564628  099.44561658  14.12569726  099.44568416 
111  14.12563950  099.44572710 
111  14.12576668  099.44589859 
112  14.12587451  099.44590085  14.12592306  099.44596343 
111  14.12615841  099.44627631 
111  14.12647992  099.44600969 
111  14.12570331  099.44500273 
112  14.12538732  099.44523514  14.12534363  099.44526768 
113  14.12528339  099.44524692 
110   2 0.00  42.40 ramp2
111  14.12721278  099.44784849 
111  14.12761808  099.44750778 
111  14.12655865  099.44610491 
113  14.12615765  099.44642576 
130 Kanchanaburi Boundary
111  14.12173370  099.44077721 
111  14.12147242  099.44092876 
111  14.12085186  099.44193910 
111  14.12859246  099.45237928 
111  14.12834751  099.45256451 
111  14.12998055  099.45468173 
112  14.13071541  099.45473225  14.13114000  099.45444599 
111  14.13112367  099.45250950 
111  14.12908238  099.44961319 
111  14.12913137  099.44920905 
111  14.12506510  099.44360167 
111  14.12460785  099.44383741 
111  14.12388931  099.44279172 
111  14.12351372  099.44262333 
113  14.12248490  099.44132673 
120 taxiline1
112  14.12246063  099.44303999  14.12220539  099.44269351  51 
112  14.12252201  099.44234612  14.12263833  099.44225616  51 
112  14.12304542  099.44242123  14.12322312  099.44265777 
111  14.12304542  099.44242123  51 
111  14.12480413  099.44479754  51 
111  14.12508779  099.44518081  51 
111  14.12554166  099.44579406  51 
111  14.12568349  099.44598569  51 
111  14.12809463  099.44924354  51 
111  14.12837829  099.44962682  51 
111  14.12991007  099.45169651  51 
111  14.13030720  099.45223309 
112  14.13030720  099.45223309  14.13045967  099.45243996  51 
112  14.13020147  099.45268135  14.13007107  099.45275169  51 
116  14.12961403  099.45261169  14.12942947  099.45236551 
120 taxiline2a
112  14.12480413  099.44479754  14.12491760  099.44495085  51 
112  14.12463716  099.44524444  14.12445842  099.44537642  51 
116  14.12415830  099.44531270  14.12407665  099.44522168 
120 taxiline2b
112  14.12508779  099.44518081  14.12497433  099.44502750  51 
112  14.12463716  099.44524444  14.12445842  099.44537642  51 
116  14.12444959  099.44569727  14.12450255  099.44578146 
120 taxiline3a
112  14.12809463  099.44924354  14.12820809  099.44939685  51 
112  14.12795255  099.44966154  14.12776564  099.44980171  51 
116  14.12747921  099.44974914  14.12738939  099.44963651 
120 taxiline3b
112  14.12837829  099.44962682  14.12826483  099.44947350  51 
112  14.12795255  099.44966154  14.12776564  099.44980171  51 
116  14.12774380  099.45010459  14.12781419  099.45020721 
120 taxiline4
112  14.12991007  099.45169651  14.13002354  099.45184982  51 
112  14.13041666  099.45185661  14.13048085  099.45194971  51 
112  14.13078532  099.45236514  14.13086757  099.45248306  51 
112  14.13055071  099.45269926  14.13036614  099.45268892  51 
116  14.13020147  099.45268135  14.13007107  099.45275169 
120 taxiline5
112  14.12554166  099.44579406  14.12559839  099.44587071  51 
112  14.12572187  099.44580287  14.12578540  099.44575920 
111  14.12572187  099.44580287 
112  14.12572187  099.44580287  14.12566084  099.44586453  51 
116  14.12568349  099.44598569  14.12574022  099.44606235 
120 hold1
111  14.12259893  099.44246357  54 
115  14.12244969  099.44226151 
120 hold2
111  14.12471767  099.44533098  54 
115  14.12456790  099.44512917 
120 hold3
111  14.12801640  099.44973620  54 
115  14.12789415  099.44956838 
120 hold4
111  14.13025036  099.45286649  54 
115  14.13008498  099.45246331 
120 border1
111  14.12535970  099.44534982  52 
115  14.12528339  099.44524692 
120 border2
111  14.12576668  099.44589859  52 
115  14.12563950  099.44572710 
120 border3
111  14.12721278  099.44784849  52 
115  14.12615765  099.44642576 
14   14.12616545  099.44542584    6 0 Kanchanaburi Viewpoint
15   14.12565940  099.44534200  53.40 Kanchanaburi Start
19   14.12582018  099.44664281 0 Kanchanaburi Windsock
1       30 1 1 VTBK Nakhon Pathom Kamphaeng Saen RTAF
100   45.11   2   0 0.25 0 3 1 03   14.09117800  099.91095000    0.00  230.12 2  0 0 0 21   14.11277200  099.92348900    0.00  230.12 3  0 0 0
21   14.09294303  099.91150033  2  29.39   3.00 03  PAPI-4L
21   14.11008223  099.92240145  2 209.39   3.00 21  PAPI-4L
10   14.10086900  099.91933400 xxx  29.39  8785 0.0 0.0    60 161161  2 0 0 0.25 0
10   14.09930500  099.92064700 xxx  31.00  2400 0.0 0.0   500 161161  2 0 0 0.25 0
10   14.09793000  099.91701500 xxx 119.39  1250 0.0 0.0    60 161161  2 0 0 0.25 0
10   14.10532700  099.92059300 xxx 119.39   800 0.0 0.0    60 161161  2 0 0 0.25 0
10   14.11223400  099.92443800 xxx 119.39   700 0.0 0.0    60 161161  2 0 0 0.25 0
10   14.09074500  099.91195700 xxx 119.39   700 0.0 0.0    60 161161  2 0 0 0.25 0
10   14.10100700  099.92017400 xxx 119.39   460 0.0 0.0    60 161161  2 0 0 0.25 0
10   14.09873500  099.91554300 xxx  74.39   151 0.0 0.0   150 161161  2 0 0 0.25 0
10   14.09118600  099.91115600 xxx  75.39   151 0.0 0.0   150 161161  2 0 0 0.25 0
10   14.10070700  099.92073100 xxx  74.39   151 0.0 0.0   150 161161  2 0 0 0.25 0
10   14.09712000  099.91851000 xxx  74.39   151 0.0 0.0   150 161161  2 0 0 0.25 0
10   14.09768400  099.91748000 xxx  74.39   151 0.0 0.0   150 101101  2 0 0 0.25 0
10   14.10583400  099.91966200 xxx  74.39   151 0.0 0.0   150 161161  2 0 0 0.25 0
10   14.11268300  099.92363700 xxx  74.39   151 0.0 0.0   150 161161  2 0 0 0.25 0
10   14.09035600  099.91302500 xxx  74.39   200 0.0 0.0    60 161161  2 0 0 0.25 0
10   14.11154900  099.92533100 xxx 164.39   200 0.0 0.0    60 161161  2 0 0 0.25 0
10   14.10135300  099.91974600 xxx 164.39   131 0.0 0.0    60 161161  2 0 0 0.25 0
10   14.10119300  099.91966200 xxx  74.39   131 0.0 0.0    60 161161  2 0 0 0.25 0
10   14.10475000  099.92146300 xxx 164.39   121 0.0 0.0    50 161161  2 0 0 0.25 0
10   14.10492000  099.92156200 xxx  74.39   121 0.0 0.0    50 161161  2 0 0 0.25 0
14   14.09996500  099.92250100   20 0 ATC Tower
15   14.10155100  099.92225600 209.00 Platform
18   14.10237300  099.91648900 1 BCN
19   14.09157600  099.91022500 1 WS
19   14.11237400  099.92421700 1 WS
53 12175 GND
54 12330 TWR
54 11970 TWR
55 12775 APP
56 13410 DEP
1      302 1 0 VTW7 River Kwai
100   24.99   3   0 0.25 0 0 0 01   14.05619729  099.35991342    0.00    0.00 0  0 0 0 19   14.06871471  099.36138458    0.00    0.00 0  0 0 0
110   4 0.00   0.00 New Taxiway
111  14.06746343  099.36120070 
111  14.06869391  099.36135216 
111  14.06900613  099.35904240 
113  14.06772055  099.35900453 
14   14.06732457  099.35922538    6 0 Viewpoint
15   14.06794804  099.35977168 101.00 Platform
19   14.06803276  099.36173081 0 Windsock
53 12700 GND
54 12200 KACHANABURI TWR
55 12775 KAMPAENG SAENG APP
1      157 1 0 VTV1 U-Tong
100   19.51   4   0 0.00 0 0 0 04   14.41875617  099.74783248    0.00    0.00 1  0 0 0 22   14.42426983  099.75260952    0.00    0.00 1  0 0 0
10   14.42415900  099.75230400 xxx  40.00   160 0.0 0.0    70 101101  5 0 0 0.75 0
14   14.42410200  099.75189200    6 0 ATC Tower
15   14.42411600  099.75236500 170.00 Platform
19   14.41879095  099.74750769 0 WS
19   14.42423505  099.75293432 0 WS