1       36 1 1 HLLM MITIGA
100   45.11   1   0 0.25 0 1 0 11   32.89522200  013.26950000    0.00  274.32 2  7 0 0 29   32.88716400  013.30422200    0.00  304.80 2  7 0 0
100   45.11   1   0 0.25 0 1 0 03   32.89188900  013.27311100    0.00    0.00 2  0 0 0 21   32.90605600  013.28283300    0.00    0.00 2  0 0 0
21   32.89512932  013.27169331  2 105.44   3.00 11  PAPI-4L
21   32.88725728  013.30202893  2 285.46   3.00 29  PAPI-4L
110   1 0.30  29.95 Default taxiway for RWY 03
111  32.89178879  013.27331813   3 102 
111  32.89128103  013.27436773   3 102 
111  32.90544841  013.28408839   3 102 
111  32.90595617  013.28303862 
112  32.90560441  013.28279727  32.90577917  013.28292026   3 102 
111  32.90565758  013.28317165   3 102 
112  32.90549545  013.28350683  32.90537385  013.28375821   3 102 
111  32.90519797  013.28363754   3 102 
111  32.89855398  013.27907892   3 102 
111  32.89896042  013.27823871 
111  32.89878454  013.27811804   3 102 
111  32.89837810  013.27895825   3 102 
112  32.89173411  013.27439963  32.89155823  013.27427895   3 102 
111  32.89167983  013.27402760   3 102 
112  32.89184196  013.27369247  32.89196355  013.27344113   3 102 
113  32.89214055  013.27355948 
110   1 0.30 105.44 Default taxiway for RWY 11
111  32.89502851  013.26943636   3 102 
111  32.89404807  013.26911385   3 102 
111  32.88599487  013.30383905   3 102 
111  32.88697531  013.30416152 
112  32.88708339  013.30369549  32.88702719  013.30392779   3 102 
111  32.88679240  013.30385057   3 102 
112  32.88647935  013.30374760  32.88624457  013.30367038   3 102 
111  32.88629861  013.30343737   3 102 
111  32.89019011  013.28665731   3 102 
111  32.89097489  013.28691545 
111  32.89102893  013.28668243   3 102 
111  32.89024415  013.28642429   3 102 
112  32.89413565  013.26964424  32.89418969  013.26941123   3 102 
111  32.89442447  013.26948846   3 102 
112  32.89473752  013.26959143  32.89497231  013.26966866   3 102 
113  32.89492043  013.26990239 
120 Default hold RWY 03 (near)
111  32.89158501  013.27373937   4 
115  32.89176089  013.27386004 
120 Default hold RWY 11 (near)
111  32.89463504  013.26930693   4 
115  32.89458100  013.26953995 
120 Default hold RWY 03 (centre)
111  32.89858076  013.27853931   4 
115  32.89875664  013.27865998 
120 Default hold RWY 11 (centre)
111  32.89063546  013.28655300   4 
115  32.89058142  013.28678602 
120 Default hold RWY 03 (far)
111  32.90557651  013.28333924   4 
115  32.90575239  013.28345992 
120 Default hold RWY 11 (far)
111  32.88663588  013.30379908   4 
115  32.88658184  013.30403210 
18   32.89256566  013.28731014 4 BCN
19   32.89184123  013.27224129 1 WS
19   32.89591704  013.26922704 1 WS
19   32.90610370  013.28370286 1 WS
19   32.88646888  013.30449466 1 WS
54 12020 TWR
54 12630 TWR
1      490 0 1 HL53 SIDI SALIH
100   24.38   1   0 0.25 0 0 0 13   32.49752800  013.28590800    0.00    0.00 2  0 0 0 31   32.49198600  013.29422200    0.00    0.00 2  0 0 0
110   1 0.30 128.32 Default taxiway for RWY 13
111  32.49744368  013.28582900   3 
111  32.49701150  013.28542405   3 
111  32.49146977  013.29373859   3 
111  32.49190195  013.29414351 
112  32.49203801  013.29393938  32.49196822  013.29403980   3 
111  32.49186492  013.29394301   3 
112  32.49172718  013.29381397  32.49162388  013.29371718   3 
111  32.49169191  013.29361511   3 
111  32.49429270  013.28971301   3 
111  32.49463880  013.29003729 
111  32.49470683  013.28993522   3 
111  32.49436073  013.28961094   3 
112  32.49696152  013.28570884  32.49702955  013.28560678   3 
111  32.49713285  013.28570357   3 
112  32.49727059  013.28583262  32.49737389  013.28592941   3 
113  32.49730762  013.28603313 
120 Default hold RWY 13 (near)
111  32.49726975  013.28566603   4 
115  32.49720172  013.28576810 
120 Default hold RWY 13 (centre)
111  32.49453290  013.28977225   4 
115  32.49446487  013.28987432 
120 Default hold RWY 13 (far)
111  32.49179605  013.29387849   4 
115  32.49172802  013.29398055 
19   32.49792231  013.28594584 1 WS
19   32.49159169  013.29418413 1 WS
1      263 1 1 HLLT TRIPOLI INTL
100   44.20   1   0 0.25 1 3 0 09   32.66309200  013.12875800    0.00   60.05 2  2 0 1 27   32.66366700  013.16715800    0.00   60.05 3  2 1 1
100   44.20   1   0 0.25 0 3 0 18   32.67980600  013.15809200    0.00   27.43 2  2 0 0 36   32.65606900  013.15941700  114.30    0.00 2  2 0 0
21   32.66352112  013.13088714  2  88.97   3.00 09  PAPI-4L
21   32.67802549  013.15863130  1 177.31   3.00 18  VASI
21   32.66322596  013.16418088  2 268.99   3.00 27  PAPI-4L
21   32.65887699  013.15882051  1 357.31   3.00 36  VASI
10   32.66598510  013.13998220 xxx  89.50  2601 0.0 0.0   200 161161  1 0 0 0.25 0
10   32.66398240  013.12913610 xxx 210.00   844 0.0 0.0   100 161161  1 0 0 0.25 0
10   32.66386030  013.13783930 xxx 120.00   900 0.0 0.0   100 161161  1 0 0 0.25 0
10   32.66886900  013.14849470 xxx   0.00   700 0.0 0.0   300 101101  1 0 0 0.25 0
10   32.67618940  013.14853860 xxx   0.00  1300 0.0 0.0   150 161161  1 0 0 0.25 0
10   32.66460800  013.14622590 xxx 120.00  1700 0.0 0.0   100 101101  1 0 0 0.25 0
10   32.66980740  013.14809230 xxx   0.00  1820 0.0 0.0   100 161161  1 0 0 0.25 0
10   32.67010880  013.14969160 xxx   0.00  1670 0.0 0.0   330 161161  1 0 0 0.25 0
10   32.67710110  013.14964960 xxx   0.00  2000 0.0 0.0   290 161161  1 0 0 0.25 0
10   32.66525270  013.13219740 xxx  83.50  2200 0.0 0.0   110 161161  1 0 0 0.25 0
10   32.66584780  013.15488620 xxx  89.00   750 0.0 0.0   100 161161  1 0 0 0.25 0
10   32.67077640  013.15439890 xxx  90.00  2480 0.0 0.0   100 161161  1 0 0 0.25 0
10   32.66673660  013.14955710 xxx   0.00   700 0.0 0.0    80 161161  1 0 0 0.25 0
10   32.66562650  013.14009950 xxx  89.70  2700 0.0 0.0   110 161161  1 0 0 0.25 0
10   32.67985150  013.15331460 xxx  90.00  2860 0.0 0.0   100 161161  1 0 0 0.25 0
10   32.66574100  013.14879700 xxx  89.10  3000 0.0 0.0   110 161161  1 0 0 0.25 0
10   32.66556170  013.16127300 xxx  94.00  3300 0.0 0.0   100 161161  1 0 0 0.25 0
10   32.66730120  013.13996700 xxx  89.50  2602 0.0 0.0   940 101101  1 0 0 0.25 0
10   32.66225810  013.15554810 xxx 156.00  4320 0.0 0.0   100 161161  1 0 0 0.25 0
10   32.67380520  013.15031620 xxx   0.00  4440 0.0 0.0   130 161161  1 0 0 0.25 0
10   32.67369080  013.14902780 xxx   0.00  4500 0.0 0.0   200 101101  1 0 0 0.25 0
10   32.66798780  013.14782330 xxx  90.80  2300 0.0 0.0   100 161161  1 0 0 0.25 0
10   32.66413120  013.16744710 xxx  35.00   290 0.0 0.0   100 161161  1 0 0 0.25 0
10   32.65678410  013.15862460 xxx 120.00   181 0.0 0.0   100 161161  1 0 0 0.25 0
10   32.66522980  013.14943700 xxx  18.00   200 0.0 0.0   100 161161  1 0 0 0.25 0
10   32.66535950  013.13637830 xxx  30.00   200 0.0 0.0   100 161161  1 0 0 0.25 0
10   32.66464230  013.13642410 xxx 140.00   200 0.0 0.0   100 161161  1 0 0 0.25 0
10   32.66792300  013.15179060 xxx 100.00   201 0.0 0.0   100 161161  1 0 0 0.25 0
10   32.66521450  013.16680720 xxx 100.00   201 0.0 0.0   100 161161  1 0 0 0.25 0
10   32.65668110  013.15858650 xxx 140.00   201 0.0 0.0   100 161161  1 0 0 0.25 0
10   32.66544340  013.15235520 xxx 150.00   211 0.0 0.0   100 161161  1 0 0 0.25 0
10   32.66773220  013.15240000 xxx 120.00   211 0.0 0.0   100 161161  1 0 0 0.25 0
10   32.65658950  013.15920450 xxx  30.00   201 0.0 0.0   120 161161  1 0 0 0.25 0
10   32.67149350  013.14849470 xxx   0.00   700 0.0 0.0   200 161161  1 0 0 0.25 0
10   32.66450120  013.14709470 xxx  58.00   240 0.0 0.0   100 161161  1 0 0 0.25 0
10   32.66581340  013.15372660 xxx 128.00   270 0.0 0.0   200 161161  1 0 0 0.25 0
10   32.66516880  013.14742470 xxx 352.00   400 0.0 0.0   100 161161  1 0 0 0.25 0
10   32.66370010  013.12822720 xxx 157.00   400 0.0 0.0   100 161161  1 0 0 0.25 0
10   32.66773990  013.14987750 xxx  60.00   400 0.0 0.0   140 161161  1 0 0 0.25 0
10   32.66475300  013.14831540 xxx  83.00   500 0.0 0.0   100 161161  1 0 0 0.25 0
10   32.66758730  013.14885140 xxx  90.00   400 0.0 0.0   200 161161  1 0 0 0.25 0
10   32.66389850  013.14600280 xxx  56.00   600 0.0 0.0   100 161161  1 0 0 0.25 0
10   32.66395950  013.15168950 xxx  47.00   610 0.0 0.0   100 161161  1 0 0 0.25 0
10   32.66622540  013.14499090 xxx 120.00   700 0.0 0.0    70 161161  1 0 0 0.25 0
10   32.66446690  013.16656680 xxx 151.00   680 0.0 0.0   100 161161  1 0 0 0.25 0
10   32.66445920  013.14733410 xxx  28.00   230 0.0 0.0   100 161161  1 0 0 0.25 0
10   32.66465760  013.12815950 xxx  40.00   160 0.0 0.0   110 161161  1 0 0 0.25 0
10   32.65678410  013.15906910 xxx  60.00   181 0.0 0.0   100 161161  1 0 0 0.25 0
10   32.66558070  013.14951900 xxx   0.00   101 0.0 0.0   100 161161  1 0 0 0.25 0
10   32.66485600  013.16760350 xxx 140.00   131 0.0 0.0   100 161161  1 0 0 0.25 0
10   32.66492840  013.14920810 xxx  53.00   141 0.0 0.0   100 161161  1 0 0 0.25 0
10   32.66467670  013.15245440 xxx  20.00   150 0.0 0.0   100 161161  1 0 0 0.25 0
10   32.66459660  013.16769220 xxx   0.00   151 0.0 0.0   100 161161  1 0 0 0.25 0
10   32.66508870  013.16728780 xxx 120.00   151 0.0 0.0   100 161161  1 0 0 0.25 0
10   32.66497800  013.13624380 xxx   1.00   160 0.0 0.0   100 161161  1 0 0 0.25 0
10   32.66503910  013.15251830 xxx   0.00   161 0.0 0.0   100 101101  1 0 0 0.25 0
10   32.66434860  013.12801930 xxx   4.00   160 0.0 0.0   110 161161  1 0 0 0.25 0
10   32.66485600  013.12847420 xxx  70.00   160 0.0 0.0   110 161161  1 0 0 0.25 0
10   32.65643310  013.15897270 xxx 107.00   171 0.0 0.0   100 161161  1 0 0 0.25 0
14   32.66849140  013.14443780  100 0 ATC Tower
15   32.66809840  013.14054200 350.00 Ramp
18   32.66800454  013.16040478 4 BCN
19   32.66367998  013.12827293 1 WS
19   32.68023123  013.15877621 1 WS
19   32.65564377  013.15873297 1 WS
19   32.66307887  013.16764283 1 WS
53 12010 GND
54 11810 TWR
54 12300 AFIS
55 12400 APP