1     2460 0 1 OS60 AS SUWAYDA WEST
100   29.87   1   0 0.25 0 0 0 05L  32.69877800  036.39868300    0.00    0.00 2  0 0 0 23R  32.71387200  036.42531900    0.00    0.00 2  0 0 0
100   45.72   1   0 0.25 0 0 0 05R  32.69652800  036.40045300    0.00    0.00 2  0 0 0 23L  32.71162500  036.42709400    0.00    0.00 2  0 0 0
110   1 0.30  56.04 Default taxiway for RWY 05R
111  32.69635924  036.40058808   3 
111  32.69550427  036.40127246   3 
111  32.71060409  036.42790909   3 
111  32.71145906  036.42722460 
112  32.71122918  036.42681910  32.71134226  036.42702334   3 
111  32.71113751  036.42718726   3 
112  32.71086451  036.42740582  32.71065977  036.42756974   3 
111  32.71054483  036.42736699   3 
111  32.70328227  036.41455556   3 
111  32.70396662  036.41400771 
111  32.70385168  036.41380496   3 
111  32.70316733  036.41435281   3 
112  32.69590476  036.40154139  32.69578983  036.40133864   3 
111  32.69599457  036.40117474   3 
112  32.69626757  036.40095622  32.69647232  036.40079233   3 
113  32.69658911  036.40099358 
110   1 0.30  56.03 Default taxiway for RWY 05L
111  32.69866839  036.39877074   3 
111  32.69810916  036.39921840   3 
111  32.71320597  036.42584998   3 
111  32.71376520  036.42540224 
112  32.71361502  036.42513731  32.71368825  036.42527128   3 
111  32.71355448  036.42537838   3 
112  32.71337612  036.42552117  32.71324236  036.42562827   3 
111  32.71316727  036.42549580   3 
111  32.70580659  036.41251119   3 
111  32.70625434  036.41215273 
111  32.70617925  036.41202026   3 
111  32.70573150  036.41237871   3 
112  32.69837082  036.39939410  32.69829573  036.39926164   3 
111  32.69842949  036.39915456   3 
112  32.69860785  036.39901178  32.69874162  036.39890470   3 
113  32.69881857  036.39903567 
120 Default hold RWY 05R (near)
111  32.69601613  036.40086273   4 
115  32.69613107  036.40106548 
120 Default hold RWY 05L (near)
111  32.69844358  036.39895070   4 
115  32.69851867  036.39908317 
120 Default hold RWY 05R (centre)
111  32.70350857  036.41407964   4 
115  32.70362351  036.41428239 
120 Default hold RWY 05L (centre)
111  32.70595444  036.41220023   4 
115  32.70602953  036.41233270 
120 Default hold RWY 05R (far)
111  32.71100101  036.42729654   4 
115  32.71111595  036.42749929 
120 Default hold RWY 05L (far)
111  32.71346530  036.42544978   4 
115  32.71354039  036.42558224 
19   32.69681000  036.39963777 1 WS
19   32.69896224  036.39815037 1 WS
19   32.71368765  036.42585167 1 WS
19   32.71134284  036.42790929 1 WS
1     2240 0 1 OJMF KING HUSSEIN
100   45.11   1   0 0.25 0 1 0 13   32.36520600  036.24718300    0.00  251.46 2  0 0 0 31   32.34769700  036.27138100    0.00  251.46 2  0 0 0
21   32.34858404  036.26947512  1 310.59   3.00 31  VASI
110   1 0.30 130.58 Default taxiway for RWY 13
111  32.36505354  036.24702842   3 102 
111  32.36428096  036.24624513   3 102 
111  32.34677427  036.27044800   3 102 
111  32.34754685  036.27123114 
112  32.34781091  036.27086608  32.34767717  036.27104688   3 102 
111  32.34749216  036.27085934   3 102 
112  32.34724548  036.27060929  32.34706047  036.27042175   3 102 
111  32.34719250  036.27023922   3 102 
111  32.35561577  036.25859413   3 102 
111  32.35623418  036.25922105 
111  32.35636621  036.25903852   3 102 
111  32.35574780  036.25841160   3 102 
112  32.36417107  036.24676650  32.36430310  036.24658397   3 102 
111  32.36448811  036.24677155   3 102 
112  32.36473479  036.24702164  32.36491980  036.24720922   3 102 
113  32.36478948  036.24739348 
120 Default hold RWY 13 (near)
111  32.36474348  036.24671406   4 
115  32.36461145  036.24689659 
120 Default hold RWY 13 (centre)
111  32.35605615  036.25872419   4 
115  32.35592412  036.25890672 
120 Default hold RWY 13 (far)
111  32.34736882  036.27073431   4 
115  32.34723679  036.27091684 
18   32.35753202  036.26037821 4 BCN
19   32.36593258  036.24728688 1 WS
19   32.34697044  036.27127695 1 WS
1     2400 0 1 OJ38 ZARQA
100   24.38   1   0 0.25 0 0 0 10   32.02681700  036.13831900    0.00    0.00 2  0 0 0 28   32.02371100  036.15118900    0.00    0.00 2  0 0 0
110   1 0.30 105.89 Default taxiway for RWY 10
111  32.02671364  036.13828430   3 
111  32.02618383  036.13810645   3 
111  32.02307848  036.15097690   3 
111  32.02360829  036.15115474 
112  32.02366836  036.15090579  32.02363615  036.15102954   3 
111  32.02350952  036.15098703   3 
112  32.02334067  036.15093035  32.02321404  036.15088784   3 
111  32.02324408  036.15076337   3 
111  32.02472167  036.14463934   3 
111  32.02514595  036.14478176 
111  32.02517598  036.14465728   3 
111  32.02475170  036.14451486   3 
112  32.02622929  036.13839083  32.02625933  036.13826635   3 
111  32.02638596  036.13830886   3 
112  32.02655481  036.13836554  32.02668144  036.13840805   3 
113  32.02665357  036.13853325 
120 Default hold RWY 10 (near)
111  32.02650041  036.13821273   4 
115  32.02647038  036.13833720 
120 Default hold RWY 10 (centre)
111  32.02496275  036.14458571   4 
115  32.02493272  036.14471019 
120 Default hold RWY 10 (far)
111  32.02342509  036.15095869   4 
115  32.02339506  036.15108317 
19   32.02719366  036.13817632 1 WS
19   32.02333433  036.15133162 1 WS