1      230 1 0 EDOC Gardelegen
100   39.93   3   0 0.00 0 0 0 8    52.52823390  011.34857606    0.00    0.00 0  0 0 0 26   52.52875125  011.35666687    0.00    0.00 0  0 0 0
110   3 0.00   0.00 New Taxiway 4
111  52.52887453  011.34062209 
111  52.52726675  011.34842664 
111  52.52606599  011.35418570 
111  52.52556729  011.35380418 
111  52.52531256  011.35384535 
111  52.52525436  011.35376317 
111  52.52524388  011.35355773 
111  52.52501501  011.35359360 
111  52.52505192  011.35436767 
111  52.52528508  011.35432845 
111  52.52531657  011.35481831 
111  52.52595919  011.35470107 
111  52.52565897  011.35623120 
111  52.52621475  011.35654110 
111  52.52662165  011.35459404 
111  52.52823177  011.35434119 
111  52.52843945  011.35462175 
111  52.52838561  011.35378076 
111  52.52821550  011.35411472 
111  52.52667128  011.35431472 
113  52.52947000  011.34096461 
130 Airport Boundary
111  52.53024880  011.34117304 
111  52.52879574  011.34024543 
111  52.52722260  011.34782417 
111  52.52584160  011.34638342 
111  52.52490492  011.34587028 
111  52.52526518  011.35289640 
111  52.52456867  011.35331087 
111  52.52461671  011.35558054 
111  52.52536125  011.35540292 
111  52.52552580  011.35821608 
111  52.52931698  011.35725370 
113  52.52874136  011.34852706 
15   52.52519166  011.35408342 354.81 Apron
19   52.52539048  011.35420462 0 Windsock
20   52.52827673  011.35261565  83.54  0 2 {@Y}_1/2_{@@}_1/2_
20   52.52869731  011.35253143 264.21  0 2 {@Y}_1/2_{@@}_1/2_
54 12285 GARDELEGEN INFO
1      267 0 0 EDBM Magdeburg
100   29.87   1   0 0.25 0 3 1 09   52.07351700  011.61920300  124.97   60.05 2  0 0 1 27   52.07379700  011.63375600    0.00   60.05 2 10 0 1
21   52.07394102  011.62394164  2  88.20   3.00 09  PAPI-4L
21   52.07340864  011.63084602  2 268.21   3.00 27  PAPI-4L
10   52.07627600  011.62676500 xxx  94.70  2913 0.0 0.0    50 161161  1 0 0 0.25 0
10   52.07655800  011.62021000 xxx  61.77    92 0.0 0.0    50 161161  1 0 0 0.25 0
10   52.07644000  011.61996600 xxx  40.70    72 0.0 0.0    50 161161  1 0 0 0.25 0
10   52.07370400  011.61886700 xxx 335.20    66 0.0 0.0    50 161161  1 0 0 0.25 0
10   52.07496900  011.61926000 xxx  15.10  1076 0.0 0.0    50 161161  1 0 0 0.25 0
10   52.07692200  011.62062700 xxx   4.30   191 0.0 0.0   249 101101  2 0 0 0.25 0
10   52.07405200  011.63431400 xxx  15.90   105 0.0 0.0    50 161161  1 0 0 0.25 0
10   52.07485200  011.63406500 xxx 164.13   702 0.0 0.0    50 161161  1 0 0 0.25 0
10   52.07592100  011.63329100 xxx 292.00    79 0.0 0.0    50 161161  1 0 0 0.25 0
10   52.07581800  011.63357300 xxx 319.30    79 0.0 0.0    50 161161  1 0 0 0.25 0
10   52.07687300  011.62225600 xxx   4.80   230 0.0 0.0    30 101101  3 0 0 0.25 0
10   52.07691900  011.62140200 xxx   4.80   230 0.0 0.0    30 101101  3 0 0 0.25 0
10   52.07717400  011.62186100 xxx  94.80   223 0.0 0.0    37 101101  3 0 0 0.25 0
10   52.07404800  011.62576400 xxx 357.40   197 0.0 0.0    20 101101  1 0 0 0.25 0
10   52.07764600  011.62146700 xxx   4.80   328 0.0 0.0    20 101101  3 0 0 0.25 0
10   52.07779600  011.62515500 xxx   2.90   367 0.0 0.0   253 101101  2 0 0 0.25 0
10   52.07685700  011.62526500 xxx   2.90   335 0.0 0.0    30 161161  1 0 0 0.25 0
10   52.07694600  011.62638000 xxx  94.50   475 0.0 0.0    30 101101  2 0 0 0.25 0
10   52.07659000  011.62726000 xxx   2.90   210 0.0 0.0    30 101101  2 0 0 0.25 0
10   52.07660900  011.62684200 xxx   2.90   210 0.0 0.0    30 101101  2 0 0 0.25 0
10   52.07663500  011.62636000 xxx   2.90   210 0.0 0.0    30 101101  2 0 0 0.25 0
10   52.07665800  011.62592200 xxx   2.90   210 0.0 0.0    30 101101  2 0 0 0.25 0
10   52.07813100  011.62171600 xxx  11.90    65 0.0 0.0    73 101101  3 0 0 0.25 0
10   52.07693100  011.63051400 xxx   2.90   105 0.0 0.0    50 101101  1 0 0 0.25 0
10   52.07710600  011.62686600 xxx   2.90   112 0.0 0.0   194 101101  2 0 0 0.25 0
10   52.07819100  011.62454000 xxx   2.90    98 0.0 0.0    37 101101  2 0 0 0.25 0
10   52.07689000  011.62456700 xxx   2.90   335 0.0 0.0    30 101101  3 0 0 0.25 0
10   52.07710700  011.62492900 xxx 272.30   144 0.0 0.0    30 101101  3 0 0 0.25 0
10   52.07688700  011.62491100 xxx 272.30   144 0.0 0.0    30 101101  3 0 0 0.25 0
10   52.07668500  011.62489900 xxx 272.30   144 0.0 0.0    30 101101  3 0 0 0.25 0
10   52.07645900  011.62515800 xxx  38.90    52 0.0 0.0    30 161161  1 0 0 0.25 0
10   52.07644100  011.62530600 xxx 321.10    52 0.0 0.0    30 161161  1 0 0 0.25 0
10   52.07681900  011.62914200 xxx  94.50   771 0.0 0.0    30 101101  1 0 0 0.25 0
10   52.07655000  011.62810300 xxx   2.90   210 0.0 0.0    30 101101  3 0 0 0.25 0
10   52.07652700  011.62851200 xxx   2.90   210 0.0 0.0    30 101101  3 0 0 0.25 0
10   52.07656800  011.62767500 xxx   2.90   210 0.0 0.0    30 101101  3 0 0 0.25 0
10   52.07642800  011.63045500 xxx   2.90   210 0.0 0.0    30 101101  3 0 0 0.25 0
14   52.07732200  011.62598300    0 0 ATC Tower
15   52.07777300  011.62512500   0.00 Apron 1
15   52.07712000  011.62690500   0.00 Apron 2
15   52.07694500  011.62060500   0.00 Apron 3
18   52.07732200  011.62598300 1 BCN
19   52.07426800  011.62531100 1 WS
54 13265 BERLIN INFO
54 11930 INFO
55 12417 BERLIN RADAR
1      268 1 0 XDBM Magdeburg Grass
100   29.87   3   0 0.00 0 0 0 9    52.07456300  011.62172399    0.00    0.00 0  0 0 0 27   52.07478500  011.63200600    0.00    0.00 0  0 0 0
110   3 0.00   0.00 New Taxiway 1
111  52.07627600  011.62528300 
111  52.07628700  011.62501500 
111  52.07477400  011.62550000 
113  52.07477400  011.62571700 
19   52.07495651  011.62126383 1 WS
19   52.07439145  011.63246607 1 WS
1      340 1 0 EDOL OSCHERSLEBEN
100   49.99   3   0 0.00 0 0 0 11   52.04125639  011.19870866    0.00    0.00 0  0 0 0 29   52.03940961  011.20695717    0.00    0.00 0  0 0 0
110   3 0.00   0.00 Taxiway
111  52.03944453  011.20607012 
111  52.03890385  011.20582732 
111  52.03878049  011.20642894 
111  52.03864023  011.20635202 
111  52.03840169  011.20751237 
111  52.03424829  011.20635484 
111  52.03390208  011.20791090 
111  52.03465649  011.20844617 
111  52.03487503  011.20753134 
111  52.03501873  011.20759946 
111  52.03520733  011.20697173 
111  52.04065302  011.20851970 
111  52.04070243  011.20818694 
111  52.03940359  011.20779681 
111  52.03943544  011.20760648 
113  52.03913993  011.20743072 
130 Airport Boundary
111  52.04140539  011.19307272 
111  52.03840935  011.20703273 
111  52.03416496  011.20611289 
111  52.03374885  011.20843955 
111  52.03466430  011.20876421 
111  52.03514700  011.20724917 
111  52.04072296  011.20873715 
113  52.04393538  011.19447954 
15   52.03871984  011.20683311  15.42 Apron
19   52.03876044  011.20653533 0 Windsock
20   52.04002454  011.20332700 109.75  0 2 {@Y}_1/2_{@@}_1/2_
20   52.04041474  011.20354178 292.58  0 2 {@Y}_1/2_{@@}_1/2_
51 12940 INFO
1      184 0 1 EDOV STENDAL BORSTEL
100   52.12   2   0 0.25 0 1 0 08   52.62781400  011.80535000    0.00    0.00 2  0 0 0 26   52.62984700  011.83465300    0.00    0.00 2 10 0 0
100   39.93   3   0 0.25 0 0 0 08L  52.62874400  011.80961100    0.00    0.00 1  0 0 0 26R  52.62945800  011.81988300    0.00    0.00 1  0 0 0
21   52.62921325  011.83178755  2 263.49   3.00 26  PAPI-4L
110   2 0.30  83.47 Default taxiway for RWY 08
111  52.62758323  011.80539353  53 102 
111  52.62641599  011.80561373  53 102 
111  52.62845260  011.83491539  53 102 
111  52.62961984  011.83469518 
112  52.62956648  011.83392745  52.62959093  011.83431173  53 102 
111  52.62931133  011.83436448  53 102 
112  52.62893852  011.83443481  52.62865892  011.83448756  53 102 
111  52.62863224  011.83410370  53 102 
111  52.62768064  011.82041253  53 102 
111  52.62861488  011.82023628 
111  52.62858820  011.81985242  53 102 
111  52.62765396  011.82002867  53 102 
112  52.62670235  011.80633751  52.62667567  011.80595364  53 102 
111  52.62695527  011.80590089  53 102 
112  52.62732808  011.80583056  52.62760768  011.80577782  53 102 
113  52.62763659  011.80616126 
120 Default hold RWY 08 (near)
111  52.62711499  011.80548187  54 
115  52.62714167  011.80586573 
120 Default hold RWY 08 (centre)
111  52.62811996  011.81994076  54 
115  52.62814664  011.82032462 
120 Default hold RWY 08 (far)
111  52.62912492  011.83439964  54 
115  52.62915160  011.83478351 
19   52.62845828  011.80445066 1 WS
19   52.62923722  011.80892201 1 WS
19   52.62896472  011.82057188 1 WS
19   52.62920249  011.83555195 1 WS
54 13265 BERLIN INFO
54 12240 INFO