1      181 1 0 ESIB Satenas
100   39.93   1   0 0.25 0 3 1 01   58.41816400  012.70966700    0.00    0.00 2 10 0 0 19   58.43842500  012.71276100    0.00    0.00 3 10 0 0
100   39.93   1   0 0.25 0 3 1 11   58.43311100  012.69472200    0.00    0.00 2  0 0 0 29   58.42663900  012.72542200    0.00    0.00 2  0 0 0
21   58.41998822  012.70922198  2   4.57   3.00 01  PAPI-4L
21   58.43278944  012.69818090  2 111.92   3.00 11  PAPI-4L
21   58.43580579  012.71308456  2 184.57   3.00 19  PAPI-4L
21   58.42696139  012.72196401  2 291.95   3.00 29  PAPI-4L
10   58.43217800  012.71707300 xxx 178.00  2700 0.0 0.0    40 161161  1 0 0 0.25 0
10   58.42520100  012.70295000 xxx 140.00  2700 0.0 0.0    40 161161  1 0 0 0.25 0
10   58.43870900  012.70833300 xxx  99.93  2297 0.0 0.0    36 161161  1 0 0 0.35 0
10   58.43569900  012.69698500 xxx  21.57  2010 0.0 0.0    36 161161  1 0 0 0.35 0
10   58.43583700  012.70918800 xxx  13.00  2000 0.0 0.0    40 161161  1 0 0 0.25 0
10   58.43056900  012.69672700 xxx 160.00  2000 0.0 0.0    40 161161  1 0 0 0.25 0
10   58.42856200  012.72212500 xxx 111.93  1620 0.0 0.0    40 161161  1 0 0 0.25 0
10   58.43343400  012.69975600 xxx 111.93  1600 0.0 0.0    40 161161  1 0 0 0.25 0
10   58.42039100  012.70750700 xxx   0.00  1500 0.0 0.0    40 161161  1 0 0 0.25 0
10   58.43440600  012.71762700 xxx 178.00  1000 0.0 0.0   240 161161  2 0 0 0.25 0
10   58.43928500  012.70547900 xxx  99.93   832 0.0 0.0   182 161161  2 0 0 0.35 0
10   58.43977000  012.70213400 xxx  91.57   831 0.0 0.0   172 161161  2 0 0 0.35 0
10   58.44023100  012.69832500 xxx 112.57   793 0.0 0.0   166 161161  2 0 0 0.35 0
10   58.43367400  012.69984900 xxx 111.93   800 0.0 0.0   150 161161  1 0 0 0.25 0
10   58.43534100  012.69624100 xxx  21.57   800 0.0 0.0   150 161161  1 0 0 0.25 0
10   58.43399000  012.71862100 xxx  51.00   501 0.0 0.0   440 161161  2 0 0 0.25 0
10   58.43495200  012.71866400 xxx 300.00   500 0.0 0.0   400 161161  2 0 0 0.25 0
10   58.43904100  012.69907300 xxx 211.93   589 0.0 0.0   226 161161  2 0 0 0.35 0
10   58.43452100  012.71965000 xxx 178.00   440 0.0 0.0   300 161161  2 0 0 0.25 0
10   58.43459700  012.71041300 xxx  95.00   699 0.0 0.0    40 161161  1 0 0 0.25 0
10   58.43241500  012.70144500 xxx  20.00   480 0.0 0.0    40 161161  1 0 0 0.25 0
10   58.43638200  012.71655700 xxx 165.00   470 0.0 0.0    40 161161  1 0 0 0.25 0
10   58.43938400  012.70138900 xxx 102.57   433 0.0 0.0    36 161161  1 0 0 0.35 0
10   58.43737800  012.71582400 xxx 150.00   400 0.0 0.0    40 161161  1 0 0 0.25 0
10   58.42752500  012.70056600 xxx 140.00   300 0.0 0.0   140 161161  2 0 0 0.25 0
10   58.43124400  012.71761600 xxx 178.00   250 0.0 0.0   150 161161  2 0 0 0.25 0
10   58.43261300  012.70603300 xxx  75.00   341 0.0 0.0    40 161161  1 0 0 0.25 0
10   58.43296800  012.70740800 xxx  51.00   340 0.0 0.0    40 161161  1 0 0 0.25 0
10   58.43255200  012.70449300 xxx  97.00   340 0.0 0.0    40 161161  1 0 0 0.25 0
10   58.42789500  012.69932600 xxx 100.00   310 0.0 0.0    40 161161  1 0 0 0.25 0
10   58.43922000  012.70182100 xxx  84.57   313 0.0 0.0    36 161161  1 0 0 0.35 0
10   58.42690700  012.70091400 xxx 180.00   300 0.0 0.0    40 161161  1 0 0 0.25 0
10   58.42229500  012.70822800 xxx 100.00   300 0.0 0.0    40 161161  1 0 0 0.25 0
10   58.42236700  012.70950200 xxx  70.00   300 0.0 0.0    40 161161  1 0 0 0.25 0
10   58.43798100  012.71470600 xxx 120.00   300 0.0 0.0    40 161161  1 0 0 0.25 0
10   58.43856400  012.69947200 xxx 223.93   303 0.0 0.0    36 161161  1 0 0 0.35 0
10   58.43901400  012.70054500 xxx 239.93   263 0.0 0.0    36 161161  1 0 0 0.35 0
10   58.42754000  012.72623000 xxx 150.00   201 0.0 0.0    40 161161  1 0 0 0.25 0
10   58.42231400  012.70732500 xxx 156.00   200 0.0 0.0    40 161161  1 0 0 0.25 0
10   58.43002300  012.71744400 xxx 160.00   200 0.0 0.0    40 161161  1 0 0 0.25 0
10   58.41809800  012.70925100 xxx  50.00   200 0.0 0.0    40 161161  1 0 0 0.25 0
10   58.41819400  012.70779900 xxx 140.00   200 0.0 0.0    40 161161  1 0 0 0.25 0
10   58.42713500  012.72631500 xxx  23.60   200 0.0 0.0    40 161161  1 0 0 0.25 0
10   58.42686800  012.72579400 xxx  66.00   200 0.0 0.0    40 161161  1 0 0 0.25 0
10   58.41799200  012.70847900 xxx  97.00   200 0.0 0.0    40 161161  1 0 0 0.25 0
10   58.42958100  012.71798700 xxx 140.00   200 0.0 0.0    40 161161  1 0 0 0.25 0
14   58.44054400  012.70262100    0 0 ATC Tower
15   58.43920900  012.70662300 193.00 ESIB fighter ramp 1
15   58.43563100  012.69650100 114.00 ESIB fighter ramp 2
15   58.43145400  012.71779600   0.00 ESIB SAR helicopter ramp
15   58.43482600  012.71875300 200.00 ESIB transport ramp
18   58.42835200  012.70984600 1 BCN
19   58.41822100  012.70829900 1 WS
19   58.43837000  012.71413000 1 WS
19   58.43377700  012.69523300 1 WS
19   58.42597200  012.72490800 1 WS
53 13430 GND
54 12820 TWR
55 13455 CON
55 12300 CON
1      137 1 0 ESGT Trollhattan Vanersborg
100   29.87   1   0 0.25 0 3 1 15   58.32423100  012.33661900    0.00    0.00 2  5 0 0 33   58.31149200  012.35289700  210.01    0.00 3  1 0 1
21   58.32292189  012.33905489  2 146.13   3.00 15  PAPI-4L
21   58.31470304  012.34803358  2 326.14   3.00 33  PAPI-4L
10   58.32007600  012.33843300 xxx 326.09  2700 0.0 0.0   164 101101  3 0 0 0.25 0
10   58.31727600  012.34861000 xxx 326.09   760 0.0 0.0   360 161161  1 0 0 0.25 0
10   58.31406800  012.35191500 xxx  56.09   660 0.0 0.0    40 101101  1 0 0 0.25 0
10   58.31590300  012.34990900 xxx 326.09   360 0.0 0.0   215 161161  1 0 0 0.25 0
10   58.31416300  012.35282100 xxx 326.09   400 0.0 0.0    50 101101  1 0 0 0.25 0
10   58.32380700  012.33806700 xxx  16.00   340 0.0 0.0    80 161161  1 0 0 0.25 0
10   58.31750900  012.34635800 xxx  56.09   270 0.0 0.0    70 161161  1 0 0 0.25 0
10   58.32439000  012.33806200 xxx 326.09   200 0.0 0.0    80 161161  1 0 0 0.25 0
10   58.32432900  012.33731300 xxx  56.09   185 0.0 0.0    80 161161  1 0 0 0.25 0
10   58.31433500  012.35349300 xxx 326.09   140 0.0 0.0    50 101101  1 0 0 0.25 0
10   58.31772600  012.34681700 xxx  10.00   100 0.0 0.0    50 161161  1 0 0 0.25 0
10   58.31760000  012.34697800 xxx 100.00   100 0.0 0.0    50 161161  1 0 0 0.25 0
10   58.31743200  012.34569700 xxx 100.00   100 0.0 0.0    50 161161  1 0 0 0.25 0
10   58.31722600  012.34594600 xxx  10.00   100 0.0 0.0    50 161161  1 0 0 0.25 0
14   58.31749700  012.35053900  120 0 ATC Tower
15   58.31697500  012.34825900 100.00 esgt ramp
18   58.31816100  012.34560800 1 BCN
19   58.32452800  012.33746800 1 WS
19   58.31119200  012.35204500 1 WS
54 12272 TWR