1      308 1 1 ESCF Linkoping Malmen
100   35.05   1   0 0.25 0 3 0 01   58.38673600  015.51599400    0.00  326.14 2  3 0 0 19   58.40560800  015.52790000    0.00  119.48 3  1 0 0
100   36.88   1   0 0.25 0 3 0 08   58.40163600  015.51559200    0.00    0.00 2  0 0 0 26   58.40361400  015.54735300    0.00    0.00 2  0 0 0
21   58.38855656  015.51642719  2  18.29   3.00 01  PAPI-4L
21   58.40277196  015.52682486  2 198.30   3.00 19  PAPI-4L
21   58.40304058  015.54402346  2 263.24   3.00 26  PAPI-4L
110   1 0.30  83.21 Default taxiway for RWY 08
111  58.40147345  015.51562895   3 102 
111  58.40064729  015.51581674   3 102 
111  58.40262922  015.54757598   3 102 
111  58.40345538  015.54738817 
112  58.40341613  015.54675917  58.40343351  015.54707418   3 102 
111  58.40323577  015.54711913   3 102 
112  58.40297211  015.54717907  58.40277437  015.54722402   3 102 
111  58.40275475  015.54690952   3 102 
111  58.40181285  015.53181615   3 102 
111  58.40247423  015.53166581 
111  58.40245460  015.53135131   3 102 
111  58.40179322  015.53150165   3 102 
112  58.40085132  015.51640829  58.40083170  015.51609379   3 102 
111  58.40102944  015.51604884   3 102 
112  58.40129310  015.51598891  58.40149084  015.51594396   3 102 
113  58.40151270  015.51625795 
110   1 0.30  18.29 Default taxiway for RWY 01
111  58.38668721  015.51627561   3 102 
111  58.38643903  015.51770814   3 102 
111  58.40531158  015.52960869   3 102 
111  58.40555976  015.52817540 
112  58.40526025  015.52798654  58.40540930  015.52808504   3 102 
111  58.40534991  015.52842805   3 102 
112  58.40527072  015.52888540  58.40521132  015.52922841   3 102 
111  58.40506156  015.52913398   3 102 
111  58.39599967  015.52341987   3 102 
111  58.39619836  015.52227272 
111  58.39604861  015.52217829   3 102 
111  58.39584992  015.52332543   3 102 
112  58.38678803  015.51761131  58.38663827  015.51751688   3 102 
111  58.38669767  015.51717405   3 102 
112  58.38677686  015.51671694  58.38683625  015.51637411   3 102 
113  58.38698672  015.51646447 
120 Default hold RWY 08 (near)
111  58.40114164  015.51570437   4 
115  58.40116127  015.51601887 
120 Default hold RWY 01 (near)
111  58.38658751  015.51685107   4 
115  58.38673726  015.51694549 
120 Default hold RWY 08 (centre)
111  58.40212279  015.53142674   4 
115  58.40214242  015.53174124 
120 Default hold RWY 01 (centre)
111  58.39594891  015.52275390   4 
115  58.39609866  015.52284833 
120 Default hold RWY 08 (far)
111  58.40310394  015.54714910   4 
115  58.40312357  015.54746360 
120 Default hold RWY 01 (far)
111  58.40531031  015.52865673   4 
115  58.40546006  015.52875116 
18   58.40377886  015.53120583 4 BCN
19   58.38658455  015.51495057 1 WS
19   58.40208975  015.51485094 1 WS
19   58.40316008  015.54809370 1 WS
19   58.40575936  015.52894405 1 WS
53 12185 GND
54 13260 TWR
54 12105 TWR
54 12980 TWR
55 13295 OSTGOTA APP
55 13585 OSTGOTA APP
55 12640 OSTGOTA APP
1      172 1 0 ESSL Linkoping Saab
100   39.93   1   0 0.25 0 3 1 11   58.40990000  015.66336900    0.00  245.06 3  0 0 0 29   58.40268100  015.69711100    0.00   75.90 3  3 0 0
21   58.40941193  015.66756013  2 112.20   3.00 11  PAPI-4L
21   58.40343565  015.69168133  2 292.23   3.00 29  PAPI-4L
10   58.40300400  015.67489300 xxx 125.00  2000 0.0 0.0   700 161161  1 0 0 0.35 0
10   58.40800900  015.65945100 xxx  50.00  1009 0.0 0.0   400 161161  1 0 0 0.25 0
10   58.40507100  015.67715700 xxx 202.27  1200 0.0 0.0   150 161161  1 0 0 0.35 0
10   58.40762300  015.65992500 xxx  25.00   900 0.0 0.0   350 161161  1 0 0 0.25 0
10   58.40870700  015.65898800 xxx 170.00   300 0.0 0.0   800 161161  1 0 0 0.25 0
10   58.40768400  015.66256600 xxx  25.00   800 0.0 0.0   250 161161  1 0 0 0.25 0
10   58.40749700  015.66421000 xxx  80.00   700 0.0 0.0   300 161161  1 0 0 0.25 0
10   58.40821100  015.65780700 xxx   0.00   510 0.0 0.0   400 161161  1 0 0 0.25 0
10   58.40947300  015.66236900 xxx  70.00   650 0.0 0.0   100 161161  1 0 0 0.25 0
10   58.40763900  015.66691500 xxx  90.00   400 0.0 0.0   300 161161  1 0 0 0.25 0
10   58.40281700  015.69414200 xxx 150.00   500 0.0 0.0    70 161161  1 0 0 0.25 0
10   58.40821500  015.66503200 xxx 112.27   500 0.0 0.0    70 161161  1 0 0 0.35 0
10   58.40887800  015.66154500 xxx   0.00   300 0.0 0.0   230 161161  1 0 0 0.25 0
10   58.40844700  015.66657400 xxx  20.27   450 0.0 0.0    70 161161  1 0 0 0.25 0
10   58.40922500  015.66345400 xxx 202.27   393 0.0 0.0   100 161161  1 0 0 0.35 0
10   58.40206100  015.69566600 xxx 112.27   400 0.0 0.0    70 161161  1 0 0 0.25 0
10   58.40359500  015.67643100 xxx 170.00   300 0.0 0.0   100 161161  1 0 0 0.25 0
10   58.40654400  015.67779100 xxx 160.00   300 0.0 0.0   100 161161  1 0 0 0.25 0
10   58.40634500  015.67863100 xxx  70.00   300 0.0 0.0   100 161161  1 0 0 0.25 0
10   58.40388500  015.67564000 xxx  80.00   300 0.0 0.0   100 161161  1 0 0 0.25 0
10   58.40195100  015.69699200 xxx  69.00   200 0.0 0.0    70 161161  1 0 0 0.25 0
10   58.40218400  015.69753300 xxx 202.27   150 0.0 0.0    70 161161  1 0 0 0.35 0
14   58.40399600  015.67871100  150 0 ATC Tower
15   58.40733000  015.66011500 240.00 essl ramp
18   58.40686400  015.68101300 1 BCN
19   58.41049600  015.66407700 1 WS
54 12340 TWR
54 13310 TWR
54 12870 TWR
54 11880 TWR
17     234 0 0 ESEL [H] Linkoping/Universitetssjukhuset
102 H1   58.40055500  015.62000300   0.00    6.40    6.40   1 2   0 0.25 1
10   58.40055500  015.62000300 xxx   0.00    21 0.0 0.0    21 101101  1 0 0 0.25 0
18   58.40055500  015.61962085 3 BCN
19   58.40064003  015.62016528 1 WS