1       60 0 1 8AK0 Diamond Nn Cannery
100   27.43   4   0 0.25 0 0 0 17   58.71282119 -156.99449096    0.00    0.00 1  0 0 0 35   58.70905157 -156.99590182    0.00    0.00 1  0 0 0
100    9.14   4   0 0.25 0 0 0 03   58.71024589 -156.99683819    0.00    0.00 1  0 0 0 21   58.71162687 -156.99355459    0.00    0.00 1  0 0 0
19   58.71029002 -156.99711089 1 WS
19   58.71299286 -156.99370031 1 WS
19   58.70887989 -156.99669237 1 WS
19   58.71158273 -156.99328188 1 WS
1       68 1 1 PAKN KING SALMON
100   45.72   1   0 0.25 0 3 0 11   58.68393900 -156.66472800    0.00   60.96 3  2 0 1 29   58.66841900 -156.63146100    0.00  304.80 2  0 0 0
100   30.48   1   0 0.25 0 2 0 18   58.68327200 -156.64878100    0.00    0.00 2  0 0 0 36   58.67272200 -156.65471100    0.00    0.00 2  0 0 0
21   58.68198000 -156.65936263  2 131.89   3.00 11  PAPI-4L
21   58.66932103 -156.63455524  2 311.92   3.00 29  PAPI-4L
110   1 0.30 196.29 Default taxiway for RWY 18
111  58.68330984 -156.64903012   3 102 
111  58.68350283 -156.65030063   3 102 
111  58.67295297 -156.65623196   3 102 
111  58.67275998 -156.65496183 
112  58.67302326 -156.65481380  58.67289225 -156.65489198   3 102 
111  58.67293842 -156.65519581   3 102 
112  58.67299997 -156.65560092  58.67304614 -156.65590476   3 102 
111  58.67317778 -156.65583074   3 102 
111  58.67812361 -156.65305007   3 102 
111  58.67796909 -156.65203299 
111  58.67810073 -156.65195897   3 102 
111  58.67825525 -156.65297606   3 102 
112  58.68320107 -156.65019539  58.68333272 -156.65012137   3 102 
111  58.68328655 -156.64981745   3 102 
112  58.68322500 -156.64941222  58.68317883 -156.64910829   3 102 
113  58.68304655 -156.64917815 
110   1 0.30 131.89 Default taxiway for RWY 11
111  58.68378753 -156.66498939   3 102 
111  58.68302012 -156.66631369   3 102 
111  58.66750441 -156.63303117   3 102 
111  58.66827182 -156.63170747 
112  58.66854655 -156.63229677  58.66840750 -156.63200501   3 102 
111  58.66822373 -156.63232200   3 102 
112  58.66797870 -156.63274467  58.66779492 -156.63306167   3 102 
111  58.66793229 -156.63335632   3 102 
111  58.67534673 -156.64926088   3 102 
111  58.67596099 -156.64820110 
111  58.67609836 -156.64849575   3 102 
111  58.67548410 -156.64955554   3 102 
112  58.68289854 -156.66546010  58.68303591 -156.66575475   3 102 
111  58.68321969 -156.66543762   3 102 
112  58.68346472 -156.66501477  58.68364849 -156.66469763   3 102 
113  58.68351280 -156.66440009 
120 Default hold RWY 18 (near)
111  58.68338742 -156.64954081   4 
115  58.68325578 -156.64961483 
120 Default hold RWY 11 (near)
111  58.68347956 -156.66552084   4 
115  58.68334220 -156.66522619 
120 Default hold RWY 18 (centre)
111  58.67817831 -156.65246959   4 
115  58.67804667 -156.65254361 
120 Default hold RWY 11 (centre)
111  58.67579039 -156.64902709   4 
115  58.67565302 -156.64873244 
120 Default hold RWY 18 (far)
111  58.67296920 -156.65539837   4 
115  58.67283756 -156.65547237 
120 Default hold RWY 11 (far)
111  58.66810121 -156.63253334   4 
115  58.66796385 -156.63223868 
18   58.67772910 -156.64997352 4 BCN
19   58.68467317 -156.66452445 1 WS
19   58.68341987 -156.64787314 1 WS
19   58.67257409 -156.65561855 1 WS
19   58.66768489 -156.63166515 1 WS
50 12880 ATIS
51 12190 CTAF
53 12190 GND
54 11830 TWR
1       25 0 1 9Z7  Kvichak Diamond J
100   15.24   4   0 0.25 0 0 0 13   58.96356657 -156.93318474    0.00    0.00 1  0 0 0 31   58.96164731 -156.93112138    0.00    0.00 1  0 0 0
100   15.24   4   0 0.25 0 0 0 04   58.96220799 -156.93354895    0.00    0.00 1  0 0 0 22   58.96300589 -156.93075717    0.00    0.00 1  0 0 0
19   58.96232143 -156.93397504 1 WS
19   58.96378626 -156.93296473 1 WS
19   58.96289245 -156.93033108 1 WS
19   58.96142763 -156.93134140 1 WS
1       60 0 1 AK35 Paf Cannery
100    9.14   4   0 0.25 0 0 0 17   58.72833583 -156.94037386    0.00    0.00 1  0 0 0 35   58.72631639 -156.94113004    0.00    0.00 1  0 0 0
100   22.86   4   0 0.25 0 0 0 09   58.72764558 -156.94235518    0.00    0.00 1  0 0 0 27   58.72700664 -156.93914872    0.00    0.00 1  0 0 0
19   58.72839306 -156.94011019 1 WS
19   58.72800611 -156.94251309 1 WS
19   58.72664610 -156.93899084 1 WS
19   58.72625916 -156.94139369 1 WS