1       33 0 1 ESQO ARBOGA
100   39.93   1   0 0.25 0 0 0 15   59.39413900  015.91447200    0.00    0.00 2  0 0 0 33   59.37902800  015.93363900    0.00    0.00 2  0 0 0
110   1 0.30 147.13 Default taxiway for RWY 15
111  59.39404272  015.91417931   3 
111  59.39355397  015.91269361   3 
111  59.37844438  015.93186994   3 
111  59.37893313  015.93335498 
112  59.37923494  015.93297196  59.37908280  015.93315976   3 
111  59.37896580  015.93280424   3 
112  59.37880979  015.93233021  59.37869278  015.93197469   3 
111  59.37884369  015.93178318   3 
111  59.38602122  015.92267387   3 
111  59.38641247  015.92386291 
111  59.38656338  015.92367140   3 
111  59.38617213  015.92248236   3 
112  59.39334966  015.91337305  59.39350056  015.91318152   3 
111  59.39361757  015.91353720   3 
112  59.39377358  015.91401144  59.39389058  015.91436711   3 
113  59.39374091  015.91456235 
120 Default hold RWY 15 (near)
111  59.39384648  015.91358280   4 
115  59.39369557  015.91377432 
120 Default hold RWY 15 (centre)
111  59.38636714  015.92307502   4 
115  59.38621623  015.92326654 
120 Default hold RWY 15 (far)
111  59.37888779  015.93256723   4 
115  59.37873689  015.93275874 
19   59.39473258  015.91497591 1 WS
19   59.37843449  015.93313500 1 WS
1       25 0 1 ESVQ Koping Galby
100   49.99   3   0 0.25 0 2 0 07   59.52636782  015.96392292    0.00    0.00 1 12 0 0 25   59.52862478  015.97551688    0.00    0.00 1 12 0 0
18   59.52896620  015.96860707 1 BCN
19   59.52683650  015.96261791 1 WS
19   59.52815597  015.97682182 1 WS
1      188 1 0 ESOE Orebro
100   45.11   1   0 0.25 0 3 1 01   59.21098300  015.03281400    0.00    0.00 3  1 0 0 19   59.23385300  015.04203600    0.00    0.00 3  3 0 0
21   59.21366972  015.03309677  2  11.66   3.00 01  PAPI-4L
21   59.23058025  015.04151570  2 191.66   3.00 19  PAPI-4L
10   59.22678000  015.04453600 xxx  11.66  1700 0.0 0.0   500 161161  1 0 0 0.35 0
10   59.22567700  015.04618100 xxx  11.66   900 0.0 0.0   350 161161  1 0 0 0.25 0
10   59.22754300  015.04171800 xxx 101.66   700 0.0 0.0   100 161161  1 0 0 0.35 0
10   59.21560700  015.03551300 xxx 176.00   750 0.0 0.0    40 101101  1 0 0 0.25 0
10   59.23364600  015.04114100 xxx 191.66   450 0.0 0.0   150 161161  1 0 0 0.35 0
10   59.21136900  015.03540000 xxx  11.66   450 0.0 0.0   100 161161  1 0 0 0.25 0
10   59.21099100  015.03429200 xxx 101.66   450 0.0 0.0   100 161161  1 0 0 0.35 0
10   59.21194100  015.03467000 xxx 101.66   450 0.0 0.0   100 161161  1 0 0 0.25 0
10   59.21155900  015.03360700 xxx  11.66   450 0.0 0.0   100 161161  1 0 0 0.25 0
10   59.21411900  015.03618200 xxx 150.60   420 0.0 0.0    40 101101  1 0 0 0.25 0
10   59.21332200  015.03757000 xxx 305.00   400 0.0 0.0    40 101101  1 0 0 0.25 0
10   59.23280000  015.04114400 xxx 160.00   290 0.0 0.0   150 161161  1 0 0 0.25 0
10   59.22758900  015.04353500 xxx  56.00   300 0.0 0.0   100 161161  1 0 0 0.25 0
10   59.22750100  015.03987800 xxx  56.00   300 0.0 0.0   100 161161  1 0 0 0.25 0
10   59.22796600  015.04006400 xxx 146.00   300 0.0 0.0   100 161161  1 0 0 0.25 0
10   59.22715400  015.04338600 xxx 146.00   300 0.0 0.0   100 161161  1 0 0 0.25 0
10   59.21172000  015.03523900 xxx 146.00   200 0.0 0.0   100 161161  1 0 0 0.25 0
10   59.21221200  015.03381400 xxx 150.00   200 0.0 0.0   100 161161  1 0 0 0.25 0
10   59.21107100  015.03498400 xxx  56.00   200 0.0 0.0   100 161161  1 0 0 0.25 0
10   59.21306200  015.03879500 xxx  35.00   150 0.0 0.0   120 101101  1 0 0 0.25 0
10   59.21317300  015.03848800 xxx  66.66   140 0.0 0.0    60 101101  1 0 0 0.35 0
14   59.22713500  015.04629300   60 0 ATC Tower
15   59.22804300  015.04441600 140.00 esoe ramp
18   59.22258400  015.03587100 1 BCN
19   59.21114700  015.03126200 1 WS
19   59.23368800  015.04359100 1 WS
54 13360 TWR
54 12027 TWR