1     1099 0 0 SSAT Fazenda Chapadao
100   17.98   4   0 0.00 0 0 0 01  -12.07193302 -052.82543276    0.00    0.00 0  0 0 0 19  -12.06306698 -052.82678946    0.00    0.00 0  0 0 0
130 Airport Boundary
111 -12.06172917 -052.82774698 
111 -12.07349595 -052.82594641 
111 -12.07327083 -052.82447525 
113 -12.06150405 -052.82627582 
19  -12.06745715 -052.82583106 0 Windsock
1      984 0 0 SWCK Fazenda Cocal
100   34.14   5   0 0.00 0 0 0 16  -12.68039743 -052.71978950    0.00    0.00 1  0 0 0 34  -12.68682479 -052.71465494    0.00    0.00 1  0 0 0
130 Airport Boundary
111 -12.68747622 -052.71307392 
111 -12.67871158 -052.72007565 
111 -12.67974600 -052.72137052 
113 -12.68851064 -052.71436879 
19  -12.68388290 -052.71756245 0 Windsock
1     1004 0 0 SWGV Fazenda Cocal
100   29.87   4   0 0.00 0 0 0 08  -12.80525529 -052.61383268    0.00    0.00 0  0 0 0 26  -12.79863360 -052.60172289    0.00    0.00 0  0 0 0
130 Airport Boundary
111 -12.79719570 -052.60079245 
111 -12.80526264 -052.61554534 
111 -12.80669319 -052.61476311 
113 -12.79862625 -052.60001022 
19  -12.80229721 -052.60758489 0 Windsock
1     1050 0 0 SWVT Fazenda Estrela Dalva
100   20.12   5   0 0.00 0 0 0 15  -12.11874155 -052.65106004    0.00    0.00 1  0 0 0 33  -12.12792510 -052.64060663    0.00    0.00 1  0 0 0
130 Airport Boundary
111 -12.12833674 -052.63897384 
111 -12.11717538 -052.65167855 
111 -12.11832991 -052.65269283 
113 -12.12949127 -052.63998812 
19  -12.12356493 -052.64603680 0 Windsock
1      993 0 1 SWRI FAZENDA RONCADOR I
100   22.86   1   0 0.25 0 0 0 09  -12.15721400 -052.28446700    0.00    0.00 2  0 0 0 27  -12.15354700 -052.27360600    0.00    0.00 2  0 0 0
110   1 0.30  70.95 Default taxiway for RWY 09
111 -12.15730910 -052.28443340   3 
111 -12.15779736 -052.28426091   3 
111 -12.15413057 -052.27339977   3 
111 -12.15364231 -052.27357225 
112 -12.15370947 -052.27377117 -12.15367802 -052.27367096   3 
111 -12.15379469 -052.27362975   3 
112 -12.15395025 -052.27357479 -12.15406693 -052.27353357   3 
111 -12.15410051 -052.27363303   3 
111 -12.15584996 -052.27881496   3 
111 -12.15545892 -052.27895310 
111 -12.15549249 -052.27905255   3 
111 -12.15588353 -052.27891441   3 
112 -12.15763299 -052.28409634 -12.15766656 -052.28419580   3 
111 -12.15754988 -052.28423702   3 
112 -12.15739432 -052.28429197 -12.15727765 -052.28433319   3 
113 -12.15724195 -052.28423448 
120 Default hold RWY 09 (near)
111 -12.15750568 -052.28436396   4 
115 -12.15747210 -052.28426450 
120 Default hold RWY 09 (centre)
111 -12.15568907 -052.27898311   4 
115 -12.15565550 -052.27888366 
120 Default hold RWY 09 (far)
111 -12.15387247 -052.27360227   4 
115 -12.15383889 -052.27350281 
19  -12.15699077 -052.28476851 1 WS
19  -12.15377022 -052.27330449 1 WS
1     1230 0 0 SWSU Fazenda Santa Juliana
100   22.86   4   0 0.00 0 0 0 11  -12.85214827 -052.02498673    0.00    0.00 0  0 0 0 29  -12.85229617 -052.01667994    0.00    0.00 0  0 0 0
130 Airport Boundary
111 -12.85153790 -052.01515237 
111 -12.85133611 -052.02648633 
111 -12.85290653 -052.02651429 
113 -12.85310832 -052.01518033 
19  -12.85256363 -052.02083941 0 Windsock
1     1050 0 0 SNGV Fazenda Tanguru
100   20.12   5   0 0.00 0 0 0 13  -12.72002585 -052.38291475    0.00    0.00 1  0 0 0 31  -12.72330749 -052.37430747    0.00    0.00 1  0 0 0
130 Airport Boundary
111 -12.72312516 -052.37262303 
111 -12.71876838 -052.38405023 
111 -12.72020819 -052.38459918 
113 -12.72456496 -052.37317198 
19  -12.72195769 -052.37872206 0 Windsock
1     1050 0 0 SJJG Fazenda Tanguru
100   20.12   5   0 0.00 0 0 0 13  -12.72000118 -052.38290500    0.00    0.00 1  0 0 0 31  -12.72333216 -052.37431721    0.00    0.00 1  0 0 0
130 Airport Boundary
111 -12.72315953 -052.37263183 
111 -12.71873725 -052.38403317 
111 -12.72017380 -052.38459038 
113 -12.72459609 -052.37318903 
19  -12.72195702 -052.37872373 0 Windsock
1     1201 0 0 SNXL Primavera
100   29.87   4   0 0.00 0 0 0 03  -12.62332235 -052.15519227    0.00    0.00 0  0 0 0 21  -12.61001099 -052.15258551    0.00    0.00 0  0 0 0
130 Airport Boundary
111 -12.60840217 -052.15308771 
111 -12.62462291 -052.15626421 
111 -12.62493117 -052.15469007 
113 -12.60871043 -052.15151357 
19  -12.61674300 -052.15349910 0 Windsock