1      752 0 0 SJFK Fazenda Cachoeira
100   17.98   4   0 0.00 0 0 0 10  -12.59764614 -049.52349922    0.00    0.00 0  0 0 0 28  -12.59568720 -049.51261189    0.00    0.00 0  0 0 0
130 Airport Boundary
111 -12.59466712 -049.51124771 
111 -12.59716555 -049.52513343 
111 -12.59866623 -049.52486341 
113 -12.59616779 -049.51097769 
19  -12.59696827 -049.51800129 0 Windsock
1     1083 0 0 SJFL Fazenda Campo Formoso
100   20.12   5   0 0.00 0 0 0 06  -12.56446991 -049.86568136    0.00    0.00 1  0 0 0 24  -12.55886343 -049.86098530    0.00    0.00 1  0 0 0
130 Airport Boundary
111 -12.55721517 -049.86060304 
111 -12.56513528 -049.86723704 
111 -12.56611815 -049.86606362 
113 -12.55819804 -049.85942962 
19  -12.56187252 -049.86308757 0 Windsock
1      600 0 0 SWXL Fazenda Lago Grande
100   20.12   5   0 0.00 0 0 0 09  -12.10264766 -049.95456580    0.00    0.00 1  0 0 0 27  -12.10013012 -049.94765642    0.00    0.00 1  0 0 0
130 Airport Boundary
111 -12.09888575 -049.94649533 
111 -12.10244193 -049.95625526 
111 -12.10389203 -049.95572689 
113 -12.10033585 -049.94596696 
19  -12.10169139 -049.95100089 0 Windsock
1      794 0 0 SNHG Fazenda Varjadao
100   17.98   1   0 0.00 0 0 0 01  -12.34579968 -049.62031987    0.00    0.00 1  0 0 0 19  -12.33697809 -049.62190235    0.00    0.00 1  0 0 0
130 Airport Boundary
111 -12.33565194 -049.62289445 
111 -12.34738800 -049.62078914 
111 -12.34712584 -049.61932777 
113 -12.33538978 -049.62143308 
19  -12.34133637 -049.62081832 0 Windsock