1     1682 0 0 SNDH Aba
100   22.86   4   0 0.00 0 0 0 13  -12.15856170 -045.02774416    0.00    0.00 0  0 0 0 31  -12.16199386 -045.01725584    0.00    0.00 0  0 0 0
130 Airport Boundary
111 -12.16172631 -045.01554764 
111 -12.15733607 -045.02896374 
111 -12.15882925 -045.02945236 
113 -12.16321949 -045.01603626 
19  -12.16063166 -045.02261580 0 Windsock
1     2447 1 1 SNBR Barreiras
100   29.87   2   0 0.25 0 2 0 08  -12.08236100 -045.01551900    0.00    0.00 2  0 0 0 26  -12.07541900 -045.00246700    0.00   62.48 2  0 0 0
110   2 0.30  61.46 Default taxiway for RWY 08
111 -12.08247710 -045.01545443  53 102 
111 -12.08306943 -045.01512497  53 102 
111 -12.07612773 -045.00207264  53 102 
111 -12.07553540 -045.00240209 
112 -12.07566384 -045.00264359 -12.07560159 -045.00252174  53 102 
111 -12.07574328 -045.00244293  53 102 
112 -12.07593219 -045.00233786 -12.07607388 -045.00225906  53 102 
111 -12.07613810 -045.00237981  53 102 
111 -12.07944840 -045.00860410  53 102 
111 -12.07897414 -045.00886789 
111 -12.07903836 -045.00898863  53 102 
111 -12.07951262 -045.00872484  53 102 
112 -12.08282292 -045.01494915 -12.08288714 -045.01506989  53 102 
111 -12.08274545 -045.01514869  53 102 
112 -12.08255654 -045.01525377 -12.08241485 -045.01533258  53 102 
113 -12.08234866 -045.01521294 
120 Default hold RWY 08 (near)
111 -12.08271522 -045.01532198  54 
115 -12.08265100 -045.01520123 
120 Default hold RWY 08 (centre)
111 -12.07927648 -045.00885619  54 
115 -12.07921226 -045.00873545 
120 Default hold RWY 08 (far)
111 -12.07583774 -045.00239040  54 
115 -12.07577352 -045.00226965 
18  -12.07806412 -045.00945342 1 BCN
19  -12.08213522 -045.01595751 1 WS
19  -12.07564476 -045.00202849 1 WS
1     2657 0 0 SJAX Fazenda Acalanto
100   24.99   1   0 0.00 0 0 0 08  -12.96827825 -045.98143982    0.00    0.00 1  0 0 0 26  -12.96172175 -045.97078240    0.00    0.00 1  0 0 0
130 Airport Boundary
111 -12.96024253 -045.96988833 
111 -12.96840934 -045.98316327 
111 -12.96975747 -045.98233389 
113 -12.96159066 -045.96905895 
19  -12.96532922 -045.97590857 0 Windsock
1     2408 0 1 SSNW FAZENDA BURITI
100   22.86   1   0 0.25 0 0 0 13  -12.30005800 -045.52092200    0.00    0.00 2  0 0 0 31  -12.30486700 -045.50692500    0.00    0.00 2  0 0 0
110   1 0.30 109.38 Default taxiway for RWY 13
111 -12.30015291 -045.52095616   3 
111 -12.30064022 -045.52113156   3 
111 -12.30544958 -045.50713483   3 
111 -12.30496227 -045.50695942 
112 -12.30489402 -045.50715805 -12.30493027 -045.50705950   3 
111 -12.30504671 -045.50710141   3 
112 -12.30520197 -045.50715730 -12.30531841 -045.50719921   3 
111 -12.30528429 -045.50729853   3 
111 -12.30296492 -045.51404861   3 
111 -12.30257465 -045.51390813 
111 -12.30254053 -045.51400745   3 
111 -12.30293080 -045.51414793   3 
112 -12.30061143 -045.52089801 -12.30057731 -045.52099732   3 
111 -12.30046087 -045.52095540   3 
112 -12.30030561 -045.52089952 -12.30018917 -045.52085761   3 
113 -12.30022116 -045.52075753 
120 Default hold RWY 13 (near)
111 -12.30034911 -045.52102678   4 
115 -12.30038324 -045.52092746 
120 Default hold RWY 13 (centre)
111 -12.30273673 -045.51407807   4 
115 -12.30277085 -045.51397875 
120 Default hold RWY 13 (far)
111 -12.30512434 -045.50712935   4 
115 -12.30515847 -045.50703004 
19  -12.29969994 -045.52101631 1 WS
19  -12.30522506 -045.50683066 1 WS
1     1201 0 0 SJGC Fazenda Busato 1
100   29.87   4   0 0.00 0 0 0 09  -12.90388658 -045.50556424    0.00    0.00 0  0 0 0 27  -12.89944676 -045.49443575    0.00    0.00 0  0 0 0
130 Airport Boundary
111 -12.89811755 -045.49330645 
111 -12.90369977 -045.50729838 
111 -12.90521579 -045.50669354 
113 -12.89963357 -045.49270161 
19  -12.90207115 -045.49983863 0 Windsock
1     2701 0 0 SJMZ Fazenda Mizote
100   24.99   5   0 0.00 0 0 0 10  -12.95852081 -045.98969523    0.00    0.00 1  0 0 0 28  -12.95647919 -045.97974921    0.00    0.00 1  0 0 0
130 Airport Boundary
111 -12.95539142 -045.97839881 
111 -12.95805299 -045.99136494 
111 -12.95960857 -045.99104563 
113 -12.95694700 -045.97807950 
19  -12.95787982 -045.98464425 0 Windsock
1     2526 0 0 SDEX Fazenda N. S. do Carmo
100   20.12   4   0 0.00 0 0 0 07  -12.58413150 -045.82974708    0.00    0.00 0  0 0 0 25  -12.57864628 -045.82358626    0.00    0.00 0  0 0 0
130 Airport Boundary
111 -12.57705492 -045.82295268 
111 -12.58457683 -045.83140102 
111 -12.58572287 -045.83038066 
113 -12.57820096 -045.82193231 
19  -12.58164277 -045.82644063 0 Windsock
1     2500 0 0 SJGD Fazenda Rio Brilhante
100   20.12   4   0 0.00 0 0 0 09  -12.80537548 -045.72874802    0.00    0.00 0  0 0 0 27  -12.80129119 -045.71847421    0.00    0.00 0  0 0 0
130 Airport Boundary
111 -12.80000659 -045.71732778 
111 -12.80522862 -045.73046352 
111 -12.80666007 -045.72989445 
113 -12.80143804 -045.71675871 
19  -12.80365129 -045.72348471 0 Windsock
1     2595 0 0 SNDQ Fazenda Soya
100   20.12   4   0 0.00 0 0 0 09  -12.92315862 -045.57458177    0.00    0.00 0  0 0 0 27  -12.91906360 -045.56430711    0.00    0.00 0  0 0 0
130 Airport Boundary
111 -12.91777770 -045.56316046 
111 -12.92301396 -045.57629858 
111 -12.92444452 -045.57572842 
113 -12.91920826 -045.56259030 
19  -12.92142975 -045.56931744 0 Windsock
1     2438 0 0 SWXF Fazenda Triflora
100   22.86   4   0 0.00 0 0 0 01  -12.45502289 -045.67815180    0.00    0.00 0  0 0 0 19  -12.44275489 -045.68073708    0.00    0.00 0  0 0 0
130 Airport Boundary
111 -12.44144755 -045.68179302 
111 -12.45664516 -045.67859038 
111 -12.45633022 -045.67709587 
113 -12.44113261 -045.68029850 
19  -12.44881473 -045.67909253 0 Windsock
1     2395 0 0 SJUC Jardim Paraiso
100   29.87   4   0 0.00 0 0 0 10  -12.10944807 -045.78290662    0.00    0.00 0  0 0 0 28  -12.10721859 -045.77209339    0.00    0.00 0  0 0 0
130 Airport Boundary
111 -12.10610662 -045.77075280 
111 -12.10895705 -045.78457772 
111 -12.11056004 -045.78424721 
113 -12.10770961 -045.77042229 
19  -12.10875785 -045.77741247 0 Windsock
1     2408 0 1 SSQZ LUIS EDUARDO MAGALHAES
100   29.87   1   0 0.25 0 0 0 10  -12.10753100 -045.90097500    0.00    0.00 2  0 0 0 28  -12.10588300 -045.88828900    0.00    0.00 2  0 0 0
110   1 0.30  82.43 Default taxiway for RWY 10
111 -12.10766201 -045.90095720   3 
111 -12.10833041 -045.90086639   3 
111 -12.10668270 -045.88818031   3 
111 -12.10601430 -045.88827112 
112 -12.10604970 -045.88854366 -12.10603423 -045.88840709   3 
111 -12.10619411 -045.88838537   3 
112 -12.10640729 -045.88835640 -12.10656717 -045.88833468   3 
111 -12.10658487 -045.88847095   3 
111 -12.10736447 -045.89447332   3 
111 -12.10682930 -045.89454603 
111 -12.10684700 -045.89468229   3 
111 -12.10738217 -045.89460958   3 
112 -12.10816178 -045.90061196 -12.10817948 -045.90074822   3 
111 -12.10801960 -045.90076994   3 
112 -12.10780642 -045.90079891 -12.10764654 -045.90082063   3 
113 -12.10762661 -045.90068467 
120 Default hold RWY 10 (near)
111 -12.10793071 -045.90092070   4 
115 -12.10791301 -045.90078443 
120 Default hold RWY 10 (centre)
111 -12.10711570 -045.89464579   4 
115 -12.10709800 -045.89450953 
120 Default hold RWY 10 (far)
111 -12.10630070 -045.88837089   4 
115 -12.10628300 -045.88823462 
19  -12.10716669 -045.90130183 1 WS
19  -12.10624729 -045.88796215 1 WS
1     2664 0 0 SNSD Sao Luiz
100   20.12   4   0 0.00 0 0 0 09  -12.92148747 -045.71958356    0.00    0.00 0  0 0 0 27  -12.91740142 -045.70930533    0.00    0.00 0  0 0 0
130 Airport Boundary
111 -12.91611675 -045.70815817 
111 -12.92134106 -045.72129963 
111 -12.92277213 -045.72073072 
113 -12.91754782 -045.70758926 
19  -12.91976257 -045.71431797 0 Windsock
1     2650 0 0 SJWP Warpol
100   29.87   4   0 0.00 0 0 0 09  -12.62232795 -045.93088659    0.00    0.00 0  0 0 0 27  -12.61656094 -045.91633564    0.00    0.00 0  0 0 0
130 Airport Boundary
111 -12.61523515 -045.91520676 
111 -12.62213547 -045.93261720 
111 -12.62365373 -045.93201546 
113 -12.61675342 -045.91460503 
19  -12.61984706 -045.92345154 0 Windsock