1      846 0 1 HL69 AL JUFRA
100   60.05   2   0 0.25 0 0 0 14   29.21273600  015.98752200  198.12   20.42 2  0 0 0 32   29.18341700  016.01488900  198.12   20.42 2  0 0 0
110   2 0.30 140.82 Default taxiway for RWY 14
111  29.21256673  015.98728404  53 
111  29.21171184  015.98608227  53 
111  29.18239562  016.01345752  53 
111  29.18325051  016.01465894 
112  29.18366939  016.01426781  29.18345853  016.01446137  53 
111  29.18325370  016.01417351  53 
112  29.18298059  016.01378969  29.18277576  016.01350183  53 
111  29.18298520  016.01330627  53 
111  29.19711971  016.00010760  53 
111  29.19780390  016.00106928 
111  29.19801334  016.00087371  53 
111  29.19732915  015.99991203  53 
112  29.21146367  015.98671336  29.21167310  015.98651780  53 
111  29.21187793  015.98680575  53 
112  29.21215104  015.98718967  29.21235587  015.98747762  53 
113  29.21214786  015.98767517 
120 Default hold RWY 14 (near)
111  29.21222392  015.98680214  54 
115  29.21201448  015.98699771 
120 Default hold RWY 14 (centre)
111  29.19767053  016.00039187  54 
115  29.19746109  016.00058744 
120 Default hold RWY 14 (far)
111  29.18311714  016.01398160  54 
115  29.18290770  016.01417717 
19   29.21366608  015.98784952 1 WS
19   29.18248698  016.01456134 1 WS
1      910 0 1 HL72 WADDAN
100   21.34   1   0 0.25 0 0 0 11   29.14258300  016.15075000    0.00    0.00 2  0 0 0 29   29.13552800  016.16955600    0.00    0.00 2  0 0 0
110   1 0.30 113.24 Default taxiway for RWY 11
111  29.14249685  016.15070765   3 
111  29.14205371  016.15048978   3 
111  29.13500002  016.16929708   3 
111  29.13544316  016.16951494 
112  29.13551892  016.16931294  29.13547897  016.16941292   3 
111  29.13537312  016.16936088   3 
112  29.13523197  016.16929149  29.13512611  016.16923945   3 
111  29.13516399  016.16913845   3 
111  29.13859614  016.15998730   3 
111  29.13895107  016.16016180 
111  29.13898895  016.16006080   3 
111  29.13863402  016.15988630   3 
112  29.14206616  016.15073515  29.14210404  016.15063415   3 
111  29.14220990  016.15068619   3 
112  29.14235105  016.15075558  29.14245690  016.15080763   3 
113  29.14242109  016.15090965 
120 Default hold RWY 11 (near)
111  29.14231835  016.15061989   4 
115  29.14228047  016.15072089 
120 Default hold RWY 11 (centre)
111  29.13881045  016.15997304   4 
115  29.13877257  016.16007404 
120 Default hold RWY 11 (far)
111  29.13530254  016.16932619   4 
115  29.13526466  016.16942719 
19   29.14292341  016.15067811 1 WS
19   29.13518758  016.16962782 1 WS