1      330 0 1 HE24 SIWA OASIS NORTH
100   44.81   1   0 0.25 0 0 0 16   29.35321400  025.50374200    0.00    0.00 2  0 0 0 34   29.33785000  025.50973600    0.00    0.00 2  0 0 0
110   1 0.30 161.22 Default taxiway for RWY 16
111  29.35314981  025.50352546   3 
111  29.35282451  025.50242808   3 
111  29.33746064  025.50842318   3 
111  29.33778594  025.50952039 
112  29.33816769  025.50937144  29.33797609  025.50944348   3 
111  29.33789820  025.50918073   3 
112  29.33779433  025.50883040  29.33771643  025.50856766   3 
111  29.33790730  025.50849318   3 
111  29.34511205  025.50568184   3 
111  29.34537244  025.50656016 
111  29.34556331  025.50648568   3 
111  29.34530292  025.50560736   3 
112  29.35250768  025.50279602  29.35269855  025.50272155   3 
111  29.35277645  025.50298433   3 
112  29.35288032  025.50333471  29.35295821  025.50359749   3 
113  29.35276807  025.50367441 
120 Default hold RWY 16 (near)
111  29.35301925  025.50308504   4 
115  29.35282838  025.50315952 
120 Default hold RWY 16 (centre)
111  29.34543275  025.50604530   4 
115  29.34524188  025.50611978 
120 Default hold RWY 16 (far)
111  29.33784626  025.50900557   4 
115  29.33765538  025.50908004 
19   29.35379005  025.50424852 1 WS
19   29.33727397  025.50922953 1 WS
1      460 0 1 HE27 UTHMAN
100   38.10   1   0 0.25 0 0 0 11   29.56005600  025.57452800    0.00    0.00 2  0 0 0 29   29.55032800  025.60340600    0.00    0.00 2  0 0 0
110   1 0.30 111.16 Default taxiway for RWY 11
111  29.55989822  025.57445778   3 
111  29.55909675  025.57410110   3 
111  29.54937187  025.60298192   3 
111  29.55017334  025.60333857 
112  29.55029712  025.60297097  29.55023313  025.60315384   3 
111  29.55004128  025.60306846   3 
112  29.54978548  025.60295463  29.54959363  025.60286926   3 
111  29.54965552  025.60268546   3 
111  29.55436324  025.58870455   3 
111  29.55500484  025.58899008 
111  29.55506673  025.58880628   3 
111  29.55442513  025.58852075   3 
112  29.55913284  025.57453985  29.55919473  025.57435605   3 
111  29.55938658  025.57444143   3 
112  29.55964238  025.57455527  29.55983423  025.57464065   3 
113  29.55977444  025.57482538 
120 Default hold RWY 11 (near)
111  29.55957637  025.57431455   4 
115  29.55951448  025.57449835 
120 Default hold RWY 11 (centre)
111  29.55474488  025.58866305   4 
115  29.55468299  025.58884685 
120 Default hold RWY 11 (far)
111  29.54991338  025.60301155   4 
115  29.54985149  025.60319535 
19   29.56065813  025.57437328 1 WS
19   29.54972584  025.60356053 1 WS