1      630 0 1 7TS2 Alison Air Park
100    7.92   5   0 0.25 0 0 0 17   29.83311299 -097.88927812    0.00    0.00 1  0 0 0 35   29.82955201 -097.88906300    0.00    0.00 1  0 0 0
19   29.83318981 -097.88915927 1 WS
19   29.82947519 -097.88918185 1 WS
1      452 0 1 2TS8 BAILEY
100    7.62   1   0 0.25 0 0 0 15   29.22577600 -097.87439300    0.00    0.00 2  0 0 0 33   29.21526300 -097.86894100    0.00    0.00 2  0 0 0
110   1 0.30 155.65 Default taxiway for RWY 15
111  29.22576279 -097.87442644   3 
111  29.22569117 -097.87460776   3 
111  29.21517828 -097.86915517   3 
111  29.21524990 -097.86897388 
112  29.21531237 -097.86900628  29.21528021 -097.86899243   3 
111  29.21526325 -097.86903538   3 
112  29.21524062 -097.86909264  29.21522366 -097.86913559   3 
111  29.21525489 -097.86915179   3 
111  29.22043325 -097.87183757   3 
111  29.22049073 -097.87169206 
111  29.22052196 -097.87170826   3 
111  29.22046448 -097.87185377   3 
112  29.22564284 -097.87453956  29.22567407 -097.87455576   3 
111  29.22569103 -097.87451281   3 
112  29.22571366 -097.87445554  29.22573062 -097.87441259   3 
113  29.22570032 -097.87439404 
120 Default hold RWY 15 (near)
111  29.22573358 -097.87450038   4 
115  29.22570234 -097.87448418 
120 Default hold RWY 15 (centre)
111  29.22049275 -097.87178219   4 
115  29.22046152 -097.87176599 
120 Default hold RWY 15 (far)
111  29.21525193 -097.86906401   4 
115  29.21522069 -097.86904781 
19   29.22588032 -097.87431945 1 WS
19   29.21515868 -097.86901454 1 WS
1      495 0 1 9TX2 Brooks Place
100   22.86   3   0 0.25 0 0 0 08   29.91259191 -097.63645391    0.00    0.00 1  0 0 0 26   29.91285031 -097.63076555    0.00    0.00 1  0 0 0
100   22.86   3   0 0.25 0 0 0 18   29.91421850 -097.63339762    0.00    0.00 1  0 0 0 36   29.91122372 -097.63382184    0.00    0.00 1  0 0 0
19   29.91288793 -097.63670948 1 WS
19   29.91438525 -097.63301690 1 WS
19   29.91105697 -097.63420254 1 WS
19   29.91255428 -097.63050999 1 WS
1      370 0 1 XS24 Cherry Spraying Service
100    6.10   1   0 0.25 0 0 0 10   29.83075432 -097.10323457    0.00    0.00 2  0 0 0 28   29.82858900 -097.09507045    0.00    0.00 2  0 0 0
110   1 0.30 107.00 Default taxiway for RWY 10
111  29.83073024 -097.10324306   3 
111  29.83059693 -097.10329003   3 
111  29.82843186 -097.09512573   3 
111  29.82856517 -097.09507876 
112  29.82858121 -097.09513924  29.82857104 -097.09510975   3 
111  29.82853956 -097.09512085   3 
112  29.82849759 -097.09513563  29.82846611 -097.09514673   3 
111  29.82847413 -097.09517697   3 
111  29.82953662 -097.09918352   3 
111  29.82964370 -097.09914579 
111  29.82965171 -097.09917603   3 
111  29.82954463 -097.09921376   3 
112  29.83060712 -097.10322031  29.83061514 -097.10325055   3 
111  29.83064662 -097.10323946   3 
112  29.83068859 -097.10322467  29.83072007 -097.10321357   3 
113  29.83071420 -097.10318258 
120 Default hold RWY 10 (near)
111  29.83067563 -097.10326230   4 
115  29.83066761 -097.10323206 
120 Default hold RWY 10 (centre)
111  29.82959710 -097.09919527   4 
115  29.82958909 -097.09916503 
120 Default hold RWY 10 (far)
111  29.82851858 -097.09512824   4 
115  29.82851056 -097.09509800 
19   29.83084905 -097.10326732 1 WS
19   29.82849427 -097.09503772 1 WS
1      214 0 1 T71  Cuero Municipal
100   18.29   1   0 0.25 0 1 0 14   29.08680869 -097.26932744    0.00    0.00 2  0 0 0 32   29.08036741 -097.26454090    0.00    0.00 2  0 0 0
110   1 0.30 147.00 Default taxiway for RWY 14
111  29.08676510 -097.26940425   3 102 
111  29.08653977 -097.26980128   3 102 
111  29.08009857 -097.26501441   3 102 
111  29.08032390 -097.26461741 
112  29.08046193 -097.26471999  29.08039169 -097.26467086   3 102 
111  29.08033791 -097.26476562   3 102 
112  29.08026620 -097.26489197  29.08021241 -097.26498673   3 102 
111  29.08028142 -097.26503802   3 102 
111  29.08332949 -097.26730323   3 102 
111  29.08351000 -097.26698519 
111  29.08357901 -097.26703647   3 102 
111  29.08339850 -097.26735451   3 102 
112  29.08644656 -097.26961972  29.08651558 -097.26967101   3 102 
111  29.08656937 -097.26957625   3 102 
112  29.08664108 -097.26944989  29.08669486 -097.26935512   3 102 
113  29.08662707 -097.26930167 
120 Default hold RWY 14 (near)
111  29.08667423 -097.26956436   4 
115  29.08660522 -097.26951307 
120 Default hold RWY 14 (centre)
111  29.08348814 -097.26719657   4 
115  29.08341913 -097.26714529 
120 Default hold RWY 14 (far)
111  29.08030205 -097.26482879   4 
115  29.08023303 -097.26477750 
18   29.08390178 -097.26638129 1 BCN
19   29.08708118 -097.26919310 1 WS
19   29.08009493 -097.26467525 1 WS
1      400 0 1 XS49 Dean Ranch
100   24.38   3   0 0.25 0 0 0 07   29.48940616 -097.12607544    0.00    0.00 1  0 0 0 25   29.49107216 -097.11778512    0.00    0.00 1  0 0 0
19   29.48967751 -097.12640616 1 WS
19   29.49080080 -097.11745443 1 WS
1      520 0 1 XS73 DOUBLE D RANCH
100   15.24   1   0 0.25 0 0 0 10   29.87463300 -097.29531700    0.00    0.00 2  0 0 0 28   29.87248300 -097.28133300    0.00    0.00 2  0 0 0
110   1 0.30 100.05 Default taxiway for RWY 10
111  29.87456769 -097.29533035   3 
111  29.87422787 -097.29539981   3 
111  29.87207861 -097.28141551   3 
111  29.87241843 -097.28134605 
112  29.87244236 -097.28150179  29.87242818 -097.28142437   3 
111  29.87234715 -097.28144093   3 
112  29.87223912 -097.28146302  29.87215809 -097.28147958   3 
111  29.87217006 -097.28155745   3 
111  29.87321477 -097.28835492   3 
111  29.87348707 -097.28829926 
111  29.87349904 -097.28837713   3 
111  29.87322674 -097.28843279   3 
112  29.87427145 -097.29523027  29.87428342 -097.29530814   3 
111  29.87436445 -097.29529158   3 
112  29.87447248 -097.29526949  29.87455351 -097.29525293   3 
113  29.87454375 -097.29517461 
120 Default hold RWY 10 (near)
111  29.87443043 -097.29535841   4 
115  29.87441846 -097.29528054 
120 Default hold RWY 10 (centre)
111  29.87336178 -097.28840519   4 
115  29.87334981 -097.28832732 
120 Default hold RWY 10 (far)
111  29.87229313 -097.28145197   4 
115  29.87228117 -097.28137410 
19   29.87485951 -097.29543133 1 WS
19   29.87225649 -097.28121870 1 WS
1      550 0 1 0TX6 Elm Creek Airpark
100   30.48   3   0 0.25 0 0 0 14   29.50776244 -097.99883766    0.00    0.00 1  0 0 0 32   29.50270144 -097.99506124    0.00    0.00 1  0 0 0
19   29.50821658 -097.99861282 1 WS
19   29.50224731 -097.99528607 1 WS
1      460 0 1 XS90 Fentress Airpark
100   12.80   5   0 0.25 0 0 0 05   29.76588998 -097.77951917    0.00    0.00 1  0 0 0 23   29.77067056 -097.77103861    0.00    0.00 1  0 0 0
19   29.76597216 -097.77973890 1 WS
19   29.77058837 -097.77081888 1 WS
1      425 0 1 TE36 Gerum Farm
100   18.29   3   0 0.25 0 0 0 17   29.39464866 -097.18487393    0.00    0.00 1  0 0 0 35   29.38917022 -097.18454441    0.00    0.00 1  0 0 0
19   29.39482593 -097.18460086 1 WS
19   29.38899295 -097.18481746 1 WS
1      465 0 1 83R  Glen Beicker Ranch
100   15.24   3   0 0.25 0 0 0 18   29.53205363 -097.78795958    0.00    0.00 1  0 0 0 36   29.52674469 -097.78870876    0.00    0.00 1  0 0 0
19   29.53216469 -097.78770569 1 WS
19   29.52663363 -097.78896264 1 WS
1      354 0 1 T20  GONZALES MUNI
100   15.24   1   0 0.25 0 2 0 15   29.53182500 -097.46389700    0.00    0.00 2  0 0 0 33   29.52420300 -097.45886400    0.00    0.00 2  0 0 0
110   1 0.30 150.12 Default taxiway for RWY 15
111  29.53179196 -097.46396309   3 102 
111  29.53162002 -097.46430702   3 102 
111  29.52399811 -097.45927361   3 102 
111  29.52417005 -097.45892971 
112  29.52428897 -097.45900824  29.52422839 -097.45897122   3 102 
111  29.52418739 -097.45905322   3 102 
112  29.52413273 -097.45916255  29.52409173 -097.45924455   3 102 
111  29.52415119 -097.45928381   3 102 
111  29.52781350 -097.46170235   3 102 
111  29.52795128 -097.46142677 
111  29.52801074 -097.46146603   3 102 
111  29.52787296 -097.46174161   3 102 
112  29.53153526 -097.46416015  29.53159472 -097.46419941   3 102 
111  29.53163572 -097.46411741   3 102 
112  29.53169038 -097.46400807  29.53173138 -097.46392607   3 102 
113  29.53167304 -097.46388456 
120 Default hold RWY 15 (near)
111  29.53172251 -097.46410201   4 
115  29.53166305 -097.46406274 
120 Default hold RWY 15 (centre)
111  29.52794129 -097.46160494   4 
115  29.52788183 -097.46156568 
120 Default hold RWY 15 (far)
111  29.52416006 -097.45910788   4 
115  29.52410060 -097.45906861 
18   29.52825406 -097.46090254 1 BCN
19   29.53204641 -097.46377052 1 WS
19   29.52398160 -097.45899048 1 WS
51 12290 CTAF
1      440 0 1 10T  Gottwald Field
100   15.24   3   0 0.25 0 0 0 14   29.66916777 -097.50196918    0.00    0.00 1  0 0 0 32   29.66462667 -097.49857528    0.00    0.00 1  0 0 0
19   29.66939484 -097.50185658 1 WS
19   29.66439961 -097.49868788 1 WS
1      650 0 0 E70  Huber Airpark
100   18.90   1   0 0.00 0 2 0 16   29.60695584 -097.99047246    0.00    0.00 1  0 0 0 34   29.59785260 -097.99025714    0.00    0.00 1  9 0 0
110   1 0.00   0.00 Road South
111  29.60708067 -097.99135890 
111  29.59770363 -097.99115235 
112  29.59770363 -097.99115235  29.59770520 -097.99105901 
111  29.59771353 -097.99098904 
112  29.59771353 -097.99098904  29.59772865 -097.99081824 
112  29.59797930 -097.99098410  29.59799324 -097.99112763 
111  29.59797930 -097.99098410 
112  29.59799858 -097.99106276  29.59800771 -097.99109122 
111  29.59799858 -097.99106276 
113  29.60708136 -097.99127010 
110   1 0.00   0.00 Road North
111  29.60740298 -097.99139784 
112  29.60732601 -097.99137179  29.60727020 -097.99136900 
111  29.60732601 -097.99137179 
111  29.60714703 -097.99136249 
111  29.60714698 -097.99128115 
111  29.60732629 -097.99128830 
112  29.60740290 -097.99125575  29.60743384 -097.99122059 
113  29.60740290 -097.99125575 
110   1 0.00   0.00 Turn Pad North
111  29.60695754 -097.99037471 
112  29.60705476 -097.99035683  29.60713129 -097.99033329 
111  29.60705476 -097.99035683 
112  29.60705476 -097.99035683  29.60719269 -097.99036092 
112  29.60705121 -097.99059427  29.60691328 -097.99059325 
111  29.60705121 -097.99059427 
112  29.60705121 -097.99059427  29.60697557 -097.99056254 
113  29.60695393 -097.99057046 
110   1 0.00   0.00 Turn Pad South
111  29.59785096 -097.99035530 
112  29.59785096 -097.99035530  29.59782249 -097.99035632 
111  29.59777732 -097.99037855 
112  29.59777732 -097.99037855  29.59764843 -097.99037728 
112  29.59777933 -097.99014021  29.59791648 -097.99014021 
111  29.59777933 -097.99014021 
112  29.59785430 -097.99015886  29.59788824 -097.99015980 
113  29.59785430 -097.99015886 
110   1 0.00   0.00 T-Hangars
112  29.60714716 -097.99052711  29.60715416 -097.99050956 
111  29.60714716 -097.99052711 
111  29.60714662 -097.99188441 
111  29.60529184 -097.99184914 
111  29.60529221 -097.99142027 
111  29.60609111 -097.99142609 
111  29.60609174 -097.99167396 
112  29.60609174 -097.99167396  29.60609172 -097.99170315 
112  29.60612542 -097.99171880  29.60614620 -097.99171907 
111  29.60612542 -097.99171880 
111  29.60626923 -097.99171786 
111  29.60626954 -097.99143805 
111  29.60701387 -097.99144365 
112  29.60701387 -097.99144365  29.60705316 -097.99144227 
112  29.60708080 -097.99135605  29.60708097 -097.99129413 
111  29.60708080 -097.99135605 
111  29.60708164 -097.99059001 
114  29.60708164 -097.99059001  29.60712167 -097.99057943 
110   1 0.00   0.00 Veracity conection Pad
111  29.60612482 -097.99119500 
111  29.60609450 -097.99119330 
111  29.60609412 -097.99088204 
111  29.60616846 -097.99087719 
113  29.60612482 -097.99090665 
110   1 0.00   0.00 Veracity Pad 1
111  29.60629143 -097.99055509 
111  29.60629095 -097.99084816 
112  29.60629095 -097.99084816  29.60629057 -097.99086726 
111  29.60630258 -097.99087728 
111  29.60616891 -097.99087728 
112  29.60621333 -097.99083240  29.60621551 -097.99080384 
111  29.60621333 -097.99083240 
111  29.60621291 -097.99077177 
112  29.60621291 -097.99077177  29.60620333 -097.99074612 
111  29.60616849 -097.99074694 
111  29.60601333 -097.99074798 
112  29.60599078 -097.99077321  29.60597781 -097.99079878 
111  29.60599078 -097.99077321 
111  29.60599172 -097.99063549 
112  29.60599172 -097.99063549  29.60600336 -097.99066615 
111  29.60601405 -097.99066026 
111  29.60616922 -097.99066708 
112  29.60621329 -097.99064099  29.60621959 -097.99061550 
111  29.60621329 -097.99064099 
113  29.60621327 -097.99055320 
110   2 0.00  90.00 Veracity Hangar Pad
111  29.60630224 -097.99087713 
111  29.60636934 -097.99090334 
111  29.60636884 -097.99119462 
111  29.60612482 -097.99119500 
111  29.60612482 -097.99090665 
113  29.60616846 -097.99087719 
110   2 0.00  89.88 Hangar 2 Pad
111  29.60600200 -097.99054813 
112  29.60599128 -097.99056051  29.60599128 -097.99056928 
111  29.60599128 -097.99056051 
111  29.60599172 -097.99063549 
111  29.60599078 -097.99077321 
112  29.60603322 -097.99088209  29.60607580 -097.99088794 
111  29.60603322 -097.99088209 
111  29.60609412 -097.99088204 
111  29.60609450 -097.99119330 
111  29.60585530 -097.99119490 
111  29.60586165 -097.99066210 
111  29.60591249 -097.99065991 
113  29.60591312 -097.99054589 
110   1 0.00  90.35 Hangar 1 Pad
111  29.60689112 -097.99056991 
111  29.60689185 -097.99120172 
111  29.60671380 -097.99120116 
113  29.60671368 -097.99056535 
110   2 0.00  89.76 New Taxiway 13
111  29.60128078 -097.99043670 
112  29.60125868 -097.99045449  29.60125537 -097.99047356 
111  29.60125868 -097.99045449 
111  29.60125677 -097.99109327 
111  29.60089283 -097.99108634 
111  29.60089355 -097.99087339 
111  29.60108050 -097.99087329 
111  29.60108131 -097.99076444 
111  29.60114683 -097.99076351 
112  29.60119132 -097.99069373  29.60119294 -097.99063698 
111  29.60119132 -097.99069373 
113  29.60119213 -097.99043437 
110   2 0.00  90.26 Hangar 6 Pad
111  29.60164874 -097.99044525 
112  29.60162565 -097.99048020  29.60162565 -097.99050746 
111  29.60162565 -097.99048020 
111  29.60162686 -097.99072695 
111  29.60167974 -097.99077448 
111  29.60167783 -097.99108552 
111  29.60138210 -097.99108702 
111  29.60137949 -097.99090572 
111  29.60150269 -097.99090350 
111  29.60150326 -097.99076788 
112  29.60155830 -097.99071993  29.60155830 -097.99066599 
111  29.60155830 -097.99071993 
111  29.60155866 -097.99047726 
112  29.60153537 -097.99044240  29.60151007 -097.99043276 
113  29.60153537 -097.99044240 
110   1 0.00  89.60 Hangar 5 Pad
111  29.60302426 -097.99047730 
111  29.60302426 -097.99094787 
111  29.60305701 -097.99094787 
111  29.60305701 -097.99112241 
111  29.60281500 -097.99112010 
111  29.60281433 -097.99094172 
111  29.60283640 -097.99094172 
113  29.60283640 -097.99047323 
110   2 0.00  90.00 Hangar 4 Pad
111  29.60333611 -097.99088048 
111  29.60333550 -097.99112304 
111  29.60309179 -097.99112304 
113  29.60309179 -097.99087978 
110   2 0.00  90.00 Hangar 3 Pad
111  29.60435801 -097.99050938 
111  29.60435823 -097.99086141 
111  29.60446892 -097.99086187 
111  29.60446940 -097.99114592 
111  29.60420411 -097.99114689 
111  29.60420425 -097.99098004 
111  29.60425759 -097.99097850 
111  29.60425826 -097.99088700 
111  29.60430238 -097.99085932 
113  29.60430277 -097.99050816 
110   4 0.00   3.80 Gravel pad Shed
111  29.60601431 -097.99186355 
112  29.60596845 -097.99189977  29.60595975 -097.99193071 
111  29.60596845 -097.99189977 
111  29.60597011 -097.99212282 
111  29.60581375 -097.99212219 
111  29.60581375 -097.99189850 
112  29.60577712 -097.99185974  29.60574196 -097.99184818 
113  29.60577712 -097.99185974 
110   2 0.00  90.09 Hangar 9 Pad
111  29.59836756 -097.99036759 
112  29.59834841 -097.99038741  29.59834415 -097.99040284 
111  29.59834841 -097.99038741 
111  29.59834896 -097.99067603 
111  29.59839105 -097.99070980 
111  29.59839029 -097.99107183 
111  29.59812807 -097.99106574 
111  29.59812903 -097.99070417 
111  29.59823053 -097.99070373 
112  29.59823053 -097.99070373  29.59825416 -097.99069899 
112  29.59827066 -097.99066928  29.59827783 -097.99064866 
111  29.59827066 -097.99066928 
111  29.59826968 -097.99040249 
112  29.59826968 -097.99040249  29.59826906 -097.99037128 
113  29.59825420 -097.99036493 
110   2 0.00   0.00 Hangar 7 Pad
111  29.60063763 -097.99106871 
111  29.60063870 -097.99090030 
111  29.60083574 -097.99090401 
113  29.60083466 -097.99106995 
110   2 0.00  90.00 Hangar 8 Pad
111  29.60016976 -097.99041041 
111  29.60017017 -097.99080164 
111  29.60020253 -097.99082617 
111  29.60020386 -097.99087614 
111  29.60023595 -097.99089460 
111  29.60023662 -097.99111757 
111  29.60007082 -097.99111904 
111  29.60007082 -097.99082302 
111  29.60012497 -097.99080072 
113  29.60012364 -097.99040937 
130 Airport Boundary
111  29.60730739 -097.99264885 
111  29.59748009 -097.99252458 
111  29.59748831 -097.98988741 
113  29.60735177 -097.99003169 
120 Hangar 2 pad line
111  29.60594960 -097.99084463  22 
115  29.60594960 -097.99055672 
120 Hangar1 line
111  29.60680110 -097.99090768  22 
115  29.60680117 -097.99058146 
15   29.60624571 -097.99106914  90.00 Veracity Aviation Hangar (inside)
15   29.60612966 -097.99070396 178.84 Veracity Aviation Pad
18   29.60693880 -097.99112037 1 New Airport Beacon 6
19   29.60726087 -097.99103025 0 New Windsock 5
51 12290 CTAF/UNICOM
1      496 0 1 XS96 Joe Fleming Field
100   30.48   3   0 0.25 0 0 0 15   29.52775687 -097.87651200    0.00    0.00 1  0 0 0 33   29.52270701 -097.87404856    0.00    0.00 1  0 0 0
19   29.52817013 -097.87619991 1 WS
19   29.52229376 -097.87436064 1 WS
1      280 0 1 TS22 Joye Ranch
100   24.38   3   0 0.25 0 0 0 13   29.24561264 -097.63393931    0.00    0.00 1  0 0 0 31   29.23772068 -097.62550515    0.00    0.00 1  0 0 0
19   29.24599761 -097.63383495 1 WS
19   29.23733571 -097.62560954 1 WS
1      420 0 1 TE51 Lackorn
100   18.29   3   0 0.25 0 0 0 17   29.54322938 -097.83524918    0.00    0.00 1  0 0 0 35   29.53501172 -097.83475416    0.00    0.00 1  0 0 0
19   29.54340665 -097.83497571 1 WS
19   29.53483445 -097.83502761 1 WS
1      247 0 1 TA36 Lempa
100   45.72   3   0 0.25 0 0 0 16   29.00915362 -097.31253969    0.00    0.00 1  0 0 0 34   29.00247192 -097.31077587    0.00    0.00 1  0 0 0
19   29.00969336 -097.31195791 1 WS
19   29.00193219 -097.31135762 1 WS
1      532 0 1 50R  LOCKHART MUNI
100   22.86   1   0 0.25 0 2 0 18   29.85582800 -097.67219700    0.00    0.00 2  0 0 0 36   29.84483100 -097.67262800    0.00    0.00 2  0 0 0
21   29.85401897 -097.67192083  2 181.95   3.00 18  PAPI-4L
21   29.84664003 -097.67290416  2   1.95   3.00 36  PAPI-4L
110   1 0.30 181.95 Default taxiway for RWY 18
112  29.85561898 -097.67208912  29.85572171 -097.67208250   3 102 
111  29.85571751 -097.67194026   3 102 
112  29.85571192 -097.67175060  29.85570773 -097.67160836   3 102 
111  29.85560493 -097.67161239   3 102 
111  29.85036343 -097.67181787   3 102 
111  29.85037748 -097.67229457 
111  29.85027468 -097.67229860   3 102 
111  29.85026063 -097.67182190   3 102 
112  29.84501914 -097.67202738  29.84491633 -097.67203141   3 102 
111  29.84492052 -097.67217364   3 102 
112  29.84492611 -097.67236327  29.84493031 -097.67250550   3 102 
111  29.84503319 -097.67250406 
111  29.84482758 -097.67251212   3 102 
111  29.84481003 -097.67191692   3 102 
111  29.85580703 -097.67148580   3 102 
113  29.85582458 -097.67208106 
120 Default hold RWY 18 (near)
111  29.85571472 -097.67184543   4 
115  29.85581752 -097.67184140 
120 Default hold RWY 18 (centre)
111  29.85026762 -097.67205896   4 
115  29.85037042 -097.67205493 
120 Default hold RWY 18 (far)
111  29.84482052 -097.67227249   4 
115  29.84492332 -097.67226846 
18   29.85035592 -097.67324056 1 BCN
19   29.85602316 -097.67183492 1 WS
19   29.84463584 -097.67299004 1 WS
51 12280 CTAF/UNICOM
55 11880 AUSTIN APP/DEP
1      600 0 1 50TA Moltz
100   12.19   3   0 0.25 0 0 0 15   29.69088171 -097.99765852    0.00    0.00 1  0 0 0 33   29.68456939 -097.99457426    0.00    0.00 1  0 0 0
19   29.69104702 -097.99753348 1 WS
19   29.68440409 -097.99469929 1 WS
1      375 0 1 58R  Moulton Municipal
100   24.38   3   0 0.25 0 0 0 15   29.57229918 -097.15432009    0.00    0.00 1  0 0 0 33   29.56706248 -097.15176437    0.00    0.00 1  0 0 0
19   29.57262979 -097.15407031 1 WS
19   29.56673187 -097.15201415 1 WS
1      350 0 1 5TA3 Pearson Ranch - Private
100   22.86   3   0 0.25 0 0 0 16   29.36151745 -097.14548710    0.00    0.00 1  0 0 0 34   29.35563755 -097.14392958    0.00    0.00 1  0 0 0
19   29.36178701 -097.14519674 1 WS
19   29.35536799 -097.14421993 1 WS
1      525 0 1 KSEQ RANDOLPH AFB AUX
100   45.72   1   0 0.25 0 0 0 13   29.57361100 -097.91805600    0.00  304.80 2  0 0 0 31   29.55805600 -097.89861100    0.00  304.80 2  0 0 0
100   45.72   1   0 0.25 0 0 0 17   29.57305600 -097.91777800    0.00    0.00 2  0 0 0 35   29.55833300 -097.91777800    0.00    0.00 2  0 0 0
100   45.72   1   0 0.25 0 0 0 08   29.56361100 -097.92000000    0.00    0.00 2  0 0 0 26   29.56361100 -097.90472200    0.00    0.00 2  0 0 0
110   1 0.30 132.60 Default taxiway for RWY 13
111  29.57346122 -097.91821436   3 
111  29.57270241 -097.91901665   3 
111  29.55714883 -097.89956850   3 
111  29.55790764 -097.89876633 
112  29.55818614 -097.89911457  29.55804524 -097.89894220   3 
111  29.55786352 -097.89913430   3 
112  29.55762123 -097.89939044  29.55743951 -097.89958254   3 
111  29.55757876 -097.89975666   3 
111  29.56500742 -097.90904542   3 
111  29.56561480 -097.90840328 
111  29.56575405 -097.90857740   3 
111  29.56514667 -097.90921954   3 
112  29.57257534 -097.91850831  29.57271459 -097.91868242   3 
111  29.57289631 -097.91849029   3 
112  29.57313860 -097.91823412  29.57332032 -097.91804199   3 
113  29.57318272 -097.91786613 
120 Default hold RWY 13 (near)
111  29.57315670 -097.91853632   4 
115  29.57301745 -097.91836220 
120 Default hold RWY 13 (centre)
111  29.56544953 -097.90889935   4 
115  29.56531028 -097.90872523 
120 Default hold RWY 13 (far)
111  29.55774237 -097.89926237   4 
115  29.55760312 -097.89908825 
19   29.56422814 -097.92047308 1 WS
19   29.57434380 -097.91792390 1 WS
19   29.57346745 -097.91706838 1 WS
19   29.55732322 -097.89874322 1 WS
19   29.55792155 -097.91848751 1 WS
19   29.56299380 -097.90424902 1 WS
1      597 0 1 KHYI SAN MARCOS MUNI
100   30.48   1   0 0.25 0 2 0 08   29.89180600 -097.87708100    0.00    0.00 2  0 0 1 26   29.89245800 -097.85712200    0.00    0.00 2  0 0 1
100   45.72   1   0 0.25 0 2 0 13   29.89703300 -097.87002800    0.00    0.00 3  8 0 0 31   29.88655300 -097.85707200    0.00    0.00 2  0 0 0
100   30.48   1   0 0.25 0 2 0 17   29.90168300 -097.85775000    0.00    0.00 2  0 0 0 35   29.88736100 -097.85713900    0.00    0.00 2  0 0 0
21   29.88750549 -097.85888621  1 313.02   3.00 31  VASI
10   29.89124110 -097.87284090 xxx   0.00   500 0.0 0.0   100 161161  1 0 0 0.25 0
10   29.89114190 -097.87673950 xxx 169.00   600 0.0 0.0   100 161161  1 0 0 0.25 0
10   29.89153860 -097.86453250 xxx  30.00   600 0.0 0.0   100 161161  1 0 0 0.25 0
10   29.88963890 -097.86233520 xxx  50.00   600 0.0 0.0   100 161161  1 0 0 0.25 0
10   29.89183620 -097.86784360 xxx   0.00   800 0.0 0.0   100 161161  1 0 0 0.25 0
10   29.88654900 -097.85845180 xxx  89.00  1000 0.0 0.0   100 161161  1 0 0 0.25 0
10   29.90142630 -097.86074070 xxx  87.00  1900 0.0 0.0   100 161161  1 0 0 0.25 0
10   29.89043810 -097.87070470 xxx  87.83  3800 0.0 0.0   200 161161  1 0 0 0.25 0
10   29.89109800 -097.86554720 xxx 132.96  5000 0.0 0.0   100 161161  1 0 0 0.25 0
18   29.89455872 -097.85633788 1 BCN
19   29.89220680 -097.87741507 1 WS
19   29.89776495 -097.86988941 1 WS
19   29.90197232 -097.85728739 1 WS
19   29.89205714 -097.85678800 1 WS
19   29.88707168 -097.85760154 1 WS
19   29.88582107 -097.85721068 1 WS
50 12082 AWOS 3
51 12305 CTAF/UNICOM
52 12135 CLNC DEL
55 11900 AUSTIN APP/DEP
1      475 0 1 T91  The Carter Memorial
100   13.72   1   0 0.25 0 2 0 17   29.73210371 -097.65967339    0.00    0.00 2  0 0 0 35   29.72446129 -097.65921217    0.00    0.00 2  0 0 0
100   91.44   3   0 0.25 0 0 0 04   29.72641179 -097.66175291    0.00    0.00 1  0 0 0 22   29.73015321 -097.65713265    0.00    0.00 1  0 0 0
110   1 0.30 177.00 Default taxiway for RWY 17
111  29.73210060 -097.65974178   3 102 
111  29.73208433 -097.66009925   3 102 
111  29.72444191 -097.65963795   3 102 
111  29.72445818 -097.65928051 
112  29.72458145 -097.65928795  29.72451969 -097.65928682   3 102 
111  29.72451581 -097.65937199   3 102 
112  29.72451065 -097.65948554  29.72450677 -097.65957070   3 102 
111  29.72456841 -097.65957442   3 102 
111  29.72823553 -097.65979577   3 102 
111  29.72824857 -097.65950929 
111  29.72831021 -097.65951301   3 102 
111  29.72829717 -097.65979949   3 102 
112  29.73196430 -097.66002083  29.73202593 -097.66002455   3 102 
111  29.73202981 -097.65993938   3 102 
112  29.73203497 -097.65982582  29.73203885 -097.65974065   3 102 
113  29.73197734 -097.65973434 
120 Default hold RWY 17 (near)
111  29.73209402 -097.65988632   4 
115  29.73203239 -097.65988260 
120 Default hold RWY 17 (centre)
111  29.72830363 -097.65965754   4 
115  29.72824199 -097.65965382 
120 Default hold RWY 17 (far)
111  29.72451323 -097.65942876   4 
115  29.72445160 -097.65942504 
18   29.72830504 -097.65894753 1 BCN
19   29.72675328 -097.66341532 1 WS
19   29.73223659 -097.65946948 1 WS
19   29.72981165 -097.65547018 1 WS
19   29.72432841 -097.65941607 1 WS
1      350 0 1 32TA Wilbourn Ranch
100   30.48   3   0 0.25 0 0 0 18   29.69543624 -097.43310392    0.00    0.00 1  0 0 0 36   29.68835764 -097.43410442    0.00    0.00 1  0 0 0
19   29.69565835 -097.43259532 1 WS
19   29.68813553 -097.43461299 1 WS
1      800 0 1 7TS3 Wyatt
100   15.24   4   0 0.25 0 0 0 03   29.95736433 -097.98752298    0.00    0.00 1  0 0 0 21   29.96251233 -097.98304536    0.00    0.00 1  0 0 0
19   29.95737860 -097.98780788 1 WS
19   29.96249805 -097.98276045 1 WS
1      365 0 1 T85  YOAKUM MUNI
100   18.29   1   0 0.25 0 2 0 13   29.31646900 -097.14228100    0.00    0.00 2  0 0 0 31   29.30986900 -097.13452800    0.00    0.00 2  0 0 0
110   1 0.30 134.31 Default taxiway for RWY 13
111  29.31641173 -097.14234512   3 102 
111  29.31611570 -097.14267656   3 102 
111  29.30951592 -097.13492303   3 102 
111  29.30981195 -097.13459162 
112  29.30992692 -097.13472668  29.30986783 -097.13466095   3 102 
111  29.30979717 -097.13474006   3 102 
112  29.30970295 -097.13484553  29.30963229 -097.13492464   3 102 
111  29.30968977 -097.13499217   3 102 
111  29.31284595 -097.13870010   3 102 
111  29.31308310 -097.13843460 
111  29.31314058 -097.13850214   3 102 
111  29.31290343 -097.13876764   3 102 
112  29.31605961 -097.14247557  29.31611710 -097.14254310   3 102 
111  29.31618776 -097.14246399   3 102 
112  29.31628198 -097.14235851  29.31635264 -097.14227940   3 102 
113  29.31629676 -097.14221006 
120 Default hold RWY 13 (near)
111  29.31629235 -097.14247878   4 
115  29.31623487 -097.14241125 
120 Default hold RWY 13 (centre)
111  29.31302120 -097.13863579   4 
115  29.31296372 -097.13856825 
120 Default hold RWY 13 (far)
111  29.30975006 -097.13479280   4 
115  29.30969257 -097.13472527 
18   29.31358164 -097.13794319 1 BCN
19   29.31676062 -097.14221828 1 WS
19   29.30957739 -097.13459073 1 WS
51 12290 CTAF
17     210 0 1 2T9  [H] Cuero Community Hospital
102 H1   29.11330888 -097.28332306   0.00   12.19   12.19   2 2   0 0.25 0
19   29.11347346 -097.28313468 1 WS
17     530 0 1 XS98 [H] Guadalupe Hospital
102 H1   29.56745222 -097.94667084   0.00   12.19   12.19   2 2   0 0.25 0
19   29.56761680 -097.94648162 1 WS