1        5 0 1 1R5  Cameron Airstrip
100   25.91   3   0 0.25 0 1 0 14   29.80595049 -093.33675567    0.00    0.00 1  0 0 0 32   29.80060283 -093.33244045    0.00    0.00 1  0 0 0
18   29.80374393 -093.33382895 1 BCN
19   29.80634130 -093.33658093 1 WS
19   29.80021203 -093.33261519 1 WS
1        6 0 1 XS76 Texas Menhaden Strip
100   12.19   1   0 0.25 0 0 0 14   29.72615275 -093.87209141    0.00    0.00 2  0 0 0 32   29.72206335 -093.86879415    0.00    0.00 2  0 0 0
19   29.72633703 -093.87200864 1 WS
19   29.72187907 -093.86887693 1 WS
17       5 0 1 LA53 [H] Air Logistics
102 H1   29.76355361 -093.01264750   0.00   91.44   60.96   2 2   0 0.25 0
19   29.76451366 -093.01169955 1 WS
17       9 0 1 TS48 [H] Arco Sabine
102 H1   29.71271972 -093.85960889   0.00   15.24   15.24   2 2   0 0.25 0
19   29.71292544 -093.85937202 1 WS
17       6 0 1 LA78 [H] Cagc Dock
102 H1   29.78938805 -093.32237556   0.00   76.20   76.20   2 2   0 0.25 0
19   29.79041667 -093.32119031 1 WS
17       4 0 1 LS75 [H] Cameron Shore Base
102 H1   29.81938694 -093.33987612   0.00   15.24   15.24   2 2   0 0.25 0
102 H2   29.81938694 -093.33987612   0.00   15.24   15.24   2 2   0 0.25 0
102 H3   29.81938694 -093.33987612   0.00   15.24   15.24   2 2   0 0.25 0
19   29.81959266 -093.33963900 1 WS
19   29.81959266 -093.33963900 1 WS
19   29.81959266 -093.33963900 1 WS
17       5 0 1 24LA [H] Era Helicopters Cameron Base
102 H1   29.78438805 -093.29737501   0.00  121.92   60.96   2 2   0 0.25 0
19   29.78548525 -093.29642686 1 WS
17       7 0 1 2TA7 [H] Era Helicopters Sabine Base
102 H1   29.69633027 -093.95655778   0.00   14.63    5.49   2 2   0 0.25 0
19   29.69644547 -093.95647252 1 WS
17      10 0 1 13LA [H] Evergreen
102 H1   29.78355416 -093.20848473   0.00   15.24    6.10   2 2   0 0.25 0
102 H2   29.78355416 -093.20848473   0.00   15.24    6.10   2 2   0 0.25 0
102 H3   29.78355416 -093.20848473   0.00   15.24    6.10   2 2   0 0.25 0
102 H4   29.78355416 -093.20848473   0.00   15.24    6.10   2 2   0 0.25 0
19   29.78367759 -093.20838992 1 WS
19   29.78367759 -093.20838992 1 WS
19   29.78367759 -093.20838992 1 WS
19   29.78367759 -093.20838992 1 WS
17      10 0 1 51XS [H] Evergreen Helicopters
102 H1   29.69327472 -093.96683584   0.00  137.16  137.16   2 2   0 0.25 0
19   29.69512623 -093.96470442 1 WS
17       6 0 1 TA68 [H] HHI-Sabine
102 H1   29.71410777 -093.91294473   0.00   12.19    6.10   2 2   0 0.25 0
102 H2   29.71410777 -093.91294473   0.00   12.19    6.10   2 2   0 0.25 0
102 H3   29.71410777 -093.91294473   0.00   12.19    6.10   2 2   0 0.25 0
102 H4   29.71410777 -093.91294473   0.00   12.19    6.10   2 2   0 0.25 0
19   29.71421749 -093.91284998 1 WS
19   29.71421749 -093.91284998 1 WS
19   29.71421749 -093.91284998 1 WS
19   29.71421749 -093.91284998 1 WS
17       2 0 1 81LA [H] Mobil Cameron
102 H1   29.78522166 -093.32515334   0.00  182.88   30.48   3 1   0 0.25 0
19   29.78631885 -093.32467926 1 WS
17       5 0 1 TS46 [H] P P H
102 H1   29.93271388 -093.93850473   0.00   16.76   16.76   2 2   0 0.25 0
19   29.93293880 -093.93824518 1 WS
17      15 0 1 8XS4 [H] Patco
102 H1   29.91715861 -093.88739139   0.00   15.24   15.24   2 2   0 0.25 0
19   29.91736433 -093.88715404 1 WS
17       3 0 1 7R5  [H] Petroleum Helicopters Cameron
102 H1   29.78355472 -093.30015306   0.00  213.36   60.96   2 2   0 0.25 0
19   29.78506336 -093.29920491 1 WS
17      10 0 1 TA12 [H] Petroleum Helicopters Inc
102 H1   29.70105222 -093.94405723   0.00    9.14    6.10   2 2   0 0.25 0
102 H2   29.70105222 -093.94405723   0.00    9.14    6.10   2 2   0 0.25 0
102 H3   29.70105222 -093.94405723   0.00    9.14    6.10   2 2   0 0.25 0
102 H4   29.70105222 -093.94405723   0.00    9.14    6.10   2 2   0 0.25 0
102 H5   29.70105222 -093.94405723   0.00    9.14    6.10   2 2   0 0.25 0
102 H6   29.70105222 -093.94405723   0.00    9.14    6.10   2 2   0 0.25 0
102 H7   29.70105222 -093.94405723   0.00    9.14    6.10   2 2   0 0.25 0
102 H8   29.70105222 -093.94405723   0.00    9.14    6.10   2 2   0 0.25 0
19   29.70114822 -093.94396249 1 WS
19   29.70114822 -093.94396249 1 WS
19   29.70114822 -093.94396249 1 WS
19   29.70114822 -093.94396249 1 WS
19   29.70114822 -093.94396249 1 WS
19   29.70114822 -093.94396249 1 WS
19   29.70114822 -093.94396249 1 WS
19   29.70114822 -093.94396249 1 WS
17      16 0 1 5XS1 [H] St Mary Hospital of Port Arthur
102 H1   29.90854777 -093.92100362   0.00   15.24   15.24   2 2   0 0.25 0
19   29.90875349 -093.92076629 1 WS
17       5 0 1 75LA [H] Station 44
102 H1   29.81355222 -093.67349306   0.00    9.14    7.62   2 2   0 0.25 0
19   29.81366193 -093.67337609 1 WS
17      11 0 1 TS91 [H] Tenneco Shorebase
102 H1   29.70022027 -093.86405389   0.00   15.24   15.24   2 2   0 0.25 0
102 H2   29.70022027 -093.86405389   0.00   15.24   15.24   2 2   0 0.25 0
102 H3   29.70022027 -093.86405389   0.00   15.24   15.24   2 2   0 0.25 0
102 H4   29.70022027 -093.86405389   0.00   15.24   15.24   2 2   0 0.25 0
19   29.70042599 -093.86381705 1 WS
19   29.70042599 -093.86381705 1 WS
19   29.70042599 -093.86381705 1 WS
19   29.70042599 -093.86381705 1 WS
17      14 0 1 8TX5 [H] Texaco Chemical Company-East
102 H1   29.96243583 -093.93211612   0.00    6.10    6.10   2 2   0 0.25 0
19   29.96251812 -093.93202114 1 WS