1       15 0 1 0R3  ABBEVILLE CHRIS CRUSTA MEM
100   22.86   1   0 0.25 0 2 0 15   29.98215000 -092.08706700    0.00    0.00 2  0 0 1 33   29.96937500 -092.08135300    0.00    0.00 2  0 0 1
21   29.98058043 -092.08599238  2 158.82   3.00 15  PAPI-4L
21   29.97094462 -092.08242740  2 338.82   3.00 33  PAPI-4L
110   1 0.30 158.82 Default taxiway for RWY 15
111  29.98211365 -092.08717531   3 102 
111  29.98192701 -092.08773139   3 102 
111  29.96915213 -092.08201657   3 102 
111  29.96933877 -092.08146057 
112  29.96953060 -092.08154638  29.96943388 -092.08150589   3 102 
111  29.96938928 -092.08163875   3 102 
112  29.96932982 -092.08181589  29.96928522 -092.08194876   3 102 
111  29.96938113 -092.08199167   3 102 
111  29.97552879 -092.08474180   3 102 
111  29.97567826 -092.08429648 
111  29.97577417 -092.08433939   3 102 
111  29.97562470 -092.08478471   3 102 
112  29.98177235 -092.08753484  29.98186827 -092.08757775   3 102 
111  29.98191287 -092.08744487   3 102 
112  29.98197233 -092.08726770  29.98201693 -092.08713482   3 102 
113  29.98192182 -092.08708950 
120 Default hold RWY 15 (near)
111  29.98203851 -092.08739919   4 
115  29.98194260 -092.08735628 
120 Default hold RWY 15 (centre)
111  29.97569903 -092.08456326   4 
115  29.97560312 -092.08452035 
120 Default hold RWY 15 (far)
111  29.96935955 -092.08172732   4 
115  29.96926363 -092.08168442 
18   29.97602312 -092.08343644 1 BCN
19   29.98245283 -092.08682209 1 WS
19   29.96907219 -092.08159789 1 WS
51 12280 CTAF/UNICOM
55 12110 LAFAYETTE APP/DEP
1        2 0 1 2LA0 Central Industries
100   22.86   3   0 0.25 0 0 0 06   29.78779093 -092.16091931    0.00    0.00 1  0 0 0 24   29.79151851 -092.15211293    0.00    0.00 1  0 0 0
19   29.78797686 -092.16128755 1 WS
19   29.79133256 -092.15174469 1 WS
1       10 0 1 3LA0 Harrington Flying Service
100   33.53   3   0 0.25 0 0 0 09   29.91976702 -092.24924535    0.00    0.00 1  0 0 0 27   29.91953742 -092.24545689    0.00    0.00 1  0 0 0
19   29.92023955 -092.24955621 1 WS
19   29.91906488 -092.24514604 1 WS
1       10 0 1 LS68 Ken Guidry Nr 1
100   45.72   3   0 0.25 0 0 0 09   29.93490040 -092.21756591    0.00    0.00 1  0 0 0 27   29.93440292 -092.20935633    0.00    0.00 1  0 0 0
19   29.93554476 -092.21798989 1 WS
19   29.93375853 -092.20893240 1 WS
1        5 0 1 3LA4 Little Pecan Island
100   21.34   3   0 0.25 0 0 0 32   29.79711227 -092.79703266    0.00    0.00 1  0 0 0 14   29.80332273 -092.80325402    0.00    0.00 1  0 0 0
19   29.79677841 -092.79713799 1 WS
19   29.80365660 -092.80314870 1 WS
1        6 0 1 LA60 Live Oak Landing Strip
100   76.20   3   0 0.25 0 0 0 09   29.81735418 -092.12467729    0.00    0.00 1  0 0 0 27   29.81639748 -092.10890827    0.00    0.00 1  0 0 0
19   29.81842809 -092.12538313 1 WS
19   29.81532349 -092.10820261 1 WS
1       10 0 1 35LA Ms Pats
100   19.81   3   0 0.25 0 0 0 09   29.97457040 -092.17865751    0.00    0.00 1  0 0 0 27   29.97434070 -092.17359805    0.00    0.00 1  0 0 0
19   29.97484543 -092.17884698 1 WS
19   29.97406566 -092.17340859 1 WS
1        5 0 1 LA12 Nunez
100   24.38   3   0 0.25 0 0 0 10   29.74010454 -092.83807421    0.00    0.00 1  0 0 0 28   29.73811378 -092.82887857    0.00    0.00 1  0 0 0
19   29.74047700 -092.83822773 1 WS
19   29.73774130 -092.82872508 1 WS
17       5 0 1 LA09 [H] Air Logistics - Intracoastal City
102 H1   29.78409944 -092.16373862   0.00  152.40  152.40   2 2   0 0.25 0
19   29.78615668 -092.16136822 1 WS
17       4 0 1 6LA7 [H] Cagc Freshwater Terminal
102 H1   29.53772027 -092.30291056   0.00   15.24   12.19   4 1   0 0.25 0
19   29.53789856 -092.30272140 1 WS
17       0 0 1 1LA9 [H] Chevron Intracoastal
102 H1   29.78298833 -092.15679417   0.00   15.24   15.24   2 2   0 0.25 0
102 H2   29.78298833 -092.15679417   0.00   15.24   15.24   2 2   0 0.25 0
102 H3   29.78298833 -092.15679417   0.00    7.32    7.32   2 2   0 0.25 0
102 H4   29.78298833 -092.15679417   0.00    7.32    7.32   2 2   0 0.25 0
102 H5   29.78298833 -092.15679417   0.00    7.32    7.32   2 2   0 0.25 0
102 H6   29.78298833 -092.15679417   0.00    7.32    7.32   2 2   0 0.25 0
102 H7   29.78298833 -092.15679417   0.00    7.32    7.32   2 2   0 0.25 0
102 H8   29.78298833 -092.15679417   0.00    7.32    7.32   2 2   0 0.25 0
19   29.78308708 -092.15668039 1 WS
19   29.78308708 -092.15668039 1 WS
19   29.78308708 -092.15668039 1 WS
19   29.78308708 -092.15668039 1 WS
19   29.78319405 -092.15655714 1 WS
19   29.78308708 -092.15668039 1 WS
19   29.78308708 -092.15668039 1 WS
19   29.78319405 -092.15655714 1 WS
17       8 0 1 2LA9 [H] Cow Island Trunkline
102 H1   29.88548694 -092.27235195   0.00    9.14    9.14   2 2   0 0.25 0
19   29.88561037 -092.27220958 1 WS
17       8 0 1 74LA [H] ERA
102 H1   29.82243166 -092.13818223   0.00    6.10    6.10   2 2   0 0.25 0
19   29.82251395 -092.13808738 1 WS
17      11 0 1 LA70 [H] Erath
102 H1   29.91712222 -092.05162223   0.00    4.88    4.88   2 2   0 0.25 0
19   29.91718805 -092.05154628 1 WS
17       8 0 1 2LA3 [H] Exxon Intracoastal City Terminal
101   91.44 0 19   29.82892363 -092.13175682 01   29.82093913 -092.13405152
102 H1   29.82493138 -092.13290417   0.00  196.60   22.86   2 2   0 0.25 0
102 H2   29.82493138 -092.13290417   0.00  137.16   22.86   2 2   0 0.25 0
19   29.82942345 -092.13014674 1 WS
19   29.82575427 -092.13255005 1 WS
19   29.82043928 -092.13566144 1 WS
19   29.82602034 -092.13255005 1 WS
17       2 0 1 6LA8 [H] Mud Hole
102 H1   29.55688805 -092.44180389   0.00   15.24   15.24   3 1   0 0.25 0
19   29.55709377 -092.44156739 1 WS
17       4 0 1 2LA1 [H] N.Freshwater Bayou
102 H1   29.68160388 -092.26402001   0.00    6.10    6.10   3 1   0 0.25 0
19   29.68168617 -092.26392529 1 WS
17       3 0 1 7R4  [H] Petroleum Helicopters-Intracoastal Cit
102 H1   29.79604333 -092.15012723   0.00  121.92  121.92   2 2   0 0.25 0
19   29.79768912 -092.14823069 1 WS
17       4 0 1 1LA8 [H] S.Fresh Water Bayou
102 H1   29.60105083 -092.26013112   0.00   12.19   12.19   3 1   0 0.25 0
19   29.60121541 -092.25994184 1 WS
17       5 0 1 3LA7 [H] Station 507F
102 H1   29.76549777 -092.95792417   0.00    7.62    7.62   4 1   0 0.25 0
19   29.76559926 -092.95780725 1 WS
17      12 0 1 2LA8 [H] Transco
102 H1   29.98298416 -092.28151806   0.00   15.24    9.14   4 1   0 0.25 0
19   29.98313502 -092.28137555 1 WS
17      65 0 1 85LA [H] Transco Kaplan
102 H1   29.98131750 -092.28235139   0.00   60.96   60.96   3 1   0 0.25 0
19   29.98214040 -092.28140136 1 WS
17       5 0 1 60LA [H] Union Oil Co of California
102 H1   29.79167138 -092.14950223   0.00    9.14    6.10   2 2   0 0.25 0
102 H2   29.79167138 -092.14950223   0.00    6.10    6.10   2 2   0 0.25 0
102 H3   29.79167138 -092.14950223   0.00    6.10    6.10   2 2   0 0.25 0
102 H4   29.79167138 -092.14950223   0.00    6.10    6.10   2 2   0 0.25 0
19   29.79175367 -092.14940741 1 WS
19   29.79175367 -092.14940741 1 WS
19   29.79175367 -092.14940741 1 WS
19   29.79176738 -092.14940741 1 WS