1     1798 0 0 SJKA Aerocampo
100   24.99   5   0 0.00 0 0 0 18  -13.62790900 -057.90146446    0.00    0.00 1  0 0 0 36  -13.64264656 -057.89742442    0.00    0.00 1  0 0 0
130 Airport Boundary
111 -13.64384972 -057.89628887 
111 -13.62629497 -057.90110118 
111 -13.62670584 -057.90260000 
113 -13.64426060 -057.89778768 
19  -13.63536422 -057.89975975 0 Windsock
1     1818 0 0 SWCP Campo Novo do Parecis
100   29.87   3   0 0.00 0 0 0 03  -13.65053995 -057.92776743    0.00    0.00 0  0 0 0 21  -13.64001560 -057.92501035    0.00    0.00 0  0 0 0
130 Airport Boundary
111 -13.63840067 -057.92541370 
111 -13.65174969 -057.92891077 
111 -13.65215488 -057.92736408 
113 -13.63880586 -057.92386701 
19  -13.64537206 -057.92602899 0 Windsock
1     1804 0 0 SJAF Fazenda Agua Limpa
100   20.12   5   0 0.00 0 0 0 10  -13.67117745 -057.89924405    0.00    0.00 1  0 0 0 28  -13.67048921 -057.89186707    0.00    0.00 1  0 0 0
130 Airport Boundary
111 -13.66958378 -057.89045352 
111 -13.67054912 -057.90080070 
111 -13.67208288 -057.90065761 
113 -13.67111754 -057.89031043 
19  -13.67111968 -057.89552885 0 Windsock
1     1804 0 0 SDLW Fazenda Campo Real
100   20.12   5   0 0.00 0 0 0 15  -13.44275804 -057.78536379    0.00    0.00 1  0 0 0 33  -13.45113084 -057.77685843    0.00    0.00 1  0 0 0
130 Airport Boundary
111 -13.45162363 -057.77526801 
111 -13.44117554 -057.78588151 
111 -13.44226523 -057.78695421 
113 -13.45271332 -057.77634071 
19  -13.44714798 -057.78131147 0 Windsock
1     1699 0 0 SJHO Fazenda Colorado
100   20.12   5   0 0.00 0 0 0 03  -13.95666355 -057.10688731    0.00    0.00 1  0 0 0 21  -13.94611423 -057.10422381    0.00    0.00 1  0 0 0
130 Airport Boundary
111 -13.94451066 -057.10459532 
111 -13.95789857 -057.10797553 
111 -13.95826713 -057.10651579 
113 -13.94487921 -057.10313558 
19  -13.95145869 -057.10527910 0 Windsock
1     1690 0 0 SJQF Fazenda Londrina
100   20.12   4   0 0.00 0 0 0 04  -13.36052486 -057.75726778    0.00    0.00 0  0 0 0 22  -13.35058625 -057.75273221    0.00    0.00 0  0 0 0
130 Airport Boundary
111 -13.34893687 -057.75281331 
111 -13.36154439 -057.75856686 
111 -13.36217424 -057.75718668 
113 -13.34956672 -057.75143314 
19  -13.35567319 -057.75474224 0 Windsock
1     1690 0 0 SJGB Fazenda Ponte de Pedra
100   20.12   4   0 0.00 0 0 0 06  -13.58810448 -057.46690771    0.00    0.00 0  0 0 0 24  -13.58022885 -057.45920340    0.00    0.00 0  0 0 0
130 Airport Boundary
111 -13.57863623 -057.45871411 
111 -13.58862868 -057.46848920 
111 -13.58969711 -057.46739700 
113 -13.57970467 -057.45762192 
19  -13.58436742 -057.46285034 0 Windsock
1     1690 0 0 SISV Fazenda Promissao
100   20.12   5   0 0.00 0 0 0 06  -13.90095231 -057.10777144    0.00    0.00 1  0 0 0 24  -13.89238102 -057.09945077    0.00    0.00 1  0 0 0
130 Airport Boundary
111 -13.89078498 -057.09896500 
111 -13.90148521 -057.10935237 
111 -13.90254835 -057.10825721 
113 -13.89184812 -057.09786984 
19  -13.89686796 -057.10340376 0 Windsock
1     1791 0 0 SJNL Fazenda Reata
100   24.99   5   0 0.00 0 0 0 03  -13.62694045 -057.58255021    0.00    0.00 1  0 0 0 21  -13.61361510 -057.57911645    0.00    0.00 1  0 0 0
130 Airport Boundary
111 -13.61200614 -057.57950399 
111 -13.62816174 -057.58366708 
111 -13.62854941 -057.58216267 
113 -13.61239380 -057.57799959 
19  -13.62035969 -057.58051547 0 Windsock
1     1644 0 0 SWRF Fazenda Toloza
100   17.98   4   0 0.00 0 0 0 03  -13.18777510 -057.98497896    0.00    0.00 0  0 0 0 21  -13.17944712 -057.98279882    0.00    0.00 0  0 0 0
130 Airport Boundary
111 -13.17784656 -057.98315174 
111 -13.18899742 -057.98607087 
111 -13.18937566 -057.98462604 
113 -13.17822480 -057.98170691 
19  -13.18367768 -057.98363460 0 Windsock
1     1765 0 0 SJTU Fazenda Tucano
100   29.87   5   0 0.00 0 0 0 06  -13.58671163 -057.56330079    0.00    0.00 1  0 0 0 24  -13.57884393 -057.55558809    0.00    0.00 1  0 0 0
130 Airport Boundary
111 -13.57721997 -057.55513023 
111 -13.58720171 -057.56491531 
111 -13.58833558 -057.56375866 
113 -13.57835384 -057.55397357 
19  -13.58304271 -057.55917419 0 Windsock
1     1700 0 0 SIWI Guapirama
100   29.87   4   0 0.00 0 0 0 18  -13.92892618 -057.24425378    0.00    0.00 0  0 0 0 36  -13.93940717 -057.24130178    0.00    0.00 0  0 0 0
130 Airport Boundary
111 -13.94060012 -057.24013589 
111 -13.92730011 -057.24388188 
111 -13.92773323 -057.24541966 
113 -13.94103324 -057.24167368 
19  -13.93426846 -057.24313919 0 Windsock
1     1060 0 0 SIRT Marca de Casco
100   22.86   4   0 0.00 0 0 0 09  -13.72902307 -057.02700639    0.00    0.00 0  0 0 0 27  -13.72597693 -057.01632695    0.00    0.00 0  0 0 0
130 Airport Boundary
111 -13.72481377 -057.01510461 
111 -13.72867979 -057.02865841 
111 -13.73018624 -057.02822872 
113 -13.72632022 -057.01467492 
19  -13.72780694 -057.02157912 0 Windsock
1     1394 0 0 SJRV PCH Garganta da Jararaca
100   22.86   1   0 0.00 0 0 0 01  -13.39325769 -057.61485861    0.00    0.00 1  0 0 0 19  -13.37896453 -057.61625251    0.00    0.00 1  0 0 0
130 Airport Boundary
111 -13.37759845 -057.61715054 
111 -13.39477154 -057.61547578 
111 -13.39462377 -057.61396057 
113 -13.37745068 -057.61563533 
18  -13.38614090 -057.61586100 1 Beacon
19  -13.38608132 -057.61525011 1 Windsock