1     1398 0 0 SWIW Brigadeiro Eduardo Gomes
100   29.87   1   0 0.00 0 0 0 05  -13.82294671 -056.03989289    0.00    0.00 1  0 0 0 23  -13.81149774 -056.03232933    0.00    0.00 1  0 0 0
130 Airport Boundary
111 -13.80981719 -056.03218493 
111 -13.82373887 -056.04138204 
111 -13.82462725 -056.04003730 
113 -13.81070557 -056.03084019 
19  -13.81743391 -056.03579068 0 Windsock
1     1342 1 1 SWDW Divisao
100   14.33   2   0 0.25 0 2 0 01  -13.12114817 -056.16654003    0.00    0.00 2 10 0 0 19  -13.11218543 -056.16734517    0.00    0.00 2 10 0 0
21  -13.11937569 -056.16694194  1 355.00   3.00 01  VASI
21  -13.11395791 -056.16694328  1 175.00   3.00 19  VASI
110   2 0.30 355.00 Default taxiway for RWY 01
111 -13.12114275 -056.16647640  53 102 
111 -13.12111446 -056.16614441  53 102 
111 -13.11215172 -056.16694960  53 102 
111 -13.11218001 -056.16728157 
112 -13.11230844 -056.16727003 -13.11224403 -056.16727350  53 102 
111 -13.11223729 -056.16719438  53 102 
112 -13.11222830 -056.16708888 -13.11222156 -056.16700976  53 102 
111 -13.11228577 -056.16700399  53 102 
111 -13.11660660 -056.16661583  53 102 
111 -13.11662927 -056.16688187 
111 -13.11669349 -056.16687610  53 102 
111 -13.11667082 -056.16661006  53 102 
112 -13.12099165 -056.16622189 -13.12105587 -056.16621612  53 102 
111 -13.12106261 -056.16629524  53 102 
112 -13.12107160 -056.16640074 -13.12107834 -056.16647986  53 102 
113 -13.12101432 -056.16648794 
120 Default hold RWY 01 (near)
111 -13.12113132 -056.16634222  54 
115 -13.12106711 -056.16634799 
120 Default hold RWY 01 (centre)
111 -13.11668206 -056.16674193  54 
115 -13.11661784 -056.16674770 
120 Default hold RWY 01 (far)
111 -13.11223280 -056.16714163  54 
115 -13.11216858 -056.16714740 
18  -13.11670601 -056.16740275 1 BCN
19  -13.12129333 -056.16672490 1 WS
19  -13.11204027 -056.16716031 1 WS
1     1201 0 0 SJGN Fazenda Agromar
100   20.12   5   0 0.00 0 0 0 18  -13.65727421 -056.48430393    0.00    0.00 1  0 0 0 36  -13.66772579 -056.48125163    0.00    0.00 1  0 0 0
130 Airport Boundary
111 -13.66892310 -056.48011581 
111 -13.65565380 -056.48399100 
111 -13.65607690 -056.48543975 
113 -13.66934620 -056.48156456 
19  -13.66258078 -056.48305439 0 Windsock
1     1345 0 0 SWFE Fazenda Colen
100   17.98   5   0 0.00 0 0 0 03  -13.31884947 -056.11382964    0.00    0.00 1  0 0 0 21  -13.31003942 -056.11172592    0.00    0.00 1  0 0 0
130 Airport Boundary
111 -13.30843946 -056.11211068 
111 -13.32010298 -056.11489578 
111 -13.32044943 -056.11344489 
113 -13.30878591 -056.11065979 
19  -13.31450743 -056.11251398 0 Windsock
1     1469 0 1 SWOG FAZENDA ITAIPU
100   16.76   1   0 0.25 0 0 0 10  -13.76483900 -056.96355600  128.02    0.00 2  0 0 0 28  -13.76417500 -056.94756100  803.15    0.00 2  0 0 0
110   1 0.30  87.56 Default taxiway for RWY 10
111 -13.76491212 -056.96355279   3 
111 -13.76529118 -056.96353612   3 
111 -13.76462770 -056.94754107   3 
111 -13.76424864 -056.94755774 
112 -13.76425507 -056.94771293 -13.76425409 -056.94763524   3 
111 -13.76434453 -056.94763126   3 
112 -13.76446511 -056.94762596 -13.76455555 -056.94762198   3 
111 -13.76455877 -056.94769957   3 
111 -13.76488247 -056.95550311   3 
111 -13.76457877 -056.95551647 
111 -13.76458199 -056.95559406   3 
111 -13.76488569 -056.95558070   3 
112 -13.76520938 -056.96338425 -13.76521260 -056.96346184   3 
111 -13.76512216 -056.96346582   3 
112 -13.76500158 -056.96347112 -13.76491114 -056.96347510   3 
113 -13.76490568 -056.96339761 
120 Default hold RWY 10 (near)
111 -13.76506509 -056.96354606   4 
115 -13.76506187 -056.96346847 
120 Default hold RWY 10 (centre)
111 -13.76473496 -056.95558733   4 
115 -13.76473174 -056.95550974 
120 Default hold RWY 10 (far)
111 -13.76440482 -056.94762861   4 
115 -13.76440161 -056.94755101 
19  -13.76462072 -056.96372106 1 WS
19  -13.76439327 -056.94739592 1 WS
1      938 0 0 SINM Fazenda Itanhanga
100   29.87   4   0 0.00 0 0 0 01  -13.10467871 -056.52960487    0.00    0.00 0  0 0 0 19  -13.09754351 -056.53039513    0.00    0.00 0  0 0 0
130 Airport Boundary
111 -13.09618838 -056.53134377 
111 -13.10620859 -056.53023398 
111 -13.10603384 -056.52865623 
113 -13.09601363 -056.52976602 
19  -13.10106988 -056.52962777 0 Windsock
1     1099 0 0 SSXH Fazenda Jacamin
100   35.05   4   0 0.00 0 0 0 06  -13.70204504 -056.29463246    0.00    0.00 0  0 0 0 24  -13.69406608 -056.28703420    0.00    0.00 0  0 0 0
130 Airport Boundary
111 -13.69241589 -056.28661210 
111 -13.70254724 -056.29626005 
111 -13.70369522 -056.29505455 
113 -13.69356388 -056.28540660 
19  -13.69835223 -056.29052179 0 Windsock
1     1575 0 0 SJNI Fazenda Mutum
100   21.03   4   0 0.00 0 0 0 18  -13.91450010 -056.08599130    0.00    0.00 0  0 0 0 36  -13.92494434 -056.08289758    0.00    0.00 0  0 0 0
130 Airport Boundary
111 -13.92613856 -056.08175293 
111 -13.91287512 -056.08568175 
111 -13.91330587 -056.08713594 
113 -13.92656931 -056.08320713 
19  -13.91980719 -056.08473128 0 Windsock
1     1240 0 1 SWXK FAZENDA RIO ALEGRE
100   20.12   1   0 0.25 0 0 0 18  -13.26805800 -056.89324200    0.00    0.00 2  0 0 0 36  -13.28043300 -056.89125600    0.00    0.00 2  0 0 0
110   1 0.30 171.12 Default taxiway for RWY 18
111 -13.26807162 -056.89333160   3 
111 -13.26814181 -056.89379332   3 
111 -13.28051682 -056.89180745   3 
111 -13.28044663 -056.89134571 
112 -13.28026776 -056.89137442 -13.28035754 -056.89136234   3 
111 -13.28037430 -056.89147261   3 
112 -13.28039665 -056.89161964 -13.28041341 -056.89172991   3 
111 -13.28032398 -056.89174427   3 
111 -13.27436006 -056.89270132   3 
111 -13.27430384 -056.89233148 
111 -13.27421441 -056.89234584   3 
111 -13.27427063 -056.89271568   3 
112 -13.26830671 -056.89367273 -13.26821727 -056.89368708   3 
111 -13.26820051 -056.89357682   3 
112 -13.26817816 -056.89342980 -13.26816140 -056.89331954   3 
113 -13.26825049 -056.89330290 
120 Default hold RWY 18 (near)
111 -13.26809991 -056.89351766   4 
115 -13.26818934 -056.89350331 
120 Default hold RWY 18 (centre)
111 -13.27424270 -056.89253190   4 
115 -13.27433213 -056.89251754 
120 Default hold RWY 18 (far)
111 -13.28038548 -056.89154612   4 
115 -13.28047492 -056.89153177 
19  -13.26783722 -056.89299504 1 WS
19  -13.28065378 -056.89150296 1 WS
1     1197 0 0 SDNG Fazenda Sao Gabriel
100   39.93   3   0 0.00 0 0 0 03  -13.10439507 -056.95387115    0.00    0.00 0  0 0 0 21  -13.09560493 -056.95168441    0.00    0.00 0  0 0 0
130 Airport Boundary
111 -13.09398076 -056.95215264 
111 -13.10561054 -056.95504579 
111 -13.10601924 -056.95340291 
113 -13.09438946 -056.95050976 
19  -13.10011267 -056.95232487 0 Windsock
1     1099 0 0 SIEQ Fazenda Taua
100   28.04   5   0 0.00 0 0 0 03  -13.31322707 -056.57485386    0.00    0.00 1  0 0 0 21  -13.29843960 -056.57125726    0.00    0.00 1  0 0 0
130 Airport Boundary
111 -13.29682919 -056.57167988 
111 -13.31446349 -056.57596889 
111 -13.31483748 -056.57443123 
113 -13.29720318 -056.57014222 
19  -13.30591835 -056.57270599 0 Windsock
1     1132 0 0 SWTE Fazenda Trescinco
100   29.87   4   0 0.00 0 0 0 18  -13.90996976 -056.66090599    0.00    0.00 0  0 0 0 36  -13.92391911 -056.65687180    0.00    0.00 0  0 0 0
130 Airport Boundary
111 -13.92510663 -056.65569659 
111 -13.90833827 -056.66054604 
111 -13.90878224 -056.66208119 
113 -13.92555060 -056.65723174 
19  -13.91704951 -056.65925219 0 Windsock
1     1519 0 0 SWVJ Fazenda Uiapuru
100   20.12   3   0 0.00 0 0 0 01  -13.66834433 -056.00170828    0.00    0.00 0  0 0 0 19  -13.65943345 -056.00273616    0.00    0.00 0  0 0 0
130 Airport Boundary
111 -13.65807538 -056.00364378 
111 -13.66987336 -056.00228287 
111 -13.66970239 -056.00080067 
113 -13.65790441 -056.00216158 
19  -13.66385600 -056.00193708 0 Windsock
1     1453 0 0 SICO SOLAG - Sol e Lua Aviacao Agricola
100   22.86   5   0 0.00 0 0 0 04  -13.32515003 -056.04929326    0.00    0.00 1  0 0 0 22  -13.31429442 -056.04459562    0.00    0.00 1  0 0 0
130 Airport Boundary
111 -13.31263525 -056.04471876 
111 -13.32619603 -056.05058704 
111 -13.32680918 -056.04917012 
113 -13.31324840 -056.04330185 
19  -13.31984861 -056.04665237 0 Windsock