1      968 0 0 SWAR Fazenda Aruana
100   29.87   5   0 0.00 0 0 0 01  -13.08808560 -051.58552921    0.00    0.00 1  0 0 0 19  -13.07746995 -051.58724857    0.00    0.00 1  0 0 0
130 Airport Boundary
111 -13.07614406 -051.58826638 
111 -13.08966498 -051.58607647 
111 -13.08941150 -051.58451139 
113 -13.07589057 -051.58670130 
19  -13.08271444 -051.58599782 0 Windsock
1     1099 0 0 SJNU Fazenda Campo Alto
100   20.12   4   0 0.00 0 0 0 14  -13.03486087 -051.71783911    0.00    0.00 0  0 0 0 32  -13.03958356 -051.70993867    0.00    0.00 0  0 0 0
130 Airport Boundary
111 -13.03969923 -051.70824761 
111 -13.03342614 -051.71874166 
111 -13.03474522 -051.71953017 
113 -13.04101831 -051.70903613 
19  -13.03749197 -051.71405014 0 Windsock
1     1618 0 0 SJAE Fazenda Furnas
100   29.87   3   0 0.00 0 0 0 10  -13.14115260 -051.80658502    0.00    0.00 0  0 0 0 28  -13.13940296 -051.79563719    0.00    0.00 0  0 0 0
130 Airport Boundary
111 -13.13835693 -051.79426903 
111 -13.14058510 -051.80821106 
111 -13.14219863 -051.80795319 
113 -13.13997046 -051.79401116 
19  -13.14068010 -051.80104681 0 Windsock
1      866 0 0 SSPC Fazenda Santa Julia
100   29.87   5   0 0.00 0 0 0 08  -13.73482694 -051.34563614    0.00    0.00 1  0 0 0 26  -13.72850640 -051.33436385    0.00    0.00 1  0 0 0
130 Airport Boundary
111 -13.72705489 -051.33343863 
111 -13.73485921 -051.34735715 
111 -13.73627845 -051.34656136 
113 -13.72847413 -051.33264284 
19  -13.73202360 -051.33979986 0 Windsock