1      985 0 0 SIWR Fazenda Amazonas
100   17.98   5   0 0.00 0 0 0 07  -13.80207534 -050.49199901    0.00    0.00 1  0 0 0 25  -13.79736910 -050.48633433    0.00    0.00 1  0 0 0
130 Airport Boundary
111 -13.79581854 -050.48565070 
111 -13.80246323 -050.49364860 
111 -13.80362591 -050.49268264 
113 -13.79698122 -050.48468474 
19  -13.79995416 -050.48897398 0 Windsock
1      935 0 0 SSDS Fazenda Bandeirantes
100   20.12   4   0 0.00 0 0 0 18  -13.70208597 -050.64960974    0.00    0.00 0  0 0 0 36  -13.71235847 -050.64594582    0.00    0.00 0  0 0 0
130 Airport Boundary
111 -13.71351430 -050.64473125 
111 -13.70042241 -050.64940078 
111 -13.70093014 -050.65082432 
113 -13.71402204 -050.64615478 
19  -13.70732810 -050.64807462 0 Windsock
1      984 0 0 SWIE Fazenda Sao Francisco
100   24.99   5   0 0.00 0 0 0 14  -13.91678357 -050.01459578    0.00    0.00 1  0 0 0 32  -13.92210530 -050.00540423    0.00    0.00 1  0 0 0
130 Airport Boundary
111 -13.92218514 -050.00368964 
111 -13.91533635 -050.01551868 
111 -13.91670374 -050.01631037 
113 -13.92355252 -050.00448133 
19  -13.91976411 -050.01018508 0 Windsock
1     1030 0 0 SJWV Fazenda Sao Judas
100   20.12   5   0 0.00 0 0 0 01  -13.38308722 -050.42357803    0.00    0.00 1  0 0 0 19  -13.37302389 -050.42531085    0.00    0.00 1  0 0 0
130 Airport Boundary
111 -13.37169586 -050.42629676 
111 -13.38466852 -050.42406298 
111 -13.38441525 -050.42259213 
113 -13.37144259 -050.42482590 
19  -13.37800268 -050.42413736 0 Windsock
1     1249 1 1 SWUA Sao Miguel Do Araguaia
100   29.87   1   0 0.25 0 0 0 10  -13.33257800 -050.20440300    0.00   60.96 2  0 0 0 28  -13.32997200 -050.19082800    0.00   60.96 2  0 0 0
110   1 0.30  78.84 Default taxiway for RWY 10
111 -13.33270766 -050.20437672   3 
111 -13.33336919 -050.20424261   3 
111 -13.33076355 -050.19066746   3 
111 -13.33010202 -050.19080157 
112 -13.33015404 -050.19107261 -13.33013024 -050.19093664   3 
111 -13.33028847 -050.19090456   3 
112 -13.33049946 -050.19086179 -13.33065770 -050.19082971   3 
111 -13.33068371 -050.19096523   3 
111 -13.33192150 -050.19741401   3 
111 -13.33139183 -050.19752139 
111 -13.33141785 -050.19765691   3 
111 -13.33194752 -050.19754953   3 
112 -13.33318531 -050.20399830 -13.33321132 -050.20413382   3 
111 -13.33305308 -050.20416590   3 
112 -13.33284209 -050.20420867 -13.33268386 -050.20424075   3 
113 -13.33265564 -050.20410568 
120 Default hold RWY 10 (near)
111 -13.33297360 -050.20432280   4 
115 -13.33294759 -050.20418728 
120 Default hold RWY 10 (centre)
111 -13.33168379 -050.19760299   4 
115 -13.33165777 -050.19746747 
120 Default hold RWY 10 (far)
111 -13.33039397 -050.19088317   4 
115 -13.33036796 -050.19074765 
19  -13.33223442 -050.20475424 1 WS
19  -13.33031555 -050.19047675 1 WS