1     2198 0 0 SDKE Coribe
100   14.94   4   0 0.00 0 0 0 10  -13.77832079 -044.46956009    0.00    0.00 0  0 0 0 28  -13.77612365 -044.45932880    0.00    0.00 0  0 0 0
130 Airport Boundary
111 -13.77506757 -044.45796652 
111 -13.77791711 -044.47123584 
111 -13.77937686 -044.47092236 
113 -13.77652732 -044.45765304 
19  -13.77751891 -044.46438073 0 Windsock
1     2159 0 0 SNTY Correntina
100   24.99   5   0 0.00 0 0 0 12  -13.37982643 -044.62244331    0.00    0.00 1  0 0 0 30  -13.38128469 -044.61200112    0.00    0.00 1  0 0 0
130 Airport Boundary
111 -13.38071320 -044.61035533 
111 -13.37882592 -044.62386957 
111 -13.38039792 -044.62408910 
113 -13.38228520 -044.61057486 
19  -13.38094661 -044.61727683 0 Windsock
1     1847 1 1 SNVD Santa Maria Da Vitoria A
100   17.07   2   0 0.25 0 2 0 10  -13.40130812 -044.22239291    0.00    0.00 2 10 0 0 28  -13.39924808 -044.21149829    0.00    0.00 2 10 0 0
21  -13.40072149 -044.22062526  1  79.00   3.00 10  VASI
21  -13.39983479 -044.21326590  1 259.00   3.00 28  VASI
110   2 0.30  79.00 Default taxiway for RWY 10
111 -13.40138130 -044.22237829  53 102 
111 -13.40176048 -044.22230253  53 102 
111 -13.39970067 -044.21140782  53 102 
111 -13.39932149 -044.21148358 
112 -13.39935080 -044.21163858 -13.39933836 -044.21156064  53 102 
111 -13.39942883 -044.21154256  53 102 
112 -13.39954946 -044.21151846 -13.39963993 -044.21150038  53 102 
111 -13.39965458 -044.21157788  53 102 
111 -13.40064785 -044.21683148  53 102 
111 -13.40034407 -044.21689218 
111 -13.40035872 -044.21696968  53 102 
111 -13.40066250 -044.21690898  53 102 
112 -13.40165577 -044.22216258 -13.40167043 -044.22224009  53 102 
111 -13.40157996 -044.22225817  53 102 
112 -13.40145933 -044.22228227 -13.40136886 -044.22230035  53 102 
113 -13.40135199 -044.22222328 
120 Default hold RWY 10 (near)
111 -13.40153430 -044.22234772  54 
115 -13.40151965 -044.22227022 
120 Default hold RWY 10 (centre)
111 -13.40051172 -044.21693911  54 
115 -13.40049707 -044.21686161 
120 Default hold RWY 10 (far)
111 -13.39948915 -044.21153051  54 
115 -13.39947449 -044.21145301 
18  -13.39975035 -044.21705103 1 BCN
19  -13.40111125 -044.22259311 1 WS
19  -13.39944495 -044.21129809 1 WS