1       12 0 1 SNVR BAHIA AEROCLUBE
100   29.87   1   0 0.25 0 0 0 08  -13.02827800 -038.67068100   94.49    0.00 2  0 0 0 26  -13.02120000 -038.66099700    0.00    0.00 2  0 0 0
110   1 0.30  53.12 Default taxiway for RWY 08
111 -13.02838372 -038.67059960   3 
111 -13.02892310 -038.67018428   3 
111 -13.02184528 -038.66050002   3 
111 -13.02130590 -038.66091532 
112 -13.02146721 -038.66113604 -13.02138835 -038.66102430   3 
111 -13.02151737 -038.66092496   3 
112 -13.02168939 -038.66079250 -13.02181841 -038.66069316   3 
111 -13.02189907 -038.66080352   3 
111 -13.02523634 -038.66536976   3 
111 -13.02480448 -038.66570228 
111 -13.02488514 -038.66581264   3 
111 -13.02531700 -038.66548012   3 
112 -13.02865427 -038.67004636 -13.02873492 -038.67015671   3 
111 -13.02860590 -038.67025605   3 
112 -13.02843388 -038.67038851 -13.02830486 -038.67048785   3 
113 -13.02822241 -038.67037889 
120 Default hold RWY 08 (near)
111 -13.02860055 -038.67043264   4 
115 -13.02851989 -038.67032228 
120 Default hold RWY 08 (centre)
111 -13.02510197 -038.66564569   4 
115 -13.02502131 -038.66553533 
120 Default hold RWY 08 (far)
111 -13.02160338 -038.66085873   4 
115 -13.02152273 -038.66074837 
19  -13.02811676 -038.67115007 1 WS
19  -13.02136122 -038.66052794 1 WS
1       23 0 0 SIRI Barra Grande
100   17.98   5   0 0.00 0 0 0 11  -13.90610421 -038.94240550    0.00    0.00 1  0 0 0 29  -13.90556245 -038.93315007    0.00    0.00 1  0 0 0
130 Airport Boundary
111 -13.90471068 -038.93161618 
111 -13.90543722 -038.94402829 
111 -13.90695598 -038.94393939 
113 -13.90622944 -038.93152728 
19  -13.90618995 -038.93775691 0 Windsock
1       12 0 1 SDLO FAZENDA PONTAL
100   15.24   2   0 0.25 0 0 0 12  -13.56357800 -038.94485800    0.00    0.00 2  0 0 0 30  -13.56594700 -038.93521700    0.00  202.69 2  0 0 0
110   2 0.30 104.19 Default taxiway for RWY 12
111 -13.56364230 -038.94487472  53 
111 -13.56397690 -038.94496173  53 
111 -13.56634608 -038.93532083  53 
111 -13.56601148 -038.93523382 
112 -13.56597787 -038.93537060 -13.56599686 -038.93530278  53 
111 -13.56607664 -038.93532353  53 
112 -13.56618302 -038.93535119 -13.56626280 -038.93537193  53 
111 -13.56624599 -038.93544032  53 
111 -13.56510342 -038.94008979  53 
111 -13.56483530 -038.94002007 
111 -13.56481849 -038.94008846  53 
111 -13.56508661 -038.94015818  53 
112 -13.56394403 -038.94480766 -13.56392723 -038.94487605  53 
111 -13.56384745 -038.94485531  53 
112 -13.56374107 -038.94482765 -13.56366129 -038.94480690  53 
113 -13.56367591 -038.94473794 
120 Default hold RWY 12 (near)
111 -13.56377745 -038.94490987  54 
115 -13.56379426 -038.94484148 
120 Default hold RWY 12 (centre)
111 -13.56495364 -038.94012361  54 
115 -13.56497045 -038.94005522 
120 Default hold RWY 12 (far)
111 -13.56612983 -038.93533736  54 
115 -13.56614663 -038.93526897 
19  -13.56334494 -038.94494291 1 WS
19  -13.56618006 -038.93513208 1 WS
1        9 0 0 SNFT Fazenda Serinhaem
100   17.98   5   0 0.00 0 0 0 03  -13.83980621 -038.99397825    0.00    0.00 1  0 0 0 21  -13.83352712 -038.99324397    0.00    0.00 1  0 0 0
130 Airport Boundary
111 -13.83191159 -038.99380139 
111 -13.84124954 -038.99489339 
111 -13.84142175 -038.99342083 
113 -13.83208380 -038.99232883 
19  -13.83670706 -038.99326573 0 Windsock
1        3 0 0 SNCL Lorenzo
100   17.98   5   0 0.00 0 0 0 04  -13.39291594 -038.91104150    0.00    0.00 1  0 0 0 22  -13.38597295 -038.90895850    0.00    0.00 1  0 0 0
130 Airport Boundary
111 -13.38427640 -038.90922910 
111 -13.39418334 -038.91220132 
111 -13.39461249 -038.91077091 
113 -13.38470555 -038.90779868 
19  -13.38954493 -038.90966506 0 Windsock
1       66 0 0 SNPP Morro de Sao Paulo
100   17.98   1   0 0.00 0 0 0 16  -13.43420712 -038.92507952    0.00    0.00 1  0 0 0 34  -13.43968175 -038.91992049    0.00    0.00 1  0 0 0
130 Airport Boundary
111 -13.44030266 -038.91829820 
111 -13.43255086 -038.92560312 
111 -13.43358622 -038.92670181 
113 -13.44133801 -038.91939689 
19  -13.43718690 -038.92275730 0 Windsock
1       21 0 1 SNVB VALENCA
100   29.87   1   0 0.25 0 1 0 04  -13.30438300 -038.99444200    0.00   59.44 2  0 0 0 22  -13.28854200 -038.99041700    0.00   59.44 2  0 0 0
110   1 0.30  13.89 Default taxiway for RWY 04
111 -13.30441472 -038.99431017   3 102 
111 -13.30457659 -038.99363755   3 102 
111 -13.28873562 -038.98961235   3 102 
111 -13.28857375 -038.99028492 
112 -13.28883470 -038.99035123 -13.28870477 -038.99031582   3 102 
111 -13.28874349 -038.99015495   3 102 
112 -13.28879512 -038.98994044 -13.28883383 -038.98977956   3 102 
111 -13.28896430 -038.98981272   3 102 
111 -13.29655860 -038.99174244   3 102 
111 -13.29642900 -038.99228096 
111 -13.29655947 -038.99231412   3 102 
111 -13.29668907 -038.99177560   3 102 
112 -13.30428337 -038.99370532 -13.30441384 -038.99373848   3 102 
111 -13.30437513 -038.99389937   3 102 
112 -13.30432350 -038.99411389 -13.30428478 -038.99427478   3 102 
113 -13.30415377 -038.99424386 
120 Default hold RWY 04 (near)
111 -13.30447979 -038.99403978   4 
115 -13.30434931 -038.99400663 
120 Default hold RWY 04 (centre)
111 -13.29662454 -038.99204374   4 
115 -13.29649407 -038.99201058 
120 Default hold RWY 04 (far)
111 -13.28876930 -038.99004769   4 
115 -13.28863882 -038.99001454 
18  -13.29623806 -038.99336821 1 BCN
19  -13.30454716 -038.99491053 1 WS
19  -13.28837784 -038.98994850 1 WS
17      47 0 0 SNHM [H] Morro da Gavazza
102 H1  -13.00833333 -038.53083333  86.85   18.59   18.59   2 0   0 0.00 0
130 Heliport Boundary
111 -13.00817008 -038.53101560 
111 -13.00851560 -038.53099659 
111 -13.00849659 -038.53065106 
113 -13.00815106 -038.53067008 
19  -13.00819847 -038.53071254 0 Windsock
17      33 0 0 SIND [H] Ondina
102 H1  -13.00944444 -038.50388889 116.83   20.12   20.12   2 0   0 0.00 0
130 Heliport Boundary
111 -13.00920258 -038.50396827 
111 -13.00952383 -038.50413075 
111 -13.00968631 -038.50380951 
113 -13.00936506 -038.50364702 
19  -13.00938491 -038.50370749 0 Windsock