1      392 0 0 YAPK ALBANY PARK
100   86.87   4   0 0.25 0 0 0 13  -13.08000645  131.03116952    0.00    0.00 0  0 0 0 31  -13.09248662  131.04234675    0.00    0.00 0  0 0 0
110   4 0.25   0.00 New Taxiway 6
111 -13.08579237  131.03582928 
111 -13.08643989  131.03520249 
111 -13.08706892  131.03446174 
112 -13.08756844  131.03408187 -13.08764244  131.03408187 
112 -13.08853047  131.03389193 -13.08858598  131.03387294 
112 -13.08908549  131.03368300 -13.08912250  131.03362602 
112 -13.08886349  131.03301823 -13.08886349  131.03299923 
112 -13.08904849  131.03313219 -13.08904849  131.03317018 
112 -13.08928900  131.03353105 -13.08934450  131.03353105 
112 -13.08997353  131.03336011 -13.09002903  131.03336011 
112 -13.09062105  131.03317018 -13.09065806  131.03313219 
112 -13.09076906  131.03298024 -13.09075056  131.03282829 
111 -13.09051005  131.03250540 
111 -13.09065806  131.03254339 
111 -13.09091707  131.03288527 
112 -13.09119458  131.03284728 -13.09126858  131.03279030 
112 -13.09215661  131.03265735 -13.09237862  131.03275232 
111 -13.09271164  131.03313219 
112 -13.09291514  131.03311319 -13.09295214  131.03307521 
112 -13.09324816  131.03305621 -13.09321115  131.03315118 
111 -13.09291514  131.03328414 
112 -13.09287814  131.03349307 -13.09289664  131.03370200 
112 -13.09317071  131.03441470 -13.09329707  131.03462227 
111 -13.09382779  131.03510229 
111 -13.09402997  131.03481687 
111 -13.09416897  131.03481687 
111 -13.09394152  131.03510229 
112 -13.09411842  131.03529689 -13.09423215  131.03537472 
111 -13.09536941  131.03584176 
111 -13.09563477  131.03559527 
111 -13.09567268  131.03559527 
111 -13.09549577  131.03589366 
111 -13.09608968  131.03633475 
112 -13.09663304  131.03717801 -13.09662040  131.03751532 
112 -13.09664567  131.03929266 -13.09653195  131.03974672 
112 -13.09582179  131.04154610 -13.09578009  131.04161746 
111 -13.09557159  131.04215974 
111 -13.09614149  131.04197422 
111 -13.09621099  131.04197422 
111 -13.09555769  131.04228817 
111 -13.09527969  131.04281619 
112 -13.09498302  131.04315093 -13.09480233  131.04327936 
111 -13.09434363  131.04342207 
111 -13.09649122  131.04462701 
112 -13.09716397  131.04464271 -13.09740861  131.04456422 
111 -13.09760737  131.04448573 
112 -13.09745448  131.04468980 -13.09737803  131.04475259 
112 -13.09662882  131.04479969 -13.09656766  131.04476829 
111 -13.09427419  131.04355957 
111 -13.09280636  131.04420317 
112 -13.09141897  131.04407141 -13.09049393  131.04361557 
111 -13.08977241  131.04306476 
112 -13.08910638  131.04251395 -13.08888437  131.04251395 
112 -13.08844036  131.04260892 -13.08829235  131.04274187 
111 -13.08794084  131.04306476 
111 -13.08801484  131.04344463 
111 -13.08794084  131.04346362 
111 -13.08784833  131.04304577 
112 -13.08660285  131.04289839 -13.08650176  131.04284649 
111 -13.08571832  131.04214596 
111 -13.08550350  131.04253514 
111 -13.08538978  131.04244433 
111 -13.08556668  131.04201623 
112 -13.08494751  131.04167893 -13.08477060  131.04162704 
112 -13.08426515  131.04144542 -13.08401243  131.04136758 
111 -13.08384815  131.04130272 
111 -13.08362070  131.04154920 
111 -13.08350698  131.04140650 
111 -13.08362070  131.04122488 
112 -13.08308998  131.04068002 -13.08297625  131.04052434 
111 -13.08279935  131.03988867 
112 -13.08236971  131.03992759 -13.08235708  131.03992759 
112 -13.08242026  131.03965516 -13.08257189  131.03964218 
111 -13.08274880  131.03961624 
112 -13.08274880  131.03905840 -13.08274880  131.03903246 
112 -13.08220062  131.03874893 -13.08188471  131.03872298 
112 -13.08129081  131.03832083 -13.08113918  131.03821705 
112 -13.08084854  131.03771111 -13.08083591  131.03768516 
112 -13.08073482  131.03732192 -13.08072218  131.03728301 
111 -13.08065900  131.03624518 
112 -13.08000191  131.03568735 -13.07997664  131.03568735 
111 -13.07864309  131.03579687 
111 -13.07866548  131.03556705 
111 -13.07922512  131.03559003 
111 -13.07960326  131.03510810 
111 -13.07965504  131.03519671 
111 -13.07936160  131.03557771 
112 -13.07948243  131.03562201 -13.07956873  131.03562201 
111 -13.08069073  131.03556885 
112 -13.08092102  131.03538937 -13.08105887  131.03517708 
112 -13.08130011  131.03451665 -13.08131160  131.03439872 
112 -13.08111631  131.03382084 -13.08101292  131.03363215 
111 -13.08086358  131.03346704 
111 -13.08065681  131.03364394 
111 -13.08059937  131.03362036 
111 -13.08073722  131.03336090 
111 -13.08046152  131.03310145 
112 -13.08020880  131.03265330 -13.08019731  131.03257075 
111 -13.08018582  131.03200466 
111 -13.07981822  131.03178059 
112 -13.07970335  131.03145037 -13.07978376  131.03132065 
112 -13.07987566  131.03116733 -13.07987566  131.03112016 
112 -13.07901935  131.03092130 -13.07843069  131.03097310 
111 -13.07730382  131.03109397 
111 -13.07728701  131.03099037 
112 -13.07863251  131.03080044 -13.07890161  131.03074864 
112 -13.07969210  131.03078317 -13.07984347  131.03086951 
111 -13.07997802  131.03102490 
111 -13.08023030  131.03081771 
111 -13.08036485  131.03100764 
113 -13.08564597  131.03587682 
111 -13.08038167  131.03223357 
112 -13.08031440  131.03256163 -13.08033122  131.03268250 
111 -13.08081896  131.03316596 
112 -13.08134034  131.03390843 -13.08142444  131.03416742 
112 -13.08135716  131.03484082 -13.08132353  131.03490989 
111 -13.08130671  131.03496169 
111 -13.08150853  131.03511709 
111 -13.08142444  131.03522069 
111 -13.08123943  131.03518615 
112 -13.08086942  131.03582502 -13.08083578  131.03606675 
112 -13.08085260  131.03689555 -13.08093669  131.03729268 
112 -13.08113852  131.03774161 -13.08120579  131.03781068 
111 -13.08132353  131.03794881 
111 -13.08154217  131.03770708 
111 -13.08171036  131.03791428 
111 -13.08147490  131.03822507 
112 -13.08202992  131.03853587 -13.08233266  131.03862221 
112 -13.08295495  131.03881214 -13.08332497  131.03914020 
112 -13.08372862  131.03957187 -13.08387999  131.03957187 
112 -13.08488912  131.03943374 -13.08512458  131.03938194 
112 -13.08596552  131.03934740 -13.08606644  131.03938194 
112 -13.08685692  131.03993447 -13.08705875  131.04010713 
112 -13.08727739  131.04019347 -13.08742876  131.04003807 
112 -13.08756331  131.03919200 -13.08756331  131.03910567 
112 -13.08751286  131.03869127 -13.08744558  131.03858767 
113 -13.08046577  131.03225083 
112 -13.08327189  131.04064510 -13.08335230  131.04075125 
112 -13.08369693  131.04105788 -13.08382329  131.04115223 
111 -13.08462741  131.04139989 
112 -13.08482270  131.04101071 -13.08484568  131.04091636 
111 -13.08499501  131.04102250 
111 -13.08488014  131.04150604 
112 -13.08575319  131.04201316 -13.08591401  131.04208392 
112 -13.08674111  131.04275616 -13.08687896  131.04280333 
112 -13.08792432  131.04275616 -13.08811961  131.04270898 
112 -13.08892374  131.04191881 -13.08900415  131.04182446 
112 -13.08854465  131.04155321 -13.08836085  131.04142348 
111 -13.08815197  131.04145393 
111 -13.08791651  131.04167839 
111 -13.08773150  131.04155753 
111 -13.08801742  131.04133306 
112 -13.08739512  131.04078053 -13.08727739  131.04069420 
111 -13.08685692  131.04012440 
111 -13.08668873  131.04036613 
111 -13.08652055  131.04033160 
111 -13.08668873  131.04007260 
112 -13.08594871  131.03958913 -13.08573006  131.03945100 
112 -13.08519186  131.03960640 -13.08499003  131.03960640 
111 -13.08473775  131.03965820 
111 -13.08468729  131.04003807 
111 -13.08453592  131.04002080 
111 -13.08460320  131.03971000 
112 -13.08347634  131.03960640 -13.08337542  131.03955460 
112 -13.08305587  131.03922654 -13.08300541  131.03912294 
112 -13.08297177  131.03969273 -13.08297177  131.03993447 
113 -13.08307268  131.04021073 
111 -13.08806217  131.03915911 
112 -13.08776350  131.03919449 -13.08772904  131.03961906 
112 -13.08756821  131.04031488 -13.08748780  131.04039744 
112 -13.08748780  131.04057434 -13.08756821  131.04069228 
112 -13.08820002  131.04124658 -13.08828044  131.04128196 
111 -13.08859060  131.04145886 
111 -13.08878589  131.04118761 
111 -13.08885481  131.04124658 
111 -13.08875142  131.04154142 
112 -13.08916497  131.04170653 -13.08938323  131.04171832 
112 -13.09023331  131.04180088 -13.09054347  131.04173011 
114 -13.09083066  131.04160039 -13.09079620  131.04157680 
112 -13.08921301  131.04231084 -13.08928883  131.04229786 
111 -13.08904874  131.04209029 
113 -13.08875811  131.04233678 
112 -13.08954155  131.04262219 -13.08963001  131.04272598 
112 -13.09005964  131.04314112 -13.09022391  131.04328382 
112 -13.09148753  131.04395842 -13.09170235  131.04406221 
112 -13.09270061  131.04406221 -13.09313024  131.04394545 
112 -13.09307970  131.04314112 -13.09309234  131.04303733 
112 -13.09259952  131.04251841 -13.09254898  131.04244057 
112 -13.09228362  131.04246651 -13.09225834  131.04246651 
112 -13.09223307  131.04285571 -13.09220780  131.04295949 
112 -13.09103263  131.04176597 -13.09098208  131.04171407 
112 -13.09035027  131.04192164 -13.09004700  131.04198651 
112 -13.08926356  131.04190867 -13.08906138  131.04186975 
113 -13.08923828  131.04216813 
111 -13.09313535  131.04274247 
112 -13.09305872  131.04283930 -13.09318251  131.04304508 
112 -13.09321788  131.04338400 -13.09320020  131.04357162 
112 -13.09296440  131.04401948 -13.09289956  131.04408000 
112 -13.09328273  131.04389844 -13.09342420  131.04383792 
113 -13.09414338  131.04343847 
112 -13.09387179  131.04313485 -13.09407362  131.04327299 
111 -13.09444363  131.04323845 
112 -13.09501547  131.04301398 -13.09508275  131.04297944 
112 -13.09538548  131.04223695 -13.09548640  131.04208154 
112 -13.09641075  131.03954578 -13.09653417  131.03930210 
112 -13.09658164  131.03863930 -13.09658164  131.03848334 
111 -13.09652467  131.03777181 
111 -13.09621138  131.03775231 
111 -13.09621138  131.03768408 
111 -13.09654366  131.03765484 
112 -13.09648670  131.03702128 -13.09642974  131.03676786 
112 -13.09586960  131.03626101 -13.09576517  131.03619278 
112 -13.09427464  131.03548124 -13.09402781  131.03539352 
112 -13.09304995  131.03450653 -13.09267019  131.03402893 
112 -13.09240242  131.03303223 -13.09217497  131.03279872 
112 -13.09153052  131.03294142 -13.09135362  131.03295439 
112 -13.09102507  131.03320088 -13.09093662  131.03333061 
112 -13.09040590  131.03351224 -13.09022899  131.03360305 
112 -13.08967300  131.03357710 -13.08949609  131.03362899 
112 -13.08901591  131.03386251 -13.08892746  131.03391440 
112 -13.08813137  131.03419981 -13.08775229  131.03429062 
112 -13.08728475  131.03456306 -13.08703202  131.03470576 
112 -13.08662766  131.03530252 -13.08647603  131.03540631 
111 -13.08608430  131.03605496 
111 -13.09280524  131.04207067 
113 -13.09265787  131.04225829 
14  -13.08794866  131.03942864    6 0 New Tower Viewpoint 13
15  -13.08768965  131.03885882 276.64 New Ramp Start 11
19  -13.08709763  131.03853593 0 New Windsock 12
1      399 0 0 YBBS BAN BAN SPRINGS
100   36.88   3   0 0.25 0 0 0 11  -13.37561582  131.49231855    0.00    0.00 0  0 0 0 29  -13.37944165  131.50205164    0.00    0.00 0  0 0 0
100   25.91   3   0 0.25 0 0 0 5   -13.38025777  131.48906062    0.00    0.00 0  0 0 0 23  -13.37547862  131.49754799    0.00    0.00 0  0 0 0
110   3 0.25   0.00 New Taxiway 11
111 -13.37950146  131.50174729 
111 -13.37960304  131.50189645 
112 -13.37976267  131.50217985 -13.37983523  131.50222460 
112 -13.37990779  131.50265717 -13.37990779  131.50280633 
112 -13.38029960  131.50326873 -13.38043020  131.50335822 
112 -13.38051727  131.50373113 -13.38050276  131.50374604 
111 -13.37993681  131.50389520 
113 -13.37926928  131.50201578 
14  -13.38032862  131.50180695    6 0 New Tower Viewpoint 32
15  -13.37973365  131.50297041 247.77 New Ramp Start 30
19  -13.37921123  131.50249309 0 New Windsock 31
1      361 0 0 YBCR Batchelor
100   41.15   1   0 0.25 0 0 0 13  -13.05143744  131.02432563    0.00    0.00 0  0 0 0 31  -13.06209971  131.03386876    0.00    0.00 0  0 0 0
110   1 0.25   0.00 New Taxiway 17
111 -13.05188324  131.02475852 
111 -13.05204962  131.02505164 
112 -13.05197992  131.02505625 -13.05195969  131.02505394 
112 -13.05182254  131.02496393 -13.05178881  131.02494085 
111 -13.05174384  131.02495701 
111 -13.05135488  131.02519473 
111 -13.05118625  131.02490854 
111 -13.05138410  131.02465928 
113 -13.05175509  131.02483238 
110   5 0.25   0.00 New Taxiway 21
112 -13.05523690  131.02857594 -13.05527408  131.02857399  22 
112 -13.05531318  131.02865033 -13.05531413  131.02869340  22 
112 -13.05523880  131.02873451 -13.05520734  131.02873549  22 
114 -13.05516920  131.02864936 -13.05516824  131.02860335  22 
110   1 0.25   0.00 New Taxiway 20
111 -13.05261215  131.02550243 
111 -13.05261384  131.02560473 
112 -13.05254627  131.02560647 -13.05252600  131.02560647 
112 -13.05249728  131.02562208 -13.05248884  131.02562728 
112 -13.05247701  131.02566196 -13.05247532  131.02566543 
112 -13.05238579  131.02576253 -13.05234694  131.02580588 
111 -13.05236552  131.02588218 
112 -13.05241282  131.02593767 -13.05242296  131.02594114 
112 -13.05247026  131.02593940 -13.05249222  131.02593940 
112 -13.05251080  131.02599316 -13.05250911  131.02601917 
112 -13.05246181  131.02608680 -13.05242971  131.02610414 
112 -13.05235370  131.02604865 -13.05234018  131.02602784 
112 -13.05234694  131.02598275 -13.05235032  131.02595848 
112 -13.05232104  131.02589825 -13.05229591  131.02586099 
111 -13.05234477  131.02573775 
112 -13.05247740  131.02559444 -13.05249694  131.02557581 
113 -13.05248717  131.02548982 
110   4 0.25   0.00 New Taxiway 19
112 -13.05137736  131.02517858 -13.05137511  131.02518319 
112 -13.05133239  131.02523628 -13.05131890  131.02525243 
111 -13.05125820  131.02532167 
111 -13.05116376  131.02516011 
112 -13.05126269  131.02514857 -13.05129417  131.02515088 
113 -13.05135038  131.02512318 
110   5 0.25   0.00 New Taxiway 18
111 -13.05122222  131.02492470 
111 -13.05114353  131.02487623 
112 -13.05122897  131.02470313 -13.05122447  131.02468928 
111 -13.05118850  131.02466390 
112 -13.05094342  131.02461312 -13.05091869  131.02461312 
111 -13.05095242  131.02453926 
112 -13.05121772  131.02458773 -13.05125370  131.02460389 
113 -13.05140884  131.02467082 
14  -13.05120077  131.02508330    6 0 New Tower Viewpoint 8
15  -13.05126005  131.02497420 153.02 New Ramp Start 7
19  -13.05523690  131.02865425 0 New Windsock 6
1      175 1 0 YCCR Coomalie Creek
100   20.12   1   0 0.25 0 0 0 17  -13.00390814  131.12915241    0.00    0.00 0  0 0 0 35  -13.01353369  131.13073478    0.00    0.00 0  0 0 0
110   5 1.00 170.90 New Taxiway 2
111 -13.01354459  131.13064151 
112 -13.01407050  131.13077373 -13.01431952  131.13078834 
112 -13.01455786  131.13083580 -13.01467525  131.13087231 
112 -13.01559919  131.13101532 -13.01584820  131.13105515 
112 -13.01612741  131.13104558 -13.01617949  131.13106987 
112 -13.01613688  131.13121080 -13.01605165  131.13121080 
112 -13.01522780  131.13111847 -13.01508576  131.13110389 
112 -13.01365293  131.13089723 -13.01355397  131.13087050 
112 -13.01351658  131.13082197 -13.01350112  131.13081517 
111 -13.01350333  131.13080610 
113 -13.01349891  131.13065648 
110   1 1.00 170.90 New Taxiway 1
111 -13.00460757  131.12933729 
112 -13.00461558  131.12949090 -13.00460222  131.12953753 
111 -13.00451402  131.12957593 
112 -13.00407303  131.12948815 -13.00403027  131.12948541 
112 -13.00395009  131.12940586 -13.00389129  131.12937020 
112 -13.00386724  131.12931809 -13.00383249  131.12930986 
112 -13.00376467  131.12939745 -13.00371763  131.12944271 
111 -13.00363825  131.12948194 
111 -13.00361767  131.12946082 
112 -13.00325377  131.12996546 -13.00320526  131.13025754 
111 -13.00322466  131.13042349 
112 -13.00321839  131.13108367 -13.00317570  131.13134654 
111 -13.00306543  131.13148528 
111 -13.00306543  131.13145242 
112 -13.00316503  131.13118955 -13.00318282  131.13112018 
112 -13.00320772  131.13071493 -13.00319705  131.13051413 
112 -13.00319349  131.13007602 -13.00321483  131.12995189 
112 -13.00336780  131.12964521 -13.00348163  131.12950282 
111 -13.00359191  131.12942250 
112 -13.00376017  131.12919328 -13.00376311  131.12907561 
112 -13.00367197  131.12890664 -13.00366609  131.12889759 
112 -13.00339377  131.12836958 -13.00336437  131.12815535 
111 -13.00338201  131.12774801 
112 -13.00331439  131.12744628 -13.00325265  131.12730749 
111 -13.00326147  131.12729240 
112 -13.00337907  131.12755491 -13.00338495  131.12757603 
112 -13.00341729  131.12804371 -13.00342611  131.12834846 
112 -13.00354077  131.12851441 -13.00358486  131.12858984 
112 -13.00387886  131.12881915 -13.00394060  131.12884027 
111 -13.00463320  131.12899149 
112 -13.00470609  131.12907628 -13.00468180  131.12913613 
111 -13.00468180  131.12919099 
113 -13.00465750  131.12920844 
14  -13.00409624  131.12897404    6 0 New Tower Viewpoint 2
15  -13.00423716  131.12901643  90.80 New Ramp Start 1
19  -13.00387757  131.12930071 0 New Windsock 3
51 12670 COOMALIE CREEK CTAF
54 11815 BRISBANE CENTRE CNTR
1      152 0 0 YDDY DOUGLAS DALY
100   49.99   4   0 0.25 0 0 0 1   -13.85489830  131.20356666    0.00    0.00 0  0 0 0 19  -13.83573900  131.20509900    0.00    0.00 0  0 0 0
110   4 0.25   0.00 New Taxiway 1
112 -13.83494897  131.19011053 -13.83498650  131.19072898 
112 -13.83479884  131.19300953 -13.83461118  131.19420778 
112 -13.83438489  131.19752249 -13.83438489  131.19862861 
112 -13.83470960  131.20078941 -13.83485946  131.20140678 
112 -13.83543395  131.20426212 -13.83545893  131.20449364 
112 -13.83565875  131.20516246 -13.83573368  131.20570266 
112 -13.83718239  131.20850655 -13.83733226  131.20935544 
112 -13.83727306  131.21095794 -13.83723283  131.21166221 
112 -13.83791669  131.21344361 -13.83827873  131.21431360 
112 -13.83984758  131.21882925 -13.84012916  131.21969924 
111 -13.84053143  131.22243348 
111 -13.84033030  131.22210206 
112 -13.83984758  131.22011352 -13.83964644  131.21932639 
112 -13.83715238  131.21211792 -13.83691102  131.21128936 
112 -13.83688052  131.20879771 -13.83680559  131.20820607 
112 -13.83615617  131.20689418 -13.83598132  131.20653405 
112 -13.83530693  131.20475914 -13.83518204  131.20421894 
112 -13.83438275  131.20018037 -13.83405804  131.19848262 
112 -13.83420935  131.19549548 -13.83427344  131.19479587 
112 -13.83477332  131.19137699 -13.83486304  131.19024177 
112 -13.83470923  131.18937055 -13.83470923  131.18930455 
112 -13.83461951  131.18888214 -13.83459387  131.18882934 
112 -13.83463233  131.18859173 -13.83468360  131.18848613 
113 -13.83482459  131.18855213 
14  -13.83440347  131.18877982    6 0 New Tower Viewpoint 3
15  -13.83585936  131.20494341 101.12 New Ramp Start 1
19  -13.83686569  131.20457249 0 New Windsock 2
1      364 0 0 YHAC HAYES CREEK
100   42.98   1   0 0.25 0 0 0 13  -13.57502632  131.41591913    0.00    0.00 0  0 0 0 31  -13.59093186  131.43060098    0.00    0.00 0  0 0 0
110   4 0.25   0.00 New Taxiway 4
111 -13.59082809  131.43087380 
112 -13.58942746  131.43230473 -13.58909398  131.43269355 
111 -13.58873827  131.43351695 
111 -13.58896059  131.43360844 
111 -13.58924961  131.43392865 
111 -13.58949416  131.43406588 
111 -13.59229541  131.43559832 
111 -13.59514113  131.43495790 
111 -13.59503922  131.43094712 
111 -13.59631090  131.42792800 
111 -13.59618862  131.42405346 
111 -13.59525931  131.42443085 
111 -13.58912885  131.42125421 
111 -13.58449044  131.41133629 
111 -13.58410460  131.40806629 
112 -13.58314917  131.40800958 -13.58274495  131.40802849 
112 -13.58213160  131.40858234 -13.58181368  131.40880876 
112 -13.57990616  131.40941253 -13.57929478  131.40956347 
112 -13.57799864  131.41039366 -13.57753399  131.41082133 
112 -13.57628677  131.41187794 -13.57584657  131.41207920 
111 -13.57533301  131.41217982 
111 -13.57149352  131.41124901 
111 -13.55876846  131.40952726 
111 -13.55876846  131.40928215 
111 -13.57138253  131.41097553 
112 -13.57330027  131.41155663 -13.57422958  131.41183337 
112 -13.57664044  131.41145272 -13.57695932  131.41126527 
112 -13.57793115  131.41020302 -13.57831077  131.40981249 
112 -13.57962810  131.40929237 -13.57995810  131.40915658 
112 -13.58149496  131.40876859 -13.58196639  131.40859399 
112 -13.58282142  131.40796192 -13.58297326  131.40785257 
111 -13.58339844  131.40780570 
111 -13.58411213  131.40782132 
111 -13.58412731  131.40708711 
111 -13.58421842  131.40708724 
111 -13.58427222  131.40791747 
112 -13.58440673  131.40797282 -13.58454123  131.40802817 
112 -13.58655880  131.40858166 -13.58704302  131.40872003 
112 -13.58731997  131.40897665 -13.58752208  131.40912220 
112 -13.58847200  131.40962123 -13.58893686  131.40982916 
112 -13.59021015  131.40980836 -13.59069522  131.40980836 
111 -13.59122070  131.41049452 
112 -13.59429278  131.41500655 -13.59435342  131.41508972 
111 -13.59475764  131.41554716 
111 -13.59580861  131.41637887 
111 -13.59536397  131.40716769 
111 -13.59554587  131.40716769 
111 -13.59601072  131.41654521 
111 -13.59671811  131.41718979 
111 -13.59663727  131.41737692 
111 -13.59603093  131.41679472 
112 -13.59646996  131.42714024 -13.59646996  131.42742144 
111 -13.59642441  131.42798384 
111 -13.59524684  131.43114584 
111 -13.59571448  131.44258942 
111 -13.59560154  131.44256360 
111 -13.59514916  131.43508523 
111 -13.59226404  131.43578112 
111 -13.58926848  131.43416211 
112 -13.58893718  131.43387808 -13.58884055  131.43379287 
111 -13.58851113  131.43356160 
111 -13.58519355  131.43058621 
112 -13.58107698  131.42816484 -13.58081020  131.42800475 
111 -13.58058787  131.42789039 
111 -13.57153939  131.42590064 
111 -13.57153939  131.42576342 
112 -13.58057620  131.42773285 -13.58084252  131.42779373 
111 -13.58090170  131.42782417 
112 -13.58486689  131.43019857 -13.58548830  131.43059430 
111 -13.58539953  131.43056386 
111 -13.58864300  131.43346593 
112 -13.58917287  131.43245584 -13.58952352  131.43186261 
113 -13.59074690  131.43080441 
111 -13.58426813  131.40835821 
111 -13.58429151  131.40871093 
111 -13.58437722  131.40940034 
111 -13.58458422  131.41132426 
111 -13.58776734  131.41803238 
111 -13.59581531  131.41751685 
111 -13.59576976  131.41656390 
112 -13.59470682  131.41561096 -13.59446386  131.41534538 
111 -13.59419053  131.41507981 
112 -13.59110562  131.41054967 -13.59090822  131.41028410 
112 -13.59024008  131.41000291 -13.58984528  131.40990918 
112 -13.58843308  131.40975296 -13.58809902  131.40967485 
112 -13.58723348  131.40908122 -13.58692978  131.40889376 
112 -13.58658053  131.40869068 -13.58645905  131.40862819 
111 -13.58445465  131.40808143 
113 -13.58425725  131.40801894 
111 -13.58780437  131.41814281 
111 -13.58920383  131.42119080 
111 -13.59527419  131.42426177 
111 -13.59619909  131.42390672 
113 -13.59582637  131.41765783 
110   1 0.25 138.10 New Taxiway 2
111 -13.57609274  131.41704918 
111 -13.57572831  131.41706480 
111 -13.57477166  131.41619002 
113 -13.57504499  131.41592446 
110   1 0.25 138.10 New Taxiway 3
111 -13.59031443  131.42991216 
111 -13.59100015  131.43042362 
112 -13.59128301  131.43081163 -13.59135158  131.43097036 
112 -13.59122301  131.43103209 -13.59117158  131.43109381 
112 -13.59069158  131.43081163 -13.59059729  131.43074990 
113 -13.59017729  131.43007089 
14  -13.59062696  131.43091799    6 0 New Tower Viewpoint 6
15  -13.59098696  131.43083862   0.00 New Ramp Start 4
19  -13.59029267  131.43051235 0 New Windsock 5
1      112 0 0 YRIN MOUNT RINGWOOD
100   49.99   4   0 0.25 0 0 0 16  -13.13161568  131.37251576    0.00    0.00 0  0 0 0 34  -13.14337300  131.37607700    0.00    0.00 0  0 0 0
110   4 0.25   0.00 New Taxiway 9
111 -13.13174502  131.37175675 
112 -13.13352879  131.37175675 -13.13374284  131.37179338 
112 -13.13588336  131.37214139 -13.13622228  131.37228792 
112 -13.13681092  131.37263593 -13.13698930  131.37267257 
112 -13.14566358  131.37553439 -13.14580603  131.37546125 
112 -13.14606719  131.37529060 -13.14628087  131.37533935 
111 -13.14706435  131.37558315 
111 -13.14677945  131.37726534 
111 -13.14051157  131.37614388 
112 -13.14027415  131.37641206 -13.14017919  131.37660709 
112 -13.13991803  131.37714345 -13.13970435  131.37714345 
111 -13.13521712  131.37577819 
111 -13.13488473  131.37509556 
111 -13.13335872  131.37472110 
112 -13.13016757  131.37365550 -13.13013514  131.37365550 
111 -13.12687785  131.37353531 
112 -13.12559741  131.37342836 -13.12529417  131.37335510 
112 -13.12516556  131.37277311 -13.12523031  131.37259581 
112 -13.12561881  131.37186445 -13.12587782  131.37182012 
112 -13.12725917  131.37182012 -13.12745342  131.37188661 
112 -13.12820885  131.37210823 -13.12866210  131.37206391 
112 -13.13049671  131.37195310 -13.13066938  131.37201958 
114 -13.13114421  131.37175363 -13.13129530  131.37162066 
14  -13.13185647  131.37321636    6 0 New Tower Viewpoint 22
15  -13.13239606  131.37230770   0.00 New Ramp Start 20
19  -13.13310832  131.37235202 0 New Windsock 21
1      647 0 0 YPNC PINE CREEK
100   29.87   4   0 0.25 0 0 0 11  -13.82366363  131.84220862    0.00    0.00 0  0 0 0 29  -13.82745800  131.84910400    0.00    0.00 0  0 0 0
110   4 0.25   0.00 New Taxiway 7
112 -13.82286430  131.84205405 -13.82281364  131.84200188 
112 -13.82248433  131.84193666 -13.82239567  131.84193666 
112 -13.82204103  131.84185840 -13.82193970  131.84176710 
112 -13.82223173  131.84136238 -13.82233305  131.84124499 
112 -13.82254837  131.84153194 -13.82257370  131.84157107 
112 -13.82289035  131.84163629 -13.82302967  131.84162325 
112 -13.82296634  131.84140151 -13.82296634  131.84115368 
111 -13.82334632  131.84133629 
112 -13.82360654  131.84169442 -13.82364108  131.84172999 
112 -13.82409014  131.84177742 -13.82425134  131.84177742 
112 -13.82405560  131.84210944 -13.82395197  131.84213315 
112 -13.82385986  131.84221616 -13.82379077  131.84227545 
111 -13.82373320  131.84240588 
112 -13.82352594  131.84233473 -13.82345685  131.84228730 
112 -13.82324960  131.84214501 -13.82309991  131.84214501 
113 -13.82297325  131.84213315 
14  -13.82316733  131.84225236    6 0 New Tower Viewpoint 29
15  -13.82373258  131.84209066   0.00 New Ramp Start 28
19  -13.82438157  131.84412802 0 New Windsock 27
1      235 0 0 YTPA TIPPERARY
100   29.87   1   0 0.25 0 0 0 11  -13.72354822  131.02401838    0.00    0.00 1  0 0 0 29  -13.73053283  131.04217819    0.00    0.00 1  0 0 0
110   1 0.25 111.60 New Taxiway 1
112 -13.73053872  131.04194734 -13.73060048  131.04196853 
111 -13.73071713  131.04196146 
111 -13.73114256  131.04178911 
111 -13.73117686  131.04211686 
111 -13.73109452  131.04216631 
112 -13.73076516  131.04229345 -13.73075830  131.04231464 
112 -13.73088181  131.04275964 -13.73088867  131.04276671 
111 -13.73070340  131.04283734 
113 -13.73040464  131.04221956 
110   3 0.25 111.60 New Taxiway 2
111 -13.72754628  131.03163104 
112 -13.72886135  131.03140353 -13.72922238  131.03132094 
111 -13.72996711  131.03136940 
111 -13.73215962  131.03734735 
111 -13.73053962  131.03789048 
111 -13.73138364  131.03992119 
111 -13.73139368  131.04135868 
111 -13.73275998  131.04707764 
112 -13.73134345  131.04770848 -13.73124299  131.04774985 
112 -13.73119276  131.04736721 -13.73123294  131.04735686 
111 -13.73157452  131.04701559 
111 -13.73036650  131.04352363 
112 -13.72957083  131.04379665 -13.72936086  131.04386491 
111 -13.72922825  131.04378528 
112 -13.72873096  131.04231780 -13.72863150  131.04202203 
111 -13.72883042  131.04205616 
111 -13.72938297  131.04180589 
112 -13.72258176  131.02411236 -13.72255745  131.02402476 
111 -13.72259392  131.02392466 
113 -13.72429576  131.02291110 
14  -13.73102560  131.04150775    6 0 New Tower Viewpoint 3
15  -13.73103591  131.04207029 293.20 New Ramp Start 1
19  -13.73071628  131.04089214 0 New Windsock 2