1     1801 0 0 WX65 Datah Dian (Pertamina)
100   20.12   3   0 0.25 0 0 0 15   02.00867007  115.15051398    0.00    0.00 0  0 0 0 33   02.00558193  115.15229802    0.00    0.00 0  0 0 0
14   02.00734322  115.15153822    5 0 Viewpoint
19   02.00712238  115.15113974 0 Windsock
1     1240 0 0 WZ71 Long Alango (MAF)
100   14.94   3   0 0.25 0 0 0 18   02.93279794  115.85183900    0.00    0.00 0  0 0 0 36   02.92923206  115.85183900    0.00    0.00 0  0 0 0
14   02.93110841  115.85162143    5 0 Viewpoint
19   02.93110029  115.85203623 0 Windsock
1      775 0 0 WZ85 Long Pujungan (MAF)
100   20.12   4   0 0.00 0 0 0 2    02.58920436  115.79841644    0.00    0.00 0  0 0 0 20   02.59236194  115.79984409    0.00    0.00 0  0 0 0
14   02.58957775  115.79842010    5 0 Long Pujungan Viewpoint
15   02.58937992  115.79849878  24.30 Long Pujungan Start
19   02.58955358  115.79870697 0 Long Pujungan Windsock