1      623 0 1 EDKA Aachen Merzbruck
100   20.12   1   0 0.25 0 0 0 08   50.82263400  006.18277500    0.00    0.00 1  0 0 0 26   50.82373000  006.18995800    0.00    0.00 1  0 0 0
19   50.82285545  006.18239549 1 WS
19   50.82350853  006.19033749 1 WS
1     1896 0 1 EDKV DAHLEMER BINZ
100   29.87   1   0 0.25 0 0 0 06   50.40338900  006.52166700  269.75    0.00 2  0 0 1 24   50.40838900  006.53450000   39.93    0.00 2  0 0 1
21   50.40587781  006.52705355  2  58.56   3.00 06  PAPI-4L
21   50.40697937  006.53188122  2 238.57   3.00 24  PAPI-4L
110   1 0.30  58.56 Default taxiway for RWY 06
111  50.40327625  006.52177516   3 
111  50.40270098  006.52232702   3 
111  50.40770169  006.53515873   3 
111  50.40827696  006.53460682 
112  50.40813673  006.53424700  50.40820492  006.53442875   3 
111  50.40806732  006.53456077   3 
112  50.40788385  006.53473679  50.40774624  006.53486881   3 
111  50.40767613  006.53468890   3 
111  50.40535106  006.52872282   3 
111  50.40581166  006.52828095 
111  50.40574155  006.52810104   3 
111  50.40528095  006.52854291   3 
112  50.40295588  006.52257683  50.40288576  006.52239692   3 
111  50.40302337  006.52226492   3 
112  50.40320684  006.52208892  50.40334444  006.52195691   3 
113  50.40341648  006.52213498 
120 Default hold RWY 06 (near)
111  50.40304499  006.52199701   4 
115  50.40311510  006.52217692 
120 Default hold RWY 06 (centre)
111  50.40551029  006.52832289   4 
115  50.40558040  006.52850281 
120 Default hold RWY 06 (far)
111  50.40797558  006.53464878   4 
115  50.40804570  006.53482869 
19   50.40359278  006.52097717 1 WS
19   50.40818514  006.53518984 1 WS
54 12987 LANGEN  INFO
54 11865 LANGEN  INFO
1      296 1 1 ETNG GEILENKIRCHEN
100   44.81   2   0 0.25 0 3 0 09   50.96101400  006.02004200  149.66    0.00 2 10 0 0 27   50.96065300  006.06345800  149.66    0.00 3 10 0 0
21   50.96134595  006.02504510  1  90.74   3.00 09  VASI
21   50.96034050  006.05638336  1 270.77   3.00 27  VASI
110   2 0.30  90.74 Default taxiway for RWY 09
111  50.96081466  006.02003792  53 102 
111  50.95980445  006.02001721  53 102 
111  50.95945150  006.06343354  53 102 
111  50.96046171  006.06345425 
112  50.96046691  006.06281413  50.96046206  006.06313414  53 102 
111  50.96022015  006.06312918  53 102 
112  50.95989760  006.06312257  50.95965569  006.06311761  53 102 
111  50.95965829  006.06279755  53 102 
111  50.95982826  006.04188954  53 102 
111  50.96063688  006.04190612 
111  50.96063948  006.04158606  53 102 
111  50.95983086  006.04156948  53 102 
112  50.96000084  006.02066147  50.96000344  006.02034140  53 102 
111  50.96024535  006.02034636  53 102 
112  50.96056790  006.02035297  50.96080981  006.02035793  53 102 
113  50.96080946  006.02067805 
120 Default hold RWY 09 (near)
111  50.96040922  006.02002961  54 
115  50.96040662  006.02034967 
120 Default hold RWY 09 (centre)
111  50.96023404  006.04157775  54 
115  50.96023144  006.04189781 
120 Default hold RWY 09 (far)
111  50.96005887  006.06312588  54 
115  50.96005627  006.06344594 
18   50.96224730  006.04177866 4 BCN
19   50.96162261  006.01941424 1 WS
19   50.96004416  006.06408519 1 WS
54 12210 FRISBEE TWR
55 12850 LANGEN CON
55 12330 FRISBEE RADAR
55 12372 FRISBEE RADAR
1      386 1 1 ETNN NORVENICH
100   45.11   1   0 0.25 0 1 0 07   50.82682200  006.64221900    0.00  274.93 2 10 0 0 25   50.83550000  006.67400000    0.00  274.93 2 10 0 0
21   50.82790459  006.64458216  2  66.61   3.00 07  PAPI-4L
21   50.83441805  006.67163566  2 246.63   3.00 25  PAPI-4L
110   1 0.30  66.61 Default taxiway for RWY 07
111  50.82663777  006.64234517   3 102 
111  50.82570422  006.64298448   3 102 
111  50.83438654  006.67475971   3 102 
111  50.83532009  006.67412028 
112  50.83515891  006.67353042  50.83523743  006.67382676   3 102 
111  50.83501388  006.67397989   3 102 
112  50.83471580  006.67418405  50.83449224  006.67433717   3 102 
111  50.83441165  006.67404224   3 102 
111  50.83027196  006.65889197   3 102 
111  50.83101922  006.65838019 
111  50.83093863  006.65808526   3 102 
111  50.83019137  006.65859704   3 102 
112  50.82605169  006.64344676  50.82597110  006.64315183   3 102 
111  50.82619466  006.64299873   3 102 
112  50.82649274  006.64279460  50.82671629  006.64264151   3 102 
113  50.82679895  006.64293503 
120 Default hold RWY 07 (near)
111  50.82626311  006.64260174   4 
115  50.82634370  006.64289667 
120 Default hold RWY 07 (centre)
111  50.83056397  006.65834185   4 
115  50.83064456  006.65863678 
120 Default hold RWY 07 (far)
111  50.83486484  006.67408197   4 
115  50.83494543  006.67437690 
18   50.83246692  006.65721223 4 BCN
19   50.82721971  006.64124640 1 WS
19   50.83510201  006.67497251 1 WS
54 13620 TWR
54 12210 TWR
55 12850 LANGEN CON
55 12632 LANGEN CON
55 12330 RADAR
55 12985 RADAR