1      925 1 0 LKDK Dvur Kralove
100   99.97   3   0 0.00 0 0 0 09   50.41470302  015.83116096    0.00    0.00 1  0 0 0 27   50.41371339  015.84295724    0.00    0.00 1  0 0 0
110   1 0.00  97.50 beton
111  50.41566314  015.83678426 
111  50.41554010  015.83673079 
111  50.41554389  015.83662682 
111  50.41541138  015.83659118 
111  50.41539435  015.83667138 
111  50.41533567  015.83665653 
111  50.41526374  015.83709913 
111  50.41548331  015.83717933 
111  50.41545681  015.83742885 
111  50.41558364  015.83749420 
111  50.41549656  015.83809126 
111  50.41555335  015.83811503 
111  50.41564042  015.83750905 
111  50.41577998  015.83754281 
111  50.41584296  015.83713774 
111  50.41562149  015.83706645 
111  50.41536028  015.83695951 
111  50.41537542  015.83685258 
111  50.41548331  015.83687040 
111  50.41550981  015.83677832 
113  50.41565310  015.83683168 
110   2 0.00  97.50 beton
111  50.41546976  015.83809714 
111  50.41528798  015.83802634 
111  50.41527935  015.83806382 
111  50.41529528  015.83807631 
111  50.41528864  015.83814503 
111  50.41531109  015.83815303 
111  50.41532605  015.83808596 
111  50.41541473  015.83812285 
111  50.41540939  015.83820836 
111  50.41543076  015.83821172 
111  50.41544572  015.83813459 
113  50.41546602  015.83813962 
110   3 0.00  97.50 strip
111  50.41532110  015.83095832 
111  50.41412550  015.83069889 
111  50.41303893  015.84330648 
111  50.41431007  015.84356319 
111  50.41467148  015.83898246 
111  50.41484351  015.83901916 
111  50.41512065  015.83904960 
111  50.41523981  015.83846684 
111  50.41527307  015.83834387 
111  50.41547261  015.83842335 
111  50.41555335  015.83811503 
111  50.41549656  015.83809126 
111  50.41558364  015.83749420 
111  50.41545681  015.83742885 
111  50.41548331  015.83717933 
111  50.41526374  015.83709913 
111  50.41533567  015.83665653 
111  50.41539435  015.83667138 
111  50.41541138  015.83659118 
111  50.41554389  015.83662682 
111  50.41554010  015.83673079 
111  50.41566314  015.83678426 
111  50.41569432  015.83664895 
111  50.41573715  015.83650640 
111  50.41575528  015.83632277 
111  50.41549755  015.83622274 
111  50.41529524  015.83612706 
111  50.41508185  015.83604878 
113  50.41491361  015.83598119 
111  50.41520704  015.83819188 
111  50.41517917  015.83833348 
111  50.41509757  015.83829287 
113  50.41512345  015.83815128 
130 Airport Boundary 4
111  50.41768409  015.82860212 
111  50.41239463  015.82755621 
111  50.41062174  015.84654314 
113  50.41628647  015.84715242 
14   50.41513784  015.83838297   82 0 TW
15   50.41551395  015.83735134 102.02 Stojanka
19   50.41593321  015.83790893 0 WS
54 11965 INFO
1     1479 1 0 LKHD Hodkovice
100   99.97   3   0 0.00 0 0 0 01   50.65295734  015.07676129    0.00    0.00 1  0 0 0 19   50.66166466  015.07902257    0.00    0.00 1  0 0 0
110   3 0.00   9.40 STRIP
111  50.65295045  015.07568687 
111  50.65273156  015.07778775 
111  50.66248295  015.08030642 
113  50.66270689  015.07821157 
130 Airport Boundary 8
111  50.65028538  015.06924472 
111  50.64873948  015.08202672 
111  50.66471385  015.08646793 
113  50.66619105  015.07390257 
14   50.65395823  015.07462521   82 0 TW
15   50.65391286  015.07534267   0.00 Pred vezi
19   50.65315162  015.07513325 0 WS
54 12090 INFO
1      918 1 0 LKHC Horice
100   17.98   3   0 0.00 0 0 0 13   50.35965686  015.57281097    0.00    0.00 1  0 0 0 31   50.35574889  015.58139849    0.00    0.00 1  0 0 0
110   1 0.00 127.00 PARKING
111  50.35574740  015.57508875 
111  50.35544829  015.57564545 
111  50.35546835  015.57567497 
111  50.35558079  015.57548055 
111  50.35563210  015.57547970 
111  50.35572080  015.57560652 
111  50.35572339  015.57569186 
111  50.35562746  015.57594380 
111  50.35557042  015.57596005 
111  50.35541745  015.57585034 
111  50.35536819  015.57576907 
111  50.35521781  015.57609008 
111  50.35512966  015.57615510 
111  50.35505188  015.57615510 
111  50.35503114  015.57622418 
111  50.35502855  015.57633390 
111  50.35507003  015.57639891 
111  50.35495077  015.57659396 
111  50.35457223  015.57743511 
112  50.35457223  015.57743511  50.35456063  015.57751537 
112  50.35460335  015.57760985  50.35463544  015.57765693 
111  50.35460335  015.57760985 
111  50.35488704  015.57790329 
111  50.35491270  015.57799140 
111  50.35497696  015.57805855 
111  50.35506457  015.57787740 
111  50.35496549  015.57778715 
111  50.35523118  015.57713976 
111  50.35514808  015.57706277 
111  50.35527471  015.57679201 
111  50.35542700  015.57650948 
111  50.35567535  015.57602893 
111  50.35577169  015.57574147 
112  50.35577169  015.57574147  50.35577988  015.57570188 
112  50.35575450  015.57556183  50.35573265  015.57552330 
111  50.35575450  015.57556183 
111  50.35563277  015.57537276 
113  50.35577115  015.57511484 
111  50.35555272  015.57610124 
111  50.35530963  015.57656802 
111  50.35523075  015.57671688 
111  50.35514221  015.57688089 
112  50.35514221  015.57688089  50.35510522  015.57684015 
112  50.35508525  015.57673585  50.35507725  015.57665125 
112  50.35509230  015.57648728  50.35510030  015.57642774 
111  50.35512877  015.57632806 
111  50.35517762  015.57620973 
111  50.35526133  015.57610628 
111  50.35536598  015.57592966 
113  50.35542876  015.57593976 
111  50.35512428  015.57701783 
111  50.35490878  015.57757727 
111  50.35492970  015.57759998 
111  50.35488380  015.57770917 
112  50.35488380  015.57770917  50.35486980  015.57773267 
112  50.35479770  015.57773371  50.35476371  015.57770081 
111  50.35479770  015.57773371 
111  50.35464832  015.57757815 
112  50.35464832  015.57757815  50.35463032  015.57755465 
112  50.35461417  015.57744607  50.35462317  015.57739437 
111  50.35461417  015.57744607 
111  50.35465442  015.57732748 
111  50.35473625  015.57726188 
111  50.35485477  015.57697147 
111  50.35492510  015.57679251 
111  50.35498731  015.57684019 
113  50.35497071  015.57686967 
110   2 0.00 126.00 BP
111  50.35567535  015.57602893 
111  50.35585465  015.57620421 
111  50.35575173  015.57639731 
111  50.35579680  015.57644812 
111  50.35603211  015.57598974 
111  50.35595951  015.57589024 
111  50.35588991  015.57602405 
113  50.35574400  015.57582388 
110   3 0.00 125.50 STRIP
111  50.35957502  015.57227715 
111  50.35538448  015.58145943 
111  50.35583202  015.58196956 
113  50.36003069  015.57277452 
130 Airport Boundary 9
111  50.35490062  015.57309719 
111  50.35355412  015.57686416 
111  50.35407886  015.58404697 
111  50.35614811  015.58595514 
111  50.36171232  015.57314090 
113  50.35953416  015.57094714 
14   50.35479743  015.57721084   82 0 TW
15   50.35503744  015.57740230 310.91 Pred vezi
19   50.35633032  015.58169213 0 WS
54 12350 INFO
1      791 1 0 LKHK Hradec Kralove
100   57.00   2   0 0.00 0 1 0 16L  50.26298814  015.83807793    0.00    0.00 3  0 0 0 34R  50.24343427  015.85233806    0.00    0.00 3  0 0 0
100   24.99   3   0 0.00 0 0 0 16R  50.25853819  015.83990397    0.00    0.00 1  0 0 0 34L  50.25195860  015.84470250    0.00    0.00 1  0 0 0
21   50.24533595  015.85017574  2 335.00   3.00 API PAPI-4L
110   3 0.00 155.00 STRIP
111  50.25132686  015.84463501 
111  50.25157418  015.84546633 
111  50.25907804  015.83998988 
113  50.25883051  015.83916228 
110   2 0.00 155.00 TWY
111  50.25835912  015.83821770 
111  50.25844085  015.83846658 
111  50.25849760  015.83866343 
111  50.25877461  015.83845237 
111  50.25904633  015.83860771 
111  50.25941983  015.83985117 
111  50.25929452  015.84032446 
111  50.25986132  015.83991032 
111  50.25971707  015.83990410 
111  50.25957826  015.83976862 
111  50.25919603  015.83851239 
111  50.25919625  015.83826900 
111  50.25928478  015.83814102 
111  50.25922485  015.83795071 
111  50.25904314  015.83804517 
113  50.25896098  015.83778421 
110   2 0.00 155.00 TWY
111  50.26201308  015.83666579 
112  50.26226530  015.83669347  50.26236895  015.83676903 
112  50.26252820  015.83705623  50.26259059  015.83722939 
112  50.26258433  015.83756531  50.26256621  015.83771171 
111  50.26242582  015.83804671 
111  50.26287922  015.83771571 
111  50.26289831  015.83755997 
111  50.26258936  015.83651540 
111  50.26200221  015.83643297 
111  50.26182458  015.83630930 
111  50.26176404  015.83602774 
111  50.26049661  015.83671427 
111  50.26056037  015.83699208 
111  50.26047810  015.83727052 
111  50.25922268  015.83795879 
113  50.25928261  015.83814910 
110   2 0.00 155.00 TWY
111  50.24686835  015.84692276 
111  50.24685106  015.84717957 
111  50.25370269  015.84215157 
111  50.25372480  015.84218421 
111  50.25428376  015.84178469 
111  50.25428644  015.84173035 
111  50.25555042  015.84080931 
111  50.25558191  015.84083057 
111  50.25617495  015.84039931 
111  50.25618978  015.84034287 
111  50.25687250  015.83984260 
111  50.25692016  015.83985458 
111  50.25753943  015.83940488 
111  50.25753751  015.83935908 
111  50.25850076  015.83865624 
111  50.25844401  015.83845939 
111  50.25207642  015.84311070 
111  50.25182786  015.84227740 
111  50.24857758  015.84464504 
113  50.24882821  015.84549233 
110   2 0.00 155.00 TWY
111  50.24674205  015.84947799 
111  50.24670984  015.84939521 
111  50.24683849  015.84719040 
111  50.24685578  015.84693359 
111  50.24697007  015.84478512 
111  50.24643959  015.84470279 
111  50.24627045  015.84735918 
111  50.24625782  015.84761920 
113  50.24611839  015.84992883 
110   2 0.00 155.00 TWY
111  50.24363725  015.85174375 
111  50.24340066  015.85157518 
111  50.24301578  015.85029342 
111  50.24308162  015.84994010 
111  50.24626137  015.84762121 
111  50.24627400  015.84736119 
111  50.24301947  015.84973728 
111  50.24282361  015.84961191 
111  50.24260715  015.84887452 
111  50.24225994  015.84914007 
111  50.24266423  015.85049401 
111  50.24289530  015.85064949 
111  50.24328334  015.85194174 
113  50.24332537  015.85197179 
130 Airport Boundary 13
111  50.26429717  015.84328526 
111  50.26207885  015.82865509 
111  50.23634625  015.84619742 
113  50.23905261  015.86221434 
14   50.24467346  015.84419559   82 0 TW
15   50.24683180  015.84507122  96.43 Pred vezi
19   50.25999186  015.84149323 0 WS
19   50.25056941  015.84265947 0 WS
54 12200 INFO
1      889 1 0 LKJA Jaromer
100   89.92   3   0 0.00 0 0 0 14   50.33478044  015.94989385    0.00    0.00 1  0 0 0 32   50.32798811  015.95765305    0.00    0.00 1  0 0 0
110   1 0.00 143.90 PARK
111  50.33580298  015.94207395 
111  50.33546637  015.94221488 
111  50.33555633  015.94275132 
111  50.33583743  015.94467237 
111  50.33599867  015.94460971 
111  50.33615990  015.94454705 
111  50.33607971  015.94400967 
112  50.33596774  015.94404573  50.33593908  015.94405297 
112  50.33589609  015.94397049  50.33588592  015.94392269 
112  50.33586115  015.94375562  50.33585652  015.94371072 
112  50.33588595  015.94365786  50.33590814  015.94363903 
112  50.33597868  015.94361529  50.33600735  015.94360805 
112  50.33603777  015.94365870  50.33604517  015.94368188 
111  50.33605544  015.94375148 
111  50.33623245  015.94366510 
111  50.33622729  015.94355514 
111  50.33633283  015.94351713 
111  50.33632241  015.94344379 
111  50.33604160  015.94354980 
112  50.33580706  015.94360580  50.33577378  015.94361304 
112  50.33574625  015.94355370  50.33574071  015.94351748 
112  50.33563640  015.94278604  50.33563362  015.94274403 
112  50.33566978  015.94270481  50.33569844  015.94269323 
113  50.33588713  015.94261948 
110   3 0.00 143.90 TWY
111  50.33583743  015.94467237 
112  50.33583694  015.94694934  50.33574178  015.94749556 
111  50.33481196  015.94873231 
111  50.33492915  015.94898805 
112  50.33601343  015.94705642  50.33613568  015.94628181 
113  50.33599867  015.94460971 
110   3 0.00 143.90 STRIP
111  50.33551969  015.95027019 
111  50.33492915  015.94898805 
111  50.33481196  015.94873231 
111  50.33477576  015.94865424 
111  50.32744208  015.95705974 
113  50.32816226  015.95864650 
130 Airport Boundary 18
111  50.32481882  015.95610651 
111  50.32743295  015.96389557 
111  50.33769817  015.95244498 
111  50.33786820  015.93696672 
113  50.33236365  015.94229257 
14   50.33585471  015.94206966   82 0 TW
15   50.33574531  015.94221758 167.82 Pred vezi
19   50.33549258  015.94699965 0 WS
54 12260 INFO
1      862 1 0 LKJC Jicin
100   99.97   3   0 0.00 0 0 0 12   50.43265839  015.32715052    0.00    0.00 1  0 0 0 30   50.42751981  015.33871372    0.00    0.00 1  0 0 0
110   3 0.00 124.90 STRIP
111  50.43328983  015.32745343 
111  50.43226966  015.32630830 
111  50.42693110  015.33835154 
113  50.42794929  015.33945981 
110   3 0.00   0.00 TWY
111  50.43155646  015.32791910 
112  50.43155646  015.32791910  50.43139324  015.32816164 
112  50.43110150  015.32787137  50.43099394  015.32770253 
111  50.43042641  015.32673596 
111  50.42933876  015.32426329 
111  50.42941377  015.32297649 
111  50.42934412  015.32283352 
111  50.42904408  015.32267372 
111  50.42895299  015.32299331 
111  50.42895835  015.32383436 
111  50.42893156  015.32386800 
111  50.42894228  015.32443991 
111  50.42910301  015.32443991 
111  50.42944056  015.32511274 
111  50.42987990  015.32624815 
112  50.43073716  015.32786295  50.43081566  015.32803806 
112  50.43083902  015.32877727  50.43082043  015.32910802 
112  50.43048764  015.33032986  50.43039903  015.33064836 
113  50.43048764  015.33032986 
130 Airport Boundary 19
111  50.43055876  015.32081682 
111  50.42733865  015.32193990 
111  50.42865683  015.32971276 
111  50.42536139  015.33964312 
111  50.42801657  015.34268725 
113  50.43449445  015.32779171 
14   50.42877183  015.32373629   82 0 TW
15   50.42908064  015.32388703   0.00 Pred vezi
19   50.43161871  015.33190657 0 WS
54 12220 INFO
1      925 1 0 LKKO Kolin
100   35.05   3   0 0.00 0 0 0 03R  49.99806123  015.17117162    0.00    0.00 1  0 0 0 21L  50.00484045  015.17668541    0.00    0.00 1  0 0 0
100  110.03   3   0 0.00 0 0 0 03L  49.99836363  015.17027184    0.00    0.00 1  0 0 0 21R  50.00550093  015.17607694    0.00    0.00 1  0 0 0
110   3 0.00  27.60 STRIP
111  49.99842922  015.16898979 
111  49.99762056  015.17150010 
111  50.00496548  015.17735292 
111  50.00528073  015.17748805 
111  50.00569498  015.17729055 
113  50.00616937  015.17541944 
130 Airport Boundary 26
111  49.99780062  015.16163345 
111  49.99394100  015.17241821 
111  50.00621339  015.18385944 
113  50.00971117  015.17330913 
14   50.00541589  015.17356463   82 0 TW
15   50.00533140  015.17391806 207.93 Pred vezi
19   50.00460388  015.17401233 0 WS
54 12350 INFO
1     1328 1 0 LKLB Liberec
100   49.99   3   0 0.00 0 0 0 16   50.77207328  015.02019732  149.96    0.00 1  0 0 0 34   50.76348145  015.02641687    0.00    0.00 1  0 0 0
110   3 0.00 155.40 STRIP
111  50.76317043  015.02580855 
111  50.76345927  015.02717843 
111  50.77242365  015.02070382 
113  50.77207292  015.01946431 
130 Airport Boundary 35
111  50.75874342  015.02254637 
111  50.76116395  015.03449918 
111  50.77480888  015.02440871 
113  50.77307381  015.01418280 
14   50.76969344  015.02436215   82 0 TW
15   50.76958596  015.02406760 145.06 Pred vezi
19   50.76872322  015.02476573 0 WS
54 12260 INFO
1      800 1 0 LKMH Mnichovo Hradiste
100   60.05   3   0 0.00 0 0 0 07L  50.53833639  014.99775539    0.00    0.00 1  0 0 0 25R  50.54183407  015.01043544    0.00    0.00 1  0 0 0
100   29.87   2   0 0.00 0 0 0 07R  50.53721115  014.99619360    0.00    0.00 1  0 0 0 25L  50.54276214  015.01628109    0.00    0.00 1  0 0 0
110   1 0.00  66.50 TWY
111  50.53567322  014.99394701 
111  50.53620110  014.99584587 
111  50.53641822  014.99568352 
111  50.53657060  014.99576574 
111  50.53659885  014.99563081 
112  50.53659885  014.99563081  50.53648941  014.99558953 
112  50.53629863  014.99527559  50.53623116  014.99506448 
111  50.53629863  014.99527559 
111  50.53598962  014.99413101 
111  50.53601991  014.99384844 
111  50.53610301  014.99377057 
113  50.53606718  014.99364734 
110   2 0.00  66.50 TWY
111  50.53862497  014.99689215 
111  50.53860629  014.99680746 
111  50.53861890  014.99661389 
111  50.53873653  014.99644598 
111  50.53886672  014.99632209 
111  50.53780122  014.99244927 
111  50.53765676  014.99255955 
111  50.53750704  014.99258748 
111  50.53739256  014.99243164 
111  50.53656995  014.98947016 
111  50.53544773  014.99023919 
111  50.53547456  014.99042507 
111  50.53626081  014.99325062 
111  50.53622955  014.99342426 
111  50.53613150  014.99359174 
111  50.53606718  014.99364734 
111  50.53610301  014.99377057 
111  50.53616472  014.99373654 
111  50.53628250  014.99373867 
111  50.53641742  014.99383118 
111  50.53691076  014.99560990 
111  50.53686551  014.99570816 
111  50.53677353  014.99571873 
111  50.53659885  014.99563081 
111  50.53657060  014.99576574 
111  50.53692720  014.99595947 
111  50.53704804  014.99612244 
111  50.53708917  014.99627623 
111  50.53733380  014.99610881 
111  50.53666103  014.99368124 
111  50.53667543  014.99344374 
111  50.53675613  014.99334208 
111  50.53724954  014.99299306 
111  50.53741923  014.99304658 
111  50.53747977  014.99312766 
113  50.53854618  014.99694583 
111  50.53629656  014.98987428 
112  50.53629656  014.98987428  50.53642497  014.98986392 
112  50.53661266  014.99011482  50.53670705  014.99025469 
111  50.53661266  014.99011482 
111  50.53731176  014.99264583 
111  50.53721478  014.99287037 
111  50.53675722  014.99317467 
112  50.53675722  014.99317467  50.53664446  014.99322535 
112  50.53648980  014.99305788  50.53645758  014.99299452 
111  50.53648980  014.99305788 
111  50.53582843  014.99067151 
112  50.53582843  014.99067151  50.53581746  014.99046430 
112  50.53590960  014.99013484  50.53596886  014.99001397 
113  50.53590960  014.99013484 
110   2 0.00  66.50 TWY
111  50.54264034  015.01636505 
111  50.54430800  015.02238523 
112  50.54430800  015.02238523  50.54435611  015.02257379 
111  50.54440616  015.02257320 
111  50.54551718  015.02181674 
111  50.54519017  015.02062867 
111  50.54533035  015.02042137 
111  50.54549420  015.02029851 
111  50.54441639  015.01640252 
111  50.54425855  015.01651178 
111  50.54405681  015.01651990 
111  50.54397583  015.01657349 
111  50.54445382  015.01829557 
111  50.54439809  015.01855662 
111  50.54432903  015.01862588 
111  50.54388058  015.01893006 
111  50.54372490  015.01896416 
111  50.54361361  015.01884396 
113  50.54288553  015.01619713 
111  50.54436040  015.01875486 
111  50.54446246  015.01874276 
111  50.54455403  015.01883046 
111  50.54523575  015.02129078 
111  50.54525501  015.02163462 
111  50.54515739  015.02183852 
111  50.54477828  015.02210699 
111  50.54458675  015.02207159 
111  50.54443872  015.02182765 
111  50.54377089  015.01943083 
111  50.54377941  015.01921029 
113  50.54388636  015.01908800 
110   2 0.00  66.50 TWY
111  50.54224847  015.00998590 
111  50.54229732  015.00995295 
111  50.54217362  015.00950476 
111  50.54212477  015.00953380 
111  50.53984431  015.00129548 
111  50.53989316  015.00126327 
111  50.53974597  015.00072956 
111  50.53969425  015.00075666 
111  50.53862497  014.99689215 
111  50.53854618  014.99694583 
111  50.54397583  015.01657349 
113  50.54405681  015.01651990 
130 Airport Boundary 41
111  50.53863520  014.97938620 
111  50.52917606  014.98717502 
111  50.54192356  015.03378027 
113  50.55048956  015.02573607 
14   50.53511084  014.99256969   82 0 TWR
15   50.53577390  014.99400152 333.76 Appron S 1
19   50.53540492  014.99308419 0 WS
54 13020 INFO
1      610 0 1 LKNY Nymburk
100   14.94   1   0 0.25 0 0 0 09   50.16944500  015.05023039    0.00    0.00 2  0 0 0 27   50.16944500  015.05865821    0.00    0.00 2  0 0 0
19   50.16964523  015.05002053 1 WS
19   50.16924475  015.05886803 1 WS
1      741 1 0 LKPD Pardubice
100   74.98   2   0 0.00 0 2 0 09   50.01400976  015.72116417    0.00    0.00 3 10 0 1 27   50.01291555  015.75597983    0.00    0.00 3 10 0 1
102 H01  50.01515571  015.74518579 182.05   14.02   14.02   2 0   0 0.00 0
102 H02  50.01512380  015.74617271 182.05   14.02   14.02   2 0   0 0.00 0
21   50.01436292  015.72467956  2  92.80   3.00 I_L PAPI-4L
21   50.01342169  015.72438295  3  92.80   3.00 I_R PAPI-4R
21   50.01255929  015.75213705  2 272.80   3.00 I_L PAPI-4L
21   50.01353318  015.75199878  3 272.80   3.00 I_R PAPI-4R
110   3 0.00  92.80 EMER STRIP
111  50.01214605  015.74891572 
111  50.01251162  015.74894249 
111  50.01327286  015.72437477 
113  50.01290299  015.72434800 
110   2 0.00  92.80 TWY
111  50.01549197  015.74523574 
112  50.01549197  015.74523574  50.01548752  015.74539355 102 
112  50.01526220  015.74558172  50.01514752  015.74557480 
111  50.01526220  015.74558172 102 
111  50.01523648  015.74557895 
111  50.01523332  015.74551519 
111  50.01520524  015.74550953 
111  50.01522229  015.74509338 
111  50.01509465  015.74507867 
111  50.01508519  015.74528957 
111  50.01511828  015.74529448 
111  50.01511307  015.74550740 
111  50.01507917  015.74550633 
111  50.01507731  015.74557745 102 
111  50.01387829  015.74548766 
112  50.01387829  015.74548766  50.01379023  015.74547243 102 
112  50.01359901  015.74497042  50.01360968  015.74455237 
111  50.01359901  015.74497042 
111  50.01355981  015.74612197 
112  50.01355981  015.74612197  50.01358739  015.74583820 102 
112  50.01387491  015.74567716  50.01404125  015.74568270 
111  50.01387491  015.74567716 102 
111  50.01507101  015.74577235 
111  50.01506991  015.74585391 
111  50.01510123  015.74585604 
111  50.01509937  015.74606940 
111  50.01506409  015.74606802 
111  50.01506313  015.74627540 
111  50.01518282  015.74627402 
111  50.01519010  015.74585291 
111  50.01522388  015.74585457 
111  50.01522352  015.74578652 
112  50.01522352  015.74578652  50.01529558  015.74578236 102 
112  50.01545893  015.74624809  50.01545181  015.74654295 
111  50.01545893  015.74624809 102 
111  50.01517990  015.75555798 
112  50.01517990  015.75555798  50.01516987  015.75571814 102 
112  50.01487687  015.75592786  50.01468773  015.75591746 
111  50.01487687  015.75592786 102 
111  50.01355217  015.75582175 
112  50.01355217  015.75582175  50.01344457  015.75581863 102 
112  50.01327353  015.75531594  50.01328221  015.75494986 
111  50.01327353  015.75531594 
111  50.01325125  015.75600464 102 
111  50.01395849  015.75604946 
111  50.01394238  015.75659091 
111  50.01446921  015.75661910 
111  50.01448870  015.75609221 102 
111  50.01584775  015.75619019 
111  50.01587644  015.75494527 
111  50.01595859  015.75495030 
111  50.01609204  015.75073347 
111  50.01601665  015.75073087 
111  50.01617204  015.74560584 
111  50.01595016  015.74560751 
111  50.01595521  015.74518575 
111  50.01590072  015.74518003 
111  50.01590415  015.74500552 
113  50.01549787  015.74496619 102 
110   2 0.00  92.80 TWY
111  50.01604943  015.72713224 102 
111  50.01593374  015.73130788 
112  50.01593374  015.73130788  50.01592565  015.73146690 102 
112  50.01568115  015.73165979  50.01557309  015.73165864 
111  50.01568115  015.73165979 102 
111  50.01425765  015.73155370 
112  50.01425765  015.73155370  50.01419001  015.73154226 102 
112  50.01403224  015.73117283  50.01402121  015.73094288 
111  50.01403224  015.73117283 
111  50.01399870  015.73216125 
112  50.01399870  015.73216125  50.01402499  015.73191009 102 
112  50.01426813  015.73175217  50.01440563  015.73173667 
111  50.01426813  015.73175217 102 
111  50.01565576  015.73185595 
112  50.01565576  015.73185595  50.01576942  015.73185779 102 
112  50.01590184  015.73223852  50.01589947  015.73240435 
111  50.01590184  015.73223852 102 
111  50.01587748  015.73307797 
111  50.01600632  015.73308481 102 
111  50.01600911  015.73303268 
111  50.01611402  015.73281110 
111  50.01618220  015.73281545 
111  50.01617383  015.73320212 
111  50.01657779  015.73321699 
111  50.01657821  015.73297251 
111  50.01631105  015.73295447 
111  50.01631342  015.73253634 
111  50.01616800  015.73252884 
111  50.01604304  015.73236597 102 
111  50.01607417  015.73126876 102 
111  50.01634413  015.73128179 
111  50.01644184  015.72775396 102 
111  50.01626756  015.72731884 102 
111  50.01618939  015.72730580 102 
113  50.01619160  015.72713186 
110   2 0.00  92.80 TWY
111  50.01587748  015.73307797 102 
111  50.01571842  015.73803870 102 
111  50.01570583  015.73803870 102 
111  50.01549787  015.74496619 
111  50.01590415  015.74500552 
111  50.01590885  015.74485482 
111  50.01596689  015.74485850 
111  50.01597938  015.74447960 
111  50.01592192  015.74447960 
111  50.01593030  015.74413386 
111  50.01598863  015.74413729 
111  50.01600039  015.74376274 
111  50.01594293  015.74375726 
111  50.01595043  015.74341723 
111  50.01601302  015.74342067 
111  50.01602110  015.74303673 
111  50.01596835  015.74303537 
111  50.01597644  015.74272072 
111  50.01606386  015.74273170 
111  50.01608591  015.74234503 
111  50.01595920  015.74234034 
111  50.01597124  015.74202045 
111  50.01611783  015.74202456 
111  50.01612619  015.74177681 
111  50.01589382  015.74175646 
111  50.01580528  015.74166366 102 
111  50.01585213  015.74012999 
111  50.01592808  015.74010760 
111  50.01616732  015.74012247 
111  50.01616703  015.74007813 
111  50.01593277  015.74006418 
111  50.01585710  015.74003217 102 
111  50.01589877  015.73842536 102 
111  50.01603728  015.73832105 
111  50.01615915  015.73832367 
111  50.01615994  015.73816189 
111  50.01607101  015.73815101 
111  50.01585994  015.73772486 102 
111  50.01586767  015.73757084 
112  50.01586767  015.73757084  50.01587134  015.73754567 
112  50.01599815  015.73737180  50.01607166  015.73732832 
111  50.01599815  015.73737180 
111  50.01603355  015.73739379 
111  50.01602835  015.73775560 
111  50.01642752  015.73778838 
111  50.01643078  015.73752621 
111  50.01615832  015.73750316 
111  50.01616435  015.73713252 
111  50.01603261  015.73710620 
111  50.01589840  015.73687845 102 
111  50.01591400  015.73640791 
112  50.01591400  015.73640791  50.01593752  015.73634041 
112  50.01610719  015.73618139  50.01617630  015.73615393 
111  50.01610719  015.73618139 
111  50.01623117  015.73619095 
111  50.01623290  015.73604258 
111  50.01611277  015.73602746 
111  50.01595429  015.73581369 102 
111  50.01595607  015.73560752 
111  50.01609223  015.73553395 
111  50.01609470  015.73576857 
111  50.01621526  015.73576561 
111  50.01621568  015.73532656 
111  50.01614617  015.73530988 
111  50.01597462  015.73513347 102 
111  50.01598160  015.73483403 
111  50.01606071  015.73474108 
111  50.01611813  015.73475556 
111  50.01611839  015.73506696 
111  50.01650229  015.73509357 
111  50.01651612  015.73485253 
111  50.01624795  015.73483529 
111  50.01625070  015.73448189 
111  50.01613550  015.73447462 
112  50.01613550  015.73447462  50.01612006  015.73447119 
112  50.01598421  015.73418910  50.01597245  015.73407355 
111  50.01598421  015.73418910 102 
111  50.01598996  015.73390569 
112  50.01598996  015.73390569  50.01601201  015.73380958 
112  50.01619847  015.73363782  50.01627199  015.73360464 
111  50.01619847  015.73363782 
111  50.01630841  015.73368636 
111  50.01630694  015.73347942 
111  50.01613803  015.73336592 
111  50.01600672  015.73315264 102 
113  50.01600632  015.73308481 
110   2 0.00  92.80 TWY
111  50.01619153  015.72711619 
111  50.01645944  015.72712754 
111  50.01646117  015.72703852 
113  50.01619462  015.72702343 
110   2 0.00  92.80 TWY
111  50.01432286  015.72190016 
112  50.01432286  015.72190016  50.01434859  015.72175372 102 
112  50.01449054  015.72155263  50.01458758  015.72146339 
111  50.01449054  015.72155263 102 
111  50.01460022  015.72152803 102 
111  50.01568970  015.72160754 102 
111  50.01603460  015.72175098 102 
111  50.01608791  015.72182804 102 
111  50.01613926  015.72249389 102 
111  50.01613130  015.72277905 102 
111  50.01620312  015.72279507 102 
111  50.01604943  015.72713224 
111  50.01619160  015.72713186 102 
111  50.01620435  015.72680093 102 
111  50.01632385  015.72651959 102 
111  50.01650671  015.72637673 102 
111  50.01676888  015.72639371 
111  50.01689769  015.72248397 102 
111  50.01662462  015.72245708 102 
111  50.01645977  015.72228847 102 
111  50.01636282  015.72200084 102 
111  50.01638010  015.72179923 102 
111  50.01643588  015.72168173 102 
111  50.01656039  015.72155452 102 
111  50.01673713  015.72157149 
111  50.01673211  015.72136130 102 
111  50.01558565  015.72127798 102 
111  50.01559447  015.72095927 
111  50.01504612  015.72092474 102 
111  50.01503680  015.72123411 102 
113  50.01434554  015.72119081 
130 Airport Boundary 4
111  50.00826775  015.76339898 
111  50.01851964  015.76339898 
111  50.01997946  015.71416021 
113  50.00992663  015.71374731 
120 Linie 4
112  50.01624217  015.72341241  50.01624872  015.72325278   1 
115  50.01636658  015.72325448 
120 Linie 3
111  50.01661538  015.72327146   1 
115  50.01660122  015.72365815 
120 Linie 4
112  50.01625308  015.72306257  50.01624872  015.72324599   1 
111  50.01636548  015.72325448   1 
111  50.01675506  015.72328505   1 
115  50.01674199  015.72366049 
120 Linie 2
112  50.01638278  015.72267025  50.01626734  015.72266323   1 
115  50.01626013  015.72283586 
120 Linie 1
111  50.01664145  015.72268746   1 
115  50.01663033  015.72302983 
120 Linie 2
112  50.01627141  015.72247331  50.01626438  015.72265656   1 
111  50.01638389  015.72267024   1 
111  50.01678304  015.72269693   1 
115  50.01677282  015.72303658 
120 Linie 5
112  50.01621668  015.72426244  50.01622308  015.72402126   1 
115  50.01635772  015.72402475 
120 Linie 5
112  50.01623205  015.72374681  50.01622413  015.72400778   1 
111  50.01635772  015.72402375   1 
111  50.01653414  015.72404254 
112  50.01653414  015.72404254  50.01665958  015.72403843   1 
111  50.01661528  015.72420286   1 
115  50.01669348  015.72435660 
120 Linie 9
112  50.01619213  015.72503250  50.01617686  015.72550461   1 
111  50.01640826  015.72552245   1 
111  50.01669991  015.72554279 
112  50.01669991  015.72554279  50.01684821  015.72618393   1 
111  50.01647712  015.72606674   1 
115  50.01643205  015.72617442 
120 Linie 6
112  50.01619781  015.72488363  50.01620507  015.72464177   1 
115  50.01634180  015.72465900 
120 Linie 10
112  50.01543479  015.75530079  50.01526410  015.75528687   1 
115  50.01526932  015.75505025 
120 Linie
112  50.01388221  015.74557588  50.01325094  015.74551153   1 
115  50.01326748  015.74478227 
120 Linie
112  50.01556929  015.74519409  50.01555275  015.74572173   1 
115  50.01525779  015.74567883 
120 Linie
112  50.01322337  015.74624937  50.01324543  015.74553727   1 
111  50.01387946  015.74557588   1 
111  50.01525503  015.74567883 
112  50.01525503  015.74567883  50.01554999  015.74569599   1 
115  50.01553897  015.74617215 
120 Linie
112  50.01427181  015.73164157  50.01368539  015.73160257   1 
115  50.01370293  015.73095131 
120 Linie
112  50.01599997  015.73130186  50.01598491  015.73177653   1 
115  50.01567612  015.73175602 
120 Linie
112  50.01366308  015.73230614  50.01368734  015.73153697   1 
111  50.01426955  015.73164079   1 
111  50.01567655  015.73175404 
112  50.01567655  015.73175404  50.01597675  015.73178707   1 
115  50.01596813  015.73229745 
120 Linie
112  50.01295062  015.75477050  50.01291645  015.75586243   1 
111  50.01350250  015.75592186   1 
111  50.01487092  015.75601624 
112  50.01487092  015.75601624  50.01524683  015.75604460   1 
111  50.01525296  015.75556324   1 
111  50.01628635  015.72197672 
112  50.01628635  015.72197672  50.01630050  015.72144617   1 
111  50.01593551  015.72146363   1 
111  50.01460170  015.72136295 
112  50.01460170  015.72136295  50.01402253  015.72132992   1 
115  50.01397230  015.72218911 
120 HoldingPoint
111  50.01378101  015.75603510   4 
115  50.01378588  015.75583945 
120 Linie
111  50.01490238  015.75592613   2 
115  50.01489771  015.75611985 
120 HoldingPoint
111  50.01410338  015.74568933   4 
115  50.01410725  015.74550138 
120 HoldingPoint
111  50.01451645  015.73176288   4 
115  50.01452313  015.73157636 
120 Linie
111  50.01563640  015.73165557   2 
115  50.01563173  015.73184687 
120 Linie
111  50.01637003  015.72188169   2 
115  50.01610083  015.72186958 
120 Linie
111  50.01591410  015.72169039   2 
115  50.01592344  015.72130293 
120 HoldingPoint
111  50.01481506  015.72152815   4 
115  50.01482440  015.72121335 
120 Linie 6
112  50.01621155  015.72444004  50.01620921  015.72465482   1 
111  50.01634254  015.72465846   1 
111  50.01664786  015.72468175 
112  50.01664786  015.72468175  50.01670565  015.72476374   1 
111  50.01665274  015.72483876   1 
115  50.01669188  015.72489971 
120 Linie 10
112  50.01525560  015.75548280  50.01526231  015.75531113   1 
111  50.01543593  015.75530053   1 
111  50.01574172  015.75532236 
112  50.01574172  015.75532236  50.01588808  015.75572877   1 
111  50.01561412  015.75578420   1 
115  50.01550517  015.75597386 
120 Linie
111  50.01523148  015.74577947   2 
115  50.01523812  015.74558785 
14   50.01611009  015.73979661   82 0 TW
15   50.01552800  015.75593600 137.75 East 10 Heavy
15   50.01663100  015.72298300  90.01 West 1 Small
15   50.01677500  015.72299200  89.36 West 2 Small
15   50.01660300  015.72360800  90.03 West 3 Small
15   50.01674400  015.72361900  89.70 West 4 Small
15   50.01666900  015.72430800  48.86 West 5 Medium
15   50.01666400  015.72485800  45.00 West 6 Medium
15   50.01645300  015.72612500 126.41 West 9 Heavy
18   50.01608166  015.74027783 1 BCN
19   50.01572267  015.72343026 1 WS1
19   50.01462792  015.75366357 1 WS2
54 12015 MTWR
1     1610 1 0 LKVR Vrchlabi
100  117.96   3   0 0.00 0 0 0 11   50.62555890  015.64074219    0.00    0.00 1  0 0 0 29   50.62305030  015.65193323    0.00    0.00 1  0 0 0
130 Airport Boundary 37
111  50.62804367  015.63991574 
111  50.62367870  015.63780142 
112  50.61981464  015.65288361  50.61986830  015.65291180 
113  50.62464472  015.65539261 
14   50.62323859  015.64506250   82 0 TWR
15   50.62354163  015.64521458  20.29 Stojanka
19   50.62366598  015.64474990 0 WS
54 12532 INFO