1     2120 0 0 CBS7 Briercrest South
100   14.02   3   0 0.00 0 0 0 08   50.06659958 -105.30429074    0.00    0.00 0  0 0 0 26   50.06659958 -105.29617161    0.00    0.00 0  0 0 0
110   3 0.00   0.00 apron
111  50.06613786 -105.30398884 
111  50.06654666 -105.30391892 
111  50.06654930 -105.30428796 
113  50.06613786 -105.30428796 
130 Airport Boundary
111  50.06669447 -105.29570706 
111  50.06670034 -105.30432946 
111  50.06591968 -105.30432946 
111  50.06591382 -105.30397286 
111  50.06650078 -105.30353397 
113  50.06650078 -105.29570706 
14   50.06596400 -105.30145300    6 0 Tower Viewpoint
15   50.06621808 -105.30414653   0.00 Ramp Start
18   50.06609000 -105.30356600 0 BCN
19   50.06644379 -105.30374286 0 WS
1     1850 1 0 CDS2 Lumsden (Disley)
100   17.07   3   0 0.00 0 0 0 11   50.63863156 -105.03963935    0.00    0.00 0  0 0 0 29   50.63581244 -105.03091588    0.00    0.00 0  0 0 0
110   3 0.00 117.00 Apron
111  50.63880085 -105.03974845 
112  50.63880085 -105.03974845  50.63871930 -105.03982703 
111  50.63836667 -105.03987205 
112  50.63836667 -105.03987205  50.63822069 -105.03988912 
111  50.63812546 -105.03963436 
111  50.63771655 -105.03846099 
112  50.63771655 -105.03846099  50.63791337 -105.03784942 
111  50.63759716 -105.03643220 
111  50.63850561 -105.03923947 
111  50.63855964 -105.03920175 
114  50.63855964 -105.03920175  50.63866385 -105.03932319 
130 Airport Boundary
111  50.63886601 -105.03970907 
111  50.63827844 -105.03987750 
111  50.63817161 -105.03976802 
111  50.63771655 -105.03846099 
112  50.63771655 -105.03846099  50.63789106 -105.03802283 
111  50.63750676 -105.03679040 
111  50.63554194 -105.03069688 
111  50.63586510 -105.03073764 
113  50.63602668 -105.03099239 
15   50.63800576 -105.03887141  29.11 Ramp Start
19   50.63763491 -105.03726383 0 Windsock
1     1892 1 0 CYMJ Moose Jaw Air Vice Marshal C M McEwen
100   46.02   1   0 0.00 0 3 1 11L  50.33813048 -105.57547710    0.00   60.96 3  8 0 0 29R  50.32719401 -105.54406764    0.00   60.96 2  9 0 0
100   46.02   1   0 0.00 0 3 1 11R  50.33242359 -105.57523033    0.00   66.14 2  0 0 0 29L  50.32286548 -105.54776972    0.00   66.14 2  0 0 0
100   29.87   1   0 0.00 0 2 0 03   50.32721048 -105.55919739    0.00    0.00 2  0 0 0 21   50.33308498 -105.55043828    0.00    0.00 2  0 0 0
21   50.33645995 -105.57222119  3 119.00   3.00 11L PAPI-4R
21   50.33729469 -105.57150312  2 119.00   3.00 11L PAPI-4L
21   50.33068879 -105.57179953  3 119.00   3.00 11R PAPI-4R
21   50.33153121 -105.57108955  2 119.00   3.00 11R PAPI-4L
21   50.32459171 -105.55117505  3 299.00   3.00 29L PAPI-4R
21   50.32374588 -105.55189324  2 299.00   3.00 29L PAPI-4L
21   50.32807610 -105.54815914  2 299.00   3.00 29R PAPI-4L
21   50.32890637 -105.54745490  3 299.00   3.00 29R PAPI-4R
110   1 0.00   7.00 asphalt parking
111  50.33719651 -105.56023647 
111  50.33624395 -105.56041784 
111  50.33616053 -105.55928538 
111  50.33702816 -105.55912170 
111  50.33696177 -105.55821631 
111  50.33609268 -105.55837809 
111  50.33606006 -105.55794986 
111  50.33692976 -105.55779125 
111  50.33686385 -105.55689699 
111  50.33599442 -105.55706039 
111  50.33595698 -105.55656050 
111  50.33682770 -105.55640351 
111  50.33676308 -105.55554020 
111  50.33589467 -105.55570380 
111  50.33586312 -105.55527945 
113  50.33681254 -105.55510007 
110   2 0.00   7.00 conc parking
111  50.33579214 -105.55433558 
111  50.33576311 -105.55394414 
111  50.33655179 -105.55379483 
111  50.33658869 -105.55427883 
111  50.33598084 -105.55438669 
113  50.33597342 -105.55430589 
110   1 0.00 153.00 fillet
111  50.32718945 -105.55952416 
111  50.32687905 -105.55863279 
113  50.32746528 -105.55911418 
110   2 0.00   3.00 END 21
111  50.33368364 -105.54984767 
111  50.33348117 -105.55014626 
111  50.33314938 -105.54956412 
113  50.33349362 -105.54953425 
110   2 0.00  97.00 APRON
111  50.33540508 -105.56306249 
111  50.33535971 -105.56245525 102 
111  50.33516509 -105.55985622 
111  50.33535823 -105.55982336 
111  50.33484539 -105.55295586 
111  50.33490914 -105.55286452 
111  50.33517461 -105.55333675 
111  50.33570931 -105.55325050 102 
111  50.33576189 -105.55394414 
111  50.33579092 -105.55433558 102 
111  50.33586190 -105.55527945 
111  50.33589344 -105.55570380 102 
111  50.33595576 -105.55656050 
111  50.33599320 -105.55706039 102 
111  50.33605884 -105.55794986 
111  50.33609146 -105.55837809 102 
111  50.33615930 -105.55928538 
111  50.33624273 -105.56041784 102 
111  50.33636783 -105.56207141 102 
113  50.33572887 -105.56271491 
110   1 0.00  97.00 APRON ASPHALT
111  50.33535945 -105.55982336 
111  50.33516632 -105.55985622 102 
111  50.33464188 -105.55279940 
111  50.33472749 -105.55295716 
113  50.33484539 -105.55295586 
110   2 1.00 153.00 TAXIWAY CLOSED
111  50.33431112 -105.56517441 
111  50.32724487 -105.55943572 
111  50.32765396 -105.55882843 
111  50.32765494 -105.55930666 
111  50.33387572 -105.56436343 
113  50.33395059 -105.56413219 
110   1 0.00 209.00 TAXIWAY A
111  50.32698769 -105.54466436 102 
111  50.32326913 -105.54779069 102 
111  50.32322016 -105.54812918 
111  50.32304471 -105.54761644 102 
111  50.32701407 -105.54422204 
111  50.32737502 -105.54391347 102 
111  50.32819984 -105.54322211 
111  50.32829920 -105.54376159 102 
111  50.32766321 -105.54429856 
111  50.32762344 -105.54463410 
113  50.32719248 -105.54473158 
110   1 0.00 209.00 TAXIWAY B
111  50.33645219 -105.57179409 102 
111  50.33259929 -105.57507684 
111  50.33242711 -105.57457625 102 
111  50.33261893 -105.57464470 102 
111  50.33634692 -105.57148170 102 
111  50.33638578 -105.57113329 
111  50.33675031 -105.57084240 102 
111  50.33697889 -105.57094290 102 
111  50.33738420 -105.57060739 102 
111  50.33748379 -105.57020475 
111  50.33771151 -105.57099668 102 
111  50.33749136 -105.57090932 102 
111  50.33708507 -105.57125560 102 
111  50.33701346 -105.57160233 
113  50.33664903 -105.57189080 102 
110   1 0.00 209.00 TAXIWAY C
111  50.33905987 -105.57463691 102 
111  50.33830755 -105.57532526 
111  50.33812624 -105.57480714 
111  50.33835057 -105.57489160 102 
111  50.33878256 -105.57452210 102 
113  50.33882347 -105.57418858 
110   1 0.00 294.00 TAXIWAY C
111  50.33779911 -105.57050370 102 
111  50.33911834 -105.57431639 102 
111  50.33905987 -105.57463691 
111  50.33882347 -105.57418858 102 
111  50.33771151 -105.57099668 
111  50.33748379 -105.57020475 102 
111  50.33540631 -105.56306249 
111  50.33573009 -105.56271491 102 
113  50.33564263 -105.56311881 102 
110   1 0.00 312.00 TAXIWAY D
111  50.33000822 -105.54405219 102 
111  50.33314938 -105.54956412 
111  50.33348117 -105.55014626 102 
111  50.33498136 -105.55276856 
111  50.33490914 -105.55286452 
111  50.33484539 -105.55295586 
111  50.33472749 -105.55295716 
111  50.33464188 -105.55279940 102 
111  50.33462757 -105.55260834 102 
111  50.33358259 -105.55080395 
111  50.33314803 -105.55004682 102 
111  50.32998892 -105.54454962 102 
111  50.32977105 -105.54431354 102 
111  50.32852938 -105.54374021 102 
111  50.32829920 -105.54376159 
113  50.32819984 -105.54322211 102 
110   1 0.00  34.00 TAXIWAY F
111  50.33417497 -105.56347696 102 
111  50.33443288 -105.56364090 102 
111  50.33528586 -105.56280156 102 
111  50.33536093 -105.56245525 
111  50.33540631 -105.56306249 102 
111  50.33456392 -105.56392491 102 
113  50.33444432 -105.56430411 
110   1 0.00   4.00 Compass Pad
111  50.33358259 -105.55080395 102 
111  50.33364241 -105.55164542 102 
111  50.33333875 -105.55149273 102 
111  50.33329376 -105.55089370 102 
111  50.33307042 -105.55075069 
111  50.33299043 -105.55028265 
113  50.33314803 -105.55004682 
110   2 0.00  44.00 BELLE PLAINE RAMP
111  50.33543505 -105.55276669 102 
111  50.33765001 -105.54945162 102 
111  50.33793393 -105.54992077 
111  50.33698391 -105.55134654 102 
111  50.33706365 -105.55146896 
111  50.33689953 -105.55172731 102 
111  50.33681654 -105.55159555 102 
111  50.33570931 -105.55325050 
111  50.33517461 -105.55333675 
111  50.33490914 -105.55286452 
113  50.33498136 -105.55276856 102 
110   2 0.00 134.00 BP PAD CONC
111  50.33737800 -105.55249949 102 
111  50.33689953 -105.55172731 
111  50.33706365 -105.55146896 
111  50.33709331 -105.55151471 
111  50.33712136 -105.55146892 
113  50.33757364 -105.55220629 102 
110   2 0.00 135.00 BP pad2
111  50.33566687 -105.54949412 
111  50.33546918 -105.54918293 
111  50.33568552 -105.54887083 
113  50.33588059 -105.54917697 
110   1 0.00 135.00 BP taxi2
111  50.33676587 -105.55077820 
111  50.33669056 -105.55089639 
111  50.33578846 -105.54948443 
111  50.33566687 -105.54949412 
111  50.33588059 -105.54917697 
113  50.33586633 -105.54936734 
110   1 0.00 134.00 PAD
111  50.33743617 -105.55066623 
111  50.33762200 -105.55038496 
111  50.33817800 -105.55130190 102 
113  50.33799690 -105.55157362 102 
110   1 0.00  78.00 FILLET
111  50.33031072 -105.55463256 
111  50.33042425 -105.55332410 
111  50.33107451 -105.55342668 
113  50.33098346 -105.55474102 
130 Airport Boundary
111  50.33872720 -105.56954994 
111  50.34115923 -105.56968987 
111  50.34115136 -105.58082364 
111  50.33102763 -105.58082160 
111  50.32714295 -105.56942652 
111  50.32416347 -105.56944537 
111  50.32417556 -105.55784272 
111  50.32296906 -105.55778633 
111  50.31909871 -105.54644805 
111  50.31663895 -105.54632668 
111  50.31671136 -105.53538885 
111  50.33441352 -105.53577668 
112  50.33441352 -105.53577668  50.33594409 -105.53581709 
111  50.33671258 -105.53740363 
111  50.33800541 -105.54042511 
112  50.33800541 -105.54042511  50.33845254 -105.54147579 
112  50.33855305 -105.54352080  50.33856165 -105.54458495 
113  50.33855305 -105.54352080 
120 taxiline to 29R
111  50.32860207 -105.54358337   1 
112  50.32821299 -105.54366179  50.32803442 -105.54382215   1 
111  50.32763022 -105.54415496 
112  50.32763022 -105.54415496  50.32740734 -105.54436510   1 
111  50.32753772 -105.54476321 
111  50.32736797 -105.54490963   1 
111  50.32732696 -105.54479402 
112  50.32732696 -105.54479402  50.32730368 -105.54473168   1 
116  50.32740682 -105.54410619  50.32763278 -105.54390015 
120 taxiline apr
111  50.33465832 -105.55245492   1 
111  50.33489356 -105.55289278 
112  50.33489356 -105.55289278  50.33495542 -105.55300291   1 
111  50.33505497 -105.55300949   1 
112  50.33542109 -105.55300992  50.33554341 -105.55300992   1 
111  50.33556419 -105.55319891   1 
115  50.33558591 -105.55351210 
120 taxiline A D
111  50.32305005 -105.54829736   1 
112  50.32322006 -105.54764520  50.32351868 -105.54739041 
111  50.32322006 -105.54764520   1 
111  50.32700678 -105.54444184 
111  50.32740682 -105.54410619   1 
111  50.32814470 -105.54347237   1 
112  50.32830308 -105.54345010  50.32839448 -105.54348896   1 
111  50.32979948 -105.54410377   1 
111  50.33011603 -105.54452877   1 
111  50.33465832 -105.55245492   1 
112  50.33474945 -105.55284067  50.33477415 -105.55309865 
111  50.33474945 -105.55284067   1 
115  50.33536590 -105.56103528 
120 taxiline B
111  50.33219678 -105.57458638   1 
112  50.33267103 -105.57480993  50.33296539 -105.57456486 
111  50.33267103 -105.57480993   1 
111  50.33654161 -105.57150743 
111  50.33656062 -105.57096312   1 
112  50.33702744 -105.57109762  50.33724164 -105.57092280 
111  50.33702744 -105.57109762   1 
111  50.33746093 -105.57073025 
112  50.33746093 -105.57073025  50.33768285 -105.57054139   1 
115  50.33757750 -105.57016154 
120 taxiline F
111  50.33604179 -105.55963007   1 
111  50.33606523 -105.55992331   1 
112  50.33599463 -105.56018933  50.33591243 -105.56029234   1 
112  50.33543630 -105.56078924  50.33537054 -105.56086650   1 
111  50.33536590 -105.56103528   1 
112  50.33547704 -105.56244535  50.33549968 -105.56276783   1 
111  50.33533859 -105.56293899   1 
111  50.33446556 -105.56382412 
112  50.33446556 -105.56382412  50.33423825 -105.56398372   1 
111  50.33401374 -105.56363879 
111  50.33432709 -105.56455670   1 
116  50.33446556 -105.56382412  50.33467229 -105.56352757 
120 taxilineX
112  50.33553349 -105.56313420  50.33547367 -105.56296907   1 
112  50.33547704 -105.56244535  50.33546273 -105.56227346 
111  50.33547704 -105.56244535 
111  50.33559097 -105.56250470 
112  50.33559097 -105.56250470  50.33553730 -105.56266351   1 
116  50.33533859 -105.56293899  50.33523723 -105.56303707 
120 taxiline C
111  50.33792217 -105.57488726   1 
112  50.33838410 -105.57505346  50.33868351 -105.57478666 
111  50.33838410 -105.57505346   1 
112  50.33886207 -105.57462915  50.33895376 -105.57454706   1 
112  50.33892105 -105.57413958  50.33884619 -105.57392555   1 
111  50.33777450 -105.57080059 
112  50.33777450 -105.57080059  50.33772501 -105.57065763   1 
111  50.33757750 -105.57016154   1 
111  50.33553349 -105.56313420 
112  50.33553349 -105.56313420  50.33547606 -105.56297374   1 
112  50.33559097 -105.56250470  50.33562615 -105.56240755 
111  50.33559097 -105.56250470 
112  50.33559097 -105.56250470  50.33560856 -105.56245612   1 
111  50.33576576 -105.56201599 
112  50.33576576 -105.56201599  50.33581876 -105.56186457   1 
112  50.33580429 -105.56162227  50.33578968 -105.56142618 
111  50.33580429 -105.56162227   1 
115  50.33576636 -105.56116857 
120 HOLD 29L
111  50.32333182 -105.54737295   4 
115  50.32342955 -105.54765383 
120 HOLD 29R
111  50.32682677 -105.54479539   4 
115  50.32671721 -105.54448977 
120 HOLD 29R
111  50.32767224 -105.54367722   4 
115  50.32783906 -105.54414347 
120 HOLD 11R
111  50.33277670 -105.57451414   4 
115  50.33288943 -105.57482707 
120 HOLD 11L
111  50.33628659 -105.57193269   4 
115  50.33617295 -105.57163067 
120 HOLD 11L
111  50.33712862 -105.57082318   4 
115  50.33723688 -105.57112363 
120 HOLD 11L
111  50.33850024 -105.57476253   4 
115  50.33859936 -105.57505384 
120 HOLD 11L
111  50.33456633 -105.56351496   4 
115  50.33468239 -105.56379930 
120 HOLD 29R
111  50.33036472 -105.55478508   4 
115  50.33017714 -105.55448355 
120 HOLD 21
111  50.33298506 -105.54976108   4 
115  50.33313788 -105.54954810 
120 HOLD 21
111  50.33363148 -105.55041124   4 
115  50.33329376 -105.55089370 
120 HOLD 29R
111  50.33096191 -105.55330877   4 
115  50.33114623 -105.55361767 
14   50.33645056 -105.56001773   80 0 Tower Viewpoint
15   50.33516505 -105.55499407   5.00 Apron Start
15   50.33758412 -105.55001023 225.00 Belle Plaine Ramp Start
18   50.33646471 -105.56064532 4 BCN
19   50.33810864 -105.57350648 1 WS
19   50.33218151 -105.57109015 1 WS
19   50.32763169 -105.54878064 1 WS
19   50.32335333 -105.55239897 1 WS
20   50.32665209 -105.54411362 201.81  0 2 {@L}A{@Y}RWY_29L{^u}
20   50.33574989 -105.56492366 291.44  0 2 {@L}C{@Y}RWYS_11R_11L{^u}
20   50.33381940 -105.55021789 130.99  0 3 {@L}D{@R}21-03
20   50.33304613 -105.54902791 125.30  0 3 {@L}D{@Y}RWYS_29R_29L{^u}
20   50.33046872 -105.55504841  35.44  0 3 {@R}11-29
20   50.33867184 -105.57528481 213.32  0 2 {@R}11L
20   50.33608182 -105.57145578  28.47  0 3 {@R}11L-29R{@L}B{@@,@L}B{@Y}RWY-11R
20   50.33290828 -105.57506513 208.49  0 3 {@R}11R
20   50.33283108 -105.54992969 310.03  0 3 {@R}21
20   50.33447842 -105.56325517 207.98  0 3 {@R}29-11
20   50.33085948 -105.55304288 212.44  0 3 {@R}29-11
20   50.32323373 -105.54723280 202.06  0 3 {@R}29L
20   50.33699310 -105.57057690 205.12  0 2 {@R}29L-11R{@@,@L}B{@Y}APRON{^u}
20   50.32757187 -105.54339323 191.35  0 3 {@R}29R
20   50.32667519 -105.54429005  28.54  0 2 {@R}29R
20   50.32344145 -105.54803603 112.85  0 3 {@Y,^l}A
20   50.32788436 -105.54472164 112.85  0 2 {@Y,^l}APRON
20   50.33366575 -105.55014257  38.75  0 3 {@Y,^l}APRON|D{^r}
20   50.33618471 -105.57124468 297.42  0 3 {@Y,^l}B{^r}
20   50.33722463 -105.56998168 290.75  0 2 {@Y,^l}B|RWY_11L{^u}
20   50.33532836 -105.56340115 251.13  0 3 {@Y,^l}F|C{^r}
20   50.32734634 -105.55957995 114.86  0 3 {@Y,^l}RWY_03
20   50.32719687 -105.55853934 212.95  0 3 {@Y,^l}RWY_29L-11R{^r}
20   50.33493593 -105.55881912 188.76  0 2 {@Y,^l}RWYS_03_21_29L_29R
20   50.33468714 -105.55540358 188.76  0 2 {@Y,^l}RWYS_03_21_29L_29R
20   50.33452698 -105.55320355 188.76  0 2 {@Y,^l}RWYS_03_21_29L_29R
20   50.32754562 -105.54353305  29.98  0 3 {@Y,^u}APRON
20   50.33788723 -105.57037732  24.66  0 2 {@Y}APRON{^r}
20   50.33516770 -105.56257609  33.64  0 2 {@Y}APRON{^r}
20   50.33827838 -105.57457359 298.81  0 2 {@Y}APRON{^r}
20   50.33686135 -105.57055532 298.81  0 2 {@Y}APRON{^r}
20   50.33428499 -105.56313540 298.81  0 2 {@Y}APRON{^r}
20   50.33265351 -105.57427075 305.91  0 3 {@Y}B{^r}
20   50.33519810 -105.55257192  90.00  0 2 {@Y}D{^r}
20   50.32709972 -105.55856813 302.76  0 3 {@Y}RWY_03{^r}
20   50.33495347 -105.55900046 189.48  0 2 {@Y}RWYS_11L_11R{^r}
20   50.33470469 -105.55558491 189.48  0 2 {@Y}RWYS_11L_11R{^r}
20   50.33454452 -105.55338489 189.48  0 2 {@Y}RWYS_11L_11R{^r}
52 13530 CLNC DEL
53 12180 GND
54 12620 TWR
55 11900 ARR
55 12910 ARR
55 13410 ARR
55 13650 ARR
56 11900 DEP
1     1896 0 0 CJS4 Moose Jaw Muni
100   29.87   1   0 0.00 0 2 0 12   50.43817567 -105.38983786    0.00    0.00 2  0 0 0 30   50.43245434 -105.38085613    0.00    0.00 2  0 0 0
110   1 0.00 135.00 Taxiway
111  50.43429962 -105.38600051 102 
111  50.43172793 -105.38199194 102 
111  50.43236083 -105.38100272 
111  50.43252214 -105.38125636 102 
111  50.43239206 -105.38125453 102 
111  50.43198673 -105.38189514 102 
111  50.43198727 -105.38210835 102 
113  50.43438497 -105.38586357 
110   1 0.00 135.00 Apron
111  50.43447195 -105.38749030 
111  50.43390688 -105.38661989 102 
111  50.43429962 -105.38600051 
111  50.43438497 -105.38586357 102 
111  50.43459177 -105.38618957 
111  50.43467583 -105.38633054 102 
113  50.43493082 -105.38672795 102 
110   1 0.00  45.00 Taxiway
111  50.43459177 -105.38618957 102 
111  50.43506115 -105.38545001 102 
111  50.43506060 -105.38522832 
111  50.43529076 -105.38559558 102 
111  50.43514333 -105.38559686 102 
113  50.43467583 -105.38633054 
110   1 0.00 133.00 Turn13
111  50.43793927 -105.39020812 102 
111  50.43768376 -105.38979424 102 
111  50.43768490 -105.38936611 
113  50.43808135 -105.38998554 102 
130 Airport Boundary
111  50.43851065 -105.38939686 
111  50.43847468 -105.39121003 
111  50.43757361 -105.39119773 
111  50.43571976 -105.38836255 
111  50.43495110 -105.38977522 
111  50.43323280 -105.38748308 
111  50.43323280 -105.38540436 
111  50.43150117 -105.38259992 
111  50.43150117 -105.38089020 
112  50.43257007 -105.37989977  50.43340922 -105.37871425 
113  50.43257007 -105.37989977 
14   50.43333400 -105.38689400    6 0 Tower Viewpoint
15   50.43444787 -105.38656209  45.00 Ramp Start
18   50.43373423 -105.38691331 1 BCN
19   50.43558613 -105.38515907 1 WS
1     2200 0 0 CKP2 Spring Valley (North)
100    6.10   5   0 0.00 0 0 0 17   50.06411484 -105.40205885    0.00    0.00 0  0 0 0 35   50.05588716 -105.40183515    0.00    0.00 0  0 0 0
110   3 0.00 179.00 grass rwy edge
112  50.06406198 -105.40217816  50.06378175 -105.40201816 
111  50.06406198 -105.40217816 
112  50.06406198 -105.40217816  50.06308312 -105.40210185 
112  50.05595496 -105.40197021  50.05530822 -105.40200103 
111  50.05595496 -105.40197021 
112  50.05595496 -105.40197021  50.05573387 -105.40202602 
112  50.05592910 -105.40173910  50.05613439 -105.40177201 
111  50.05592910 -105.40173910 
112  50.05592910 -105.40173910  50.05659329 -105.40179552 
112  50.06406727 -105.40196259  50.06504014 -105.40194789 
111  50.06406727 -105.40196259 
114  50.06406727 -105.40196259  50.06436491 -105.40196499 
110   3 0.00  53.00 apron
111  50.05798083 -105.40182461 
112  50.05798083 -105.40182461  50.05816802 -105.40143901 
112  50.05838521 -105.40075384  50.05874254 -105.40069078 
112  50.05886963 -105.40105617  50.05887068 -105.40129439 
112  50.05856471 -105.40186893  50.05842368 -105.40195334 
113  50.05856471 -105.40186893 
110   4 0.00 340.00 road
112  50.05838521 -105.40075384  50.05803115 -105.40080514 
111  50.05838521 -105.40075384 
112  50.05838521 -105.40075384  50.05823151 -105.40079659 
112  50.05708852 -105.39980770  50.05670427 -105.39953411 
111  50.05710870 -105.39971739 
112  50.05802980 -105.40045032  50.05856775 -105.40090773 
111  50.05802980 -105.40045032 
112  50.05802980 -105.40045032  50.05818350 -105.40056574 
112  50.05855499 -105.40056947  50.05882729 -105.40047073 
111  50.05855499 -105.40056947 
112  50.05855499 -105.40056947  50.05862344 -105.40054269 
112  50.05896242 -105.40114562  50.05890669 -105.40151997 
112  50.05879184 -105.40188133  50.05887417 -105.40195400 
111  50.05879184 -105.40188133 
111  50.05856471 -105.40186893 
112  50.05856471 -105.40186893  50.05866077 -105.40186893 
114  50.05886963 -105.40105617  50.05886689 -105.40083388 
130 Airport Boundary 5
112  50.06405416 -105.40254863  50.06370894 -105.40245774 
111  50.06405416 -105.40254863 
112  50.06405416 -105.40254863  50.06341234 -105.40238957 
112  50.05841008 -105.40280809  50.05761407 -105.40355347 
111  50.05841008 -105.40280809 
112  50.05841008 -105.40280809  50.05750994 -105.40207022 
112  50.05606024 -105.40219562  50.05544470 -105.40225642 
112  50.05587907 -105.40164016  50.05661740 -105.40173294 
114  50.06418694 -105.40189039  50.06444464 -105.40186767 
14   50.06013900 -105.40135200    6 0 Tower Viewpoint
15   50.05839425 -105.40163063 270.00 Ramp Start
18   50.05929900 -105.40139800 0 BCN
19   50.05902118 -105.40069132 0 WS