1     2114 0 1 CKQ6 ERICKSON MUNI
100   22.86   1   0 0.25 0 1 0 09   50.49972200 -099.90416700    0.00    0.00 2  0 0 0 27   50.49888900 -099.89111400    0.00    0.00 2  0 0 0
110   1 0.30  95.72 Default taxiway for RWY 09
111  50.49962189 -099.90418278   3 102 
111  50.49910791 -099.90426377   3 102 
111  50.49827564 -099.89121054   3 102 
111  50.49878962 -099.89112955 
112  50.49881014 -099.89145136  50.49879764 -099.89129081   3 102 
111  50.49867482 -099.89131016   3 102 
112  50.49851106 -099.89133597  50.49838825 -099.89135532   3 102 
111  50.49839851 -099.89151622   3 102 
111  50.49878900 -099.89764057   3 102 
111  50.49920063 -099.89757571 
111  50.49921088 -099.89773662   3 102 
111  50.49879925 -099.89780148   3 102 
112  50.49918974 -099.90392583  50.49920000 -099.90408673   3 102 
111  50.49932281 -099.90406738   3 102 
112  50.49948657 -099.90404157  50.49960939 -099.90402222   3 102 
113  50.49960137 -099.90386097 
120 Default hold RWY 09 (near)
111  50.49941495 -099.90421539   4 
115  50.49940469 -099.90405448 
120 Default hold RWY 09 (centre)
111  50.49900394 -099.89776923   4 
115  50.49899369 -099.89760832 
120 Default hold RWY 09 (far)
111  50.49859294 -099.89132307   4 
115  50.49858268 -099.89116216 
18   50.50002096 -099.89752800 1 BCN
19   50.50004820 -099.90444064 1 WS
19   50.49856277 -099.89084046 1 WS
51 12320 CTAF
1     1277 0 1 CJV5 NEEPAWA
100   22.86   1   0 0.25 0 2 0 04   50.22972200 -099.51638900    0.00    0.00 2  0 0 0 22   50.23583300 -099.50472200    0.00    0.00 2  0 0 0
110   1 0.30  50.68 Default taxiway for RWY 04
111  50.22964416 -099.51628935   3 102 
111  50.22924452 -099.51577772   3 102 
111  50.23535610 -099.50411215   3 102 
111  50.23575574 -099.50462384 
112  50.23562540 -099.50487263  50.23568883 -099.50474601   3 102 
111  50.23559333 -099.50462374   3 102 
112  50.23546601 -099.50446071  50.23537051 -099.50433844   3 102 
111  50.23530534 -099.50446283   3 102 
111  50.23241248 -099.50998462   3 102 
111  50.23273254 -099.51039439 
111  50.23266737 -099.51051879   3 102 
111  50.23234731 -099.51010902   3 102 
112  50.22945445 -099.51563080  50.22938927 -099.51575520   3 102 
111  50.22948477 -099.51587746   3 102 
112  50.22961209 -099.51604047  50.22970759 -099.51616272   3 102 
113  50.22977451 -099.51604055 
120 Default hold RWY 04 (near)
111  50.22948326 -099.51608336   4 
115  50.22954843 -099.51595896 
120 Default hold RWY 04 (centre)
111  50.23250647 -099.51031279   4 
115  50.23257164 -099.51018839 
120 Default hold RWY 04 (far)
111  50.23552967 -099.50454222   4 
115  50.23559484 -099.50441782 
18   50.23333333 -099.51126897 1 BCN
19   50.22982933 -099.51694208 1 WS
19   50.23572561 -099.50416888 1 WS
51 12280 CTAF