1       43 0 1 SVBQ BACHAQUERO
100   29.87   1   0 0.25 0 2 0 18   10.00800600 -071.08374200    0.00   60.96 2  0 0 0 36   09.99499400 -071.08371400    0.00   60.96 2  0 0 0
21   09.99679320 -071.08402797  1 359.88   3.00 36  VASI
110   1 0.30 179.88 Default taxiway for RWY 18
111  10.00800572 -071.08387620   3 102 
111  10.00800429 -071.08456090   3 102 
111  09.99499229 -071.08453286   3 102 
111  09.99499372 -071.08384819 
112  09.99526253 -071.08384877  09.99512813 -071.08385077   3 102 
111  09.99512778 -071.08401454   3 102 
112  09.99512733 -071.08423290  09.99512699 -071.08439668   3 102 
111  09.99526139 -071.08439697   3 102 
111  10.00143138 -071.08441025   3 102 
111  10.00143252 -071.08386205 
111  10.00156692 -071.08386234   3 102 
111  10.00156578 -071.08441054   3 102 
112  10.00773577 -071.08442383  10.00787017 -071.08442412   3 102 
111  10.00787051 -071.08426034   3 102 
112  10.00787096 -071.08404197  10.00787131 -071.08387819   3 102 
113  10.00773691 -071.08387562 
120 Default hold RWY 18 (near)
111  10.00800515 -071.08415145   4 
115  10.00787074 -071.08415116 
120 Default hold RWY 18 (centre)
111  10.00156635 -071.08413758   4 
115  10.00143195 -071.08413729 
120 Default hold RWY 18 (far)
111  09.99512756 -071.08412372   4 
115  09.99499315 -071.08412343 
18   10.00150440 -071.08277264 1 BCN
19   10.00827566 -071.08333313 1 WS
19   09.99472434 -071.08412285 1 WS
1      235 1 1 SVMC LA CHINITA INTL
100   45.11   1   0 0.25 0 3 0 02L  10.54591700 -071.73410000    0.00   38.10 2  1 0 0 20R  10.57094200 -071.72346700    0.00  300.23 2  0 0 0
100   29.87   1   0 0.25 0 2 0 02R  10.54756700 -071.73134700    0.00    0.00 2  0 0 0 20L  10.56840600 -071.72251700    0.00    0.00 2  0 0 0
21   10.54773234 -071.73377075  2  22.67   3.00 02L PAPI-4L
21   10.56913708 -071.72382169  1 202.67   3.00 20R VASI
110   1 0.30  22.61 Default taxiway for RWY 02R
111  10.54751618 -071.73122291   3 102 
111  10.54725692 -071.73058977   3 102 
111  10.56809604 -071.72176032   3 102 
111  10.56835530 -071.72239350 
112  10.56810716 -071.72249864  10.56823037 -071.72244396   3 102 
111  10.56816835 -071.72229250   3 102 
112  10.56808566 -071.72209056  10.56802365 -071.72193910   3 102 
111  10.56789958 -071.72199167   3 102 
111  10.55779020 -071.72627496   3 102 
111  10.55799778 -071.72678191 
111  10.55787370 -071.72683448   3 102 
111  10.55766612 -071.72632753   3 102 
112  10.54755675 -071.73061083  10.54743267 -071.73066340   3 102 
111  10.54749468 -071.73081485   3 102 
112  10.54757737 -071.73101678  10.54763939 -071.73116822   3 102 
113  10.54776433 -071.73111777 
110   1 0.30  22.67 Default taxiway for RWY 02L
111  10.54583964 -071.73391159   3 102 
111  10.54544761 -071.73295690   3 102 
111  10.57047279 -071.72232467   3 102 
111  10.57086482 -071.72327945 
112  10.57049022 -071.72343860  10.57067665 -071.72335691   3 102 
111  10.57058277 -071.72312827   3 102 
112  10.57045760 -071.72282342  10.57036372 -071.72259478   3 102 
111  10.57017642 -071.72267436   3 102 
111  10.55813208 -071.72779152   3 102 
111  10.55844588 -071.72855574 
111  10.55825858 -071.72863531   3 102 
111  10.55794478 -071.72787110   3 102 
112  10.54590044 -071.73298826  10.54571314 -071.73306783   3 102 
111  10.54580702 -071.73329645   3 102 
112  10.54593219 -071.73360128  10.54602607 -071.73382990   3 102 
113  10.54621424 -071.73375244 
120 Default hold RWY 02R (near)
111  10.54741196 -071.73096838   4 
115  10.54753603 -071.73091581 
120 Default hold RWY 02L (near)
111  10.54568231 -071.73352845   4 
115  10.54586961 -071.73344887 
120 Default hold RWY 02R (centre)
111  10.55776948 -071.72657995   4 
115  10.55789356 -071.72652738 
120 Default hold RWY 02L (centre)
111  10.55810125 -071.72825215   4 
115  10.55828855 -071.72817257 
120 Default hold RWY 02R (far)
111  10.56812701 -071.72219153   4 
115  10.56825108 -071.72213896 
120 Default hold RWY 02L (far)
111  10.57052019 -071.72297584   4 
115  10.57070749 -071.72289627 
18   10.55834582 -071.72781683 4 BCN
19   10.54747389 -071.73183076 1 WS
19   10.54577709 -071.73483070 1 WS
19   10.57108188 -071.72273623 1 WS
19   10.56849909 -071.72203321 1 WS
53 12190 GND
54 11890 TWR
55 12020 MARACAIBO APP
55 11970 MARACAIBO APP
1      164 1 1 SVON ORO NEGRO
100   28.96   1   0 0.25 0 0 0 06   10.32538900 -071.32961100    0.00    0.00 2  0 0 0 24   10.33475000 -071.31544400    0.00    0.00 2  0 0 0
110   1 0.30  56.11 Default taxiway for RWY 06
111  10.32528271 -071.32953843   3 
111  10.32474005 -071.32916794   3 
111  10.33410136 -071.31500135   3 
111  10.33464402 -071.31537185 
112  10.33449872 -071.31559173  10.33456950 -071.31548051   3 
111  10.33443971 -071.31539190   3 
112  10.33426666 -071.31527375  10.33413687 -071.31518513   3 
111  10.33406422 -071.31529507   3 
111  10.32956519 -071.32210352   3 
111  10.32999969 -071.32240017 
111  10.32992704 -071.32251011   3 
111  10.32949254 -071.32221346   3 
112  10.32499351 -071.32902190  10.32492086 -071.32913184   3 
111  10.32505065 -071.32922045   3 
112  10.32522370 -071.32933860  10.32535349 -071.32942722   3 
113  10.32542801 -071.32931855 
120 Default hold RWY 06 (near)
111  10.32506453 -071.32938947   4 
115  10.32513718 -071.32927953 
120 Default hold RWY 06 (centre)
111  10.32970886 -071.32236115   4 
115  10.32978151 -071.32225121 
120 Default hold RWY 06 (far)
111  10.33435319 -071.31533282   4 
115  10.33442584 -071.31522288 
19   10.32556704 -071.33005163 1 WS
19   10.33457194 -071.31500336 1 WS
54 11815 TWR