1     2739 1 1 SVFM Caracas Generalisimo Francisco De Mira
100   42.67   1   0 0.25 0 0 1 11   10.48691700 -066.85228300  190.50    0.00 2  0 0 0 29   10.48315000 -066.83475000  201.17    0.00 2  0 0 0
21   10.48654794 -066.84870679  2 102.32   3.00 11  PAPI-4L
10   10.48732000 -066.84471900 xxx 102.33   643 0.0 0.0   225 101101  2 0 0 0.35 0
10   10.48578500 -066.83941000 xxx 102.33   472 0.0 0.0   593 101101  2 0 0 0.35 0
10   10.48539800 -066.83917900 xxx 102.33   492 0.0 0.0   350 101101  2 0 0 0.35 0
10   10.48686000 -066.84446800 xxx 102.33   394 0.0 0.0   114 101101  2 0 0 0.35 0
10   10.48761700 -066.84437200 xxx 102.33   446 0.0 0.0   114 101101  2 0 0 0.35 0
10   10.48770300 -066.84521200 xxx  81.33   210 0.0 0.0   114 101101  2 0 0 0.35 0
10   10.48629300 -066.84373200 xxx 159.33   216 0.0 0.0    81 101101  2 0 0 0.35 0
10   10.48558500 -066.85127900 xxx 102.33  1394 0.0 0.0   297 101101  2 0 0 0.35 0
10   10.48526100 -066.85229900 xxx 102.33   728 0.0 0.0   114 101101  2 0 0 0.35 0
10   10.48515700 -066.85083200 xxx  78.33   394 0.0 0.0   114 101101  2 0 0 0.35 0
10   10.48524200 -066.84847600 xxx 102.33   886 0.0 0.0   114 101101  2 0 0 0.35 0
10   10.48481400 -066.84888600 xxx 102.33   486 0.0 0.0   114 101101  2 0 0 0.35 0
10   10.48501500 -066.84863000 xxx 102.33   682 0.0 0.0   114 101101  2 0 0 0.35 0
10   10.48496400 -066.84692300 xxx  92.13   571 0.0 0.0   114 101101  2 0 0 0.35 0
10   10.48476000 -066.84662900 xxx  84.53   571 0.0 0.0   114 101101  2 0 0 0.35 0
10   10.48478900 -066.84783400 xxx  89.13   308 0.0 0.0   192 101101  2 0 0 0.35 0
10   10.48243600 -066.83585700 xxx 102.33  1394 0.0 0.0   297 101101  2 0 0 0.35 0
10   10.48331800 -066.83962800 xxx 102.33  1394 0.0 0.0   252 101101  2 0 0 0.35 0
10   10.48209800 -066.83593000 xxx 102.33  1394 0.0 0.0   297 101101  2 0 0 0.35 0
10   10.48230200 -066.83776000 xxx 111.33  1394 0.0 0.0   225 101101  2 0 0 0.35 0
10   10.48143700 -066.83506300 xxx 102.33   685 0.0 0.0   238 101101  2 0 0 0.35 0
10   10.48337100 -066.84084000 xxx 110.03  1394 0.0 0.0   179 101101  2 0 0 0.35 0
10   10.48446400 -066.84342800 xxx 102.33  2260 0.0 0.0   107 101101  2 0 0 0.35 0
10   10.48410700 -066.83583900 xxx 111.33   882 0.0 0.0   173 101101  2 0 0 0.35 0
10   10.48458800 -066.83556000 xxx 129.33   882 0.0 0.0   173 101101  2 0 0 0.35 0
10   10.48435100 -066.83572100 xxx 120.33   882 0.0 0.0   173 101101  2 0 0 0.35 0
10   10.48717200 -066.85183300 xxx 102.33   265 0.0 0.0   127 101101  2 0 0 0.35 0
10   10.48595500 -066.84380000 xxx 339.00   650 0.0 0.0    60 161161  2 0 0 0.25 0
10   10.48654900 -066.84558200 xxx  42.00   958 0.0 0.0    60 161161  2 0 0 0.25 0
10   10.48464000 -066.84025700 xxx 192.33   650 0.0 0.0    60 161161  2 0 0 0.25 0
10   10.48363800 -066.83650600 xxx 192.33   650 0.0 0.0    60 161161  2 0 0 0.25 0
10   10.48285100 -066.83505700 xxx 192.33   650 0.0 0.0    60 161161  2 0 0 0.25 0
10   10.48420300 -066.84145900 xxx 192.33   308 0.0 0.0    60 161161  2 0 0 0.25 0
10   10.48481000 -066.84357500 xxx 192.33   276 0.0 0.0    60 161161  2 0 0 0.25 0
10   10.48524200 -066.84645800 xxx 192.33   308 0.0 0.0    60 161161  2 0 0 0.25 0
10   10.48533100 -066.84878300 xxx 192.33   308 0.0 0.0    60 161161  2 0 0 0.25 0
10   10.48567200 -066.85027800 xxx 192.33   308 0.0 0.0    60 161161  2 0 0 0.25 0
10   10.48626600 -066.85141000 xxx 192.33   308 0.0 0.0    60 161161  2 0 0 0.25 0
10   10.48602900 -066.85199900 xxx 192.33   308 0.0 0.0    60 161161  2 0 0 0.25 0
10   10.48635000 -066.85230500 xxx 192.33   308 0.0 0.0    60 161161  2 0 0 0.25 0
10   10.48521200 -066.84627600 xxx 102.33  4360 0.0 0.0    60 161161  2 0 0 0.25 0
10   10.48694600 -066.85138500 xxx 138.33   193 0.0 0.0   127 101101  2 0 0 0.35 0
10   10.48658400 -066.84388200 xxx 102.33   101 0.0 0.0    42 101101  2 0 0 0.35 0
10   10.48593300 -066.84366700 xxx 204.33   121 0.0 0.0    61 101101  2 0 0 0.35 0
10   10.48483500 -066.84559800 xxx  85.23   200 0.0 0.0   101 101101  2 0 0 0.35 0
10   10.48430200 -066.84374400 xxx 111.33   928 0.0 0.0    81 101101  2 0 0 0.35 0
10   10.48406400 -066.84267400 xxx 111.33   928 0.0 0.0   120 101101  2 0 0 0.35 0
10   10.48531700 -066.84391500 xxx 267.33   276 0.0 0.0    60 161161  2 0 0 0.25 0
10   10.48516500 -066.84327400 xxx 294.33   276 0.0 0.0    60 161161  2 0 0 0.25 0
10   10.48588200 -066.84650300 xxx 267.33   276 0.0 0.0    60 161161  2 0 0 0.25 0
10   10.48573800 -066.84585900 xxx 297.33   276 0.0 0.0    60 161161  2 0 0 0.25 0
10   10.48714900 -066.84531000 xxx 309.33   171 0.0 0.0    60 161161  2 0 0 0.25 0
10   10.48543700 -066.84631600 xxx 240.33    92 0.0 0.0    40 161161  2 0 0 0.25 0
10   10.48538200 -066.84653100 xxx 240.33    92 0.0 0.0    40 161161  2 0 0 0.25 0
10   10.48510800 -066.84661100 xxx 240.33    92 0.0 0.0    40 161161  2 0 0 0.25 0
10   10.48562400 -066.84858700 xxx 240.33    92 0.0 0.0    40 161161  2 0 0 0.25 0
10   10.48550700 -066.84884900 xxx 240.33    92 0.0 0.0    40 161161  2 0 0 0.25 0
10   10.48593300 -066.85009800 xxx 240.33    92 0.0 0.0    40 161161  2 0 0 0.25 0
10   10.48583200 -066.85034800 xxx 240.33    92 0.0 0.0    40 161161  2 0 0 0.25 0
10   10.48649600 -066.85125100 xxx 240.33    92 0.0 0.0    40 161161  2 0 0 0.25 0
10   10.48643800 -066.85149000 xxx 240.33    92 0.0 0.0    40 161161  2 0 0 0.25 0
10   10.48619100 -066.85131900 xxx 240.33    92 0.0 0.0    40 161161  2 0 0 0.25 0
10   10.48610100 -066.85156900 xxx 240.33    92 0.0 0.0    40 161161  2 0 0 0.25 0
10   10.48630100 -066.85184000 xxx 240.33    92 0.0 0.0    40 161161  2 0 0 0.25 0
10   10.48619900 -066.85207400 xxx 240.33    92 0.0 0.0    40 161161  2 0 0 0.25 0
10   10.48630100 -066.85243600 xxx 240.33    92 0.0 0.0    40 161161  2 0 0 0.25 0
10   10.48638700 -066.85220100 xxx 240.33    92 0.0 0.0    40 161161  2 0 0 0.25 0
10   10.48480700 -066.84345700 xxx 240.33    92 0.0 0.0    40 161161  2 0 0 0.25 0
10   10.48476000 -066.84368400 xxx 240.33    92 0.0 0.0    40 161161  2 0 0 0.25 0
10   10.48433400 -066.84132200 xxx 240.33    92 0.0 0.0    40 161161  2 0 0 0.25 0
10   10.48429100 -066.84153700 xxx 240.33    92 0.0 0.0    40 161161  2 0 0 0.25 0
10   10.48507700 -066.84004200 xxx 240.33    92 0.0 0.0    40 161161  2 0 0 0.25 0
10   10.48456900 -066.84039200 xxx 240.33    92 0.0 0.0    40 161161  2 0 0 0.25 0
10   10.48406000 -066.84049500 xxx 240.33    92 0.0 0.0    40 161161  2 0 0 0.25 0
10   10.48410700 -066.84026800 xxx 240.33    92 0.0 0.0    40 161161  2 0 0 0.25 0
10   10.48375400 -066.83659400 xxx 240.33    92 0.0 0.0    40 161161  2 0 0 0.25 0
10   10.48401000 -066.83631200 xxx 240.33    92 0.0 0.0    40 161161  2 0 0 0.25 0
10   10.48328200 -066.83647800 xxx 240.33    92 0.0 0.0    40 161161  2 0 0 0.25 0
10   10.48307500 -066.83675000 xxx 240.33    92 0.0 0.0    40 161161  2 0 0 0.25 0
10   10.48342400 -066.83505100 xxx 240.33    92 0.0 0.0    40 161161  2 0 0 0.25 0
10   10.48294400 -066.83494200 xxx 240.33    92 0.0 0.0    40 161161  2 0 0 0.25 0
10   10.48273800 -066.83518800 xxx 240.33    92 0.0 0.0    40 161161  2 0 0 0.25 0
10   10.48302200 -066.83515200 xxx 321.33    92 0.0 0.0    40 161161  2 0 0 0.25 0
10   10.48268400 -066.83497500 xxx 321.33    92 0.0 0.0    40 161161  2 0 0 0.25 0
10   10.48339200 -066.83484400 xxx 321.33    92 0.0 0.0    40 161161  2 0 0 0.25 0
10   10.48355500 -066.83504300 xxx 336.33    92 0.0 0.0    40 161161  2 0 0 0.25 0
10   10.48411700 -066.83650400 xxx 321.33    92 0.0 0.0    40 161161  2 0 0 0.25 0
10   10.48371900 -066.83637000 xxx 327.33    92 0.0 0.0    40 161161  2 0 0 0.25 0
10   10.48333800 -066.83667700 xxx 327.33    92 0.0 0.0    40 161161  2 0 0 0.25 0
10   10.48303600 -066.83653300 xxx 327.33    92 0.0 0.0    40 161161  2 0 0 0.25 0
10   10.48452600 -066.84016600 xxx 327.33    92 0.0 0.0    40 161161  2 0 0 0.25 0
10   10.48418100 -066.84047300 xxx 327.33    92 0.0 0.0    40 161161  2 0 0 0.25 0
10   10.48386800 -066.84031400 xxx 327.33    92 0.0 0.0    40 161161  2 0 0 0.25 0
10   10.48439400 -066.84154300 xxx 327.33    92 0.0 0.0    40 161161  2 0 0 0.25 0
10   10.48425600 -066.84134000 xxx 327.33    92 0.0 0.0    40 161161  2 0 0 0.25 0
10   10.48485600 -066.84367600 xxx 327.33    92 0.0 0.0    40 161161  2 0 0 0.25 0
10   10.48471100 -066.84350200 xxx 327.33    92 0.0 0.0    40 161161  2 0 0 0.25 0
10   10.48660200 -066.84416700 xxx 312.33   177 0.0 0.0    40 161161  2 0 0 0.25 0
10   10.48548500 -066.84653500 xxx 327.33    92 0.0 0.0    40 161161  2 0 0 0.25 0
10   10.48517300 -066.84663300 xxx 327.33    92 0.0 0.0    40 161161  2 0 0 0.25 0
10   10.48532200 -066.84632500 xxx 327.33    92 0.0 0.0    40 161161  2 0 0 0.25 0
10   10.48565600 -066.84883400 xxx 327.33    92 0.0 0.0    40 161161  2 0 0 0.25 0
10   10.48546400 -066.84863900 xxx 327.33    92 0.0 0.0    40 161161  2 0 0 0.25 0
10   10.48599400 -066.85032300 xxx 327.33    92 0.0 0.0    40 161161  2 0 0 0.25 0
10   10.48577000 -066.85013900 xxx 327.33    92 0.0 0.0    40 161161  2 0 0 0.25 0
10   10.48658700 -066.85213500 xxx 327.33    92 0.0 0.0    40 161161  2 0 0 0.25 0
10   10.48654500 -066.85147700 xxx 327.33    92 0.0 0.0    40 161161  2 0 0 0.25 0
10   10.48639200 -066.85127800 xxx 327.33    92 0.0 0.0    40 161161  2 0 0 0.25 0
10   10.48623200 -066.85150900 xxx 327.33    92 0.0 0.0    40 161161  2 0 0 0.25 0
10   10.48604000 -066.85135700 xxx 327.33    92 0.0 0.0    40 161161  2 0 0 0.25 0
10   10.48616400 -066.85186700 xxx 327.33    92 0.0 0.0    40 161161  2 0 0 0.25 0
10   10.48634600 -066.85205500 xxx 327.33    92 0.0 0.0    40 161161  2 0 0 0.25 0
10   10.48622100 -066.85221400 xxx 327.33    92 0.0 0.0    40 161161  2 0 0 0.25 0
10   10.48671200 -066.85208400 xxx  51.33    92 0.0 0.0    67 161161  2 0 0 0.25 0
10   10.48700500 -066.84503700 xxx 249.33   151 0.0 0.0    60 161161  2 0 0 0.25 0
10   10.48666800 -066.84392600 xxx 327.33    92 0.0 0.0    40 161161  2 0 0 0.25 0
10   10.48591800 -066.84596800 xxx 342.33    92 0.0 0.0    40 161161  2 0 0 0.25 0
10   10.48600100 -066.84618500 xxx  60.33   157 0.0 0.0    47 161161  2 0 0 0.25 0
10   10.48543500 -066.84371700 xxx  24.33    85 0.0 0.0    40 161161  2 0 0 0.25 0
10   10.48537000 -066.84346100 xxx 318.33   164 0.0 0.0    27 161161  2 0 0 0.25 0
14   10.48476500 -066.84756900    0 0 Tower Viewpoint
15   10.48433300 -066.83611300   0.00 Custom Startup Location
15   10.48528600 -066.84884800   0.00 Custom Startup Location
19   10.48713600 -066.85076700 0 Windsock
19   10.48375200 -066.83603700 0 Windsock
50 12740 ATIS
53 12180 GND
54 11880 MIRANDA TWR
1      235 1 1 SVMI Caracas Simon Bolivar Intl
100   45.11   1   0 0.25 0 2 1 10   10.60376400 -067.01275600    0.00   60.96 3  7 0 0 28   10.60478300 -066.98078900    0.00   60.96 3  0 0 0
100   44.20   1   0 0.25 0 2 1 09   10.59868900 -066.99768300    0.00    0.00 2  0 0 0 27   10.60523900 -066.97111400    0.00    0.00 2  0 0 0
21   10.60425998 -067.00978661  2  88.14   3.00 10  PAPI-4L
21   10.60432400 -066.98260597  2 268.15   3.00 28  PAPI-4L
10   10.60129200 -066.99647400 xxx 178.14  2154 0.0 0.0    60 161161  2 0 0 0.25 0
10   10.60272600 -067.01224300 xxx 178.14   872 0.0 0.0    60 161161  2 0 0 0.25 0
10   10.60034100 -067.01208000 xxx 354.10   872 0.0 0.0    60 161161  2 0 0 0.25 0
10   10.60248100 -067.00280700 xxx 178.14  1154 0.0 0.0    60 161161  2 0 0 0.25 0
10   10.60099800 -066.99893800 xxx 178.14  1154 0.0 0.0    60 161161  2 0 0 0.25 0
10   10.60245700 -067.00056800 xxx  88.14  8410 0.0 0.0    60 161161  2 0 0 0.25 0
10   10.60380100 -066.98708900 xxx  57.10  1056 0.0 0.0    60 161161  2 0 0 0.25 0
10   10.60078300 -066.99061800 xxx 345.10  1456 0.0 0.0    60 161161  2 0 0 0.25 0
10   10.60367600 -066.99115300 xxx 178.14   616 0.0 0.0    60 161161  2 0 0 0.25 0
10   10.60036100 -066.98547300 xxx  75.92  6522 0.0 0.0    60 161161  2 0 0 0.25 0
10   10.60288800 -066.97675000 xxx 165.92   590 0.0 0.0    60 161161  2 0 0 0.25 0
10   10.60465600 -066.97205100 xxx 165.92   275 0.0 0.0    60 161161  2 0 0 0.25 0
10   10.60423300 -066.97307300 xxx 120.92   465 0.0 0.0    60 161161  2 0 0 0.25 0
10   10.60198100 -066.98125100 xxx 165.92   465 0.0 0.0    60 161161  2 0 0 0.25 0
10   10.59946700 -067.00533700 xxx  88.14  4879 0.0 0.0  1327 101101  2 0 0 0.25 0
10   10.60102200 -067.00742900 xxx  88.14  2879 0.0 0.0   327 101101  2 0 0 0.25 0
10   10.59607200 -067.00443700 xxx  88.14  3879 0.0 0.0   627 101101  2 0 0 0.25 0
10   10.59726700 -067.00443700 xxx  88.14  2879 0.0 0.0   412 101101  2 0 0 0.25 0
10   10.60128500 -066.99796500 xxx  88.14  1410 0.0 0.0    60 161161  2 0 0 0.25 0
10   10.59993400 -066.98346700 xxx  75.92  5260 0.0 0.0   412 101101  2 0 0 0.25 0
10   10.59772500 -066.98776300 xxx  75.92  1879 0.0 0.0   412 101101  2 0 0 0.25 0
10   10.59823700 -066.99561200 xxx 108.92   465 0.0 0.0    60 161161  2 0 0 0.25 0
10   10.59770600 -066.99377000 xxx  75.92   879 0.0 0.0   412 101101  2 0 0 0.25 0
10   10.59772100 -066.99582400 xxx 108.92   879 0.0 0.0   353 101101  2 0 0 0.25 0
10   10.59823700 -066.99699400 xxx 165.92   379 0.0 0.0   212 101101  2 0 0 0.25 0
10   10.60245600 -066.99639500 xxx  36.00   151 0.0 0.0    66 101101  2 0 0 0.25 0
10   10.60237000 -066.99886900 xxx  36.00   151 0.0 0.0    66 101101  2 0 0 0.25 0
10   10.60122800 -066.99636700 xxx  36.00   151 0.0 0.0    66 101101  2 0 0 0.25 0
10   10.60140000 -066.99657400 xxx  36.00   151 0.0 0.0    66 101101  2 0 0 0.25 0
10   10.60269400 -066.99664600 xxx  36.00   151 0.0 0.0    66 101101  2 0 0 0.25 0
10   10.60114200 -066.99855900 xxx  36.00   151 0.0 0.0    66 101101  2 0 0 0.25 0
10   10.60152500 -066.99906800 xxx  36.00   151 0.0 0.0    66 101101  2 0 0 0.25 0
10   10.60402800 -066.99644700 xxx  36.00   151 0.0 0.0    66 101101  2 0 0 0.25 0
10   10.60259700 -066.99098400 xxx  36.00   151 0.0 0.0    66 101101  2 0 0 0.25 0
10   10.60417100 -066.99103600 xxx  36.00   151 0.0 0.0    66 101101  2 0 0 0.25 0
10   10.60287700 -066.99122800 xxx  36.00   151 0.0 0.0    66 101101  2 0 0 0.25 0
10   10.60286600 -066.99096100 xxx 312.00   151 0.0 0.0    66 101101  2 0 0 0.25 0
10   10.60417700 -066.99130400 xxx 312.00   151 0.0 0.0    66 101101  2 0 0 0.25 0
10   10.60260800 -066.99121700 xxx 312.00   177 0.0 0.0    66 101101  2 0 0 0.25 0
10   10.59898400 -066.99025600 xxx 312.00   151 0.0 0.0    66 101101  2 0 0 0.25 0
10   10.59935700 -066.99011600 xxx 312.00   151 0.0 0.0    66 101101  2 0 0 0.25 0
10   10.59927600 -066.99033200 xxx  36.00   151 0.0 0.0    66 101101  2 0 0 0.25 0
10   10.59842900 -066.99266700 xxx  27.00   151 0.0 0.0    66 101101  2 0 0 0.25 0
10   10.59907600 -066.99003500 xxx  21.00   177 0.0 0.0    66 101101  2 0 0 0.25 0
10   10.59877200 -066.99628700 xxx  36.00   151 0.0 0.0    66 101101  2 0 0 0.25 0
10   10.59920200 -066.99652800 xxx  36.00   151 0.0 0.0    66 101101  2 0 0 0.25 0
10   10.59925900 -066.99629200 xxx 308.80   151 0.0 0.0    66 101101  2 0 0 0.25 0
10   10.59872400 -066.99648900 xxx 312.00   151 0.0 0.0    66 101101  2 0 0 0.25 0
10   10.60145400 -066.99636900 xxx 308.80   151 0.0 0.0    66 101101  2 0 0 0.25 0
10   10.60119400 -066.99654200 xxx 308.80   151 0.0 0.0    66 101101  2 0 0 0.25 0
10   10.60133600 -066.99854400 xxx 308.80   112 0.0 0.0    66 101101  2 0 0 0.25 0
10   10.60154400 -066.99885200 xxx 326.80   151 0.0 0.0    66 101101  2 0 0 0.25 0
10   10.60237700 -066.99908300 xxx 308.80   151 0.0 0.0    66 101101  2 0 0 0.25 0
10   10.60243800 -066.99661400 xxx 308.80   151 0.0 0.0    66 101101  2 0 0 0.25 0
10   10.60269400 -066.99643100 xxx 308.80   151 0.0 0.0    66 101101  2 0 0 0.25 0
10   10.60401400 -066.99664800 xxx 308.80   151 0.0 0.0    66 101101  2 0 0 0.25 0
10   10.60382000 -067.00297700 xxx 311.80   151 0.0 0.0    66 101101  2 0 0 0.25 0
10   10.60250500 -067.00270300 xxx 311.80   151 0.0 0.0    66 101101  2 0 0 0.25 0
10   10.60227700 -067.00290000 xxx 311.80   151 0.0 0.0    66 101101  2 0 0 0.25 0
10   10.60140200 -067.00266000 xxx 311.80   151 0.0 0.0    66 101101  2 0 0 0.25 0
10   10.60382900 -067.00274100 xxx  41.80   151 0.0 0.0    66 101101  2 0 0 0.25 0
10   10.60249000 -067.00289600 xxx  41.80   151 0.0 0.0    66 101101  2 0 0 0.25 0
10   10.60228700 -067.00267400 xxx  41.80   151 0.0 0.0    66 101101  2 0 0 0.25 0
10   10.60139300 -067.00287600 xxx  41.80   151 0.0 0.0    66 101101  2 0 0 0.25 0
10   10.60359200 -067.01211100 xxx  47.80   217 0.0 0.0   157 101101  2 0 0 0.25 0
10   10.60194800 -067.01207600 xxx  41.80   151 0.0 0.0    66 101101  2 0 0 0.25 0
10   10.60353200 -067.01237700 xxx 134.80   184 0.0 0.0   112 101101  2 0 0 0.25 0
10   10.60220600 -067.01207600 xxx 134.80   151 0.0 0.0    66 101101  2 0 0 0.25 0
10   10.60111100 -067.01202800 xxx 134.80   151 0.0 0.0    66 101101  2 0 0 0.25 0
10   10.59806400 -066.99443400 xxx  56.80   151 0.0 0.0    66 101101  2 0 0 0.25 0
10   10.59791800 -066.99484400 xxx 122.80   151 0.0 0.0    66 101101  2 0 0 0.25 0
10   10.60240800 -066.98149200 xxx 122.80   151 0.0 0.0    66 101101  2 0 0 0.25 0
10   10.60162500 -066.98103400 xxx 122.80   151 0.0 0.0    66 101101  2 0 0 0.25 0
10   10.60251400 -066.98124100 xxx 215.80   151 0.0 0.0    66 101101  2 0 0 0.25 0
10   10.60153900 -066.98127400 xxx 215.80   151 0.0 0.0    66 101101  2 0 0 0.25 0
10   10.60359700 -066.97679300 xxx 209.80   151 0.0 0.0    66 101101  2 0 0 0.25 0
10   10.60263200 -066.97683200 xxx 209.80   151 0.0 0.0    66 101101  2 0 0 0.25 0
10   10.60220200 -066.97671600 xxx 209.80   151 0.0 0.0    66 101101  2 0 0 0.25 0
10   10.60353100 -066.97705800 xxx 119.80   151 0.0 0.0    66 101101  2 0 0 0.25 0
10   10.60243400 -066.97677400 xxx 119.80   151 0.0 0.0    66 101101  2 0 0 0.25 0
10   10.60476800 -066.97223000 xxx 119.80   151 0.0 0.0    66 101101  2 0 0 0.25 0
10   10.60479500 -066.97198100 xxx 215.80   151 0.0 0.0    66 101101  2 0 0 0.25 0
10   10.60420400 -066.97201900 xxx 204.92   111 0.0 0.0    60 161161  2 0 0 0.25 0
10   10.60400400 -066.97218100 xxx 231.92   111 0.0 0.0    60 161161  2 0 0 0.25 0
10   10.60392100 -066.97240900 xxx 267.92   111 0.0 0.0    60 161161  2 0 0 0.25 0
10   10.60439000 -066.97358800 xxx  98.80   223 0.0 0.0    46 101101  2 0 0 0.25 0
10   10.60450100 -066.97327100 xxx 200.80   151 0.0 0.0    66 101101  2 0 0 0.25 0
10   10.60471700 -066.97242000 xxx  92.80   223 0.0 0.0    26 101101  2 0 0 0.25 0
10   10.60286600 -066.98872700 xxx 255.92   111 0.0 0.0    60 161161  2 0 0 0.25 0
10   10.60295800 -066.98845000 xxx 246.92   111 0.0 0.0    60 161161  2 0 0 0.25 0
10   10.60436000 -066.98652800 xxx 146.80   151 0.0 0.0   131 101101  2 0 0 0.25 0
10   10.60441300 -066.98590200 xxx  77.80   446 0.0 0.0    66 101101  2 0 0 0.25 0
10   10.60441800 -066.98694700 xxx  98.80   335 0.0 0.0    66 101101  2 0 0 0.25 0
10   10.60357800 -067.01161500 xxx  76.70   440 0.0 0.0    66 101101  2 0 0 0.25 0
10   10.60501100 -066.98112700 xxx  88.14   217 0.0 0.0   157 101101  2 0 0 0.25 0
10   10.60428000 -067.01219200 xxx  88.14   413 0.0 0.0   157 101101  2 0 0 0.25 0
10   10.60499000 -066.98139000 xxx  58.14    59 0.0 0.0   157 101101  2 0 0 0.25 0
10   10.60494900 -066.98143000 xxx  31.14    59 0.0 0.0   157 101101  2 0 0 0.25 0
10   10.60492300 -066.98143900 xxx 358.14    52 0.0 0.0   157 101101  2 0 0 0.25 0
10   10.60500600 -066.98083800 xxx 112.14    59 0.0 0.0   157 101101  2 0 0 0.25 0
10   10.60499900 -066.98083100 xxx 331.14    59 0.0 0.0   157 101101  2 0 0 0.25 0
10   10.60494400 -066.98081600 xxx 358.14    59 0.0 0.0   157 101101  2 0 0 0.25 0
10   10.60396300 -067.01228400 xxx 178.14   176 0.0 0.0    60 161161  2 0 0 0.25 0
10   10.60428600 -067.01147200 xxx 144.94    66 0.0 0.0   164 101101  2 0 0 0.25 0
10   10.60442700 -067.01149900 xxx 178.14    66 0.0 0.0   190 101101  2 0 0 0.25 0
10   10.60432300 -067.01173000 xxx 174.94    59 0.0 0.0   157 101101  2 0 0 0.25 0
14   10.59685200 -067.00386100    0 0 Tower Viewpoint
15   10.60073800 -067.00485900   0.00 Custom Startup Location
15   10.59937200 -066.98676400   0.00 Custom Startup Location
18   10.59746600 -066.99279600 1 BCN
19   10.60129800 -066.98412800 1 Windsock
19   10.60318900 -067.00051300 1 Windsock
52 11950 CLD
53 12190 GND
54 11840 MAIQUETIA TWR
55 12040 MAIQUETIA APP
56 11840 MAIQUETIA DEP
1       10 1 1 SVHG HIGUEROTE
100   29.87   1   0 0.25 0 0 0 07   10.46057500 -066.09787200    0.00    0.00 2  0 0 0 25   10.46432800 -066.08764400    0.00    0.00 2  0 0 0
110   1 0.30  69.54 Default taxiway for RWY 07
111  10.46045118 -066.09782502   3 
111  10.45981945 -066.09758530   3 
111  10.46357261 -066.08735741   3 
111  10.46420434 -066.08759714 
112  10.46411036 -066.08785325  10.46415525 -066.08772440   3 
111  10.46400414 -066.08766705   3 
112  10.46380266 -066.08759060  10.46365155 -066.08753326   3 
111  10.46360456 -066.08766131   3 
111  10.46184546 -066.09245512   3 
111  10.46235126 -066.09264706 
111  10.46230427 -066.09277511   3 
111  10.46179847 -066.09258317   3 
112  10.46003936 -066.09737697  10.45999237 -066.09750503   3 
111  10.46014348 -066.09756237   3 
112  10.46034496 -066.09763883  10.46049607 -066.09769617   3 
113  10.46054516 -066.09756891 
120 Default hold RWY 07 (near)
111  10.46019723 -066.09772865   4 
115  10.46024422 -066.09760060 
120 Default hold RWY 07 (centre)
111  10.46205032 -066.09267874   4 
115  10.46209731 -066.09255069 
120 Default hold RWY 07 (far)
111  10.46390340 -066.08762883   4 
115  10.46395039 -066.08750077 
19   10.46085879 -066.09827146 1 WS
19   10.46404419 -066.08724455 1 WS
54 12190 TWR
54 11820 TWR
1      574 1 1 SVMP METROPOLITANO
100   29.87   1   0 0.25 0 0 0 08   10.13175600 -066.79415000    0.00    0.00 2  0 0 0 26   10.13458100 -066.78149700   97.54    0.00 2  0 0 0
110   1 0.30  77.22 Default taxiway for RWY 08
111  10.13162712 -066.79412030   3 
111  10.13096954 -066.79396879   3 
111  10.13379478 -066.78131589   3 
111  10.13445236 -066.78146741 
112  10.13439290 -066.78173372  10.13442043 -066.78160006   3 
111  10.13426314 -066.78156381   3 
112  10.13405342 -066.78151549  10.13389613 -066.78147925   3 
111  10.13386640 -066.78161241   3 
111  10.13252811 -066.78760597   3 
111  10.13305461 -066.78772728 
111  10.13302488 -066.78786043   3 
111  10.13249838 -066.78773912   3 
112  10.13116008 -066.79373268  10.13113035 -066.79386584   3 
111  10.13128764 -066.79390208   3 
112  10.13149736 -066.79395040  10.13165465 -066.79398665   3 
113  10.13168658 -066.79385399 
120 Default hold RWY 08 (near)
111  10.13136277 -066.79405939   4 
115  10.13139250 -066.79392624 
120 Default hold RWY 08 (centre)
111  10.13276053 -066.78779952   4 
115  10.13279026 -066.78766637 
120 Default hold RWY 08 (far)
111  10.13415828 -066.78153965   4 
115  10.13418801 -066.78140650 
19   10.13208977 -066.79450692 1 WS
19   10.13424722 -066.78114010 1 WS
53 12190 GND
54 12200 TWR
1     2145 1 1 SVCS OSCAR MACHADO ZULOAGA
100   29.87   1   0 0.25 0 3 0 10   10.28724200 -066.82530600    0.00    0.00 3 11 0 0 28   10.28593600 -066.80713300    0.00    0.00 2  0 0 0
21   10.28734684 -066.82250299  1  94.18   3.00 10  VASI
21   10.28576258 -066.80898001  1 274.18   3.00 28  VASI
110   1 0.30  94.18 Default taxiway for RWY 10
111  10.28711019 -066.82531578   3 102 
111  10.28643770 -066.82536568   3 102 
111  10.28513221 -066.80719260   3 102 
111  10.28580470 -066.80714270 
112  10.28582427 -066.80741518  10.28581224 -066.80727911   3 102 
111  10.28565138 -066.80729104   3 102 
112  10.28543690 -066.80730696  10.28527604 -066.80731889   3 102 
111  10.28528583 -066.80745513   3 102 
111  10.28591411 -066.81620107   3 102 
111  10.28645255 -066.81616112 
111  10.28646234 -066.81629736   3 102 
111  10.28592390 -066.81633731   3 102 
112  10.28655218 -066.82508325  10.28656196 -066.82521949   3 102 
111  10.28672282 -066.82520756   3 102 
112  10.28693730 -066.82519164  10.28709816 -066.82517971   3 102 
113  10.28709062 -066.82504330 
120 Default hold RWY 10 (near)
111  10.28683985 -066.82533584   4 
115  10.28683006 -066.82519960 
120 Default hold RWY 10 (centre)
111  10.28619200 -066.81631742   4 
115  10.28618221 -066.81618118 
120 Default hold RWY 10 (far)
111  10.28554414 -066.80729900   4 
115  10.28553436 -066.80716276 
18   10.28752761 -066.81615004 1 BCN
19   10.28766372 -066.82554864 1 WS
19   10.28551426 -066.80689038 1 WS
53 12170 GND
54 11800 CARACAS TWR
55 11920 CHARALLAVE APP