1       18 1 0 VTSE Chumphon
100   45.11   1   0 0.25 0 3 1 06   10.70645300  099.35337200    0.00   60.05 2  0 0 0 24   10.71594700  099.37003900    0.00   60.05 3  7 0 0
21   10.70770263  099.35475200  2  59.90   3.00 06  PAPI-4L
21   10.71428812  099.36794024  2 239.90   3.00 24  PAPI-4L
10   10.71294300  099.35820800 xxx  59.90  1600 0.0 0.0    80 101101  1 0 0 0.25 0
10   10.71053400  099.35714000 xxx 149.90  1100 0.0 0.0    50 101101  1 0 0 0.25 0
10   10.71314700  099.35961900 xxx  59.90   650 0.0 0.0   300 161161  2 0 0 0.35 0
10   10.71227000  099.36103800 xxx 149.90   800 0.0 0.0    90 161161  2 0 0 0.35 0
10   10.71100700  099.35916100 xxx 149.90   739 0.0 0.0    90 161161  1 0 0 0.35 0
10   10.71134500  099.36158800 xxx  14.90   171 0.0 0.0   170 101101  1 0 0 0.25 0
10   10.71022500  099.35962700 xxx  14.90   171 0.0 0.0   170 101101  1 0 0 0.25 0
10   10.71611600  099.36959100 xxx  59.90   200 0.0 0.0   130 101101  1 0 0 0.25 0
10   10.70691500  099.35343900 xxx  59.90   200 0.0 0.0   130 101101  1 0 0 0.25 0
10   10.71582200  099.36930100 xxx  19.90   200 0.0 0.0   110 101101  1 0 0 0.25 0
10   10.70700900  099.35384400 xxx  99.90   200 0.0 0.0   110 101101  1 0 0 0.25 0
10   10.71208200  099.35869600 xxx   4.90   200 0.0 0.0   100 161161  1 0 0 0.25 0
10   10.71236400  099.35882600 xxx  59.90   150 0.0 0.0    90 161161  1 0 0 0.35 0
10   10.70924900  099.35790300 xxx  14.90   101 0.0 0.0   100 101101  1 0 0 0.25 0
10   10.71351300  099.36068000 xxx  59.90   100 0.0 0.0   100 161161  1 0 0 0.25 0
10   10.71392500  099.36043500 xxx  59.90   100 0.0 0.0   100 161161  1 0 0 0.25 0
10   10.71312800  099.36040500 xxx 104.90   100 0.0 0.0    90 161161  2 0 0 0.25 0
10   10.71254500  099.35895500 xxx 194.90   100 0.0 0.0    90 161161  1 0 0 0.35 0
10   10.71384400  099.36029100 xxx  59.90    50 0.0 0.0    40 161161  2 0 0 0.25 0
10   10.71344000  099.36053500 xxx  59.90    50 0.0 0.0    40 161161  2 0 0 0.25 0
14   10.71441000  099.36025200   30 0 ATC Tower
15   10.71297100  099.35897800  59.00 Platform
18   10.71190200  099.36129000 1 BCN
19   10.70715500  099.35295900 1 WS
19   10.71524500  099.37045300 1 WS
53 12215 GND
54 12215 TWR
55 11975 APP
55 12960 APP
1      100 0 0 VTSD Chumphon West
100   14.94   3   0 0.00 0 0 0 6    10.50425481  099.08280148    0.00    0.00 0  0 0 0 24   10.50658391  099.08719031    0.00    0.00 0  0 0 0
110   3 0.00  61.60 grassfield
112  10.50658391  099.08719031  10.50661645  099.08717608 
111  10.50658391  099.08719031 
112  10.50658391  099.08719031  10.50663157  099.08716971 
112  10.50670073  099.08713646  10.50670318  099.08708908 
112  10.50650489  099.08673343  10.50645830  099.08666361 
112  10.50618965  099.08631575  10.50609750  099.08617571 
111  10.50618965  099.08631575 
114  10.50618965  099.08631575  10.50615133  099.08634008 
14   10.50659472  099.08682003    6 0 Chumphon W Viewpoint
15   10.50662051  099.08705423 209.86 Chumphon W Start
19   10.50623549  099.08675070 0 Chumphon W Windsock