1       82 0 1 MRAO AEROTORTUGUERO
100   12.19   1   0 0.25 0 0 0 02   10.41573900 -083.61104200    0.00    0.00 2  0 0 0 20   10.42445300 -083.60867800    0.00    0.00 2  0 0 0
110   1 0.30  14.94 Default taxiway for RWY 02
111  10.41572544 -083.61099032   3 
111  10.41565415 -083.61071864   3 
111  10.42436816 -083.60835470   3 
111  10.42443945 -083.60862639 
112  10.42433344 -083.60865514  10.42438586 -083.60863856   3 
111  10.42436889 -083.60857388   3 
112  10.42434626 -083.60848765  10.42432929 -083.60842298   3 
111  10.42427629 -083.60843735   3 
111  10.42005180 -083.60958337   3 
111  10.42010895 -083.60980116 
111  10.42005594 -083.60981554   3 
111  10.41999879 -083.60959775   3 
112  10.41577430 -083.61074377  10.41572130 -083.61075815   3 
111  10.41573827 -083.61082282   3 
112  10.41576090 -083.61090905  10.41577787 -083.61097373   3 
113  10.41583145 -083.61096156 
120 Default hold RWY 02 (near)
111  10.41569657 -083.61088032   4 
115  10.41574958 -083.61086594 
120 Default hold RWY 02 (centre)
111  10.42002707 -083.60970554   4 
115  10.42008008 -083.60969116 
120 Default hold RWY 02 (far)
111  10.42435757 -083.60853077   4 
115  10.42441058 -083.60851639 
19   10.41567542 -083.61123244 1 WS
19   10.42451658 -083.60848756 1 WS
1        3 0 1 MRBC BARRA DEL COLORADO
100   11.89   1   0 0.25 0 0 0 16   10.77308100 -083.58684400    0.00    0.00 2  0 0 0 34   10.76439200 -083.58438300    0.00    0.00 2  0 0 0
110   1 0.30 164.45 Default taxiway for RWY 16
111  10.77306726 -083.58689425   3 
111  10.77299497 -083.58715873   3 
111  10.76430598 -083.58469765   3 
111  10.76437827 -083.58443318 
112  10.76448133 -083.58446237  10.76442920 -083.58444997   3 
111  10.76441200 -083.58451292   3 
112  10.76438905 -083.58459684  10.76437185 -083.58465979   3 
111  10.76442338 -083.58467439   3 
111  10.76863905 -083.58586844   3 
111  10.76869700 -083.58565642 
111  10.76874853 -083.58567101   3 
111  10.76869058 -083.58588303   3 
112  10.77290625 -083.58707708  10.77295778 -083.58709168   3 
111  10.77297498 -083.58702873   3 
112  10.77299793 -083.58694480  10.77301513 -083.58688186   3 
113  10.77296420 -083.58686506 
120 Default hold RWY 16 (near)
111  10.77303799 -083.58700137   4 
115  10.77298646 -083.58698677 
120 Default hold RWY 16 (centre)
111  10.76871926 -083.58577812   4 
115  10.76866773 -083.58576353 
120 Default hold RWY 16 (far)
111  10.76440053 -083.58455488   4 
115  10.76434900 -083.58454029 
19   10.77322671 -083.58671717 1 WS
19   10.76424629 -083.58450983 1 WS
1       79 0 1 MRDC DUACARI 2
100   11.89   1   0 0.25 0 0 0 09   10.35161700 -083.63490300    0.00   25.30 2  0 0 0 27   10.35137200 -083.62610300    0.00    0.00 2  0 0 0
110   1 0.30  91.62 Default taxiway for RWY 09
111  10.35156578 -083.63490447   3 
111  10.35129620 -083.63491222   3 
111  10.35105132 -083.62611221   3 
111  10.35132090 -083.62610446 
112  10.35132392 -083.62621317  10.35132016 -083.62615888   3 
111  10.35125600 -083.62616072   3 
112  10.35117046 -083.62616318  10.35110630 -083.62616503   3 
111  10.35110781 -083.62621939   3 
111  10.35122647 -083.63048351   3 
111  10.35144258 -083.63047729 
111  10.35144410 -083.63053164   3 
111  10.35122799 -083.63053786   3 
112  10.35134665 -083.63480199  10.35134816 -083.63485634   3 
111  10.35141232 -083.63485449   3 
112  10.35149786 -083.63485203  10.35156202 -083.63485019   3 
113  10.35156276 -083.63479577 
120 Default hold RWY 09 (near)
111  10.35145660 -083.63490761   4 
115  10.35145509 -083.63485326 
120 Default hold RWY 09 (centre)
111  10.35133492 -083.63053478   4 
115  10.35133340 -083.63048043 
120 Default hold RWY 09 (far)
111  10.35121323 -083.62616195   4 
115  10.35121172 -083.62610760 
19   10.35177905 -083.63500713 1 WS
19   10.35120994 -083.62599888 1 WS
1       56 0 0 MREC EL CARMEN DE SIQUIRRES
100   10.06   1   0 0.25 0 0 0 08   10.20120000 -083.47676100    0.00    0.00 2  0 0 0 26   10.20286400 -083.46757200    0.00    0.00 2  0 0 0
110   1 0.30  79.57 Default taxiway for RWY 08
111  10.20115770 -083.47675309   3 
111  10.20093293 -083.47671107   3 
111  10.20259706 -083.46752212   3 
111  10.20282183 -083.46756414 
112  10.20280545 -083.46765459  10.20281143 -083.46760895   3 
111  10.20275801 -083.46759896   3 
112  10.20268679 -083.46758565  10.20263338 -083.46757566   3 
111  10.20262519 -083.46762089   3 
111  10.20181360 -083.47210230   3 
111  10.20199386 -083.47213600 
111  10.20198567 -083.47218123   3 
111  10.20180541 -083.47214753   3 
112  10.20099382 -083.47662894  10.20098563 -083.47667416   3 
111  10.20103904 -083.47668415   3 
112  10.20111026 -083.47669746  10.20116368 -083.47670745   3 
113  10.20117408 -083.47666264 
120 Default hold RWY 08 (near)
111  10.20106646 -083.47673603   4 
115  10.20107465 -083.47669080 
120 Default hold RWY 08 (centre)
111  10.20189443 -083.47216417   4 
115  10.20190262 -083.47211894 
120 Default hold RWY 08 (far)
111  10.20272240 -083.46759230   4 
115  10.20273059 -083.46754708 
19   10.20131581 -083.47687616 1 WS
19   10.20274819 -083.46745684 1 WS
1      883 1 1 MRGP GUAPILES
100    9.14   2   0 0.25 0 0 0 03   10.21312800 -083.80000600    0.00    0.00 2  0 0 0 21   10.22125800 -083.79399700    0.00    0.00 2  0 0 0
110   2 0.30  36.03 Default taxiway for RWY 03
111  10.21310512 -083.79997404  53 
111  10.21298279 -083.79980314  53 
111  10.22111284 -083.79379429  53 
111  10.22123517 -083.79396519 
112  10.22116863 -083.79401438  10.22120058 -083.79398794  53 
111  10.22117153 -083.79394737  53 
112  10.22113281 -083.79389327  10.22110377 -083.79385270  53 
111  10.22107050 -083.79387729  53 
111  10.21708865 -083.79682023  53 
111  10.21718678 -083.79695732 
111  10.21715351 -083.79698191  53 
111  10.21705538 -083.79684482  53 
112  10.21307354 -083.79978777  10.21304026 -083.79981236  53 
111  10.21306930 -083.79985293  53 
112  10.21310802 -083.79990703  10.21313707 -083.79994760  53 
113  10.21317167 -083.79992486 
120 Default hold RWY 03 (near)
111  10.21305539 -083.79990457  54 
115  10.21308866 -083.79987998 
120 Default hold RWY 03 (centre)
111  10.21710378 -083.79691244  54 
115  10.21713705 -083.79688785 
120 Default hold RWY 03 (far)
111  10.22115217 -083.79392032  54 
115  10.22118544 -083.79389572 
19   10.21313406 -083.80015661 1 WS
19   10.22125194 -083.79384638 1 WS
1      262 0 0 MRSG SANTA CLARA DE GUAPILES
100   10.97   1   0 0.25 0 0 0 01   10.28379200 -083.71399200    0.00    0.00 2  0 0 0 19   10.29276700 -083.71304700    0.00    0.00 2  0 0 0
110   1 0.30   5.92 Default taxiway for RWY 01
111  10.28378714 -083.71394436   3 
111  10.28376147 -083.71369252   3 
111  10.29273647 -083.71274755   3 
111  10.29276214 -083.71299939 
112  10.29266392 -083.71300973  10.29271280 -083.71300229   3 
111  10.29270670 -083.71294239   3 
112  10.29269856 -083.71286253  10.29269245 -083.71280263   3 
111  10.29264334 -083.71280780   3 
111  10.28827862 -083.71326736   3 
111  10.28829920 -083.71346929 
111  10.28825009 -083.71347446   3 
111  10.28822951 -083.71327253   3 
112  10.28386478 -083.71373210  10.28381567 -083.71373727   3 
111  10.28382178 -083.71379716   3 
112  10.28382992 -083.71387702  10.28383602 -083.71393692   3 
113  10.28388536 -083.71393402 
120 Default hold RWY 01 (near)
111  10.28377674 -083.71384226   4 
115  10.28382585 -083.71383709 
120 Default hold RWY 01 (centre)
111  10.28823969 -083.71337236   4 
115  10.28828880 -083.71336719 
120 Default hold RWY 01 (far)
111  10.29270263 -083.71290246   4 
115  10.29275174 -083.71289729 
19   10.28370904 -083.71415208 1 WS
19   10.29284996 -083.71288692 1 WS