1      108 0 1 RPUR BALER
100   29.87   2   0 0.25 0 0 0 05   15.72646100  121.49603300    0.00    0.00 2  0 0 0 23   15.73321400  121.50423300    0.00    0.00 2  0 0 0
110   2 0.30  49.45 Default taxiway for RWY 05
111  15.72636058  121.49612226  53 
111  15.72584824  121.49657767  53 
111  15.73260139  121.50477742  53 
111  15.73311373  121.50432199 
112  15.73293897  121.50410979  15.73302464  121.50421741  53 
111  15.73290209  121.50432635  53 
112  15.73273869  121.50447160  15.73261614  121.50458054  53 
111  15.73252876  121.50447444  53 
111  15.72937064  121.50063981  53 
111  15.72978085  121.50027517 
111  15.72969347  121.50016908  53 
111  15.72928326  121.50053372  53 
112  15.72612513  121.49669909  15.72603775  121.49659299  53 
111  15.72616030  121.49648406  53 
112  15.72632370  121.49633881  15.72644625  121.49622988  53 
113  15.72653534  121.49633446 
120 Default hold RWY 05 (near)
111  15.72615462  121.49630533  54 
115  15.72624200  121.49641143 
120 Default hold RWY 05 (centre)
111  15.72948751  121.50035216  54 
115  15.72957489  121.50045825 
120 Default hold RWY 05 (far)
111  15.73282039  121.50439897  54 
115  15.73290777  121.50450507 
19   15.72659262  121.49554847 1 WS
19   15.73308236  121.50471754 1 WS
1      200 1 1 RPLV FORT MAGSAYSAY
100   23.77   1   0 0.25 0 0 0 05   15.43006400  121.08559700    0.00   22.86 2  0 0 0 23   15.43925600  121.09655600    0.00    0.00 2  0 0 0
110   1 0.30  48.97 Default taxiway for RWY 05
111  15.42998500  121.08566832   3 
111  15.42957980  121.08603410   3 
111  15.43877207  121.09699263   3 
111  15.43917727  121.09662683 
112  15.43903682  121.09645940  15.43910534  121.09654465   3 
111  15.43900850  121.09663208   3 
112  15.43887938  121.09674864  15.43878254  121.09683607   3 
111  15.43871232  121.09675235   3 
111  15.43429175  121.09148238   3 
111  15.43461625  121.09118944 
111  15.43454602  121.09110572   3 
111  15.43422152  121.09139866   3 
112  15.42980095  121.08612868  15.42973072  121.08604497   3 
111  15.42982756  121.08595755   3 
112  15.42995668  121.08584099  15.43005352  121.08575357   3 
113  15.43012545  121.08583575 
120 Default hold RWY 05 (near)
111  15.42982190  121.08581555   4 
115  15.42989212  121.08589927 
120 Default hold RWY 05 (centre)
111  15.43438292  121.09125295   4 
115  15.43445315  121.09133667 
120 Default hold RWY 05 (far)
111  15.43894394  121.09669036   4 
115  15.43901417  121.09677407 
19   15.43016565  121.08521102 1 WS
19   15.43915433  121.09694200 1 WS
54 12620 TWR
54 12150 TWR
54 12345 TWR