1      130 0 1 MGBN BANANERA
100   10.06   2   0 0.25 0 0 0 09   15.47444400 -088.84166700    0.00    0.00 2  0 0 0 27   15.47250000 -088.83277800    0.00    0.00 2  0 0 0
110   2 0.30 102.78 Default taxiway for RWY 09
111  15.47440206 -088.84167687  53 
111  15.47417918 -088.84172935  53 
111  15.47223536 -088.83284027  53 
111  15.47245824 -088.83278779 
112  15.47247827 -088.83287938  15.47246605 -088.83283410  53 
111  15.47241309 -088.83284657  53 
112  15.47234247 -088.83286320  15.47228950 -088.83287567  53 
111  15.47229952 -088.83292147  53 
111  15.47324639 -088.83725152  53 
111  15.47342514 -088.83720943 
111  15.47343516 -088.83725523  53 
111  15.47325641 -088.83729732  53 
112  15.47420328 -088.84162737  15.47421330 -088.84167316  53 
111  15.47426627 -088.84166069  53 
112  15.47433689 -088.84164406  15.47438985 -088.84163159  53 
113  15.47438203 -088.84158528 
120 Default hold RWY 09 (near)
111  15.47431159 -088.84169817  54 
115  15.47430158 -088.84165237 
120 Default hold RWY 09 (centre)
111  15.47334469 -088.83727653  54 
115  15.47333467 -088.83723073 
120 Default hold RWY 09 (far)
111  15.47237778 -088.83285488  54 
115  15.47236777 -088.83280909 
19   15.47459510 -088.84172773 1 WS
19   15.47234890 -088.83271727 1 WS
1       33 1 1 MGPB PUERTO BARRIOS
100   33.53   2   0 0.25 0 0 0 12   15.73833300 -088.59371700    0.00    0.00 2  0 0 0 30   15.72341100 -088.57381400    0.00    0.00 2  0 0 0
110   2 0.30 127.91 Default taxiway for RWY 12
111  15.73821575 -088.59381187  53 
111  15.73761886 -088.59429486  53 
111  15.72269776 -088.57439036  53 
111  15.72329465 -088.57390741 
112  15.72348005 -088.57415473  15.72338558 -088.57403250  53 
111  15.72324275 -088.57414807  53 
112  15.72305231 -088.57430215  15.72290948 -088.57441772  53 
111  15.72300218 -088.57454138  53 
111  15.73023098 -088.58418447  53 
111  15.73070885 -088.58379781 
111  15.73080155 -088.58392147  53 
111  15.73032368 -088.58430813  53 
112  15.73755248 -088.59395123  15.73764518 -088.59407489  53 
111  15.73778801 -088.59395932  53 
112  15.73797845 -088.59380522  15.73812128 -088.59368965  53 
113  15.73803035 -088.59356455 
120 Default hold RWY 12 (near)
111  15.73797593 -088.59400593  54 
115  15.73788323 -088.59388227 
120 Default hold RWY 12 (centre)
111  15.73056173 -088.58411552  54 
115  15.73046903 -088.58399186 
120 Default hold RWY 12 (far)
111  15.72314753 -088.57422511  54 
115  15.72305483 -088.57410145 
19   15.73887547 -088.59367539 1 WS
19   15.72286853 -088.57385566 1 WS
54 11840 TWR