1       31 1 1 SKCV COVENAS
100   29.87   1   0 0.25 0 0 0 05   09.39702800 -075.69603300   53.34    0.00 2  0 0 0 23   09.40481900 -075.68660000   57.91    0.00 2  0 0 0
110   1 0.30  50.06 Default taxiway for RWY 05
111  09.39692667 -075.69594701   3 
111  09.39640965 -075.69550828   3 
111  09.40420078 -075.68607548   3 
111  09.40471780 -075.68651422 
112  09.40454524 -075.68672314  09.40462979 -075.68661722   3 
111  09.40450612 -075.68651227   3 
112  09.40434123 -075.68637234  09.40421756 -075.68626740   3 
111  09.40413128 -075.68637186   3 
111  09.40045141 -075.69082711   3 
111  09.40086537 -075.69117839 
111  09.40077909 -075.69128285   3 
111  09.40036513 -075.69093157   3 
112  09.39668527 -075.69538681  09.39659899 -075.69549128   3 
111  09.39672266 -075.69559622   3 
112  09.39688755 -075.69573614  09.39701122 -075.69584109   3 
113  09.39709923 -075.69573809 
120 Default hold RWY 05 (near)
111  09.39671883 -075.69577064   4 
115  09.39680511 -075.69566618 
120 Default hold RWY 05 (centre)
111  09.40057125 -075.69110648   4 
115  09.40065753 -075.69100202 
120 Default hold RWY 05 (far)
111  09.40442368 -075.68644231   4 
115  09.40450996 -075.68633785 
19   09.39716461 -075.69650428 1 WS
19   09.40468237 -075.68612871 1 WS
54 12620 BASE COVENAS TWR
1      528 1 1 SKCZ LAS BRUJAS
100   29.87   1   0 0.25 0 0 0 02   09.32636100 -075.28791400    0.00    0.00 2  0 0 0 20   09.33912500 -075.28327500   69.19    0.00 2  0 0 0
21   09.32816741 -075.28761535  2  19.73   3.00 02  PAPI-4L
110   1 0.30  19.73 Default taxiway for RWY 02
111  09.32631639 -075.28778794   3 
111  09.32608877 -075.28714473   3 
111  09.33885280 -075.28250588   3 
111  09.33908042 -075.28314910 
112  09.33882739 -075.28324106  09.33895314 -075.28319293   3 
111  09.33889869 -075.28303908   3 
112  09.33882610 -075.28283393  09.33877165 -075.28268007   3 
111  09.33864514 -075.28272605   3 
111  09.33257941 -075.28493053   3 
111  09.33276166 -075.28544553 
111  09.33263515 -075.28549150   3 
111  09.33245290 -075.28497650   3 
112  09.32638717 -075.28718098  09.32626066 -075.28722696   3 
111  09.32631511 -075.28738082   3 
112  09.32638770 -075.28758596  09.32644215 -075.28773981   3 
113  09.32656942 -075.28769597 
120 Default hold RWY 02 (near)
111  09.32622488 -075.28752937   4 
115  09.32635140 -075.28748339 
120 Default hold RWY 02 (centre)
111  09.33254364 -075.28523293   4 
115  09.33267015 -075.28518696 
120 Default hold RWY 02 (far)
111  09.33886239 -075.28293650   4 
115  09.33898891 -075.28289052 
19   09.32624409 -075.28839059 1 WS
19   09.33924191 -075.28279838 1 WS
54 11840 TWR