1      224 1 1 SVMT MATURIN
100   45.11   1   0 0.25 0 3 0 06   09.74281700 -063.16054400  208.79  252.98 2  0 0 0 24   09.75531700 -063.14625800    0.00    0.00 2  0 0 0
21   09.74553910 -063.15800466  1  48.40   3.00 06  VASI
110   1 0.30  48.40 Default taxiway for RWY 06
111  09.74266689 -063.16040878   3 102 
111  09.74190627 -063.15972358   3 102 
111  09.75440657 -063.14543809   3 102 
111  09.75516719 -063.14612331 
112  09.75489766 -063.14643132  09.75503074 -063.14627581   3 102 
111  09.75484860 -063.14611172   3 102 
112  09.75460573 -063.14589293  09.75442359 -063.14572884   3 102 
111  09.75428883 -063.14588284   3 102 
111  09.74837559 -063.15264057   3 102 
111  09.74898442 -063.15318904 
111  09.74884966 -063.15334305   3 102 
111  09.74824083 -063.15279458   3 102 
112  09.74232759 -063.15955230  09.74219282 -063.15970631   3 102 
111  09.74237496 -063.15987039   3 102 
112  09.74261783 -063.16008917  09.74279997 -063.16025325   3 102 
113  09.74293642 -063.16010076 
120 Default hold RWY 06 (near)
111  09.74236163 -063.16013379   4 
115  09.74249639 -063.15997978 
120 Default hold RWY 06 (centre)
111  09.74854440 -063.15306805   4 
115  09.74867916 -063.15291404 
120 Default hold RWY 06 (far)
111  09.75472716 -063.14600233   4 
115  09.75486193 -063.14584832 
18   09.75012966 -063.15435845 1 BCN
19   09.74300284 -063.16126223 1 WS
19   09.75513114 -063.14553976 1 WS
53 12190 GND
54 11850 TWR
1      485 0 1 SVOK ORITUPANO
100   18.29   1   0 0.25 0 0 0 08   09.06105800 -063.44949200    0.00    0.00 2  0 0 0 26   09.06191100 -063.43985600    0.00    0.00 2  0 0 0
110   1 0.30  84.88 Default taxiway for RWY 08
111  09.06097828 -063.44948476   3 
111  09.06056624 -063.44944735   3 
111  09.06141937 -063.43981137   3 
111  09.06183141 -063.43984878 
112  09.06181671 -063.44001478  09.06182182 -063.43993158   3 
111  09.06172347 -063.43992265   3 
112  09.06159233 -063.43991074  09.06149398 -063.43990182   3 
111  09.06148663 -063.43998482   3 
111  09.06107844 -063.44459531   3 
111  09.06140852 -063.44462527 
111  09.06140117 -063.44470827   3 
111  09.06107109 -063.44467831   3 
112  09.06066290 -063.44928881  09.06065555 -063.44937180   3 
111  09.06075390 -063.44938072   3 
112  09.06088504 -063.44939263  09.06098339 -063.44940156   3 
113  09.06099298 -063.44931877 
120 Default hold RWY 08 (near)
111  09.06081212 -063.44946968   4 
115  09.06081947 -063.44938668 
120 Default hold RWY 08 (centre)
111  09.06123501 -063.44469319   4 
115  09.06124236 -063.44461019 
120 Default hold RWY 08 (far)
111  09.06165790 -063.43991670   4 
115  09.06166525 -063.43983370 
19   09.06128918 -063.44968031 1 WS
19   09.06167981 -063.43966769 1 WS
1      803 0 1 SVOF SANTA BARBARA DE MONAGAS
100   17.98   1   0 0.25 0 0 0 10   09.70231400 -063.63035300    0.00    0.00 2  0 0 0 28   09.70221400 -063.62028900    0.00    0.00 2  0 0 0
110   1 0.30  90.58 Default taxiway for RWY 10
111  09.70223534 -063.63035380   3 
111  09.70182852 -063.63035796   3 
111  09.70172867 -063.62029396   3 
111  09.70213549 -063.62028980 
112  09.70213712 -063.62045397  09.70213405 -063.62037191   3 
111  09.70203695 -063.62037290   3 
112  09.70190749 -063.62037422  09.70181039 -063.62037521   3 
111  09.70181121 -063.62045730   3 
111  09.70185910 -063.62528408   3 
111  09.70218501 -063.62528075 
111  09.70218582 -063.62536284   3 
111  09.70185991 -063.62536617   3 
112  09.70190780 -063.63019295  09.70190862 -063.63027504   3 
111  09.70200572 -063.63027405   3 
112  09.70213518 -063.63027273  09.70223228 -063.63027174   3 
113  09.70223371 -063.63018962 
120 Default hold RWY 10 (near)
111  09.70207126 -063.63035548   4 
115  09.70207045 -063.63027339 
120 Default hold RWY 10 (centre)
111  09.70202174 -063.62536452   4 
115  09.70202093 -063.62528243 
120 Default hold RWY 10 (far)
111  09.70197222 -063.62037356   4 
115  09.70197141 -063.62029148 
19   09.70255700 -063.63051472 1 WS
19   09.70197100 -063.62012729 1 WS