1      280 0 1 SG65 DR JUAN PLATE
100   18.29   2   0 0.25 0 0 0 17  -22.15396100 -057.94460000    0.00    0.00 2  0 0 0 35  -22.16405000 -057.94038900    0.00    0.00 2  0 0 0
110   2 0.30 158.87 Default taxiway for RWY 17
111 -22.15398986 -057.94468061  53 
111 -22.15413901 -057.94509724  53 
111 -22.16422806 -057.94088657  53 
111 -22.16407891 -057.94046991 
112 -22.16392540 -057.94053398 -22.16400297 -057.94050422  53 
111 -22.16403857 -057.94060367  53 
112 -22.16408604 -057.94073628 -22.16412164 -057.94083573  53 
111 -22.16404488 -057.94086776  53 
111 -22.15919224 -057.94289301  53 
111 -22.15907276 -057.94255924 
111 -22.15899601 -057.94259128  53 
111 -22.15911549 -057.94292505  53 
112 -22.15426285 -057.94495030 -22.15418609 -057.94498234  53 
111 -22.15415049 -057.94488289  53 
112 -22.15410302 -057.94475029 -22.15406742 -057.94465084  53 
113 -22.15414337 -057.94461654 
120 Default hold RWY 17 (near)
111 -22.15405001 -057.94484862  54 
115 -22.15412676 -057.94481659 
120 Default hold RWY 17 (centre)
111 -22.15905616 -057.94275930  54 
115 -22.15913291 -057.94272726 
120 Default hold RWY 17 (far)
111 -22.16406231 -057.94066998  54 
115 -22.16413906 -057.94063794 
19  -22.15371848 -057.94441545 1 WS
19  -22.16429252 -057.94057355 1 WS
1      745 0 0 SNNZ Fazenda Agua Turva
100   39.93   3   0 0.00 0 0 0 01  -22.12762694 -057.10359539    0.00    0.00 0  0 0 0 19  -22.11959528 -057.10418239    0.00    0.00 0  0 0 0
130 Airport Boundary
111 -22.11821252 -057.10508138 
111 -22.12912571 -057.10428379 
111 -22.12900970 -057.10269640 
113 -22.11809651 -057.10349399 
19  -22.12357755 -057.10342976 0 Windsock
1      548 0 0 SJDW Fazenda Caranda
100   60.05   5   0 0.00 0 0 0 17  -22.12185277 -057.29171459    0.00    0.00 1  0 0 0 35  -22.13203610 -057.28717429    0.00    0.00 1  0 0 0
130 Airport Boundary
111 -22.13303104 -057.28572420 
111 -22.12010915 -057.29148550 
111 -22.12085782 -057.29316468 
113 -22.13377971 -057.28740337 
19  -22.12721442 -057.29004996 0 Windsock
1      502 0 0 SJJD Fazenda Cerro Pora
100   17.98   1   0 0.00 0 0 0 04  -22.03614083 -057.47006613    0.00    0.00 1  0 0 0 22  -22.02774806 -057.46604499    0.00    0.00 1  0 0 0
130 Airport Boundary
111 -22.02608101 -057.46605101 
111 -22.03718072 -057.47136910 
111 -22.03780789 -057.47006010 
113 -22.02670817 -057.46474201 
19  -22.03206212 -057.46780994 0 Windsock
1      289 0 0 SJOI Fazenda Jaguatirica
100   17.98   5   0 0.00 0 0 0 16  -22.02830780 -057.98453829    0.00    0.00 1  0 0 0 34  -22.03613664 -057.97935059    0.00    0.00 1  0 0 0
130 Airport Boundary
111 -22.03699260 -057.97790480 
111 -22.02664273 -057.98476303 
111 -22.02745184 -057.98598407 
113 -22.03780171 -057.97912585 
19  -22.03237271 -057.98217155 0 Windsock
1      273 0 0 SIOO Fazenda Piquiri
100   24.99   4   0 0.00 0 0 0 04  -22.02847716 -057.90505741    0.00    0.00 0  0 0 0 22  -22.01930062 -057.90049815    0.00    0.00 0  0 0 0
130 Airport Boundary
111 -22.01761935 -057.90051043 
111 -22.02948293 -057.90640473 
111 -22.03015843 -057.90504513 
113 -22.01829485 -057.89915083 
19  -22.02403830 -057.90247705 0 Windsock
1      443 0 0 SWOC Fazenda Sao Bento do Bocajah
100   38.10   5   0 0.00 0 0 0 15  -22.02305935 -057.36686603    0.00    0.00 1  0 0 0 33  -22.02749621 -057.36257841    0.00    0.00 1  0 0 0
130 Airport Boundary
111 -22.02801696 -057.36091371 
111 -22.02137781 -057.36732954 
111 -22.02253860 -057.36853073 
113 -22.02917775 -057.36211490 
19  -22.02560309 -057.36505886 0 Windsock
1      463 0 0 SDXR Fazenda Vaca Mocha
100   20.12   5   0 0.00 0 0 0 15  -22.22146239 -057.15869155    0.00    0.00 1  0 0 0 33  -22.22964874 -057.15075288    0.00    0.00 1  0 0 0
130 Airport Boundary
111 -22.23022807 -057.14914681 
111 -22.21983929 -057.15922128 
111 -22.22088305 -057.16029761 
113 -22.23127183 -057.15022314 
19  -22.22576343 -057.15493658 0 Windsock
1      410 0 0 SSZK Sao Carlos
100   29.87   5   0 0.00 0 0 0 18  -22.21071630 -057.30738768    0.00    0.00 1  0 0 0 36  -22.21872813 -057.30539011    0.00    0.00 1  0 0 0
130 Airport Boundary
111 -22.21997825 -057.30428517 
111 -22.20909377 -057.30699897 
111 -22.20946618 -057.30849261 
113 -22.22035066 -057.30577881 
19  -22.21481399 -057.30675696 0 Windsock