1        9 0 0 SDAG Angra dos Reis
100   29.87   1   0 0.00 0 0 0 10  -22.97638322 -044.31204523    0.00    0.00 1  0 0 0 28  -22.97429478 -044.30223619   60.05    0.00 1  0 0 0
110   1 0.00  77.00 Appron
111 -22.97463095 -044.30316440   1 
112 -22.97469975 -044.30302450 -22.97477735 -044.30301019   1 
112 -22.97484925 -044.30300421 -22.97488146 -044.30299944   1 
112 -22.97497243 -044.30310021 -22.97499439 -044.30317177   1 
111 -22.97508494 -044.30361938   1 
111 -22.97551809 -044.30354969   1 
111 -22.97536892 -044.30278951   1 
112 -22.97469499 -044.30288442 -22.97460085 -044.30289778   1 
113 -22.97455330 -044.30279968 
110   1 0.00  77.00 Appron
111 -22.97425918 -044.30271976   1 
112 -22.97415026 -044.30299449 -22.97407427 -044.30301565   1 
112 -22.97374841 -044.30309919 -22.97366657 -044.30311824   1 
112 -22.97350237 -044.30289174 -22.97348698 -044.30281715   1 
111 -22.97342067 -044.30249731   1 
111 -22.97271231 -044.30267776   1 
111 -22.97300661 -044.30413150   1 
111 -22.97372937 -044.30397023   1 
112 -22.97363646 -044.30346383 -22.97362153 -044.30337932   1 
112 -22.97383044 -044.30325279 -22.97389742 -044.30322608   1 
112 -22.97419144 -044.30318616 -22.97428886 -044.30320027   1 
113 -22.97439468 -044.30335616 
110   4 0.00  77.00 Dirt contour
111 -22.97625171 -044.31207827 
111 -22.97635527 -044.31251271 
112 -22.97648661 -044.31250345 -22.97653492 -044.31249296 
111 -22.97660703 -044.31245318 
113 -22.97651474 -044.31201220 
110   3 0.00  77.00 Grass 2
111 -22.97421955 -044.30297892 
111 -22.97425918 -044.30271976 
112 -22.97409052 -044.30295140 -22.97405146 -044.30297129 
112 -22.97375776 -044.30303766 -22.97373200 -044.30303416 
112 -22.97355246 -044.30287417 -22.97354156 -044.30284214 
112 -22.97347148 -044.30249687 -22.97346156 -044.30248749 
111 -22.97342067 -044.30249731 
112 -22.97350237 -044.30289174 -22.97353649 -044.30301037 
114 -22.97374841 -044.30309919 -22.97382372 -044.30308497 
110   3 0.00  77.00 Grass 1
111 -22.97425581 -044.30315493 
112 -22.97383044 -044.30325279 -22.97368803 -044.30331205 
112 -22.97363646 -044.30346383 -22.97364578 -044.30352744 
111 -22.97372937 -044.30397023 
112 -22.97377039 -044.30395301 -22.97377410 -044.30394092 
111 -22.97370909 -044.30348968 
112 -22.97376237 -044.30334688 -22.97382721 -044.30329336 
112 -22.97416966 -044.30325580 -22.97422786 -044.30325954 
113 -22.97439468 -044.30335616 
130 Airport Boundary
112 -22.97474246 -044.30695182 -22.97477698 -044.30704045 
112 -22.97490761 -044.30715913 -22.97495468 -044.30731593 
112 -22.97538803 -044.30912854 -22.97532373 -044.30920262 
112 -22.97530630 -044.30930411 -22.97533358 -044.30943110 
112 -22.97564796 -044.31106121 -22.97563543 -044.31122454 
112 -22.97547297 -044.31152408 -22.97543955 -044.31172370 
112 -22.97568046 -044.31196694 -22.97577653 -044.31204406 
112 -22.97622913 -044.31246443 -22.97638786 -044.31281830 
112 -22.97677853 -044.31308946 -22.97706535 -044.31322550 
112 -22.97680886 -044.31247758 -22.97683318 -044.31224894 
112 -22.97705257 -044.31198119 -22.97706598 -044.31170148 
112 -22.97643076 -044.31097475 -22.97636716 -044.31072583 
112 -22.97575061 -044.30717969 -22.97583148 -044.30688325 
112 -22.97635227 -044.30673417 -22.97642808 -044.30650910 
112 -22.97643979 -044.30593904 -22.97636903 -044.30567005 
112 -22.97568900 -044.30503141 -22.97565362 -044.30480634 
112 -22.97568147 -044.30418003 -22.97570674 -044.30396593 
111 -22.97614123 -044.30254276 
112 -22.97488885 -044.30180118 -22.97442407 -044.30152220 
111 -22.97391778 -044.30151128 
112 -22.97392859 -044.30221699 -22.97384908 -044.30236312 
111 -22.97259835 -044.30257040 
111 -22.97292757 -044.30426591 
114 -22.97400849 -044.30403052 -22.97416138 -044.30405044 
120 Taxiway centerline
112 -22.97349581 -044.30343459 -22.97350948 -044.30337474   1 
112 -22.97365878 -044.30320199 -22.97376370 -044.30314892 
111 -22.97365878 -044.30320199 
112 -22.97365878 -044.30320199 -22.97354206 -044.30321463   1 
116 -22.97343829 -044.30306057 -22.97338713 -044.30297636 
120 Taxiway centerline
111 -22.97432758 -044.30304095   1 
115 -22.97365878 -044.30320199 
120 Taxiway centerline
111 -22.97458890 -044.30296687   1 
112 -22.97491154 -044.30292138 -22.97497284 -044.30291113   1 
115 -22.97503612 -044.30297038 
120 White line
111 -22.97549093 -044.30341131  20 
111 -22.97542293 -044.30341643  20 
115 -22.97530299 -044.30279878 
120 White line
111 -22.97545737 -044.30341384  22 
115 -22.97533425 -044.30279441 
120 Taxiway hold
111 -22.97481506 -044.30300646   4 
115 -22.97479825 -044.30287082 
120 Taxiway hold
111 -22.97396975 -044.30304285   4 
115 -22.97400037 -044.30320398 
120 Windsock circle
112 -22.97499922 -044.30375725 -22.97500232 -044.30379636  20 
112 -22.97506301 -044.30381712 -22.97509880 -044.30381276  20 
112 -22.97511602 -044.30374513 -22.97511230 -044.30371073  20 
114 -22.97505545 -044.30368715 -22.97502378 -044.30368783  20 
19  -22.97505653 -044.30374871 0 Windsock
1       16 0 0 SDCZ Fazenda Bom Jardim
100   22.86   3   0 0.00 0 0 0 11  -22.93628665 -044.10442296    0.00    0.00 0  0 0 0 29  -22.93593557 -044.09279926    0.00    0.00 0  0 0 0
130 Airport Boundary
111 -22.93510429 -044.09118236 
111 -22.93555446 -044.10608708 
111 -22.93711793 -044.10603986 
113 -22.93666776 -044.09113514 
19  -22.93651111 -044.09859903 0 Windsock
1       10 0 1 SDIL FAZENDA PEDRA BRANCA
100   17.98   1   0 0.25 0 0 0 06  -22.90716400 -044.29231100    0.00   80.77 2  0 0 0 24  -22.89970300 -044.28561900    0.00   65.53 2  0 0 0
110   1 0.30  39.57 Default taxiway for RWY 06
111 -22.90721411 -044.29224516   3 
111 -22.90747325 -044.29190468   3 
111 -22.90001239 -044.28521233   3 
111 -22.89975325 -044.28555280 
112 -22.89987801 -044.28566471 -22.89981706 -044.28560687   3 
111 -22.89987891 -044.28552561   3 
112 -22.89996138 -044.28541727 -22.90002323 -044.28533601   3 
111 -22.90008561 -044.28539196   3 
111 -22.90366009 -044.28859825   3 
111 -22.90345249 -044.28887100 
111 -22.90351487 -044.28892695   3 
111 -22.90372247 -044.28865420   3 
112 -22.90729695 -044.29186049 -22.90735933 -044.29191645   3 
111 -22.90729748 -044.29199771   3 
112 -22.90721501 -044.29210607 -22.90715316 -044.29218733   3 
113 -22.90708935 -044.29213325 
120 Default hold RWY 06 (near)
111 -22.90731862 -044.29210784   4 
115 -22.90725624 -044.29205189 
120 Default hold RWY 06 (centre)
111 -22.90361938 -044.28878964   4 
115 -22.90355700 -044.28873369 
120 Default hold RWY 06 (far)
111 -22.89992014 -044.28547144   4 
115 -22.89985776 -044.28541548 
19  -22.90713501 -044.29262492 1 WS
19  -22.89973198 -044.28530509 1 WS
1       20 0 0 SDPA Fazenda Portobello
100   29.87   4   0 0.00 0 0 0 03  -22.93155742 -044.08058830    0.00    0.00 0  0 0 0 21  -22.92344258 -044.07941170    0.00    0.00 0  0 0 0
130 Airport Boundary
111 -22.92181895 -044.07994532 
111 -22.93296263 -044.08156108 
111 -22.93318105 -044.08005468 
113 -22.92203737 -044.07843892 
19  -22.92756270 -044.07956757 0 Windsock
1     1750 0 0 SDRF Fazenda Recanto Feliz
100   20.12   3   0 0.00 0 0 0 05  -22.74961586 -044.05271414    0.00    0.00 0  0 0 0 23  -22.74260636 -044.04895252    0.00    0.00 0  0 0 0
130 Airport Boundary
111 -22.74087320 -044.04885756 
111 -22.75065311 -044.05410590 
111 -22.75134902 -044.05280911 
113 -22.74156912 -044.04756077 
19  -22.74627916 -044.05052017 0 Windsock
1     1320 1 1 SDRS Resende
100   29.87   1   0 0.25 0 0 0 08  -22.48150000 -044.48581400    0.00    0.00 2  0 0 0 26  -22.47549400 -044.47485800    0.00    0.00 2  0 0 0
110   1 0.30  59.32 Default taxiway for RWY 08
111 -22.48161366 -044.48574103   3 
111 -22.48219358 -044.48536872   3 
111 -22.47618795 -044.47441225   3 
111 -22.47560803 -044.47478455 
112 -22.47574518 -044.47503476 -22.47567854 -044.47490842   3 
111 -22.47581725 -044.47481937   3 
112 -22.47600221 -044.47470063 -22.47614092 -044.47461158   3 
111 -22.47620950 -044.47473668   3 
111 -22.47904088 -044.47990215   3 
111 -22.47857656 -044.48020024 
111 -22.47864513 -044.48032534   3 
111 -22.47910945 -044.48002725   3 
112 -22.48194083 -044.48519272 -22.48200941 -044.48531783   3 
111 -22.48187070 -044.48540689   3 
112 -22.48168574 -044.48552563 -22.48154703 -044.48561469   3 
113 -22.48147651 -044.48549082 
120 Default hold RWY 08 (near)
111 -22.48184679 -044.48559136   4 
115 -22.48177822 -044.48546626 
120 Default hold RWY 08 (centre)
111 -22.47887826 -044.48017567   4 
115 -22.47880969 -044.48005057 
120 Default hold RWY 08 (far)
111 -22.47590973 -044.47476000   4 
115 -22.47584116 -044.47463489 
19  -22.48129036 -044.48628685 1 WS
19  -22.47570361 -044.47438515 1 WS
17      47 0 0 SDGL [H] Catedral Mundial da Fe
102 H1  -22.87888889 -044.27611111  58.52   21.03   21.03   2 0   0 0.00 1
130 Heliport Boundary
111 -22.87882789 -044.27636480 
111 -22.87914258 -044.27617211 
111 -22.87894989 -044.27585742 
113 -22.87863520 -044.27605011 
18  -22.87832512 -044.27648579 3 BCN
19  -22.87869707 -044.27606499 0 Windsock
17     402 0 0 SIJL [H] Cimento Tupi
102 H1  -22.52111111 -044.12944444 168.42   22.86   22.86   2 0   0 0.00 1
130 Heliport Boundary
111 -22.52088271 -044.12929373 
111 -22.52096039 -044.12967285 
111 -22.52133951 -044.12959516 
113 -22.52126183 -044.12921604 
18  -22.52096685 -044.12868228 3 BCN
19  -22.52122678 -044.12926916 1 Windsock
17     376 0 0 SIGQ [H] Companhia Siderurgica Nacional
102 H1  -22.49916667 -044.08111111 108.38   24.08   24.08   2 0   0 0.00 1
130 Heliport Boundary
111 -22.49891633 -044.08123658 
111 -22.49929213 -044.08136144 
111 -22.49941700 -044.08098564 
113 -22.49904120 -044.08086078 
18  -22.49844823 -044.08085273 3 BCN
19  -22.49906972 -044.08091767 1 Windsock
17     485 0 0 SDFG [H] Fazenda Guanabara
102 H1  -22.65888889 -044.46555556  78.57   24.08   24.08   3 0   0 0.00 0
130 Heliport Boundary
111 -22.65873405 -044.46578887 
111 -22.65912220 -044.46571039 
111 -22.65904372 -044.46532224 
113 -22.65865558 -044.46540072 
19  -22.65870860 -044.46543591 0 Windsock
17     535 0 0 SDXX [H] Fazenda Santa Vitoria
102 H1  -22.50944444 -044.75083333  48.67   21.03   21.03   2 0   0 0.00 0
130 Heliport Boundary
111 -22.50942774 -044.75109372 
111 -22.50970483 -044.75085003 
111 -22.50946115 -044.75057295 
113 -22.50918406 -044.75081663 
19  -22.50924757 -044.75082071 0 Windsock
17       4 0 0 SIWS [H] Hotel Portobello
102 H1  -22.94916667 -044.07444444 348.45   21.03   21.03   2 0   0 0.00 1
130 Heliport Boundary
111 -22.94938437 -044.07458827 
111 -22.94931049 -044.07422674 
111 -22.94894896 -044.07430062 
113 -22.94902284 -044.07466215 
18  -22.94929903 -044.07514778 3 BCN
19  -22.94905792 -044.07460905 1 Windsock
17      65 0 0 SJCG [H] Iate Clube Santos - Angra dos Reis
102 H1  -22.97805556 -044.43361111 188.62   24.08   24.08   3 0   0 0.00 1
130 Heliport Boundary
111 -22.97788947 -044.43338567 
111 -22.97783012 -044.43377720 
111 -22.97822164 -044.43383655 
113 -22.97828100 -044.43344502 
18  -22.97816903 -044.43279809 3 BCN
19  -22.97822976 -044.43348277 1 Windsock
17     118 0 0 SSSL [H] Ilha dos Coqueiros
102 H1  -22.99972222 -044.35250000 138.20   21.03   21.03   2 0   0 0.00 0
130 Heliport Boundary
111 -22.99946171 -044.35248543 
111 -22.99970766 -044.35276052 
111 -22.99998274 -044.35251457 
113 -22.99973679 -044.35223948 
19  -22.99973323 -044.35230302 0 Windsock
17     963 0 0 SJQU [H] Mantiqueira
102 H1  -22.33416667 -044.90416667   8.72   21.03   21.03   2 0   0 0.00 0
130 Heliport Boundary
111 -22.33432106 -044.90437701 
111 -22.33437701 -044.90401227 
111 -22.33401227 -044.90395633 
113 -22.33395633 -044.90432106 
19  -22.33400763 -044.90428341 0 Windsock
17       5 0 0 SSUH [H] Porto Frade
102 H1  -22.97000000 -044.44444444 148.62   20.42   20.42   3 0   0 0.00 0
130 Heliport Boundary
111 -22.96974938 -044.44438372 
111 -22.96993928 -044.44469506 
111 -22.97025062 -044.44450517 
113 -22.97006072 -044.44419383 
19  -22.97004574 -044.44425568 0 Windsock
17      24 0 0 SICL [H] Praia da Piraquara
102 H1  -22.98638889 -044.44277778 238.62   21.03   21.03   1 0   0 0.00 1
130 Heliport Boundary
111 -22.98645033 -044.44252419 
111 -22.98613530 -044.44271634 
111 -22.98632745 -044.44303136 
113 -22.98664247 -044.44283922 
18  -22.98695326 -044.44240387 3 BCN
19  -22.98658062 -044.44282423 1 Windsock
17      21 0 0 SJTE [H] Praia do Algodao
102 H1  -22.99111111 -044.42277778 228.60   20.12   20.12   3 0   0 0.00 0
130 Heliport Boundary
111 -22.99112709 -044.42252372 
111 -22.99085705 -044.42276179 
111 -22.99109513 -044.42303183 
113 -22.99136517 -044.42279376 
19  -22.99130165 -044.42278977 0 Windsock