1     2600 0 1 FAAL ALLDAYS
100   30.48   1   0 0.25 0 0 0 10  -22.67965300  029.04850300    0.00    0.00 2  0 0 0 28  -22.67838300  029.06253300    0.00    0.00 2  0 0 0
110   1 0.30  84.40 Default taxiway for RWY 10
111 -22.67978726  029.04851727   3 
111 -22.68047197  029.04859004   3 
111 -22.67920258  029.06262017   3 
111 -22.67851787  029.06254740 
112 -22.67854464  029.06225153 -22.67853349  029.06239971   3 
111 -22.67869729  029.06241711   3 
112 -22.67891568  029.06244032 -22.67907947  029.06245773   3 
111 -22.67909285  029.06230979   3 
111 -22.67969408  029.05566456   3 
111 -22.67914587  029.05560630 
111 -22.67915926  029.05545837   3 
111 -22.67970747  029.05551663   3 
112 -22.68030870  029.04887140 -22.68032209  029.04872346   3 
111 -22.68015830  029.04870605   3 
112 -22.67993991  029.04868284 -22.67977611  029.04866544   3 
113 -22.67976049  029.04881314 
120 Default hold RWY 10 (near)
111 -22.68006248  029.04854652   4 
115 -22.68004910  029.04869445 
120 Default hold RWY 10 (centre)
111 -22.67943448  029.05548762   4 
115 -22.67942109  029.05563555 
120 Default hold RWY 10 (far)
111 -22.67880648  029.06242872   4 
115 -22.67879309  029.06257665 
19  -22.67927029  029.04816361 1 WS
19  -22.67876569  029.06287242 1 WS
1     2200 0 0 FB27 Jwala
100   24.99   5   0 0.00 0 0 0 12  -22.04790000  029.02930000    0.00    0.00 0  0 0 0 30  -22.05210000  029.03730000    0.00    0.00 0  0 0 0
19  -22.04749558  029.02926826 1 WS
19  -22.05250442  029.03733176 1 WS
1     2150 0 0 FB31 Kgwedi
100   20.12  15   0 0.00 0 0 0 06  -22.06940000  029.09500000    0.00    0.00 0  0 0 0 24  -22.06400000  029.10500000    0.00    0.00 0  0 0 0
19  -22.06925651  029.09468369 1 WS
19  -22.06414348  029.10531631 1 WS
1     2135 0 0 FB35 Kruidfontein
100   10.06   5   0 0.00 0 0 0 18  -22.00710000  029.01260000    0.00    0.00 0  0 0 0 36  -22.01790000  029.01260000    0.00    0.00 0  0 0 0
19  -22.00700948  029.01274497 1 WS
19  -22.01799052  029.01245502 1 WS
1     2100 0 0 FB53 Nitani
100   17.98  15   0 0.00 0 0 0 06  -22.05190000  028.99640000    0.00    0.00 0  0 0 0 24  -22.04810000  029.00360000    0.00    0.00 0  0 0 0
19  -22.05177032  028.99611940 1 WS
19  -22.04822968  029.00388060 1 WS
1     3605 0 0 FB67 Santhata
100   20.12   4   0 0.00 0 0 0 12  -22.17140000  029.26920000    0.00    0.00 0  0 0 0 30  -22.17530000  029.27640000    0.00    0.00 0  0 0 0
19  -22.17107419  029.26917932 1 WS
19  -22.17562580  029.27642070 1 WS
1     1750 0 0 FB77 Talana
100   10.06   4   0 0.00 0 0 0 05  -22.21840000  029.01440000    0.00    0.00 0  0 0 0 23  -22.21490000  029.01890000    0.00    0.00 0  0 0 0
19  -22.21835532  029.01423175 1 WS
19  -22.21494468  029.01906825 1 WS
1     2333 0 1 FAVM Venetia
100   14.94   1   0 0.25 0 2 1 08  -22.45032911  029.33066802    0.00    0.00 2  0 0 0 26  -22.44582289  029.34482798    0.00    0.00 2  0 0 0
10  -22.45102100  029.33369800 xxx 160.00   400 0.0 0.0   600 161161  2 0 0 0.25 0
10  -22.45012500  029.33322000 xxx 160.00   380 0.0 0.0    80 161161  2 0 0 0.25 0
18  -22.44846700  029.33820700 1 BCN
19  -22.45018353  029.33045998 1 WS
19  -22.44596846  029.34503602 1 WS
51 12480 RDO