1      614 0 0 YMCR MANNERS CREEK STN
100   89.92   4   0 0.25 0 0 0 15  -22.09302110  137.98244447    0.00    0.00 0  0 0 0 33  -22.10306679  137.98778089    0.00    0.00 0  0 0 0
110   4 0.25   0.00 New Taxiway 11
111 -22.10701490  137.97831777 
112 -22.10703992  137.97849331 -22.10703992  137.97857433 
112 -22.10710248  137.97918199 -22.10712750  137.97947907 
112 -22.10717755  137.98045133 -22.10717755  137.98081592 
112 -22.10715253  137.98146409 -22.10715253  137.98161263 
112 -22.10700239  137.98274693 -22.10695235  137.98289547 
111 -22.10705244  137.98282795 
112 -22.10742777  137.98258489 -22.10755288  137.98247686 
112 -22.10776557  137.98231482 -22.10779060  137.98227431 
112 -22.10784064  137.98176117 -22.10784064  137.98169365 
112 -22.10789069  137.98111300 -22.10792822  137.98104548 
112 -22.10801580  137.98139658 -22.10802831  137.98150460 
112 -22.10800329  137.98172066 -22.10799078  137.98186920 
112 -22.10789069  137.98219329 -22.10780311  137.98239584 
112 -22.10771553  137.98250387 -22.10756539  137.98258489 
112 -22.10707746  137.98290897 -22.10692732  137.98301700 
112 -22.10691386  137.98326478 -22.10683866  137.98374162 
111 -22.10627546  137.98595164 
112 -22.10377068  137.99034357 -22.10360416  137.99057722 
112 -22.10288810  137.99151182 -22.10273823  137.99167358 
112 -22.10228862  137.99237452 -22.10210544  137.99269804 
111 -22.10195041  137.99384552 
111 -22.10192824  137.99434788 
111 -22.10181742  137.99542437 
111 -22.11237294  137.99569757 
111 -22.11235462  137.99591505 
111 -22.09016237  137.99517575 
111 -22.09016237  137.99507051 
111 -22.10163008  137.99542205 
111 -22.10165958  137.99532654 
112 -22.10183659  137.99414852 -22.10186609  137.99389381 
112 -22.10216110  137.99239742 -22.10233810  137.99195168 
112 -22.10325262  137.99093286 -22.10351813  137.99061447 
112 -22.10464965  137.98860301 -22.10488278  137.98817167 
112 -22.10618167  137.98588915 -22.10624828  137.98572739 
111 -22.10676451  137.98340892 
112 -22.10673120  137.98333703 -22.10669790  137.98335500 
112 -22.10624828  137.98401999 -22.10619832  137.98409188 
112 -22.10563214  137.98497254 -22.10544897  137.98527808 
112 -22.10519918  137.98556564 -22.10514922  137.98561956 
112 -22.10479952  137.98605090 -22.10473291  137.98612279 
112 -22.10431660  137.98648224 -22.10423334  137.98653616 
112 -22.10361720  137.98720115 -22.10351729  137.98725507 
111 -22.10308432  137.98752465 
111 -22.10261806  137.98721912 
112 -22.10293445  137.98666197 -22.10306767  137.98648224 
112 -22.10335076  137.98664400 -22.10355059  137.98662602 
111 -22.10345068  137.98716520 
111 -22.10403351  137.98659008 
112 -22.10438321  137.98623063 -22.10448313  137.98612279 
112 -22.10508261  137.98552969 -22.10516588  137.98536794 
112 -22.10591523  137.98412783 -22.10599850  137.98394810 
111 -22.10686442  137.98306744 
112 -22.10708090  137.98103653 -22.10709756  137.98064114 
113 -22.10694768  137.97844848 
14  -22.10760293  137.98188270    6 0 New Tower Viewpoint 11
15  -22.10326154  137.98685201   0.00 New Ramp Start 10
19  -22.10238738  137.98642630 0 New Windsock 12
1      887 0 0 YMQA Marqua
100   38.10   4   0 1.00 0 0 0 12  -22.80274383  137.24604729    0.00    0.00 0  0 0 0 30  -22.80861316  137.25547565    0.00    0.00 0  0 0 0
100   29.26   4   0 1.00 0 0 0 08  -22.80754526  137.24791090    0.00    0.00 0  0 0 0 26  -22.80688976  137.25628546    0.00    0.00 0  0 0 0
110   4 1.00 122.00 New Taxiway 21
111 -22.80787283  137.25223816 
111 -22.80809771  137.25334810 
112 -22.80799651  137.25425068 -22.80798527  137.25426288 
112 -22.80710824  137.25462880 -22.80706327  137.25462880 
111 -22.80624246  137.25477516 
111 -22.80605131  137.25384818 
113 -22.80689461  137.25286021 
14  -22.80773790  137.25284802    6 0 New Tower Viewpoint 104
15  -22.80665848  137.25381159 224.25 New Ramp Start 102
19  -22.80647858  137.25440925 0 New Windsock 103
1      574 0 0 YTMY Tobermorey
100   31.09   4   0 0.25 0 0 0 09  -22.25578680  137.95007396    0.00    0.00 0  0 0 0 27  -22.25591843  137.95912756    0.00    0.00 0  0 0 0
100   41.15   4   0 0.25 0 0 0 18  -22.25596117  137.95882840    0.00    0.00 0  0 0 0 36  -22.26366529  137.95875022    0.00    0.00 0  0 0 0
110   4 1.00  90.90 New Taxiway 19
111 -22.26331661  137.96486340 
112 -22.25720507  137.96034302 -22.25683786  137.96017297 
112 -22.25603785  137.95994624 -22.25586736  137.95994624 
111 -22.25552637  137.95983288 
111 -22.25511604  137.94797705 
111 -22.25620803  137.94790174 
111 -22.25627773  137.94980959 
111 -22.26447927  137.94878036 
112 -22.26427016  137.94910670 -22.26408429  137.94910670 
112 -22.26354991  137.94918201 -22.26324788  137.94925732 
111 -22.25632420  137.95016104 
111 -22.25646360  137.95711467 
112 -22.25692073  137.95745843 -22.25712270  137.95770783 
112 -22.25696401  137.95806634 -22.25684860  137.95817545 
111 -22.25676204  137.95831574 
111 -22.25816140  137.95859631 
111 -22.25813255  137.95878336 
112 -22.25859419  137.95946920 -22.25833451  137.95967184 
112 -22.25739680  137.95976536 -22.25712270  137.95973419 
112 -22.25661778  137.95953155 -22.25648794  137.95954714 
112 -22.25640138  137.95965625 -22.25641581  137.95973419 
111 -22.25651679  137.95990565 
112 -22.25742565  137.96026416 -22.25752664  137.96034210 
114 -22.26332389  137.96468056 -22.26351143  137.96485202 
14  -22.25553861  137.95798938    6 0 New Tower Viewpoint 13
15  -22.25625872  137.95921102 358.41 New Ramp Start 11
19  -22.25554534  137.95853475 0 New Windsock 12
51 12670 CTAF
1      640 0 0 YURL URLAMPE
100   32.92   4   0 0.25 0 0 0 16  -22.45188062  137.71930567    0.00    0.00 0  0 0 0 34  -22.46250710  137.72305331    0.00    0.00 0  0 0 0
110   4 0.25   0.00 New Taxiway 47
111 -22.45416907  137.72019819 
111 -22.45395472  137.72071038 
112 -22.45411548  137.72093264 -22.45420480  137.72103895 
111 -22.45427625  137.72119357 
111 -22.46437469  137.72648769 
111 -22.46430985  137.72652277 
111 -22.45041422  137.71937553 
111 -22.45066738  137.71932417 
111 -22.45330236  137.72077878 
112 -22.45373853  137.72060452 -22.45390628  137.72052465 
113 -22.45400694  137.72011079 
14  -22.45297226  137.72033348    6 0 New Tower Viewpoint 39
15  -22.45379395  137.72082634 262.87 New Ramp Start 37
19  -22.45510687  137.72119357 0 New Windsock 38