1       30 0 0 YGPE GLEN PRARIE
100   59.13   4   0 0.25 0 0 0 2   -22.61655685  149.94522185    0.00    0.00 0  0 0 0 20  -22.60488956  149.95067757    0.00    0.00 0  0 0 0
110   4 0.25   0.00 New Taxiway 1
111 -22.60569337  149.95051880 
111 -22.60576094  149.95125073 
111 -22.60537241  149.95141542 
111 -22.60576094  149.95258652 
111 -22.61060917  149.95558747 
112 -22.61140313  149.95578875 -22.61163963  149.95578875 
111 -22.61584365  149.95608645 
112 -22.61619268  149.95605621 -22.61634625  149.95602596 
111 -22.62301865  149.95459602 
111 -22.62345786  149.94927089 
111 -22.62318758  149.94654428 
111 -22.62058709  149.94424126 
112 -22.62031775  149.94437093 -22.62024041  149.94445214 
112 -22.61894112  149.94508408 -22.61828274  149.94482475 
112 -22.61795354  149.94401435 -22.61894112  149.94271770 
112 -22.62025789  149.94255562 -22.62109584  149.94252320 
112 -22.62095277  149.94308110 -22.62091830  149.94324429 
111 -22.62080667  149.94404046 
111 -22.62325833  149.94649738 
112 -22.62353754  149.94931592 -22.62353754  149.94964590 
112 -22.62305526  149.95466428 -22.62300449  149.95473302 
111 -22.61605569  149.95615944 
112 -22.61091023  149.95580994 -22.61056121  149.95571920 
111 -22.60566501  149.95263664 
113 -22.60508144  149.95085675 
14  -22.61907475  149.94394149    6 0 New Tower Viewpoint 3
15  -22.60556872  149.95095844   0.00 New Ramp Start 1
19  -22.60502298  149.95000984 0 New Windsock 2
1      364 1 0 AU34 Gordon
100   32.92   4   0 0.25 0 0 0 3   -22.99593150  149.31748346    0.00    0.00 0  0 0 0 21  -22.98836895  149.32399827    0.00    0.00 0  0 0 0
110   4 0.25   0.00 New Taxiway 4
111 -22.99268610  149.32015756 
112 -22.99270966  149.31999122 -22.99268021  149.31995284 
112 -22.99254476  149.31995284 -22.99249765  149.31995284 
111 -22.99227975  149.31981209 
111 -22.99245053  149.31962017 
112 -22.99263310  149.31982489 -22.99269199  149.31986327 
112 -22.99276266  149.31980570 -22.99279211  149.31980570 
112 -22.99295701  149.31970974 -22.99305124  149.31965216 
113 -22.99324558  149.31965856 
110   4 0.25   0.00 New Taxiway 1
111 -22.99193751  149.31259295 
111 -22.99239945  149.31311562 
112 -22.99253490  149.31342909 -22.99261735  149.31355704 
111 -22.99394831  149.31538668 
112 -22.99455729  149.31581986 -22.99478461  149.31601571 
112 -22.99550576  149.31678206 -22.99552143  149.31680760 
112 -22.99639152  149.31787198 -22.99643071  149.31792307 
112 -22.99706789  149.31871237 -22.99719178  149.31882773 
111 -22.99764752  149.31926994 
111 -22.99764309  149.31929397 
112 -22.99716965  149.31887099 -22.99711213  149.31881812 
111 -22.99616968  149.31766453 
112 -22.99609003  149.31772221 -22.99605021  149.31776066 
112 -22.99599712  149.31790486 -22.99595729  149.31799138 
112 -22.99587323  149.31811155 -22.99580686  149.31816922 
111 -22.99080837  149.32254904 
112 -22.99054970  149.32275339 -22.99051051  149.32275339 
111 -22.99032238  149.32278745 
111 -22.98879386  149.32492464 
111 -22.98873115  149.32470326 
112 -22.98895063  149.32453296 -22.98899767  149.32446484 
112 -22.98935824  149.32401357 -22.98939743  149.32392842 
112 -22.98967178  149.32358783 -22.98972665  149.32351971 
111 -22.99022832  149.32277894 
112 -22.99039293  149.32273636 -22.99042428  149.32273636 
112 -22.99055754  149.32269379 -22.99056538  149.32269379 
111 -22.99584608  149.31804020 
112 -22.99596916  149.31782908 -22.99598212  149.31775871 
112 -22.99604690  149.31767426 -22.99608577  149.31766723 
111 -22.99612464  149.31763908 
111 -22.99600155  149.31744907 
112 -22.99578129  149.31741389 -22.99572947  149.31743500 
111 -22.99343492  149.31942264 
112 -22.99332310  149.31944233 -22.99323848  149.31943905 
112 -22.99312062  149.31939637 -22.99305414  149.31935370 
112 -22.99266428  149.31925849 -22.99259780  149.31927491 
112 -22.99225490  149.31959450 -22.99223662  149.31960245 
112 -22.99203550  149.31955478 -22.99198065  149.31949520 
112 -22.99204281  149.31937603 -22.99210497  149.31933233 
112 -22.99224027  149.31921316 -22.99228050  149.31918933 
111 -22.99218542  149.31899469 
111 -22.99209035  149.31892716 
111 -22.99226587  149.31873251 
112 -22.99235729  149.31900660 -22.99235729  149.31901058 
112 -22.99238654  149.31910591 -22.99240483  149.31911386 
112 -22.99251453  149.31913769 -22.99254378  149.31912577 
112 -22.99260595  149.31907413 -22.99261326  149.31899866 
112 -22.99274125  149.31884771 -22.99277050  149.31883579 
111 -22.99288021  149.31879210 
111 -22.99308133  149.31902249 
112 -22.99319469  149.31926480 -22.99324222  149.31929261 
112 -22.99339215  149.31936014 -22.99345797  149.31933233 
111 -22.99347991  149.31932439 
111 -22.99574971  149.31734157 
112 -22.99572026  149.31714676 -22.99569082  149.31712757 
111 -22.99568493  149.31712117 
111 -22.99480154  149.31786968 
111 -22.99392405  149.31659018 
111 -22.99403594  149.31651981 
111 -22.99488988  149.31748583 
112 -22.99497822  149.31748583 -22.99501355  149.31746024 
111 -22.99550236  149.31705720 
112 -22.99552592  149.31694204 -22.99548469  149.31688447 
111 -22.99519023  149.31655180 
112 -22.99500178  149.31646223 -22.99488399  149.31645583 
112 -22.99441874  149.31649422 -22.99434807  149.31644304 
111 -22.99412428  149.31621913 
112 -22.99423618  149.31608478 -22.99424795  149.31605919 
112 -22.99438341  149.31594403 -22.99441874  149.31594403 
112 -22.99456597  149.31597602 -22.99460131  149.31598882 
111 -22.99470142  149.31600801 
111 -22.99395317  149.31546134 
111 -22.99390088  149.31542201 
111 -22.99252138  149.31350577 
112 -22.99235648  149.31322428 -22.99235059  149.31317310 
112 -22.99232115  149.31314112 -22.99230348  149.31310913 
113 -22.99176167  149.31250777 
111 -22.99472501  149.31604669 
112 -22.99441971  149.31601305 -22.99435776  149.31604188 
112 -22.99424272  149.31618608 -22.99424272  149.31619569 
112 -22.99430909  149.31633989 -22.99434891  149.31638315 
112 -22.99448608  149.31644082 -22.99461882  149.31643121 
112 -22.99496837  149.31642640 -22.99502146  149.31643121 
113 -22.99510111  149.31644563 
112 -22.99266255  149.31915956 -22.99268021  149.31917875 
112 -22.99295701  149.31917875 -22.99299234  149.31917875 
112 -22.99298645  149.31905080 -22.99296879  149.31895484 
112 -22.99279800  149.31892925 -22.99275088  149.31892925 
113 -22.99268610  149.31905080 
14  -22.99249872  149.31962473    6 0 New Tower Viewpoint 3
15  -22.99277728  149.31988511 105.39 New Ramp Start 2
19  -22.99244100  149.32010300 0 New Windsock 1
1      341 0 0 YGRN GORDON
100   42.98   4   0 0.25 0 0 0 12  -22.93515327  149.34015361    0.00    0.00 0  0 0 0 30  -22.94150941  149.34855186    0.00    0.00 0  0 0 0
110   4 0.25   0.00 New Taxiway 7
111 -22.93514498  149.34042464 
112 -22.93500196  149.34045678 -22.93493784  149.34052104 
111 -22.93360320  149.34240367 
112 -22.93361217  149.34261788 -22.93363907  149.34267630 
111 -22.93457441  149.34429484 
111 -22.93452198  149.34430433 
111 -22.93342985  149.34240696 
112 -22.93352147  149.34222481 -22.93361337  149.34213216 
111 -22.93511800  149.34011107 
111 -22.93508568  149.34006152 
111 -22.93512371  149.33999339 
113 -22.93520737  149.34014823 
110   4 0.25   0.00 New Taxiway 6
111 -22.93388571  149.33669383 
111 -22.93522161  149.33610943 
111 -22.93550994  149.33678775 
112 -22.93567332  149.33703820 -22.93573099  149.33714256 
112 -22.93565410  149.33741389 -22.93559644  149.33751824 
111 -22.93541383  149.33764347 
112 -22.93526967  149.33787305 -22.93523122  149.33791480 
111 -22.93504862  149.33826961 
111 -22.93536578  149.33895836 
112 -22.93542344  149.33959494 -22.93527928  149.33986627 
111 -22.93425092  149.34125421 
112 -22.93372233  149.34165076 -22.93359739  149.34169251 
112 -22.93317834  149.34184009 -22.93310614  149.34192634 
112 -22.93310614  149.34213803 -22.93314224  149.34218507 
111 -22.93658512  149.34835373 
112 -22.93696888  149.34889670 -22.93702702  149.34897247 
111 -22.93850599  149.35062672 
111 -22.93850599  149.35071296 
111 -22.93831103  149.35056399 
111 -22.93689418  149.34899153 
112 -22.93661172  149.34860692 -22.93654447  149.34849008 
111 -22.93601334  149.34758095 
112 -22.93589881  149.34762118 -22.93584828  149.34770897 
112 -22.93563943  149.34808571 -22.93560574  149.34812229 
111 -22.93357255  149.35066541 
111 -22.93357255  149.35060709 
111 -22.93556572  149.34811240 
112 -22.93569700  149.34785969 -22.93570894  149.34780785 
112 -22.93585216  149.34751626 -22.93586410  149.34750978 
111 -22.93589990  149.34747739 
112 -22.93589990  149.34734131 -22.93584023  149.34726356 
111 -22.93292754  149.34192106 
111 -22.93295467  149.34189161 
111 -22.93298722  149.34194462 
112 -22.93303062  149.34190339 -22.93304689  149.34186216 
112 -22.93318795  149.34171489 -22.93326390  149.34169133 
111 -22.93367550  149.34159955 
112 -22.93409964  149.34131037 -22.93416375  149.34121934 
111 -22.93531457  149.33964619 
112 -22.93540017  149.33918592 -22.93533495  149.33902659 
111 -22.93477248  149.33787590 
111 -22.93462574  149.33758823 
112 -22.93450829  149.33742604 -22.93441064  149.33744960 
111 -22.93289162  149.33807990 
111 -22.93289705  149.33802099 
113 -22.93410684  149.33749083 
14  -22.93499353  149.33800766    6 0 New Tower Viewpoint 17
15  -22.93530579  149.34013213  32.84 New Ramp Start 16
19  -22.93546321  149.33987206 0 New Windsock 15
1      559 0 0 YKRW KIERAWONGA
100   22.86   4   0 0.25 0 0 0 12  -22.50219804  149.13528755    0.00    0.00 0  0 0 0 30  -22.50836693  149.14398328    0.00    0.00 0  0 0 0
110   4 0.25   0.00 New Taxiway 2
111 -22.50515109  149.13954647 
112 -22.50498441  149.13964198 -22.50498441  149.13972688 
111 -22.50488448  149.14866278 
112 -22.50508926  149.14912405 -22.50520548  149.14922589 
111 -22.50632977  149.15055295 
112 -22.50641605  149.15079810 -22.50641605  149.15090316 
112 -22.50647003  149.15269727 -22.50647003  149.15276790 
112 -22.50639173  149.15281027 -22.50639173  149.15276790 
112 -22.50623513  149.15231589 -22.50619598  149.15227352 
112 -22.50553043  149.15180739 -22.50547823  149.15179327 
111 -22.50529553  149.15172264 
112 -22.50517809  149.15141189 -22.50509979  149.15139776 
111 -22.50490404  149.15139776 
112 -22.50483879  149.15128476 -22.50481269  149.15108701 
111 -22.50465609  149.14933550 
112 -22.50476049  149.14884112 -22.50476049  149.14882700 
111 -22.50481269  149.14844562 
111 -22.50489332  149.14004287 
112 -22.50479609  149.13956925 -22.50473126  149.13943769 
111 -22.50224166  149.13582833 
112 -22.50208337  149.13558452 -22.50207728  149.13550545 
111 -22.50200050  149.13410103 
111 -22.50207119  149.13411903 
111 -22.50213356  149.13514070 
112 -22.50218346  149.13525772 -22.50219593  149.13527572 
111 -22.50222088  149.13538824 
112 -22.50219593  149.13547825 -22.50219593  149.13554126 
112 -22.50222919  149.13570329 -22.50223335  149.13570779 
111 -22.50227909  149.13578880 
111 -22.50477935  149.13946708 
112 -22.50483972  149.13947252 -22.50487997  149.13946163 
112 -22.50491519  149.13941262 -22.50494538  149.13938539 
113 -22.50498060  149.13929825 
111 -22.50471482  149.14934390 
111 -22.50487868  149.15125811 
111 -22.50490514  149.15130312 
112 -22.50517731  149.15133585 -22.50526803  149.15135631 
111 -22.50530583  149.15143815 
111 -22.50538521  149.15166728 
112 -22.50557422  149.15173275 -22.50561202  149.15173684 
112 -22.50628110  149.15228922 -22.50631134  149.15230968 
111 -22.50642852  149.15251426 
112 -22.50635292  149.15079984 -22.50634158  149.15071801 
111 -22.50627732  149.15058298 
111 -22.50507127  149.14920061 
112 -22.50495073  149.14905564 -22.50483019  149.14891067 
111 -22.50483689  149.14872221 
112 -22.50480340  149.14899041 -22.50478045  149.14911953 
113 -22.50471982  149.14930930 
14  -22.50496785  149.15105136    6 0 New Tower Viewpoint 6
15  -22.50495546  149.13952056 232.42 New Ramp Start 4
19  -22.50478440  149.13934084 0 New Windsock 5
1       58 0 0 YSLW ST LAWRENCE
100   13.11   4   0 0.25 0 0 0 11  -22.37358062  149.45598511    0.00    0.00 0  0 0 0 29  -22.37711981  149.46487213    0.00    0.00 0  0 0 0
110   4 0.25   0.00 New Taxiway 33
111 -22.37513916  149.45981481 
111 -22.37384659  149.46015076 
111 -22.37384104  149.46008477 
111 -22.37391316  149.46007278 
111 -22.37389097  149.45985681 
111 -22.37414616  149.45980282 
111 -22.37418499  149.45993480 
111 -22.37431258  149.45989880 
111 -22.37434032  149.45995879 
113 -22.37507814  149.45977282 
110   3 0.25 113.30 New Taxiway 34
111 -22.37448991  149.45944452 
112 -22.37258332  149.45449205 -22.37254401  149.45434327 
111 -22.37257349  149.45431138 
111 -22.37322213  149.45399256 
111 -22.37815276  149.46615829 
111 -22.37736270  149.46658149 
111 -22.37487843  149.46044472 
112 -22.37467872  149.46036673 -22.37457331  149.46035473 
112 -22.37423492  149.46048671 -22.37408513  149.46049871 
112 -22.37395199  149.46024075 -22.37389652  149.46015676 
112 -22.37386323  149.45976682 -22.37386323  149.45964084 
113 -22.37407959  149.45958085 
14  -22.37421827  149.45991680    6 0 New Tower Viewpoint 35
15  -22.37405185  149.45991680  90.00 New Ramp Start 34
19  -22.37437360  149.45984481 0 New Windsock 36
1      326 0 0 YTTS TARTRUS
100   22.86   4   0 0.25 0 0 0 2   -22.95503319  149.42655863    0.00    0.00 0  0 0 0 20  -22.94965675  149.42966562    0.00    0.00 0  0 0 0
100   25.91   4   0 0.25 0 0 0 8   -22.95334749  149.42787388    0.00    0.00 0  0 0 0 26  -22.95253200  149.44328025    0.00    0.00 0  0 0 0
110   4 0.25   0.00 New Taxiway 17
112 -22.95718086  149.42626157 -22.95718086  149.42631519 
112 -22.95704919  149.42653861 -22.95704919  149.42652967 
111 -22.95713148  149.42645818 
112 -22.95713148  149.42673522 -22.95713148  149.42682458 
112 -22.95705742  149.42736079 -22.95702450  149.42749484 
111 -22.95685992  149.42777188 
111 -22.95710680  149.42775401 
111 -22.95709034  149.42819191 
112 -22.95663035  149.42820312 -22.95652154  149.42818096 
111 -22.95620189  149.42783383 
111 -22.95616788  149.42775997 
112 -22.95671877  149.42775997 -22.95686839  149.42771566 
112 -22.95697721  149.42720604 -22.95698401  149.42713218 
112 -22.95690920  149.42712480 -22.95686839  149.42711741 
112 -22.95687519  149.42694754 -22.95688879  149.42684414 
112 -22.95697721  149.42674074 -22.95696360  149.42668165 
111 -22.95681398  149.42658564 
111 -22.95568499  149.42651557 
111 -22.95569117  149.42759657 
111 -22.95562316  149.42761000 
112 -22.95561698  149.42743543 -22.95557370  149.42734814 
112 -22.95509762  149.42701914 -22.95490596  149.42693857 
111 -22.95474521  149.42698557 
112 -22.95359408  149.42766787 -22.95353788  149.42770450 
112 -22.95349291  149.42791813 -22.95344795  149.42806462 
111 -22.95316691  149.42811345 
112 -22.95301515  149.42818670 -22.95294771  149.42819891 
111 -22.95290274  149.42813176 
112 -22.95095063  149.42926865 -22.95084844  149.42932414 
111 -22.95058366  149.42960663 
112 -22.94738478  149.43408255 -22.94724264  149.43428564 
112 -22.94663667  149.43482182 -22.94631498  149.43509804 
112 -22.94615235  149.43511949 -22.94603714  149.43518204 
112 -22.94607829  149.43561098 -22.94611121  149.43599524 
112 -22.94662142  149.43770208 -22.94677778  149.43806846 
111 -22.94720570  149.43858677 
111 -22.94742444  149.43883680 
111 -22.94949731  149.44101395 
111 -22.94989293  149.44140621 
112 -22.95073931  149.44219556 -22.95091854  149.44236857 
112 -22.95129692  149.44270378 -22.95134671  149.44273622 
111 -22.95211343  149.44334175 
112 -22.95236236  149.44325524 -22.95247190  149.44320118 
111 -22.95265218  149.44318238 
111 -22.95260398  149.44360106 
112 -22.95237506  149.44360106 -22.95218229  149.44358798 
111 -22.95224253  149.44366648 
111 -22.95209795  149.44659723 
111 -22.95202566  149.44659723 
111 -22.95216192  149.44357449 
111 -22.95210431  149.44344044 
112 -22.95117441  149.44270765 -22.95091107  149.44253786 
111 -22.95007527  149.44170903 
112 -22.94733626  149.43885941 -22.94724105  149.43876340 
112 -22.94648613  149.43757436 -22.94628210  149.43721248 
112 -22.94600028  149.43536208 -22.94600028  149.43524433 
111 -22.94583160  149.43523124 
111 -22.94473520  149.43545366 
111 -22.94474724  149.43538824 
112 -22.94599876  149.43508698 -22.94635723  149.43498966 
111 -22.94708411  149.43431926 
111 -22.94902686  149.43162273 
111 -22.94909915  149.43151806 
111 -22.94934012  149.42977790 
111 -22.94920758  149.42972557 
111 -22.94902686  149.42955548 
112 -22.94897866  149.42929380 -22.94906300  149.42920221 
111 -22.94921963  149.42929380 
112 -22.94906300  149.42918913 -22.94895457  149.42913679 
111 -22.94894252  149.42890128 
112 -22.94918349  149.42874428 -22.94923168  149.42869194 
111 -22.94941241  149.42873119 
111 -22.95008712  149.42479295 
111 -22.95014736  149.42477987 
111 -22.94945315  149.42930521 
112 -22.94959255  149.42938090 -22.94963238  149.42943497 
111 -22.94966225  149.42953229 
112 -22.94975187  149.42977018 -22.94978174  149.42980262 
111 -22.94988132  149.42975937 
112 -22.95060821  149.42931602 -22.95064804  149.42928359 
111 -22.95080735  149.42928359 
111 -22.95558189  149.42643670 
112 -22.95689626  149.42649077 -22.95698588  149.42650158 
111 -22.95712528  149.42625287 
113 -22.95728460  149.42492283 
111 -22.95559744  149.42654346 
111 -22.95550223  149.42654346 
111 -22.95486973  149.42692752 
112 -22.95535941  149.42707524 -22.95548183  149.42718602 
111 -22.95564505  149.42734112 
113 -22.95563145  149.42660255 
110   4 0.25   0.00 New Taxiway 16
111 -22.94971763  149.42975864 
111 -22.94942021  149.42973198 
112 -22.94943554  149.42936575 -22.94945087  149.42934910 
112 -22.94955307  149.42933246 -22.94963482  149.42941014 
113 -22.94974724  149.42952667 
110   4 0.25   0.00 New Taxiway 20
111 -22.95306631  149.42801338 
111 -22.95300127  149.42770062 
111 -22.95317779  149.42760477 
112 -22.95317779  149.42780151 -22.95320566  149.42785700 
113 -22.95328927  149.42785700 
14  -22.95359814  149.42842410    6 0 New Tower Viewpoint 45
15  -22.95304536  149.42806090 180.00 New Ramp Start 43
19  -22.95302678  149.42851490 0 New Windsock 44