1      630 1 1 LFEH Aubigny sur Nere
100   20.12   1   0 0.25 0 0 0 06   47.47849400  002.38890000   89.92    0.00 2  0 0 0 24   47.48305900  002.40056200   79.86    0.00 2  0 0 0
110   1 0.30  59.92 Default taxiway for RWY 06
111  47.47841762  002.38896547   3 
111  47.47802405  002.38930280   3 
111  47.48258964  002.40096383   3 
111  47.48298321  002.40062646 
112  47.48289246  002.40039468  47.48293589  002.40051224   3 
111  47.48284190  002.40059281   3 
112  47.48271658  002.40070023  47.48262259  002.40078080   3 
111  47.48257721  002.40066491   3 
111  47.48040785  002.39512412   3 
111  47.48072310  002.39485391 
111  47.48067773  002.39473802   3 
111  47.48036248  002.39500823   3 
112  47.47819312  002.38946745  47.47814774  002.38935156   3 
111  47.47824173  002.38927100   3 
112  47.47836705  002.38916358  47.47846104  002.38908302   3 
113  47.47850837  002.38919725 
120 Default hold RWY 06 (near)
111  47.47825902  002.38910140   4 
115  47.47830439  002.38921729 
120 Default hold RWY 06 (centre)
111  47.48051913  002.39487396   4 
115  47.48056450  002.39498985 
120 Default hold RWY 06 (far)
111  47.48277924  002.40064652   4 
115  47.48282461  002.40076241 
19   47.47863823  002.38846682 1 WS
19   47.48291472  002.40099519 1 WS
1      580 1 1 LFOA AVORD
100   45.11   1   0 0.25 0 3 0 06   47.04794700  002.61176900    0.00  399.90 3  0 0 1 24   47.06352800  002.65184400    0.00  402.03 3 12 0 1
21   47.04877184  002.61270223  2  60.27   3.00 06  PAPI-4L
21   47.06152174  002.64786810  2 240.30   3.00 24  PAPI-4L
110   1 0.30  60.27 Default taxiway for RWY 06
111  47.04777269  002.61191508   3 102 
111  47.04688939  002.61265530   3 102 
111  47.06247738  002.65271885   3 102 
111  47.06336068  002.65197841 
112  47.06315937  002.65146103  47.06325807  002.65172136   3 102 
111  47.06304655  002.65189867   3 102 
112  47.06276452  002.65213509  47.06255300  002.65231240   3 102 
111  47.06245234  002.65205371   3 102 
111  47.05490998  002.63266868   3 102 
111  47.05561701  002.63207609 
111  47.05551636  002.63181740   3 102 
111  47.05480933  002.63240999   3 102 
112  47.04726696  002.61302497  47.04716631  002.61276627   3 102 
111  47.04737783  002.61258901   3 102 
112  47.04765986  002.61235267  47.04787138  002.61217541   3 102 
113  47.04797399  002.61243246 
120 Default hold RWY 06 (near)
111  47.04741820  002.61221215   4 
115  47.04751885  002.61247084 
120 Default hold RWY 06 (centre)
111  47.05516187  002.63211451   4 
115  47.05526252  002.63237321 
120 Default hold RWY 06 (far)
111  47.06290554  002.65201688   4 
115  47.06300619  002.65227557 
18   47.05697460  002.63076581 4 BCN
19   47.04827450  002.61080847 1 WS
19   47.06320016  002.65280456 1 WS
54 12210 TWR
55 11970 APP
55 12210 APP
1      529 1 1 LFLD Bourges
100   45.11   1   0 0.25 0 1 0 06   47.05656700  002.35988100    0.00    0.00 2  0 0 1 24   47.06378300  002.37733300  129.85    0.00 2  0 0 1
21   47.05784379  002.36183384  2  58.74   3.00 06  PAPI-4L
21   47.06190033  002.37391295  2 238.75   3.00 24  PAPI-4L
110   1 0.30  58.74 Default taxiway for RWY 06
111  47.05639542  002.36003391   3 102 
111  47.05552595  002.36080871   3 102 
111  47.06274328  002.37825848   3 102 
111  47.06361275  002.37748357 
112  47.06340207  002.37697421  47.06350548  002.37723060   3 102 
111  47.06329727  002.37741617   3 102 
112  47.06301966  002.37766359  47.06281145  002.37784916   3 102 
111  47.06270611  002.37759448   3 102 
111  47.05936079  002.36950631   3 102 
111  47.06005675  002.36888608 
111  47.05995141  002.36863140   3 102 
111  47.05925545  002.36925163   3 102 
112  47.05591014  002.36116346  47.05580480  002.36090878   3 102 
111  47.05601301  002.36072323   3 102 
112  47.05629062  002.36047584  47.05649883  002.36029030   3 102 
113  47.05660610  002.36054327 
120 Default hold RWY 06 (near)
111  47.05604648  002.36034486   4 
115  47.05615182  002.36059954 
120 Default hold RWY 06 (centre)
111  47.05960247  002.36894237   4 
115  47.05970781  002.36919705 
120 Default hold RWY 06 (far)
111  47.06315847  002.37753988   4 
115  47.06326381  002.37779456 
18   47.06139010  002.36752312 1 BCN
19   47.05687684  002.35890778 1 WS
19   47.06347301  002.37830625 1 WS
54 11960 INFO
1      558 0 1 LFEI Briare chatillon
100   49.99   3   0 0.25 0 0 0 14   47.61980060  002.77649218    0.00    0.00 1  0 0 0 32   47.61236940  002.78790782    0.00    0.00 1  0 0 0
19   47.62059850  002.77670743 1 WS
19   47.61157152  002.78769243 1 WS
1      580 1 0 LFGH Cosne sur Loire
100   17.98   1   0 0.00 0 0 0 10   47.36236545  002.91106994    0.00    0.00 0  0 0 0 28   47.35948747  002.92082078    0.00    0.00 0  0 0 0
102 H1   47.36125513  002.92216635   0.00   28.04   28.04   1 0   0 0.00 0
110   1 0.00  90.00 Taxiway
111  47.36038394  002.91803192 
111  47.36025704  002.91848937 
112  47.36033864  002.91836456  47.36038637  002.91835314 
111  47.36044235  002.91839492 
111  47.36075868  002.91860874 
112  47.36084363  002.91871690  47.36088980  002.91881474 
111  47.36087750  002.91892785 
111  47.36086294  002.92104479 
112  47.36086156  002.92134730  47.36085788  002.92148312 
111  47.36080360  002.92148312 
111  47.36058176  002.92148413 
111  47.36056118  002.92172587 
111  47.36081015  002.92172265 
112  47.36086006  002.92180515  47.36086006  002.92192467 
111  47.36086044  002.92203066 
112  47.36080481  002.92219940  47.36072462  002.92219940 
111  47.36061720  002.92219677 
111  47.36060890  002.92210631 
111  47.36031827  002.92211223 
111  47.36032255  002.92231950 
111  47.36079776  002.92231766 
112  47.36085815  002.92233580  47.36087474  002.92236437 
111  47.36086644  002.92240926 
111  47.36086368  002.92270314 
111  47.36120376  002.92271130 
111  47.36120652  002.92246233 
111  47.36100192  002.92245824 
112  47.36094110  002.92243375  47.36091621  002.92239294 
111  47.36092174  002.92231947 
111  47.36094835  002.91891088 
112  47.36091485  002.91866835  47.36087966  002.91860156 
111  47.36082497  002.91855913 
111  47.36047647  002.91830842 
114  47.36038775  002.91823343  47.36036104  002.91818527 
19   47.36265138  002.91099323 1 WS
19   47.35920153  002.92089743 1 WS
19   47.36163366  002.92272518 1 WS
1      308 0 1 LFEM Montargis Vimory
100   39.93   3   0 0.25 0 0 0 05   47.96369164  002.68162877    0.00    0.00 1  0 0 0 23   47.96623636  002.68542923    0.00    0.00 1  0 0 0
19   47.96381770  002.68068157 1 WS
19   47.96611027  002.68637647 1 WS
1      396 1 1 LFOZ Orleans Saint Denis
100   29.87   1   0 0.25 0 1 0 05   47.89415000  002.15733600    0.00    0.00 2  0 0 0 23   47.90165300  002.17221400    0.00    0.00 2  0 0 1
100   29.87   1   0 0.25 0 2 1 05L  47.89415186  002.15733678    0.00    0.00 2  0 0 0 23R  47.90165414  002.17221322    0.00    0.00 2  0 0 1
100   79.86   3   0 0.25 0 0 0 05R  47.89440664  002.15946432    0.00    0.00 0  0 0 0 23L  47.90014136  002.17083568    0.00    0.00 0  0 0 0
21   47.89549767  002.15918303  2  53.05   3.00 05  PAPI-4L
21   47.89549953  002.15918380  2  53.04   3.00 05L PAPI-4L
21   47.90030557  002.17036630  2 233.06   3.00 23  PAPI-4L
21   47.90030671  002.17036553  2 233.06   3.00 23R PAPI-4L
10   47.89454300  002.15724900 xxx 143.05   222 0.0 0.0    49 161161  2 0 0 0.35 0
10   47.89865800  002.16405100 xxx  53.05  4301 0.0 0.0    49 161161  2 0 0 0.35 0
10   47.89761600  002.16032700 xxx  53.05   855 0.0 0.0   485 101101  2 0 0 0.35 0
10   47.89703400  002.16193400 xxx 143.05   294 0.0 0.0    49 161161  2 0 0 0.35 0
10   47.89804700  002.16381000 xxx 143.05   294 0.0 0.0    49 161161  2 0 0 0.35 0
10   47.90182700  002.17180800 xxx 143.05   255 0.0 0.0    49 161161  2 0 0 0.35 0
10   47.89944800  002.16450700 xxx  53.05   672 0.0 0.0   295 101101  2 0 0 0.35 0
10   47.89844200  002.16198800 xxx  53.05   672 0.0 0.0   315 101101  2 0 0 0.35 0
10   47.89652000  002.16252400 xxx 143.05   156 0.0 0.0    49 101101  4 0 0 0.35 0
10   47.89749000  002.16448000 xxx 143.05   156 0.0 0.0    49 101101  4 0 0 0.35 0
10   47.89504400  002.15703600 xxx 197.15    77 0.0 0.0    49 161161  2 0 0 0.35 0
10   47.89485500  002.15699700 xxx 179.25    77 0.0 0.0    49 161161  2 0 0 0.35 0
10   47.90219600  002.17116300 xxx 266.15    77 0.0 0.0    49 161161  2 0 0 0.35 0
10   47.90215300  002.17138800 xxx 125.15    77 0.0 0.0    49 161161  2 0 0 0.35 0
10   47.90166100  002.17185500 xxx   0.00    98 0.0 0.0    46 101101  2 0 0 0.25 0
10   47.89832200  002.16364600 xxx   0.00    98 0.0 0.0    46 101101  2 0 0 0.25 0
10   47.89772500  002.16402200 xxx   0.00    98 0.0 0.0    46 101101  2 0 0 0.25 0
10   47.89760100  002.16450500 xxx   0.00    98 0.0 0.0    46 101101  2 0 0 0.25 0
10   47.89736300  002.16172700 xxx   0.00    98 0.0 0.0    46 101101  2 0 0 0.25 0
10   47.89673000  002.16210800 xxx   0.00    98 0.0 0.0    46 101101  2 0 0 0.25 0
10   47.89660900  002.16256900 xxx   0.00    98 0.0 0.0    46 101101  2 0 0 0.25 0
10   47.89644100  002.15944400 xxx   0.00    98 0.0 0.0    46 101101  2 0 0 0.25 0
10   47.89440200  002.15735300 xxx   0.00    98 0.0 0.0    46 101101  2 0 0 0.25 0
10   47.89447100  002.15753200 xxx 276.00   118 0.0 0.0    59 101101  2 0 0 0.25 0
10   47.89683600  002.16232400 xxx 279.00    98 0.0 0.0    46 101101  2 0 0 0.25 0
10   47.89726600  002.16153500 xxx 279.00    98 0.0 0.0    46 101101  2 0 0 0.25 0
10   47.89650900  002.16239500 xxx 279.00    98 0.0 0.0    46 101101  2 0 0 0.25 0
10   47.89823500  002.16347400 xxx 279.00    98 0.0 0.0    46 101101  2 0 0 0.25 0
10   47.89781200  002.16424000 xxx 279.00    98 0.0 0.0    46 101101  2 0 0 0.25 0
10   47.89749200  002.16434600 xxx 279.00    98 0.0 0.0    46 101101  2 0 0 0.25 0
10   47.89974800  002.16591100 xxx 279.00    98 0.0 0.0    46 101101  2 0 0 0.25 0
10   47.90163900  002.17177900 xxx 201.00   131 0.0 0.0    59 101101  2 0 0 0.25 0
10   47.90152200  002.17158100 xxx 216.00   138 0.0 0.0    33 101101  2 0 0 0.25 0
10   47.89455300  002.15780600 xxx 258.00   171 0.0 0.0    26 101101  2 0 0 0.25 0
14   47.89860500  002.16187600    0 0 Tower Viewpoint
15   47.89716800  002.16053600   0.00 Custom Startup Location
18   47.89833100  002.16429300 1 Rotating Beacon
19   47.89685200  002.16156900 1 Windsock
54 12240 INFO
1      430 0 1 LFFV Vierzon Mereau
100   99.97   3   0 0.25 0 0 0 22   47.19699439  002.06937505    0.00    0.00 1  0 0 0 04   47.19244961  002.06395895    0.00    0.00 1  0 0 0
19   47.19684424  002.07175187 1 WS
19   47.19259965  002.06158236 1 WS