1     1690 1 1 LOGK Kapfenberg
100   29.87   3   0 0.25 0 0 0 07   47.45707318  015.32625076    0.00    0.00 1  0 0 0 25   47.45892682  015.33374924    0.00    0.00 1  0 0 0
19   47.45735955  015.32567257 1 WS
19   47.45864040  015.33432741 1 WS
1     2575 1 1 LOGL Lanzen-Turnau
100   29.87   3   0 0.25 0 0 0 07   47.55604215  015.32111768    0.00    0.00 1  0 0 0 25   47.55795785  015.32888232    0.00    0.00 1  0 0 0
19   47.55632854  015.32053841 1 WS
19   47.55767143  015.32946157 1 WS
1     2820 1 1 LOGM Mariazell
100   29.87   1   0 0.25 0 0 0 33   47.78688943  015.30469388    0.00    0.00 2  0 0 0 15   47.79311057  015.29930612    0.00    0.00 2  0 0 0
110   1 0.30 329.81 Default taxiway for RWY 33
111  47.78695589  015.30486389   3 
111  47.78729497  015.30573132   3 
111  47.79351624  015.30034433   3 
111  47.79317716  015.29947679 
112  47.79294481  015.29967799  47.79306211  015.29958029   3 
111  47.79314322  015.29978780   3 
112  47.79325136  015.30006448  47.79333247  015.30027200   3 
111  47.79321630  015.30037259   3 
111  47.79039610  015.30281461   3 
111  47.79012461  015.30212004 
111  47.79000844  015.30222064   3 
111  47.79027993  015.30291521   3 
112  47.78745973  015.30535722  47.78734355  015.30545782   3 
111  47.78726244  015.30525033   3 
112  47.78715430  015.30497368  47.78707319  015.30476619   3 
113  47.78718824  015.30466269 
120 Default hold RWY 33 (near)
111  47.78709220  015.30521260   4 
115  47.78720837  015.30511200 
120 Default hold RWY 33 (centre)
111  47.79014475  015.30256937   4 
115  47.79026092  015.30246877 
120 Default hold RWY 33 (far)
111  47.79319729  015.29992614   4 
115  47.79331347  015.29982554 
19   47.78645431  015.30437636 1 WS
19   47.79354571  015.29962364 1 WS
1     1297 1 1 LOGW Weiz Unterfladnitz
100   29.87   3   0 0.25 0 0 0 18   47.17398036  015.66497509    0.00    0.00 1  0 0 0 36   47.17001964  015.66502491    0.00    0.00 1  0 0 0
19   47.17425261  015.66556486 1 WS
19   47.16974739  015.66443519 1 WS