1      100 0 1 WN47 Bear Valley Skyranch
100   24.38   3   0 0.25 0 0 0 04   47.07942317 -123.27607747    0.00    0.00 1  0 0 0 22   47.08298905 -123.26700753    0.00    0.00 1  0 0 0
19   47.07959849 -123.27659823 1 WS
19   47.08281369 -123.26648677 1 WS
1      273 0 1 KSHN SANDERSON FLD
100   30.48   1   0 0.25 0 2 0 05   47.23097800 -123.15687800    0.00    0.00 2  0 0 0 23   47.23613900 -123.13821100    0.00    0.00 2  0 0 1
21   47.23515005 -123.14048015  2 247.85   3.00 23  PAPI-4L
110   1 0.30  67.84 Default taxiway for RWY 05
111  47.23085307 -123.15680306   3 102 
111  47.23021590 -123.15642086   3 102 
111  47.23537842 -123.13775564   3 102 
111  47.23601559 -123.13813787 
112  47.23591211 -123.13851197  47.23596176 -123.13832367   3 102 
111  47.23580934 -123.13823224   3 102 
112  47.23560612 -123.13811032  47.23545370 -123.13801889   3 102 
111  47.23540196 -123.13820594   3 102 
111  47.23295005 -123.14707092   3 102 
111  47.23346020 -123.14737694 
111  47.23340846 -123.14756400   3 102 
111  47.23289831 -123.14725798   3 102 
112  47.23044639 -123.15612295  47.23039466 -123.15631000   3 102 
111  47.23054708 -123.15640143   3 102 
112  47.23075030 -123.15652333  47.23090272 -123.15661476   3 102 
113  47.23095654 -123.15642896 
120 Default hold RWY 05 (near)
111  47.23059695 -123.15664943   4 
115  47.23064869 -123.15646238 
120 Default hold RWY 05 (centre)
111  47.23315234 -123.14741036   4 
115  47.23320408 -123.14722330 
120 Default hold RWY 05 (far)
111  47.23570773 -123.13817128   4 
115  47.23575947 -123.13798423 
18   47.23444771 -123.14808119 1 BCN
19   47.23125558 -123.15748067 1 WS
19   47.23586132 -123.13760836 1 WS
50 11927 ASOS
51 12280 CTAF/UNICOM
55 12010 SEATTLE APP/DEP
1       36 0 1 94WA Wishkah River Ranch
100   15.24   5   0 0.25 0 0 0 14   47.08700480 -123.77494890    0.00    0.00 1  0 0 0 32   47.08262296 -123.77260666    0.00    0.00 1  0 0 0
19   47.08720404 -123.77473388 1 WS
19   47.08242372 -123.77282168 1 WS
17     256 0 1 4WA7 [H] Mark Reed Hospital
102 H1   47.05898416 -123.26043084   0.00   12.19   12.19   2 2   0 0.25 0
19   47.05914874 -123.26018925 1 WS
17     278 0 1 9WA8 [H] Mason General Hospital
102 H1   47.22481638 -123.11237362   0.00   45.72   45.72   2 2   0 0.25 0
19   47.22543355 -123.11146483 1 WS