1      874 0 1 Y61  Christianson Field
100   18.29   3   0 0.25 0 0 0 36   47.32642504 -096.78423883    0.00    0.00 1  0 0 0 18   47.33351772 -096.78313895    0.00    0.00 1  0 0 0
19   47.32628716 -096.78462642 1 WS
19   47.33365559 -096.78275130 1 WS
1      899 0 1 KCKN CROOKSTON MUNI KIRKWOOD FLD
100   22.86   1   0 0.25 0 2 0 13   47.84413900 -096.62867500    0.00    0.00 2  0 0 1 31   47.83608300 -096.61589700    0.00    0.00 2  0 0 1
100   61.57   3   0 0.25 0 0 0 17   47.84591700 -096.62200800    0.00    0.00 1  0 0 0 35   47.83775000 -096.62228600    0.00    0.00 1  0 0 0
100   61.57   3   0 0.25 0 0 0 06   47.84354200 -096.62311900    0.00    0.00 1  0 0 0 24   47.84538900 -096.61506400    0.00    0.00 1  0 0 0
21   47.84312616 -096.62641331  2 133.20   3.00 13  PAPI-4L
21   47.83709610 -096.61815810  2 313.21   3.00 31  PAPI-4L
110   1 0.30 133.20 Default taxiway for RWY 13
111  47.84406566 -096.62877763   3 102 
111  47.84368912 -096.62930452   3 102 
111  47.83563383 -096.61652444   3 102 
111  47.83601037 -096.61599763 
112  47.83615120 -096.61622106  47.83607915 -096.61611163   3 102 
111  47.83598917 -096.61623752   3 102 
112  47.83586921 -096.61640536  47.83577923 -096.61653125   3 102 
111  47.83584964 -096.61664297   3 102 
111  47.83970125 -096.62275371   3 102 
111  47.84000281 -096.62233177 
111  47.84007322 -096.62244349   3 102 
111  47.83977166 -096.62286543   3 102 
112  47.84362327 -096.62897616  47.84369368 -096.62908788   3 102 
111  47.84378366 -096.62896197   3 102 
112  47.84390362 -096.62879410  47.84399360 -096.62866820   3 102 
113  47.84392483 -096.62855418 
120 Default hold RWY 13 (near)
111  47.84391406 -096.62898976   4 
115  47.84384364 -096.62887804 
120 Default hold RWY 13 (centre)
111  47.83992162 -096.62265561   4 
115  47.83985121 -096.62254388 
120 Default hold RWY 13 (far)
111  47.83592919 -096.61632144   4 
115  47.83585877 -096.61620973 
19   47.84414931 -096.62430063 1 WS
19   47.84450377 -096.62858508 1 WS
19   47.84645196 -096.62075105 1 WS
19   47.83721504 -096.62354272 1 WS
19   47.84478161 -096.61388241 1 WS
19   47.83571823 -096.61598700 1 WS
51 12270 CTAF/UNICOM
52 11815 CLNC DEL
55 11810 GRAND FORKS APP/DEP
1     1135 0 1 D14  FERTILE MUNI
100   18.29   1   0 0.25 0 1 0 14   47.55523100 -096.29559400    0.00    0.00 2  0 0 0 32   47.54859200 -096.28840600    0.00    0.00 2  0 0 0
21   47.55392728 -096.29371743  1 143.84   3.00 14  VASI
21   47.54989584 -096.29028217  1 323.85   3.00 32  VASI
110   1 0.30 143.84 Default taxiway for RWY 14
111  47.55518377 -096.29568975   3 102 
111  47.55493968 -096.29618467   3 102 
111  47.54830090 -096.28899569   3 102 
111  47.54854499 -096.28850083 
112  47.54867787 -096.28864472  47.54861011 -096.28857546   3 102 
111  47.54855184 -096.28869358   3 102 
112  47.54847416 -096.28885107  47.54841589 -096.28896919   3 102 
111  47.54848233 -096.28904115   3 102 
111  47.55163562 -096.29245576   3 102 
111  47.55183116 -096.29205932 
111  47.55189760 -096.29213127   3 102 
111  47.55170206 -096.29252772   3 102 
112  47.55485535 -096.29594233  47.55492179 -096.29601429   3 102 
111  47.55498006 -096.29589615   3 102 
112  47.55505774 -096.29573864  47.55511601 -096.29562051   3 102 
113  47.55505089 -096.29554586 
120 Default hold RWY 14 (near)
111  47.55508534 -096.29588934   4 
115  47.55501890 -096.29581740 
120 Default hold RWY 14 (centre)
111  47.55179917 -096.29233084   4 
115  47.55173273 -096.29225889 
120 Default hold RWY 14 (far)
111  47.54851300 -096.28877233   4 
115  47.54844656 -096.28870039 
18   47.55225338 -096.29131252 1 BCN
19   47.55550954 -096.29544255 1 WS
19   47.54831347 -096.28855747 1 WS
1      910 0 1 MY59 Gasper
100   18.29   3   0 0.25 0 0 0 17   47.90519607 -096.61265603    0.00    0.00 1  0 0 0 35   47.89808169 -096.61191397    0.00    0.00 1  0 0 0
19   47.90537747 -096.61230579 1 WS
19   47.89790029 -096.61226416 1 WS
1      886 0 1 MN01 Hammars Farm
100   22.86   3   0 0.25 0 0 0 36   47.27989144 -096.61754499    0.00    0.00 1  0 0 0 18   47.28671132 -096.61648835    0.00    0.00 1  0 0 0
19   47.27971895 -096.61802705 1 WS
19   47.28688381 -096.61600623 1 WS
1     1246 0 1 76MN Hemmingsen - Private
100   12.19   3   0 0.25 0 0 0 17   47.59935691 -096.02209609    0.00    0.00 1  0 0 0 35   47.59334531 -096.02131615    0.00    0.00 1  0 0 0
19   47.59948055 -096.02186713 1 WS
19   47.59322167 -096.02154508 1 WS
1      898 0 1 45MN Kaml Airstrip
100   22.86   3   0 0.25 0 0 0 32   47.92427139 -096.61203949    0.00    0.00 1  0 0 0 14   47.92789527 -096.61641885    0.00    0.00 1  0 0 0
19   47.92391818 -096.61220259 1 WS
19   47.92824848 -096.61625577 1 WS
1      885 0 1 6ND3 Lisburg
100   22.86   3   0 0.25 0 0 0 32   47.06702871 -096.93747060    0.00    0.00 1  0 0 0 14   47.07235795 -096.94380664    0.00    0.00 1  0 0 0
100   22.86   3   0 0.25 0 0 0 36   47.06628339 -096.94116482    0.00    0.00 1  0 0 0 18   47.07310327 -096.94011242    0.00    0.00 1  0 0 0
19   47.06611090 -096.94164494 1 WS
19   47.06667550 -096.93763106 1 WS
19   47.07271117 -096.94364620 1 WS
19   47.07327576 -096.93963223 1 WS
1      869 0 1 84MN Nielsville
100   15.24   3   0 0.25 0 0 0 17   47.53734298 -096.83133051    0.00    0.00 1  0 0 0 35   47.52927090 -096.83049449    0.00    0.00 1  0 0 0
19   47.53749414 -096.83104070 1 WS
19   47.52911974 -096.83078426 1 WS
1      954 0 1 D00  NORMAN CO ADA TWIN VALLEY
100   18.29   1   0 0.25 0 1 0 15   47.26429400 -096.40299400    0.00    0.00 2  0 0 0 33   47.25664200 -096.39753300    0.00    0.00 2  0 0 0
110   1 0.30 154.16 Default taxiway for RWY 15
111  47.26425911 -096.40310015   3 102 
111  47.26407876 -096.40364879   3 102 
111  47.25642689 -096.39818690   3 102 
111  47.25660724 -096.39763834 
112  47.25675536 -096.39774406  47.25668032 -096.39769419   3 102 
111  47.25663727 -096.39782513   3 102 
112  47.25657987 -096.39799971  47.25653682 -096.39813065   3 102 
111  47.25661088 -096.39818351   3 102 
111  47.26025167 -096.40078229   3 102 
111  47.26039615 -096.40034281 
111  47.26047020 -096.40039568   3 102 
111  47.26032572 -096.40083516   3 102 
112  47.26396651 -096.40343394  47.26404057 -096.40348680   3 102 
111  47.26408362 -096.40335584   3 102 
112  47.26414102 -096.40318123  47.26418407 -096.40305027   3 102 
113  47.26411099 -096.40299443 
120 Default hold RWY 15 (near)
111  47.26418638 -096.40332139   4 
115  47.26411232 -096.40326853 
120 Default hold RWY 15 (centre)
111  47.26039747 -096.40061691   4 
115  47.26032342 -096.40056404 
120 Default hold RWY 15 (far)
111  47.25660857 -096.39791242   4 
115  47.25653451 -096.39785956 
18   47.26072122 -096.39950069 1 BCN
19   47.26454974 -096.40277232 1 WS
19   47.25638628 -096.39775467 1 WS
51 12290 CTAF
55 12040 FARGO APP/DEP
1      898 0 1 MY98 Pake
100   15.24   3   0 0.25 0 0 0 17   47.04913107 -096.66600177    0.00    0.00 1  0 0 0 35   47.04190725 -096.66526047    0.00    0.00 1  0 0 0
19   47.04928223 -096.66571462 1 WS
19   47.04175609 -096.66554758 1 WS
1     1061 0 1 D81  Red Lake Falls Municipal
100   45.11   3   0 0.25 0 2 0 15   47.82813685 -096.26002725    0.00    0.00 1  0 0 0 33   47.82179759 -096.25562443    0.00    0.00 1  0 0 0
18   47.82556770 -096.25590770 1 BCN
19   47.82876214 -096.25946078 1 WS
19   47.82117233 -096.25619087 1 WS
1      903 0 1 MY64 Schjeldrup
100   24.38   3   0 0.25 0 1 0 17   47.03408381 -096.60260463    0.00    0.00 1  0 0 0 35   47.02806395 -096.60198705    0.00    0.00 1  0 0 0
18   47.03112746 -096.60117176 1 BCN
19   47.03432567 -096.60214532 1 WS
19   47.02782209 -096.60244631 1 WS
1      840 0 1 MN38 Spud Field
100   30.48   3   0 0.25 0 0 0 36   47.92143143 -096.98424291    0.00    0.00 1  0 0 0 18   47.92852411 -096.98313043    0.00    0.00 1  0 0 0
19   47.92120164 -096.98489629 1 WS
19   47.92875390 -096.98247695 1 WS
1      877 0 1 0ND2 Swenson
100   12.80   3   0 0.25 0 0 0 09   47.17246543 -096.84444753    0.00    0.00 1  0 0 0 27   47.17192067 -096.83682303    0.00    0.00 1  0 0 0
19   47.17264933 -096.84458951 1 WS
19   47.17173676 -096.83668107 1 WS
1      880 0 1 MY71 Thompson
100   27.43   3   0 0.25 0 0 0 08   47.12610764 -096.78586210    0.00    0.00 1  0 0 0 26   47.12660512 -096.77540568    0.00    0.00 1  0 0 0
19   47.12645980 -096.78626205 1 WS
19   47.12625292 -096.77500579 1 WS
17     901 0 1 MY30 [H] Compressor Station 2207
102 H1   47.24024416 -096.52562501   0.00   18.29   18.29   2 2   0 0.25 0
19   47.24049103 -096.52526139 1 WS