1     1100 0 1 MN84 Bachand
100   12.19   3   0 0.25 0 0 0 09   47.81408879 -095.89604156    0.00    0.00 1  0 0 0 27   47.81361065 -095.88790344    0.00    0.00 1  0 0 0
19   47.81426230 -095.89618297 1 WS
19   47.81343713 -095.88776205 1 WS
1     1500 0 1 7Y4  BAGLEY MUNI
100   22.86   1   0 0.25 0 2 0 14   47.52888900 -095.36499700    0.00    0.00 2  0 0 1 32   47.52025300 -095.35639700    0.00    0.00 2  0 0 1
21   47.52756338 -095.36313971  2 146.08   3.00 14  PAPI-4L
21   47.52157875 -095.35825378  2 326.08   3.00 32  PAPI-4L
110   1 0.30 146.08 Default taxiway for RWY 14
111  47.52883285 -095.36512064   3 102 
111  47.52854458 -095.36575546   3 102 
111  47.51990890 -095.35715391   3 102 
111  47.52019717 -095.35651920 
112  47.52036788 -095.35668923  47.52028128 -095.35660699   3 102 
111  47.52021239 -095.35675866   3 102 
112  47.52012054 -095.35696088  47.52005166 -095.35711255   3 102 
111  47.52013701 -095.35719756   3 102 
111  47.52424146 -095.36128578   3 102 
111  47.52447233 -095.36077741 
111  47.52455769 -095.36086243   3 102 
111  47.52432682 -095.36137080   3 102 
112  47.52843127 -095.36545902  47.52851663 -095.36554403   3 102 
111  47.52858551 -095.36539234   3 102 
112  47.52867736 -095.36519008  47.52874625 -095.36503839   3 102 
113  47.52866214 -095.36495061 
120 Default hold RWY 14 (near)
111  47.52871679 -095.36537623   4 
115  47.52863144 -095.36529121 
120 Default hold RWY 14 (centre)
111  47.52444163 -095.36111800   4 
115  47.52435627 -095.36103298 
120 Default hold RWY 14 (far)
111  47.52016647 -095.35685977   4 
115  47.52008111 -095.35677475 
18   47.52497228 -095.35981324 1 BCN
19   47.52923116 -095.36478949 1 WS
19   47.51991086 -095.35660454 1 WS
51 12290 CTAF
1     1260 0 1 72MN Bardwell Airstrip
100   24.38   3   0 0.25 0 0 0 11   47.75431060 -095.34092357    0.00    0.00 1  0 0 0 29   47.75060106 -095.32909145    0.00    0.00 1  0 0 0
19   47.75470165 -095.34101251 1 WS
19   47.75021000 -095.32900260 1 WS
1     1277 0 1 KFSE FOSSTON MUNI
100   22.86   1   0 0.25 0 2 0 16   47.59751400 -095.77503300    0.00    0.00 2  0 0 1 34   47.58814400 -095.77194400    0.00    0.00 2  0 0 1
21   47.59582235 -095.77401819  2 167.46   3.00 16  PAPI-4L
21   47.58983567 -095.77295855  2 347.47   3.00 34  PAPI-4L
110   1 0.30 167.46 Default taxiway for RWY 16
111  47.59749216 -095.77517865   3 102 
111  47.59738004 -095.77592641   3 102 
111  47.58801008 -095.77283670   3 102 
111  47.58812220 -095.77208907 
112  47.58832302 -095.77215528  47.58822212 -095.77212543   3 102 
111  47.58819533 -095.77230408   3 102 
112  47.58815961 -095.77254228  47.58813282 -095.77272093   3 102 
111  47.58823323 -095.77275404   3 102 
111  47.59266719 -095.77421611   3 102 
111  47.59275698 -095.77361730 
111  47.59285739 -095.77365041   3 102 
111  47.59276760 -095.77424922   3 102 
112  47.59720155 -095.77571129  47.59730196 -095.77574440   3 102 
111  47.59732875 -095.77556572   3 102 
112  47.59736447 -095.77532747  47.59739126 -095.77514879   3 102 
113  47.59729134 -095.77511242 
120 Default hold RWY 16 (near)
111  47.59744702 -095.77547971   4 
115  47.59734661 -095.77544659 
120 Default hold RWY 16 (centre)
111  47.59281225 -095.77395145   4 
115  47.59271184 -095.77391834 
120 Default hold RWY 16 (far)
111  47.58817747 -095.77242318   4 
115  47.58807706 -095.77239008 
18   47.59298687 -095.77244861 1 BCN
19   47.59778150 -095.77465450 1 WS
19   47.58787651 -095.77232245 1 WS
51 12290 CTAF
1     1535 0 1 5MN2 Hoiland Field
100   45.72   3   0 0.25 0 0 0 18   47.39920595 -095.36707689    0.00    0.00 1  0 0 0 36   47.39237459 -095.36795979    0.00    0.00 1  0 0 0
19   47.39956204 -095.36611559 1 WS
19   47.39201850 -095.36892095 1 WS
1     1244 0 1 6MN5 Mahnomen County
100   45.72   3   0 0.25 0 2 0 16   47.26421302 -095.92977671    0.00    0.00 1  0 0 0 34   47.25570808 -095.92641885    0.00    0.00 1  0 0 0
18   47.26033327 -095.92604806 1 BCN
19   47.26477020 -095.92905518 1 WS
19   47.25515093 -095.92714029 1 WS
1     1170 0 1 MY42 Mathis
100   19.81   3   0 0.25 0 0 0 11   47.86500506 -095.53066104    0.00    0.00 1  0 0 0 29   47.86268660 -095.52325008    0.00    0.00 1  0 0 0
19   47.86532155 -095.53073432 1 WS
19   47.86237010 -095.52317685 1 WS
1     1204 0 1 MN42 Oak Lake Air Strip
100   15.24   3   0 0.25 0 0 0 16   47.66161944 -095.94735741    0.00    0.00 1  0 0 0 34   47.65552556 -095.94493315    0.00    0.00 1  0 0 0
19   47.66180517 -095.94711508 1 WS
19   47.65533984 -095.94517546 1 WS
1     1620 0 1 6MN0 ROONEY
100   39.62   4   0 0.25 0 0 0 18   47.06062200 -095.42270600    0.00    0.00 1  0 0 0 36   47.05048900 -095.42340600    0.00    0.00 1  0 0 0
19   47.06095304 -095.42189708 1 WS
19   47.05015795 -095.42421475 1 WS
1     1492 0 1 MN86 Sky Manor Aero Estates
100   60.96   3   0 0.25 0 0 0 13   47.04884092 -095.12715388    0.00    0.00 1  0 0 0 31   47.04274352 -095.11788780    0.00    0.00 1  0 0 0
100   45.72   3   0 0.25 0 0 0 01   47.04210072 -095.12387155    0.00    0.00 1  0 0 0 19   47.04948372 -095.12117013    0.00    0.00 1  0 0 0
19   47.04185079 -095.12489636 1 WS
19   47.04981395 -095.12689419 1 WS
19   47.04973362 -095.12014515 1 WS
19   47.04177050 -095.11814763 1 WS
16    1499 0 1 M49  [S] Jolly Fisherman
101  548.64 0 08   47.14241733 -095.53896193 26   47.14361267 -095.51887475
17    1234 0 1 MN25 [H] Mahnomen County & Village Hospital
102 H1   47.31190527 -095.97393195   0.00   12.19   12.19   2 2   0 0.25 0
19   47.31206985 -095.97368921 1 WS