1     1686 0 1 LFIF Belmont
100   20.12   1   0 0.25 0 0 1 12   43.82786900  002.73906300    0.00    0.00 2  0 0 0 30   43.82234500  002.75330900  249.94    0.00 2  0 0 0
110   1 0.30 118.25 Default taxiway for RWY 12
111  43.82779125  002.73900508   3 
111  43.82739059  002.73870665   3 
111  43.82186747  002.75295401   3 
111  43.82226813  002.75325241 
112  43.82235383  002.75303136  43.82230899  002.75314040   3 
111  43.82221331  002.75306914   3 
112  43.82208573  002.75297412  43.82199005  002.75290286   3 
111  43.82203290  002.75279234   3 
111  43.82468734  002.74594498   3 
111  43.82500827  002.74618401 
111  43.82505112  002.74607349   3 
111  43.82473019  002.74583446   3 
112  43.82738463  002.73898709  43.82742747  002.73887657   3 
111  43.82752315  002.73894784   3 
112  43.82765073  002.73904287  43.82774641  002.73911414   3 
113  43.82770556  002.73922613 
120 Default hold RWY 12 (near)
111  43.82762979  002.73888483   4 
115  43.82758694  002.73899536 
120 Default hold RWY 12 (centre)
111  43.82488966  002.74595323   4 
115  43.82484681  002.74606375 
120 Default hold RWY 12 (far)
111  43.82214952  002.75302163   4 
115  43.82210667  002.75313216 
19   43.82819400  002.73930100 1 WS
19   43.82202500  002.75307100 1 WS
1      563 1 0 LFCI Le Sequestre
100   29.87   1   0 0.00 0 1 0 09   43.91308358  002.10102509   74.98    0.00 3  0 0 2 27   43.91336642  002.12041575  170.99   70.10 2  0 0 2
21   43.91349699  002.10508694  2  89.31   3.20 09  PAPI-4L
21   43.91293648  002.11515209  2 269.33   3.50 27  PAPI-4L
110   1 0.00   0.00 New Taxiway 7
111  43.91564215  002.11631328 
111  43.91552173  002.11631819 
111  43.91536944  002.11664758 
112  43.91381115  002.11663774  43.91349949  002.11663283 
111  43.91343574  002.11601339 
111  43.91345345  002.11741449 
112  43.91380406  002.11686880  43.91412635  002.11684422 
112  43.91449113  002.11684914  43.91476029  002.11684422 
111  43.91478154  002.11722768 
111  43.91479925  002.11811750 
113  43.91564923  002.11809784 
130 Airport Boundary 1
111  43.91415128  002.10489268 
112  43.91425039  002.10067051  43.91295343  002.09966424 
111  43.91231101  002.10047644 
111  43.91234719  002.11014545 
111  43.91205625  002.11088210 
111  43.91200264  002.11342527 
111  43.91227185  002.11365026 
111  43.91230409  002.11820697 
111  43.91195440  002.11939655 
111  43.91207233  002.12055875 
111  43.91377047  002.12198278 
111  43.91464903  002.12185183 
111  43.91508857  002.12126260 
111  43.91537159  002.12068967 
111  43.91553079  002.12070604 
111  43.91770978  002.11559247 
112  43.91759390  002.11521531  43.91746818  002.11509815 
112  43.91506871  002.11530298  43.91461109  002.11530447 
111  43.91458389  002.11278836 
111  43.91453136  002.11088500 
111  43.91441236  002.11057398 
111  43.91441397  002.10612621 
113  43.91452171  002.10597069 
120 Default hold RWY 09 (far)
111  43.91398200  002.11666021   4 
115  43.91398361  002.11684677 
120 Linear Feature 9
111  43.91331532  002.11622479   1 
116  43.91383240  002.11674590  43.91434238  002.11673607 
120 Linear Feature 8
111  43.91485946  002.11721785   1 
112  43.91455878  002.11674590  43.91427084  002.11674590   1 
111  43.91382885  002.11674590   1 
116  43.91333303  002.11727684  43.91333658  002.11777829 
14   43.91573789  002.11674999   82 0 New Tower Viewpoint 1
15   43.91487081  002.11734727  90.00 New Ramp Start 1
18   43.91553100  002.11444500 1 BCN
19   43.91553100  002.10473300 0 WS
19   43.91446300  002.12415600 0 WS
54 11895 ALBI INFO
55 12385 TOULOUSE APP
55 12930 TOULOUSE APP
1      206 1 0 LFMZ Lezignan-Corbieres
100   29.87   1   0 0.25 0 0 0 08   43.17589200  002.73877300    0.00    0.00 2  0 0 0 26   43.17406000  002.72671300    0.00    0.00 2  0 0 0
110   1 0.25  78.25 Taxiway
112  43.17426600  002.72987800  43.17417800  002.72990300 
111  43.17392800  002.72997500 
111  43.17326200  002.73016100 
111  43.17317700  002.73018600 
111  43.17320500  002.73036600 
111  43.17329000  002.73034100 
111  43.17395600  002.73015500 
112  43.17429800  002.73005800  43.17438600  002.73003300 
112  43.17448300  002.73036900  43.17451800  002.73060200 
111  43.17448300  002.73036900 
111  43.17467400  002.72985600 
111  43.17435200  002.72947600 
114  43.17435200  002.72947600  43.17438300  002.72971900 
110   1 0.25  78.25 Taxiway
112  43.17400600  002.73734300  43.17402400  002.73741400 
112  43.17406000  002.73763000  43.17407800  002.73775100 
111  43.17428700  002.73913500 
111  43.17445100  002.74016000 
111  43.17445400  002.74019300 
111  43.17445800  002.74022600 
111  43.17459600  002.74023800 
111  43.17458900  002.74018200 
112  43.17458900  002.74018200  43.17458400  002.74014500 
111  43.17458300  002.74012600 
112  43.17446300  002.73936900  43.17444400  002.73924800 
112  43.17456600  002.73915000  43.17465400  002.73912500 
111  43.17529300  002.73894300 
111  43.17588500  002.73872900 
111  43.17599800  002.73864600 
111  43.17571200  002.73842900 
112  43.17571200  002.73842900  43.17573300  002.73856100 
112  43.17561100  002.73866500  43.17552300  002.73869000 
111  43.17526500  002.73876300 
112  43.17453700  002.73897000  43.17444900  002.73899500 
112  43.17437800  002.73882600  43.17436000  002.73870500 
112  43.17419000  002.73758000  43.17417200  002.73745900 
112  43.17412300  002.73723900  43.17409600  002.73713200 
112  43.17396400  002.73704200  43.17388500  002.73701700 
112  43.17376100  002.73703000  43.17370500  002.73704700 
111  43.17367700  002.73705400 
111  43.17370500  002.73713400 
111  43.17371900  002.73718600 
112  43.17378100  002.73719000  43.17382200  002.73719300 
114  43.17391100  002.73721600  43.17395600  002.73723000 
110   1 0.25  78.25 Apron
111  43.17429300  002.72727300 
111  43.17433600  002.72723000 
111  43.17438000  002.72716000 
111  43.17440100  002.72707200 
111  43.17440900  002.72695800 
111  43.17439600  002.72685700 
111  43.17435000  002.72672000 
111  43.17427900  002.72663900 
111  43.17423400  002.72661300 
111  43.17417700  002.72660900 
111  43.17391600  002.72668200 
111  43.17393100  002.72676600 
113  43.17427300  002.72727500 
110   1 0.25  78.25 Apron
111  43.17463000  002.72964800 
111  43.17472200  002.72947000 
111  43.17475400  002.72935500 
111  43.17475800  002.72926600 
111  43.17474700  002.72919100 
111  43.17472800  002.72911800 
111  43.17468200  002.72905600 
111  43.17461800  002.72902700 
111  43.17456600  002.72903100 
113  43.17452400  002.72904400 
110   1 0.25  78.25 Apron
111  43.17576000  002.73880600 
111  43.17576900  002.73886300 
111  43.17603200  002.73878800 
113  43.17602400  002.73873200 
110   1 0.25  78.25 Apron
111  43.17373200  002.73722600 
111  43.17370700  002.73706100 
111  43.17351900  002.73582100 
111  43.17307500  002.73594700 
111  43.17311800  002.73623000 
111  43.17344600  002.73613700 
111  43.17352200  002.73665700 
111  43.17324900  002.73673400 
111  43.17317400  002.73624300 
111  43.17303000  002.73628400 
111  43.17308800  002.73666600 
111  43.17291300  002.73671500 
111  43.17307500  002.73778400 
111  43.17342800  002.73768400 
111  43.17342200  002.73764100 
111  43.17369000  002.73745100 
113  43.17361000  002.73726100 
110   1 0.25  78.25 Apron
111  43.17278100  002.73114000 
111  43.17314900  002.73103500 
111  43.17308100  002.73058800 
111  43.17309100  002.73051400 
111  43.17312100  002.73044800 
111  43.17316700  002.73039300 
111  43.17322000  002.73035900 
111  43.17319600  002.73018800 
111  43.17281100  002.72997100 
111  43.17259300  002.73003100 
111  43.17260000  002.73007800 
111  43.17246700  002.73011500 
111  43.17245900  002.73006800 
111  43.17241400  002.73008100 
111  43.17244200  002.73026600 
111  43.17248600  002.73025400 
111  43.17248100  002.73021900 
111  43.17261600  002.73018100 
111  43.17263500  002.73031100 
111  43.17255800  002.73033600 
111  43.17261100  002.73067000 
113  43.17270600  002.73064300 
110   1 0.25  78.25 Apron
111  43.17445100  002.74014600 
111  43.17444500  002.74019500 
111  43.17440700  002.74029000 
111  43.17419700  002.74060300 
111  43.17405200  002.74086200 
111  43.17420500  002.74103500 
111  43.17429200  002.74084800 
111  43.17433200  002.74087400 
111  43.17444600  002.74069500 
111  43.17447100  002.74072600 
111  43.17457700  002.74056400 
111  43.17452800  002.74050200 
111  43.17457700  002.74042600 
111  43.17460100  002.74035000 
111  43.17460000  002.74024800 
113  43.17458700  002.74015600 
120 Centreline for Taxi
112  43.17377800  002.73711900  43.17382200  002.73710600  51 
112  43.17393800  002.73712900  43.17400000  002.73714800  51 
112  43.17406500  002.73729100  43.17408700  002.73738000  51 
112  43.17412500  002.73760500  43.17414300  002.73772600  51 
112  43.17432600  002.73893500  43.17434400  002.73905600  51 
112  43.17438200  002.73929700  43.17440100  002.73941700  51 
112  43.17448800  002.73996200  43.17450700  002.74008300  51 
112  43.17452200  002.74018800  43.17452500  002.74021700  51 
116  43.17451000  002.74031100  43.17450000  002.74036400 
120 Centreline for Taxi
112  43.17432600  002.73893500  43.17434400  002.73905600  51 
112  43.17448500  002.73907900  43.17457300  002.73905400  51 
112  43.17514700  002.73889000  43.17523500  002.73886500  51 
112  43.17541100  002.73881600  43.17549900  002.73879100  51 
112  43.17574600  002.73872000  43.17583400  002.73869500  51 
116  43.17584100  002.73844000  43.17581600  002.73827700 
120 Centreline for Path
112  43.17451000  002.74031100  43.17450000  002.74036400  51 
116  43.17446300  002.74043700  43.17444200  002.74046800 
120 Centreline for Taxi join
112  43.17574600  002.73872000  43.17583400  002.73869500  51 
116  43.17588100  002.73868200  43.17588200  002.73868200 
120 Centreline for Taxi
112  43.17438200  002.73929700  43.17436300  002.73917600  51 
116  43.17448500  002.73907900  43.17457300  002.73905400 
120 Path hold short
111  43.17621300  002.73860200  54 
115  43.17620900  002.73857800 
120 Path hold short
111  43.17632700  002.73856700  54 
115  43.17632300  002.73854300 
120 Taxi hold short
111  43.17529200  002.73893700  54 
115  43.17526600  002.73876900 
120 Taxi hold short
111  43.17395500  002.73014900  54 
115  43.17392900  002.72998100 
14   43.17467000  002.74051200   54 0 Lezignan-Corbieres Tower
15   43.17347100  002.73678700  78.27 GA Ramp 1
15   43.17333200  002.73682600  78.27 GA Ramp 2
15   43.17360900  002.73744200 237.48 GA Ramp 3
15   43.17345400  002.73755000 239.55 GA Ramp 4
15   43.17345200  002.73706600 344.78 GA Ramp 5
15   43.17449600  002.74056000  41.87 GA Ramp 6
15   43.17436600  002.74070300  41.87 GA Ramp 7
19   43.17410900  002.73481400 1 Windsock
19   43.17410900  002.73481400 1 Windsock
50 12120 LEZIGNAN FSS
1      788 0 0 LFCK Mazamet
100   29.87   2   0 0.25 0 3 1 14   43.56266100  002.28210300  155.14    0.00 3  0 0 1 32   43.54983900  002.29626100    0.00    0.00 2  0 0 1
21   43.56016066  002.28545212  2 141.33   3.00 14  PAPI-4L
21   43.55103675  002.29435149  2 321.34   3.00 32  PAPI-4L
10   43.55868100  002.29258000 xxx 232.00  1200 0.0 0.0   100 161161  1 0 0 0.25 0
10   43.55386700  002.29045100 xxx 142.00  1000 0.0 0.0   340 161161  1 0 0 0.25 0
10   43.56306500  002.28479000 xxx 142.00   704 0.0 0.0   100 161161  1 0 0 0.25 0
10   43.55466100  002.29205000 xxx 232.00   700 0.0 0.0   100 161161  1 0 0 0.25 0
10   43.55953600  002.29307900 xxx 232.00   610 0.0 0.0   240 161161  1 0 0 0.25 0
10   43.56342300  002.28388000 xxx 142.00   200 0.0 0.0   120 161161  1 0 0 0.25 0
10   43.54951900  002.29905900 xxx 360.00   160 0.0 0.0    67 161161  1 0 0 0.25 0
10   43.54932400  002.29915900 xxx 142.00   100 0.0 0.0   100 161161  1 0 0 0.25 0
18   43.55658300  002.28976100 1 BCN
19   43.56300000  002.28268100 0 WS
19   43.54950300  002.29568100 0 WS
54 11850 CASTRES INFO
55 12385 TOULOUSE APP
1      581 0 1 LFCQ Montdragon
100   20.12   1   0 0.25 0 0 1 10   43.77027300  002.00580000  139.90    0.00 2  0 0 0 28   43.76922000  002.01769700  199.95    0.00 2  0 0 0
110   1 0.30  96.98 Default taxiway for RWY 10
111  43.77018539  002.00578514   3 
111  43.76973392  002.00570855   3 
111  43.76868154  002.01760577   3 
111  43.76913301  002.01768235 
112  43.76915502  002.01743351  43.76914177  002.01755755   3 
111  43.76903396  002.01753926   3 
112  43.76889020  002.01751488  43.76878239  002.01749659   3 
111  43.76879340  002.01737217   3 
111  43.76929208  002.01173462   3 
111  43.76965370  002.01179596 
111  43.76966470  002.01167153   3 
111  43.76930308  002.01161019   3 
112  43.76980176  002.00597264  43.76981276  002.00584822   3 
111  43.76992057  002.00586650   3 
112  43.77006433  002.00589089  43.77017214  002.00590918   3 
113  43.77016338  002.00603398 
120 Default hold RWY 10 (near)
111  43.77000346  002.00575428   4 
115  43.76999245  002.00587870 
120 Default hold RWY 10 (centre)
111  43.76948277  002.01164067   4 
115  43.76947177  002.01176510 
120 Default hold RWY 10 (far)
111  43.76896208  002.01752707   4 
115  43.76895108  002.01765149 
19   43.77063800  002.00586200 1 WS
19   43.76886000  002.01763500 1 WS
1      581 0 1 1104 Moussoulens
100   39.93   1   0 0.25 0 2 1 11   43.28456386  002.21202155    0.00    0.00 2  0 0 0 29   43.28210214  002.22131245    0.00    0.00 2  0 0 0
110   1 0.30 110.00 Default taxiway for RWY 11
111  43.28439714  002.21193821   3 102 
111  43.28355086  002.21151515   3 102 
111  43.28108952  002.22080645   3 102 
111  43.28193580  002.22122949 
112  43.28205868  002.22076563  43.28199513  002.22099650   3 102 
111  43.28179253  002.22089523   3 102 
112  43.28152239  002.22076019  43.28131979  002.22065892   3 102 
111  43.28138123  002.22042699   3 102 
111  43.28245830  002.21636116   3 102 
111  43.28313575  002.21669981 
111  43.28319719  002.21646788   3 102 
111  43.28251974  002.21612923   3 102 
112  43.28359681  002.21206341  43.28365825  002.21183148   3 102 
111  43.28386085  002.21193276   3 102 
112  43.28413099  002.21206780  43.28433359  002.21216908   3 102 
113  43.28427426  002.21240207 
120 Default hold RWY 11 (near)
111  43.28405736  002.21176835   4 
115  43.28399592  002.21200028 
120 Default hold RWY 11 (centre)
111  43.28285741  002.21629802   4 
115  43.28279597  002.21652995 
120 Default hold RWY 11 (far)
111  43.28165746  002.22082771   4 
115  43.28159602  002.22105964 
18   43.28451352  002.21725733 1 BCN
19   43.28524000  002.21235700 1 WS
19   43.28142500  002.22097600 1 WS
1      433 1 0 LFMK Salvaza
100   45.11   1   1 0.25 0 2 1 10   43.21714000  002.29265700  146.00    0.00 3  0 0 1 28   43.21510400  002.31833500  149.96    0.00 3  0 0 1
21   43.21510700  002.31337600  2 276.20   4.00  PAPI-4L
110   1 0.25  96.20 Taxiway
112  43.21586500  002.30289100  43.21578300  002.30287900 102 
112  43.21566300  002.30286000  43.21558100  002.30284800 102 
112  43.21550000  002.30282900  43.21547300  002.30282000 102 
112  43.21546800  002.30270400  43.21547400  002.30262900 102 
111  43.21578000  002.29880600 
112  43.21580000  002.29854500  43.21580500  002.29847000 
112  43.21582500  002.29836100  43.21583600  002.29831300 102 
112  43.21588300  002.29824200  43.21591000  002.29821100 102 
112  43.21596900  002.29818300  43.21600000  002.29817400 102 
112  43.21608100  002.29816600  43.21612500  002.29816400 102 
112  43.21622800  002.29816900  43.21628300  002.29817400 102 
112  43.21628800  002.29817500  43.21634300  002.29818000 102 
112  43.21643200  002.29820100  43.21647400  002.29821300 102 
112  43.21645100  002.29877200  43.21642200  002.29914100 
111  43.21645100  002.29877200 
111  43.21690100  002.29825200 
111  43.21656200  002.29755600 
112  43.21656200  002.29755600  43.21652300  002.29792300 
112  43.21644300  002.29808900  43.21640200  002.29807700 102 
112  43.21630000  002.29806300  43.21624500  002.29805800 102 
112  43.21623000  002.29805700  43.21617500  002.29805200 102 
112  43.21607700  002.29805400  43.21602900  002.29805600 102 
112  43.21594600  002.29807500  43.21590700  002.29808700 102 
112  43.21582900  002.29815800  43.21579000  002.29820100 
112  43.21574900  002.29831700  43.21573500  002.29838000 
112  43.21571900  002.29852300  43.21571300  002.29859800 
111  43.21569800  002.29879400 102 
112  43.21538700  002.30267800  43.21538100  002.30275300 102 
112  43.21533900  002.30277700  43.21531300  002.30276800 102 
112  43.21517600  002.30274600  43.21509400  002.30273400 102 
111  43.21512600  002.30273900 
111  43.21500300  002.30272100 
111  43.21490600  002.30279100 
111  43.21498900  002.30288900 
111  43.21511200  002.30290700 102 
112  43.21515600  002.30291400  43.21523800  002.30292600 102 
112  43.21532200  002.30294600  43.21535100  002.30295500 102 
112  43.21535600  002.30307200  43.21535000  002.30314700 102 
111  43.21516500  002.30547600 102 
111  43.21515800  002.30557100 
111  43.21515000  002.30566600 
111  43.21514000  002.30578800 
111  43.21513100  002.30590000 102 
111  43.21512800  002.30593200 
111  43.21511900  002.30604400 
111  43.21510900  002.30616700 
111  43.21510000  002.30627900 
111  43.21493000  002.30841500 
111  43.21492700  002.30845400 
111  43.21486700  002.30920500 102 
112  43.21483400  002.30962600  43.21482800  002.30970100 102 
112  43.21476900  002.30973000  43.21473200  002.30972500 102 
112  43.21468600  002.30969600  43.21466900  002.30967800 
112  43.21465900  002.30962000  43.21465800  002.30958700 
112  43.21466700  002.30945900  43.21467300  002.30938400 
111  43.21470500  002.30898500 
111  43.21462400  002.30897300 
112  43.21458500  002.30945500  43.21457900  002.30953000 
112  43.21457800  002.30964700  43.21457900  002.30970000 
112  43.21463000  002.30977900  43.21466300  002.30981400 
112  43.21474800  002.30984100  43.21479300  002.30984700 102 
112  43.21480700  002.30996200  43.21480100  002.31003700 102 
112  43.21473500  002.31086100  43.21472900  002.31093600 102 
112  43.21457400  002.31095000  43.21447300  002.31093500 102 
111  43.21434300  002.31096800 102 
111  43.21426400  002.31100900 
111  43.21426700  002.31113900 
111  43.21434700  002.31120300 
111  43.21439500  002.31117800 102 
112  43.21457600  002.31117400  43.21466500  002.31118800 102 
112  43.21469900  002.31130600  43.21469300  002.31138100 102 
111  43.21442000  002.31480800 102 
111  43.21441900  002.31482900 102 
111  43.21411300  002.31478200 102 
112  43.21388200  002.31482100  43.21383500  002.31486400 102 
111  43.21381200  002.31488400 102 
111  43.21367700  002.31500400 
111  43.21375700  002.31519700 102 
111  43.21374800  002.31532000 
111  43.21390800  002.31534400 102 
112  43.21392000  002.31519300  43.21392800  002.31509200 102 
112  43.21396200  002.31501400  43.21398200  002.31499600 102 
111  43.21415300  002.31501200 102 
111  43.21440000  002.31505000 102 
111  43.21432100  002.31604800 
112  43.21431900  002.31608200  43.21431700  002.31610500 102 
112  43.21424600  002.31610600  43.21419900  002.31609900 102 
111  43.21417500  002.31609500 102 
112  43.21401400  002.31607000  43.21390600  002.31605300 102 
112  43.21386300  002.31590900  43.21387000  002.31581900 102 
111  43.21387400  002.31577400 
111  43.21371200  002.31575000 102 
112  43.21370200  002.31588500  43.21369500  002.31597500 102 
112  43.21362900  002.31601200  43.21358800  002.31600700 102 
111  43.21356700  002.31600300 
111  43.21354900  002.31622300 
111  43.21375400  002.31625200 102 
111  43.21415700  002.31631500 102 
111  43.21433900  002.31634300 102 
111  43.21443900  002.31635800 
111  43.21449000  002.31636600 
111  43.21454000  002.31637400 
111  43.21454900  002.31637500 
111  43.21471000  002.31640000 
112  43.21488800  002.31642800  43.21499500  002.31644500 
112  43.21502500  002.31676300  43.21500900  002.31697000 
111  43.21502500  002.31676300 
111  43.21546100  002.31640400 
111  43.21510900  002.31569800 
112  43.21490500  002.31620700  43.21479800  002.31619000 102 
111  43.21454200  002.31615100 102 
111  43.21445700  002.31613800 
112  43.21442800  002.31613400  43.21440800  002.31613100 
112  43.21440100  002.31609500  43.21440300  002.31607200 
111  43.21440300  002.31606000 102 
111  43.21448200  002.31506200 102 
111  43.21454200  002.31507100 102 
112  43.21499000  002.31513900  43.21509700  002.31515600 102 
111  43.21510900  002.31569800 
111  43.21556400  002.31511400 
111  43.21521300  002.31439000 
112  43.21521300  002.31439000  43.21518400  002.31475900 102 
112  43.21500800  002.31491900  43.21490100  002.31490300 102 
111  43.21456000  002.31485100 102 
111  43.21450000  002.31484200 102 
111  43.21450200  002.31482000 102 
112  43.21478100  002.31131800  43.21478700  002.31124300 102 
112  43.21483400  002.31121300  43.21486300  002.31121800 102 
111  43.21487800  002.31121900 102 
112  43.21529600  002.31128500  43.21540300  002.31130200 102 
112  43.21541300  002.31186300  43.21538400  002.31223200 
111  43.21541300  002.31186300 
111  43.21586900  002.31126100 
111  43.21551800  002.31053600 
112  43.21551800  002.31053600  43.21548900  002.31090500 102 
112  43.21531300  002.31106400  43.21520600  002.31104700 102 
111  43.21489600  002.31099900 102 
112  43.21485200  002.31099300  43.21482300  002.31098800 102 
112  43.21481700  002.31087400  43.21482300  002.31079900 102 
111  43.21490200  002.30980600 102 
111  43.21494900  002.30921700 
111  43.21499900  002.30860100 102 
111  43.21502200  002.30860400 102 
111  43.21511800  002.30861700 102 
112  43.21548500  002.30867100  43.21560400  002.30868900 102 
112  43.21562000  002.30925100  43.21559100  002.30962000 
111  43.21562000  002.30925100 
111  43.21607800  002.30863600 
111  43.21572800  002.30790000 
112  43.21572800  002.30790000  43.21569900  002.30826900 102 
112  43.21550500  002.30842600  43.21538600  002.30840800 102 
111  43.21513600  002.30837100 102 
111  43.21507500  002.30836300 
111  43.21501800  002.30835500 
111  43.21519600  002.30611800 102 
111  43.21522700  002.30573900 102 
111  43.21524700  002.30548800 102 
112  43.21543700  002.30309800  43.21544300  002.30302300 102 
112  43.21548300  002.30299800  43.21550800  002.30300600 102 
112  43.21564300  002.30302800  43.21572500  002.30304000 102 
112  43.21584500  002.30305900  43.21592700  002.30307100 102 
112  43.21603800  002.30309800  43.21608500  002.30311200 102 
112  43.21608900  002.30334300  43.21607700  002.30349300 
111  43.21608900  002.30334300 
111  43.21647700  002.30360200 
111  43.21647900  002.30357600 
111  43.21647900  002.30356900 
111  43.21651700  002.30310000 
111  43.21613500  002.30276000 
112  43.21613500  002.30276000  43.21612500  002.30288600 
114  43.21605400  002.30292900  43.21601000  002.30291600 102 
110   1 0.25  96.20 Apron
111  43.21715700  002.29517700 
111  43.21727400  002.29497100 
111  43.21731400  002.29487600 
111  43.21732600  002.29480900 
111  43.21733200  002.29472900 
111  43.21732500  002.29464700 
111  43.21730400  002.29456500 
111  43.21726600  002.29449800 
111  43.21723400  002.29447100 
113  43.21720800  002.29446400 
110   1 0.25  96.20 Apron
111  43.21724500  002.29399500 
111  43.21737200  002.29384900 
111  43.21746000  002.29373300 
111  43.21749300  002.29362600 
111  43.21750200  002.29352300 
111  43.21749100  002.29343000 
111  43.21746500  002.29334400 
111  43.21741700  002.29326800 
111  43.21736000  002.29320600 
113  43.21730500  002.29318100 
110   1 0.25  96.20 Apron
111  43.21577000  002.29831800 
111  43.21587600  002.29815100 
111  43.21602800  002.29806100 
111  43.21574500  002.29811100 
111  43.21567100  002.29824700 
111  43.21562700  002.29840900 
111  43.21560900  002.29868800 
113  43.21569800  002.29884700 
110   1 0.25  96.20 Apron
111  43.21504700  002.30213500 
111  43.21441900  002.30203600 
111  43.21423900  002.30429200 
113  43.21487900  002.30426300 
110   1 0.25  96.20 Apron
111  43.21542500  002.30290600 
111  43.21541800  002.30330900 
111  43.21543700  002.30319300 
111  43.21547600  002.30307700 
111  43.21555000  002.30303000 
111  43.21563500  002.30302700 
111  43.21564800  002.30286100 
111  43.21556900  002.30283300 
111  43.21550500  002.30278100 
111  43.21548100  002.30269500 
113  43.21547800  002.30260200 
110   1 0.25  96.20 Apron
111  43.21515600  002.30568000 
111  43.21481000  002.30562900 
111  43.21477200  002.30611100 
111  43.21512000  002.30616400 
111  43.21512900  002.30604400 
111  43.21504800  002.30603300 
111  43.21503500  002.30602200 
111  43.21502900  002.30600000 
111  43.21504600  002.30579400 
111  43.21505500  002.30577300 
111  43.21507100  002.30576500 
113  43.21514600  002.30577500 
110   1 0.25  96.20 Apron
111  43.21510400  002.30631200 
111  43.21419600  002.30617800 
111  43.21411400  002.30720400 
111  43.21421000  002.30772400 
111  43.21406900  002.30949300 
111  43.21432900  002.30953200 
111  43.21437600  002.30894800 
111  43.21472400  002.30900000 
111  43.21477700  002.30901700 
111  43.21482000  002.30905000 
111  43.21485200  002.30911900 
111  43.21486600  002.30918200 
111  43.21486500  002.30923300 
113  43.21487100  002.30923500 
110   1 0.25  96.20 Apron
111  43.21303700  002.31187000 
111  43.21387700  002.31221400 
111  43.21385100  002.31248500 
111  43.21395600  002.31244700 
111  43.21399100  002.31244500 
111  43.21403700  002.31241400 
111  43.21408300  002.31234400 
111  43.21410700  002.31226400 
111  43.21433000  002.31124200 
111  43.21433700  002.31122200 
111  43.21437000  002.31116700 
111  43.21453600  002.31112500 
111  43.21458100  002.31095700 
111  43.21444800  002.31061800 
111  43.21421800  002.31052200 
111  43.21377700  002.31041100 
111  43.21373800  002.31058900 
113  43.21335200  002.31043100 
110   1 0.25  96.20 Apron
111  43.21343800  002.31548200 
111  43.21376700  002.31519200 
111  43.21373900  002.31494900 
111  43.21318100  002.31544300 
111  43.21308100  002.31668700 
111  43.21350800  002.31675200 
113  43.21360800  002.31550800 
110   1 0.25  96.20 Apron
111  43.21375200  002.31526800 
111  43.21370300  002.31586500 
111  43.21386700  002.31586600 
113  43.21392300  002.31516800 
110   1 0.25  96.20 Apron
111  43.21499000  002.30848000 
111  43.21497800  002.30883100 
111  43.21499900  002.30870700 
111  43.21502300  002.30864500 
111  43.21507000  002.30861300 
111  43.21513300  002.30861300 
111  43.21515400  002.30837500 
111  43.21508900  002.30836000 
111  43.21505200  002.30831200 
111  43.21503400  002.30822500 
113  43.21503400  002.30814700 
110   1 0.25  96.20 Apron
111  43.21531500  002.31836500 
111  43.21534800  002.31836900 
111  43.21539400  002.31836500 
111  43.21543400  002.31833000 
111  43.21545800  002.31827500 
111  43.21547900  002.31820600 
111  43.21548400  002.31813700 
111  43.21547400  002.31804000 
113  43.21536300  002.31769900 
120 Centreline for Path
111  43.21454600  002.30637000  51 
112  43.21475300  002.30640200  43.21481200  002.30641100  51 
112  43.21489600  002.30651500  43.21493200  002.30658100  51 
112  43.21490300  002.30652800  43.21493900  002.30659400  51 
112  43.21494700  002.30675000  43.21494100  002.30683100  51 
112  43.21493200  002.30693900  43.21492500  002.30702100  51 
112  43.21487100  002.30696000  43.21483700  002.30689300  51 
112  43.21486100  002.30694100  43.21482700  002.30687300  51 
112  43.21472100  002.30682600  43.21466100  002.30681700  51 
115  43.21454300  002.30679900 
120 Centreline for Path
111  43.21450500  002.30728100  51 
112  43.21468000  002.30730700  43.21473900  002.30731600  51 
112  43.21482600  002.30741500  43.21486500  002.30747800  51 
112  43.21482900  002.30741900  43.21486700  002.30748200  51 
112  43.21489600  002.30739100  43.21490200  002.30731000  51 
112  43.21491200  002.30718500  43.21491900  002.30710300  51 
116  43.21493200  002.30693900  43.21493800  002.30685800 
120 Centreline for Path
111  43.21449100  002.30746200  51 
112  43.21466600  002.30748800  43.21472500  002.30749700  51 
112  43.21481300  002.30759500  43.21485200  002.30765700  51 
112  43.21487900  002.30760100  43.21488400  002.30754300  51 
116  43.21489600  002.30739100  43.21490200  002.30731000 
120 Centreline for Path
111  43.21457200  002.30785800  51 
112  43.21462900  002.30786600  43.21468800  002.30787500  51 
112  43.21477900  002.30797000  43.21482000  002.30803000  51 
112  43.21478000  002.30797100  43.21482100  002.30803200  51 
112  43.21485100  002.30793900  43.21485800  002.30785800  51 
112  43.21486200  002.30781100  43.21486900  002.30772900  51 
116  43.21487900  002.30760100  43.21488400  002.30754300 
120 Centreline for Path
111  43.21455100  002.30812800  51 
112  43.21465900  002.30814400  43.21471800  002.30815300  51 
112  43.21478800  002.30818000  43.21481600  002.30819500  51 
112  43.21489500  002.30828600  43.21493900  002.30834200  51 
112  43.21498300  002.30839900  43.21502700  002.30845500  51 
112  43.21496200  002.30851300  43.21490400  002.30853400  51 
112  43.21488300  002.30854100  43.21482500  002.30856100  51 
112  43.21470700  002.30855800  43.21464700  002.30854900  51 
115  43.21451900  002.30853000 
120 Centreline for Path
111  43.21449900  002.30877900  51 
112  43.21455700  002.30878700  43.21461600  002.30879600  51 
112  43.21470600  002.30870800  43.21474600  002.30864700  51 
112  43.21473600  002.30866300  43.21477600  002.30860200  51 
116  43.21488300  002.30854100  43.21494100  002.30852000 
120 Centreline for Taxi
112  43.21542100  002.30277600  43.21541500  002.30285100  51 
112  43.21535100  002.30286800  43.21530900  002.30285500  51 
112  43.21516600  002.30283000  43.21508500  002.30281800  51 
112  43.21507400  002.30281600  43.21499200  002.30280400  51 
116  43.21494500  002.30288400  43.21494000  002.30294100 
120 Centreline for Taxi B
112  43.21542100  002.30277600  43.21541500  002.30285100  51 
112  43.21547100  002.30290700  43.21551000  002.30292000  51 
112  43.21565300  002.30294400  43.21573400  002.30295700  51 
112  43.21585500  002.30297500  43.21593700  002.30298700  51 
116  43.21609900  002.30302900  43.21617900  002.30305200 
120 Centreline for Path
112  43.21517700  002.30584500  43.21518300  002.30577000  51 
112  43.21509700  002.30572000  43.21503700  002.30571100  51 
112  43.21508000  002.30571700  43.21502100  002.30570800  51 
112  43.21492300  002.30569400  43.21487800  002.30568700  51 
112  43.21484900  002.30577800  43.21484400  002.30584100  51 
112  43.21483400  002.30596900  43.21482900  002.30603200  51 
112  43.21489400  002.30607300  43.21493800  002.30607900  51 
112  43.21504900  002.30609600  43.21510900  002.30610500  51 
112  43.21506600  002.30609800  43.21512500  002.30610700  51 
116  43.21516400  002.30600000  43.21517000  002.30592500 
120 Centreline for Path
112  43.21508000  002.30571700  43.21502100  002.30570800  51 
112  43.21498300  002.30579800  43.21497800  002.30586100  51 
112  43.21496800  002.30598700  43.21496200  002.30605000  51 
116  43.21504900  002.30609600  43.21510900  002.30610500 
120 Centreline for Path
112  43.21485100  002.30793900  43.21484400  002.30802100  51 
112  43.21483500  002.30813200  43.21483100  002.30817900  51 
116  43.21489500  002.30828600  43.21493900  002.30834200 
120 Centreline for Taxi D
112  43.21429700  002.31121500  43.21431400  002.31113600  51 
112  43.21437700  002.31106900  43.21441400  002.31105000  51 
112  43.21459300  002.31106500  43.21470000  002.31108100  51 
112  43.21459700  002.31106500  43.21470400  002.31108200  51 
112  43.21482200  002.31110000  43.21486600  002.31110600  51 
112  43.21504800  002.31113400  43.21515500  002.31115100  51 
112  43.21550600  002.31120600  43.21561300  002.31122300  51 
116  43.21571100  002.31067800  43.21574000  002.31030900 
120 Centreline for Taxi
112  43.21381800  002.31545900  43.21382500  002.31537400  51 
112  43.21384200  002.31515500  43.21385100  002.31503600  51 
116  43.21391400  002.31492500  43.21395300  002.31488900 
120 Centreline for Taxi F
112  43.21339700  002.31608800  43.21350400  002.31610500  51 
112  43.21366100  002.31612800  43.21372900  002.31613700  51 
112  43.21392400  002.31616700  43.21403100  002.31618400  51 
112  43.21400500  002.31618000  43.21411200  002.31619700  51 
112  43.21425700  002.31621900  43.21431800  002.31622800  51 
112  43.21439800  002.31624100  43.21443100  002.31624600  51 
112  43.21449000  002.31625400  43.21451900  002.31625900  51 
112  43.21469400  002.31628600  43.21480100  002.31630300  51 
112  43.21509800  002.31634900  43.21520500  002.31636600  51 
116  43.21530300  002.31582100  43.21533300  002.31545200 
120 Centreline for Path
112  43.21378900  002.31503700  43.21374400  002.31507700  51 
112  43.21364300  002.31516800  43.21359100  002.31521400  51 
112  43.21351300  002.31528600  43.21347800  002.31531800  51 
112  43.21336400  002.31542400  43.21330000  002.31548300  51 
112  43.21325000  002.31573400  43.21323800  002.31588100  51 
112  43.21324200  002.31584000  43.21323000  002.31598700  51 
112  43.21338500  002.31608600  43.21349200  002.31610300  51 
116  43.21339700  002.31608800  43.21350400  002.31610500 
120 Centreline for Taxi E
112  43.21378900  002.31503700  43.21383400  002.31499700  51 
112  43.21391400  002.31492500  43.21395300  002.31488900  51 
112  43.21413300  002.31489700  43.21424000  002.31491300  51 
112  43.21439000  002.31493600  43.21449700  002.31495300  51 
112  43.21471200  002.31498500  43.21481900  002.31500200  51 
112  43.21520100  002.31506000  43.21530800  002.31507600  51 
116  43.21540600  002.31453100  43.21543500  002.31416200 
120 Centreline for Path
112  43.21381800  002.31545900  43.21381100  002.31554300  51 
112  43.21380000  002.31567300  43.21379500  002.31573200  51 
116  43.21377800  002.31595200  43.21376800  002.31607900 
120 Centreline for Taxi
112  43.21530600  002.30852100  43.21518700  002.30850300  51 101 
112  43.21508800  002.30848900  43.21506200  002.30848500  51 101 
116  43.21498300  002.30839900  43.21493900  002.30834300 
120 Centreline for Taxi C
112  43.21530600  002.30852100  43.21542500  002.30853900  51 101 
112  43.21569700  002.30857900  43.21581600  002.30859700  51 101 
116  43.21583200  002.30915900  43.21580300  002.30952800 
120 Centreline for Path
112  43.21460800  002.30415600  43.21465000  002.30415200  51 
112  43.21475800  002.30414500  43.21481600  002.30414100  51 
112  43.21485500  002.30401600  43.21486200  002.30393500  51 
112  43.21486800  002.30385400  43.21487500  002.30377200  51 
112  43.21479200  002.30371900  43.21473500  002.30371000  51 
112  43.21464400  002.30369700  43.21460300  002.30369100  51 
112  43.21457500  002.30378900  43.21457000  002.30385600  51 
112  43.21455700  002.30401300  43.21455000  002.30409400  51 
112  43.21455500  002.30403700  43.21454800  002.30411900  51 
116  43.21460800  002.30415600  43.21465000  002.30415200 
120 Centreline for Path
112  43.21486800  002.30385400  43.21487500  002.30377200  51 
112  43.21488800  002.30360800  43.21489400  002.30352700  51 
112  43.21490100  002.30343700  43.21490800  002.30335500  51 
112  43.21482600  002.30330100  43.21476800  002.30329200  51 
112  43.21467800  002.30327900  43.21463700  002.30327300  51 
112  43.21460800  002.30337400  43.21460300  002.30344400  51 
112  43.21459100  002.30358400  43.21458600  002.30365300  51 
116  43.21464400  002.30369700  43.21468600  002.30370300 
120 Centreline for Path
112  43.21464400  002.30369700  43.21468600  002.30370300  51 
112  43.21471500  002.30360000  43.21472100  002.30352900  51 
112  43.21473200  002.30339100  43.21473700  002.30332200  51 
112  43.21474800  002.30319800  43.21475200  002.30313800  51 
112  43.21476100  002.30302600  43.21476500  002.30297100  51 
112  43.21485200  002.30295700  43.21490900  002.30296600  51 
112  43.21492800  002.30309300  43.21492200  002.30317400  51 
112  43.21492100  002.30319100  43.21491400  002.30327300  51 
116  43.21490100  002.30343700  43.21489500  002.30351800 
120 Centreline for Path
112  43.21492800  002.30309300  43.21493500  002.30301100  51 
112  43.21494500  002.30288400  43.21494900  002.30282700  51 
112  43.21495900  002.30270900  43.21496400  002.30265000  51 
112  43.21497700  002.30249900  43.21498400  002.30241700  51 
112  43.21499300  002.30232300  43.21500000  002.30224200  51 
112  43.21491600  002.30218700  43.21485700  002.30217800  51 
112  43.21476600  002.30216300  43.21472600  002.30215600  51 
112  43.21469700  002.30225800  43.21469100  002.30232900  51 
112  43.21468000  002.30247100  43.21467500  002.30254100  51 
112  43.21473400  002.30258600  43.21477500  002.30259200  51 
112  43.21488100  002.30260800  43.21493800  002.30261700  51 
116  43.21495900  002.30270900  43.21495400  002.30276900 
120 Centreline for Path
112  43.21467800  002.30327900  43.21463700  002.30327300  51 
112  43.21462400  002.30318000  43.21462900  002.30312100  51 
112  43.21463700  002.30300800  43.21464200  002.30295400  51 
112  43.21470600  002.30293500  43.21474700  002.30294100  51 
112  43.21477400  002.30285500  43.21477900  002.30279600  51 
112  43.21478800  002.30268100  43.21479300  002.30262400  51 
112  43.21480400  002.30248700  43.21481000  002.30241400  51 
112  43.21482100  002.30227500  43.21482500  002.30220700  51 
116  43.21476600  002.30216300  43.21472600  002.30215600 
120 Centreline for Path
112  43.21470600  002.30293500  43.21466400  002.30292900  51 
112  43.21465200  002.30283600  43.21465600  002.30277600  51 
112  43.21466500  002.30266200  43.21467000  002.30260500  51 
116  43.21473400  002.30258600  43.21477500  002.30259200 
120 Centreline for Path
112  43.21417700  002.31176600  43.21416000  002.31184500  51 
112  43.21412500  002.31200200  43.21410800  002.31208100  51 
112  43.21410900  002.31207600  43.21409200  002.31215500  51 
112  43.21402800  002.31217100  43.21399200  002.31215600  51 
112  43.21391700  002.31212600  43.21387900  002.31211100  51 
112  43.21380300  002.31208000  43.21376500  002.31206400  51 
112  43.21368900  002.31203200  43.21365100  002.31201700  51 
112  43.21364500  002.31194600  43.21365400  002.31190400  51 
112  43.21367900  002.31179000  43.21369300  002.31172800  51 
112  43.21375700  002.31172000  43.21379500  002.31173500  51 
112  43.21387100  002.31176700  43.21390900  002.31178300  51 
112  43.21398500  002.31181400  43.21402300  002.31183000  51 
112  43.21409600  002.31186100  43.21413300  002.31187600  51 
112  43.21417700  002.31176600  43.21419400  002.31168700  51 
112  43.21421100  002.31161300  43.21422800  002.31153400  51 
112  43.21426300  002.31137700  43.21428000  002.31129800  51 
112  43.21429700  002.31121500  43.21431400  002.31113600  51 
112  43.21426800  002.31107500  43.21423000  002.31106000  51 
112  43.21415600  002.31103000  43.21411900  002.31101500  51 
112  43.21404300  002.31098400  43.21400400  002.31096900  51 
112  43.21392800  002.31093800  43.21389000  002.31092300  51 
112  43.21384900  002.31101400  43.21383400  002.31108100  51 
112  43.21380600  002.31121100  43.21379200  002.31127700  51 
112  43.21384200  002.31133200  43.21388000  002.31134800  51 
112  43.21395600  002.31138000  43.21399500  002.31139500  51 
112  43.21407000  002.31142600  43.21410800  002.31144100  51 
112  43.21418200  002.31147200  43.21421900  002.31148700  51 
116  43.21421100  002.31161300  43.21419400  002.31169200 
120 Centreline for Path
112  43.21392800  002.31093800  43.21396600  002.31095300  51 
112  43.21396300  002.31106100  43.21394800  002.31112800  51 
112  43.21392000  002.31125900  43.21390600  002.31132300  51 
112  43.21387700  002.31145400  43.21386300  002.31151900  51 
112  43.21383500  002.31164700  43.21382100  002.31171100  51 
112  43.21379400  002.31183800  43.21378100  002.31190100  51 
112  43.21376000  002.31199400  43.21375100  002.31203500  51 
116  43.21368900  002.31203200  43.21365100  002.31201700 
120 Centreline for Path
112  43.21404300  002.31098400  43.21408100  002.31099900  51 
112  43.21407800  002.31110800  43.21406300  002.31117400  51 
112  43.21403500  002.31130600  43.21402100  002.31137000  51 
112  43.21399300  002.31150200  43.21397800  002.31156800  51 
112  43.21394900  002.31169600  43.21393500  002.31175900  51 
112  43.21390800  002.31188400  43.21389500  002.31194700  51 
112  43.21387400  002.31204100  43.21386500  002.31208200  51 
116  43.21380300  002.31208000  43.21376500  002.31206400 
120 Centreline for Path
112  43.21415600  002.31103000  43.21419300  002.31104400  51 
112  43.21419100  002.31115300  43.21417600  002.31122000  51 
112  43.21414800  002.31135100  43.21413400  002.31141700  51 
112  43.21410400  002.31154800  43.21409000  002.31161400  51 
112  43.21406200  002.31174200  43.21404900  002.31180600  51 
112  43.21402200  002.31193000  43.21400900  002.31199100  51 
112  43.21398800  002.31208500  43.21397900  002.31212800  51 
116  43.21391700  002.31212600  43.21387900  002.31211100 
120 Centreline for Path
112  43.21380600  002.31121100  43.21379200  002.31127700  51 
112  43.21376300  002.31140700  43.21374900  002.31147200  51 
112  43.21372100  002.31160100  43.21370700  002.31166500  51 
116  43.21375700  002.31172000  43.21379500  002.31173500 
120 Centreline for Taxi join
112  43.21535100  002.30286800  43.21539200  002.30288100  51 
116  43.21547100  002.30290700  43.21551000  002.30292000 
120 Centreline for Taxi join
112  43.21535100  002.30286800  43.21539200  002.30288100  51 
116  43.21540300  002.30300000  43.21539700  002.30307500 
120 Centreline for Taxi join
112  43.21547100  002.30290700  43.21543200  002.30289400  51 
116  43.21540300  002.30300000  43.21539700  002.30307500 
120 Centreline for Taxi join
112  43.21507400  002.30281600  43.21499200  002.30280400  51 
116  43.21495900  002.30270900  43.21496400  002.30265000 
120 Centreline for Path
112  43.21491600  002.30218700  43.21485700  002.30217800  51 
116  43.21482100  002.30227500  43.21481600  002.30234400 
120 Centreline for Path
112  43.21457500  002.30378900  43.21458000  002.30372200  51 
116  43.21459100  002.30358400  43.21459700  002.30351400 
120 Centreline for Path
112  43.21479200  002.30371900  43.21484900  002.30372700  51 
116  43.21488800  002.30360800  43.21489400  002.30352700 
120 Centreline for Path
112  43.21479200  002.30371900  43.21473500  002.30371000  51 
116  43.21471500  002.30360000  43.21472100  002.30352900 
120 Centreline for Path
112  43.21467800  002.30327900  43.21472000  002.30328500  51 
116  43.21473200  002.30339100  43.21472700  002.30346000 
120 Centreline for Path
112  43.21467800  002.30327900  43.21472000  002.30328500  51 
116  43.21474800  002.30319800  43.21475200  002.30313800 
120 Centreline for Path
112  43.21482600  002.30330100  43.21476800  002.30329200  51 
116  43.21473200  002.30339100  43.21472700  002.30346000 
120 Centreline for Path
112  43.21482600  002.30330100  43.21476800  002.30329200  51 
116  43.21474800  002.30319800  43.21475200  002.30313800 
120 Centreline for Path
112  43.21460800  002.30337400  43.21461400  002.30330500  51 
116  43.21462400  002.30318000  43.21462900  002.30312100 
120 Centreline for Path
112  43.21482600  002.30330100  43.21488300  002.30331000  51 
116  43.21492100  002.30319100  43.21492700  002.30311000 
120 Centreline for Path
112  43.21494500  002.30288400  43.21494000  002.30294100  51 
116  43.21485200  002.30295700  43.21479600  002.30294800 
120 Centreline for Path
112  43.21463700  002.30300800  43.21464200  002.30295400  51 
116  43.21465200  002.30283600  43.21465600  002.30277600 
120 Centreline for Path
112  43.21485200  002.30295700  43.21479600  002.30294800  51 
116  43.21470600  002.30293500  43.21466400  002.30292900 
120 Centreline for Path
112  43.21485200  002.30295700  43.21479600  002.30294800  51 
116  43.21477400  002.30285500  43.21477900  002.30279600 
120 Centreline for Path
112  43.21470600  002.30293500  43.21474700  002.30294100  51 
116  43.21476100  002.30302600  43.21475700  002.30308100 
120 Centreline for Path
112  43.21476100  002.30302600  43.21476500  002.30297100  51 
116  43.21477400  002.30285500  43.21477900  002.30279600 
120 Centreline for Path
112  43.21473400  002.30258600  43.21477500  002.30259200  51 
116  43.21478800  002.30268100  43.21478300  002.30273800 
120 Centreline for Path
112  43.21473400  002.30258600  43.21477500  002.30259200  51 
116  43.21480400  002.30248700  43.21481000  002.30241400 
120 Centreline for Path
112  43.21488100  002.30260800  43.21482400  002.30259900  51 
116  43.21478800  002.30268100  43.21478300  002.30273800 
120 Centreline for Path
112  43.21488100  002.30260800  43.21482400  002.30259900  51 
116  43.21480400  002.30248700  43.21481000  002.30241400 
120 Centreline for Path
112  43.21466500  002.30266200  43.21467000  002.30260500  51 
116  43.21468000  002.30247100  43.21468500  002.30239900 
120 Centreline for Path
112  43.21497700  002.30249900  43.21497000  002.30258000  51 
116  43.21488100  002.30260800  43.21482400  002.30259900 
120 Centreline for Taxi join
112  43.21506600  002.30609800  43.21512500  002.30610700  51 
116  43.21514600  002.30622400  43.21514000  002.30629900 
120 Centreline for Taxi join
112  43.21509700  002.30572000  43.21515600  002.30572900  51 
116  43.21519500  002.30562100  43.21520100  002.30554600 
120 Centreline for Path
112  43.21492300  002.30569400  43.21496800  002.30570000  51 
116  43.21498300  002.30579800  43.21497800  002.30586100 
120 Centreline for Path
112  43.21489400  002.30607300  43.21493800  002.30607900  51 
116  43.21496800  002.30598700  43.21497300  002.30592400 
120 Centreline for Taxi C
112  43.21592000  002.30805300  43.21589100  002.30842200  51 101 
116  43.21569700  002.30857900  43.21557800  002.30856100 
120 Centreline for Path
112  43.21483500  002.30813200  43.21483100  002.30817900  51 
116  43.21478800  002.30818000  43.21476200  002.30816500 
120 Centreline for Taxi join
112  43.21496200  002.30851300  43.21502000  002.30849300  51 101 
116  43.21508800  002.30848900  43.21511400  002.30849200 
120 Centreline for Path
112  43.21470700  002.30855800  43.21476600  002.30856700  51 
116  43.21473600  002.30866300  43.21469600  002.30872400 
120 Centreline for Path
112  43.21487100  002.30696000  43.21490500  002.30702800  51 
116  43.21491200  002.30718500  43.21490600  002.30726600 
120 Centreline for Path
112  43.21482900  002.30741900  43.21486700  002.30748200  51 
116  43.21487900  002.30760100  43.21487400  002.30765900 
120 Centreline for Path
112  43.21481300  002.30759500  43.21485200  002.30765700  51 
116  43.21486200  002.30781100  43.21485500  002.30789200 
120 Centreline for Path
112  43.21483500  002.30813200  43.21483900  002.30808500  51 
116  43.21478000  002.30797100  43.21473900  002.30791100 
120 Centreline for Path
112  43.21372100  002.31160100  43.21370700  002.31166500  51 
116  43.21367900  002.31179000  43.21366600  002.31185200 
120 Centreline for Path
112  43.21412500  002.31200200  43.21414200  002.31192300  51 
116  43.21409600  002.31186100  43.21406000  002.31184600 
120 Centreline for Path
112  43.21384200  002.31133200  43.21380400  002.31131700  51 
116  43.21376300  002.31140700  43.21374900  002.31147200 
120 Centreline for Path
112  43.21426300  002.31137700  43.21424600  002.31145600  51 
116  43.21418200  002.31147200  43.21414500  002.31145700 
120 Centreline for Taxi join
112  43.21426800  002.31107500  43.21430400  002.31109000  51 
116  43.21437700  002.31106900  43.21441400  002.31105000 
120 Centreline for Path
112  43.21396300  002.31106100  43.21397800  002.31099400  51 
116  43.21404300  002.31098400  43.21408100  002.31099900 
120 Centreline for Path
112  43.21407800  002.31110800  43.21409300  002.31104000  51 
116  43.21415600  002.31103000  43.21419300  002.31104400 
120 Centreline for Path
112  43.21426800  002.31107500  43.21423000  002.31106000  51 
116  43.21419100  002.31115300  43.21417600  002.31122000 
120 Centreline for Path
112  43.21418200  002.31147200  43.21414500  002.31145700  51 
116  43.21414800  002.31135100  43.21416200  002.31128700 
120 Centreline for Path
112  43.21418200  002.31147200  43.21414500  002.31145700  51 
116  43.21410400  002.31154800  43.21409000  002.31161400 
120 Centreline for Path
112  43.21414800  002.31135100  43.21413400  002.31141700  51 
116  43.21407000  002.31142600  43.21403300  002.31141100 
120 Centreline for Path
112  43.21407000  002.31142600  43.21410800  002.31144100  51 
116  43.21410400  002.31154800  43.21409000  002.31161400 
120 Centreline for Path
112  43.21407000  002.31142600  43.21403300  002.31141100  51 
116  43.21403500  002.31130600  43.21404900  002.31124100 
120 Centreline for Path
112  43.21407000  002.31142600  43.21403300  002.31141100  51 
116  43.21399300  002.31150200  43.21397800  002.31156800 
120 Centreline for Path
112  43.21403500  002.31130600  43.21402100  002.31137000  51 
116  43.21395600  002.31138000  43.21391800  002.31136400 
120 Centreline for Path
112  43.21395600  002.31138000  43.21399500  002.31139500  51 
116  43.21399300  002.31150200  43.21397800  002.31156800 
120 Centreline for Path
112  43.21395600  002.31138000  43.21391800  002.31136400  51 
116  43.21392000  002.31125900  43.21393400  002.31119300 
120 Centreline for Path
112  43.21395600  002.31138000  43.21391800  002.31136400  51 
116  43.21387700  002.31145400  43.21386300  002.31151900 
120 Centreline for Path
112  43.21384200  002.31133200  43.21388000  002.31134800  51 
116  43.21392000  002.31125900  43.21393400  002.31119300 
120 Centreline for Path
112  43.21384200  002.31133200  43.21388000  002.31134800  51 
116  43.21387700  002.31145400  43.21386300  002.31151900 
120 Centreline for Path
112  43.21409600  002.31186100  43.21406000  002.31184600  51 
116  43.21406200  002.31174200  43.21407500  002.31167900 
120 Centreline for Path
112  43.21409600  002.31186100  43.21406000  002.31184600  51 
116  43.21402200  002.31193000  43.21400900  002.31199100 
120 Centreline for Path
112  43.21406200  002.31174200  43.21404900  002.31180600  51 
116  43.21398500  002.31181400  43.21394700  002.31179900 
120 Centreline for Path
112  43.21398500  002.31181400  43.21402300  002.31183000  51 
116  43.21402200  002.31193000  43.21400900  002.31199100 
120 Centreline for Path
112  43.21398500  002.31181400  43.21394700  002.31179900  51 
116  43.21394900  002.31169600  43.21396400  002.31163300 
120 Centreline for Path
112  43.21398500  002.31181400  43.21394700  002.31179900  51 
116  43.21390800  002.31188400  43.21389500  002.31194700 
120 Centreline for Path
112  43.21394900  002.31169600  43.21393500  002.31175900  51 
116  43.21387100  002.31176700  43.21383300  002.31175100 
120 Centreline for Path
112  43.21387100  002.31176700  43.21390900  002.31178300  51 
116  43.21390800  002.31188400  43.21389500  002.31194700 
120 Centreline for Path
112  43.21387100  002.31176700  43.21383300  002.31175100  51 
116  43.21383500  002.31164700  43.21384900  002.31158400 
120 Centreline for Path
112  43.21387100  002.31176700  43.21383300  002.31175100  51 
116  43.21379400  002.31183800  43.21378100  002.31190100 
120 Centreline for Path
112  43.21375700  002.31172000  43.21379500  002.31173500  51 
116  43.21383500  002.31164700  43.21384900  002.31158400 
120 Centreline for Path
112  43.21375700  002.31172000  43.21379500  002.31173500  51 
116  43.21379400  002.31183800  43.21378100  002.31190100 
120 Centreline for Path
112  43.21376000  002.31199400  43.21375100  002.31203500  51 
116  43.21380300  002.31208000  43.21384100  002.31209500 
120 Centreline for Path
112  43.21387400  002.31204100  43.21386500  002.31208200  51 
116  43.21391700  002.31212600  43.21395500  002.31214100 
120 Centreline for Path
112  43.21402800  002.31217100  43.21399200  002.31215600  51 
116  43.21398800  002.31208500  43.21399700  002.31204300 
120 Centreline for Taxi D
112  43.21562300  002.31178400  43.21565200  002.31141500  51 
116  43.21550600  002.31120600  43.21539900  002.31118900 
120 Centreline for Taxi join
112  43.21476700  002.31097800  43.21476100  002.31105300  51 
116  43.21459700  002.31106500  43.21449000  002.31104900 
120 Centreline for Taxi join
112  43.21476700  002.31097800  43.21476100  002.31105300  51 
116  43.21482200  002.31110000  43.21486600  002.31110600 
120 Centreline for Taxi join
112  43.21459700  002.31106500  43.21470400  002.31108200  51 
116  43.21474900  002.31120200  43.21474300  002.31127700 
120 Centreline for Taxi join
112  43.21482200  002.31110000  43.21478000  002.31109300  51 
116  43.21474900  002.31120200  43.21474300  002.31127700 
120 Centreline for Taxi E
112  43.21531800  002.31563700  43.21534700  002.31526800  51 
116  43.21520100  002.31506000  43.21509400  002.31504300 
120 Centreline for Taxi F
112  43.21509800  002.31634900  43.21520500  002.31636600  51 
116  43.21523100  002.31673800  43.21521100  002.31698100 
120 Centreline for Taxi join
112  43.21425700  002.31621900  43.21431800  002.31622800  51 
116  43.21435500  002.31614300  43.21436000  002.31608400 
120 Centreline for Taxi join
112  43.21435500  002.31614300  43.21435000  002.31620300  51 
116  43.21439800  002.31624100  43.21443100  002.31624600 
120 Centreline for Taxi join
112  43.21392400  002.31616700  43.21381700  002.31615000  51 
116  43.21377800  002.31595200  43.21378800  002.31582500 
120 Centreline for Taxi join
112  43.21377800  002.31595200  43.21376800  002.31607900  51 
116  43.21366100  002.31612800  43.21359200  002.31611800 
120 Centreline for Taxi join
112  43.21384200  002.31515500  43.21385100  002.31503600  51 
116  43.21378900  002.31503700  43.21374400  002.31507700 
120 Centreline for Taxi join
112  43.21469400  002.31628600  43.21458700  002.31626900  51 
116  43.21453400  002.31627300  43.21453500  002.31628100 
120 Centreline for Taxi join
112  43.21453400  002.31627300  43.21453300  002.31626500  51 
116  43.21449000  002.31625400  43.21446200  002.31625000 
120 Taxi hold short
111  43.21601100  002.29816300  54 
115  43.21600900  002.29806300 
120 Taxi B hold short
111  43.21551700  002.30300200  54 
115  43.21554300  002.30285000 
120 Path hold short
111  43.21615400  002.31585100  54 
115  43.21613800  002.31584300 
120 Path hold short
111  43.21688500  002.30477800  54 
115  43.21690100  002.30476800 
120 Taxi hold short
111  43.21511800  002.30861000  54 
115  43.21513600  002.30837800 
120 Taxi D hold short
111  43.21487900  002.31121300  54 
115  43.21489500  002.31100500 
120 Taxi E hold short
111  43.21454200  002.31506500  54 
115  43.21456000  002.31485700 
120 Taxi F hold short
111  43.21445600  002.31614400  54 
115  43.21444000  002.31635200 
120 West GA Ramp 1
111  43.21454500  002.30388700  51 
115  43.21458900  002.30389300 
120 West GA Ramp 1
111  43.21458900  002.30389300  51 
115  43.21454500  002.30388700 
120 West GA Ramp 10
111  43.21481900  002.30587000  51 
115  43.21486300  002.30587600 
120 West GA Ramp 10
111  43.21486300  002.30587600  51 
115  43.21481900  002.30587000 
120 West GA Ramp 3
111  43.21474600  002.30349800  51 
115  43.21470200  002.30349000 
120 West GA Ramp 3
111  43.21470200  002.30349100  51 
115  43.21474600  002.30349700 
120 West GA Ramp 4
111  43.21460900  002.30308800  51 
115  43.21465300  002.30309400 
120 West GA Ramp 4
111  43.21465300  002.30309400  51 
115  43.21460900  002.30308800 
120 West GA Ramp 7
111  43.21475900  002.30276300  51 
115  43.21480300  002.30276900 
120 West GA Ramp 7
111  43.21480300  002.30276900  51 
115  43.21475900  002.30276300 
120 West GA Ramp 5
111  43.21477700  002.30311200  51 
115  43.21473300  002.30310400 
120 West GA Ramp 5
111  43.21473300  002.30310500  51 
115  43.21477700  002.30311100 
120 West GA Ramp 8
111  43.21471000  002.30236700  51 
115  43.21466600  002.30236100 
120 West GA Ramp 8
111  43.21466600  002.30236100  51 
115  43.21471000  002.30236700 
120 West GA Ramp 6
111  43.21468100  002.30275000  51 
115  43.21463700  002.30274200 
120 West GA Ramp 6
111  43.21463700  002.30274300  51 
115  43.21468100  002.30274900 
120 West GA Ramp 9
111  43.21483500  002.30238100  51 
115  43.21479100  002.30237500 
120 West GA Ramp 9
111  43.21479100  002.30237500  51 
115  43.21483500  002.30238100 
120 West GA Ramp 2
111  43.21457800  002.30347600  51 
115  43.21462200  002.30348200 
120 West GA Ramp 2
111  43.21462200  002.30348200  51 
115  43.21457800  002.30347600 
120 West GA Ramp 11
111  43.21495300  002.30588800  51 
115  43.21499700  002.30589600 
120 West GA Ramp 11
111  43.21499700  002.30589500  51 
115  43.21495300  002.30588900 
120 Gate 2
111  43.21454900  002.30633900  51 
115  43.21454300  002.30640100 
120 Gate 2
111  43.21450700  002.30725000  51 
115  43.21450300  002.30731200 
120 GA Ramp 2
111  43.21457400  002.30782700  51 
115  43.21457000  002.30788900 
120 Gate 2
111  43.21452100  002.30849900  51 
115  43.21451700  002.30856100 
120 Gate 1
111  43.21454500  002.30676800  51 
115  43.21454100  002.30683000 
120 Gate 1
111  43.21455300  002.30809700  51 
115  43.21454900  002.30815900 
120 Gate 1
111  43.21449300  002.30743100  51 
115  43.21448900  002.30749300 
120 Gate 1
111  43.21450100  002.30874800  51 
115  43.21449700  002.30881000 
120 GA Ramp
111  43.21391000  002.31198700  51 
115  43.21386600  002.31196900 
120 GA Ramp
111  43.21386600  002.31196900  51 
115  43.21391000  002.31198700 
120 GA Ramp 25
111  43.21383400  002.31154300  51 
115  43.21387800  002.31156100 
120 GA Ramp 25
111  43.21387800  002.31156100  51 
115  43.21383400  002.31154300 
120 GA Ramp 28
111  43.21380500  002.31110500  51 
115  43.21384900  002.31112300 
120 GA Ramp 28
111  43.21384900  002.31112300  51 
115  43.21380500  002.31110500 
120 GA Ramp 26
111  43.21394900  002.31159200  51 
115  43.21399300  002.31161000 
120 GA Ramp 26
111  43.21399200  002.31161000  51 
115  43.21395000  002.31159200 
120 GA Ramp 30
111  43.21403400  002.31119900  51 
115  43.21407800  002.31121700 
120 GA Ramp 30
111  43.21407800  002.31121700  51 
115  43.21403400  002.31119900 
120 GA Ramp 20
111  43.21363700  002.31187400  51 
115  43.21368100  002.31189200 
120 GA Ramp 20
111  43.21368100  002.31189200  51 
115  43.21363700  002.31187400 
120 GA Ramp 31
111  43.21414700  002.31124500  51 
115  43.21419100  002.31126300 
120 GA Ramp 31
111  43.21419100  002.31126300  51 
115  43.21414700  002.31124500 
120 GA Ramp 24
111  43.21372000  002.31149600  51 
115  43.21376400  002.31151400 
120 GA Ramp 24
111  43.21376400  002.31151400  51 
115  43.21372000  002.31149600 
120 GA Ramp 21
111  43.21402400  002.31203100  51 
115  43.21398000  002.31201300 
120 GA Ramp 21
111  43.21398000  002.31201300  51 
115  43.21402400  002.31203100 
120 GA Ramp 29
111  43.21391900  002.31115200  51 
115  43.21396300  002.31117000 
120 GA Ramp 29
111  43.21396300  002.31117000  51 
115  43.21391900  002.31115200 
120 GA Ramp 27
111  43.21406100  002.31163800  51 
115  43.21410300  002.31165600 
120 GA Ramp 27
111  43.21410400  002.31165600  51 
115  43.21406000  002.31163800 
120 GA Ramp 23
111  43.21379500  002.31194100  51 
115  43.21375300  002.31192300 
120 GA Ramp 23
111  43.21375200  002.31192300  51 
115  43.21379600  002.31194100 
120 East Ramp 32
111  43.21376700  002.31557900  51 
115  43.21384700  002.31559100 
120 East Ramp 32
111  43.21384700  002.31559100  51 
115  43.21376700  002.31557900 
120 East Ramp 33
111  43.21343800  002.31528800  51 
115  43.21348400  002.31538000 
120 East Ramp 33
111  43.21348400  002.31538000  51 
115  43.21343800  002.31528800 
120 Apron edge
111  43.21725100  002.29390800 102 
111  43.21738400  002.29376100 102 
111  43.21743700  002.29366400 102 
111  43.21745900  002.29353700 102 
111  43.21745200  002.29340000 102 
111  43.21739500  002.29328800 102 
115  43.21730700  002.29321200 
120 Apron edge
111  43.21715200  002.29519500 102 
111  43.21727200  002.29497800 102 
111  43.21731700  002.29486200 102 
111  43.21733100  002.29473800 102 
111  43.21732000  002.29460600 102 
111  43.21727900  002.29451500 102 
115  43.21721000  002.29444900 
120 Apron edge
111  43.21442100  002.30203900 102 
111  43.21504600  002.30213700 102 
115  43.21500300  002.30271800 
120 Apron edge
111  43.21498800  002.30289300 102 
111  43.21487900  002.30426400 102 
115  43.21424100  002.30428800 
120 Apron edge
111  43.21432900  002.30953300 102 
111  43.21437600  002.30894800 102 
115  43.21462300  002.30898500 
120 Apron edge
111  43.21470600  002.30899700 102 
111  43.21476900  002.30901400 102 
111  43.21481700  002.30904800 102 
111  43.21485300  002.30911900 102 
115  43.21486700  002.30920000 
120 Apron edge
111  43.21495100  002.30921700 102 
111  43.21498600  002.30878400 102 
111  43.21500500  002.30868400 102 
111  43.21504600  002.30862600 102 
115  43.21511400  002.30861200 
120 Apron edge
111  43.21419600  002.30618000 102 
115  43.21510000  002.30631400 
120 Apron edge
111  43.21518100  002.30632800 102 
115  43.21503800  002.30815000 
120 Apron edge
111  43.21377800  002.31041700 102 
111  43.21422100  002.31052000 102 
111  43.21444900  002.31061000 102 
115  43.21457900  002.31094700 
120 Apron edge
111  43.21409500  002.31232000 102 
115  43.21430500  002.31135800 
120 Apron edge
111  43.21350800  002.31676000 102 
115  43.21355000  002.31622600 
120 Apron edge
111  43.21357100  002.31599400 102 
111  43.21361000  002.31550800 102 
115  43.21344900  002.31548400 
120 Apron edge
111  43.21318100  002.31544100 102 
111  43.21308300  002.31669300 102 
115  43.21350800  002.31676000 
120 Apron edge
111  43.21568900  002.29883100 102 
111  43.21560800  002.29869700 102 
111  43.21562700  002.29841700 102 
111  43.21567000  002.29824900 102 
111  43.21574700  002.29810400 102 
115  43.21607400  002.29804800 
120 Apron edge
111  43.21597000  002.29818900 102 
111  43.21588800  002.29823300 102 
111  43.21582500  002.29834200 102 
111  43.21580000  002.29849500 102 
115  43.21576200  002.29900600 
120 Apron edge
111  43.21536500  002.31769000 102 
111  43.21547100  002.31803300 102 
111  43.21548100  002.31815300 102 
111  43.21544500  002.31831500 102 
111  43.21538500  002.31836900 102 
115  43.21531700  002.31837000 
14   43.21401400  002.30963100   54 0 Salvaza Tower
15   43.21380700  002.31558500 276.30 East Ramp 32
15   43.21346100  002.31533400 327.04 East Ramp 33
15   43.21388800  002.31197800 286.67 GA Ramp
15   43.21457200  002.30785800 186.18 GA Ramp 2
15   43.21365900  002.31188300 286.67 GA Ramp 20
15   43.21400200  002.31202200 286.67 GA Ramp 21
15   43.21377400  002.31193200 286.67 GA Ramp 23
15   43.21374200  002.31150500 286.67 GA Ramp 24
15   43.21385600  002.31155200 286.67 GA Ramp 25
15   43.21397100  002.31160100 286.67 GA Ramp 26
15   43.21408200  002.31164700 286.67 GA Ramp 27
15   43.21382700  002.31111400 286.67 GA Ramp 28
15   43.21394100  002.31116100 286.67 GA Ramp 29
15   43.21405600  002.31120800 286.67 GA Ramp 30
15   43.21416900  002.31125400 286.67 GA Ramp 31
15   43.21454300  002.30679900 186.18 Gate 1
15   43.21455100  002.30812800 186.18 Gate 1
15   43.21449100  002.30746200 186.18 Gate 1
15   43.21449900  002.30877900 186.18 Gate 1
15   43.21454600  002.30637000 186.18 Gate 2
15   43.21450500  002.30728100 186.18 Gate 2
15   43.21451900  002.30853000 186.18 Gate 2
15   43.21456700  002.30389000 276.22 West GA Ramp 1
15   43.21484100  002.30587300 276.22 West GA Ramp 10
15   43.21497500  002.30589200 276.22 West GA Ramp 11
15   43.21460000  002.30347900 276.22 West GA Ramp 2
15   43.21472400  002.30349400 276.22 West GA Ramp 3
15   43.21463100  002.30309100 276.22 West GA Ramp 4
15   43.21475500  002.30310800 276.22 West GA Ramp 5
15   43.21465900  002.30274600 276.22 West GA Ramp 6
15   43.21478100  002.30276600 276.22 West GA Ramp 7
15   43.21468800  002.30236400 276.22 West GA Ramp 8
15   43.21481300  002.30237800 276.22 West GA Ramp 9
18   43.21753607  002.30570591 1 BCN
19   43.21443000  002.30964300 1 Windsock
19   43.21443000  002.30964300 1 Windsock
20   43.21603500  002.29801500 350.61  0 2 {@L}A{@R}10
20   43.21559200  002.30305700   9.07  0 2 {@L}B{@R}10-28
20   43.21561000  002.30282300   9.07  0 2 {@L}B{@R}10-28
20   43.21514500  002.30866500   9.07  0 2 {@L}C{@R}10-28
20   43.21517000  002.30834300   9.07  0 2 {@L}C{@R}10-28
20   43.21493700  002.31096500   9.07  0 2 {@L}D{@R}28
20   43.21491200  002.31126600   9.07  0 2 {@L}D{@R}28
20   43.21463300  002.31483000   8.91  0 2 {@L}E{@R}28
20   43.21461200  002.31511800   8.91  0 2 {@L}E{@R}28
20   43.21453200  002.31612100   8.91  0 2 {@L}F{@R}28
20   43.21451000  002.31640300   8.91  0 2 {@L}F{@R}28
50 12002 LFMK ATIS
51 12100 CARCASSONNE MULT
54 12100 CARCASSONNE TWR
17      36 1 0 HNAR [H] DZ Heliport
102 H1   43.17429300  002.99065000 353.00   35.05   29.87   2 2   0 0.25 0
102 H2   43.17296900  002.99087300 353.00   35.05   29.87   2 2   0 0.25 0
110   2 0.25   0.00 Apron
111  43.17314200  002.99102600 
111  43.17311000  002.99066800 
111  43.17279800  002.99072100 
113  43.17283100  002.99108000 
110   2 0.25   0.00 Apron
111  43.17443600  002.99044400 
111  43.17412200  002.99049700 
111  43.17415400  002.99085300 
113  43.17446800  002.99079900 
110   2 0.25   0.00 Apron
111  43.17348700  002.99096600 
111  43.17351300  002.99125400 
111  43.17387800  002.99119000 
113  43.17385100  002.99090400 
120 Apron edge
111  43.17443700  002.99044200 102 
111  43.17446900  002.99079900 102 
111  43.17415400  002.99085300 102 
111  43.17412300  002.99049500 102 
115  43.17443700  002.99044200 
120 Apron edge
111  43.17311100  002.99066800 102 
115  43.17314300  002.99102400 
120 Apron edge
111  43.17279800  002.99072300 102 
115  43.17311100  002.99066800 
120 Apron edge
111  43.17279800  002.99072300 102 
111  43.17283000  002.99108000 102 
115  43.17314100  002.99102300 
14   43.17370200  002.99132600   54 0 DZ Heliport Tower
19   43.17325400  002.99134400 1 Windsock
19   43.17325400  002.99134400 1 Windsock
17     482 1 0 HCAR [H] DZ Hopital
102 H1   43.18956900  002.33959400   0.00   13.11   13.11   2 2   0 0.25 1
110   2 0.25   0.00 Apron
111  43.18968600  002.33952600 
111  43.18966000  002.33947500 
111  43.18962500  002.33943800 
111  43.18957600  002.33942200 
111  43.18952800  002.33943200 
111  43.18948800  002.33946200 
111  43.18946000  002.33951000 
111  43.18944500  002.33957100 
111  43.18944600  002.33963100 
111  43.18946400  002.33969000 
111  43.18949500  002.33973200 
111  43.18952900  002.33975800 
111  43.18958200  002.33976700 
111  43.18962900  002.33974900 
111  43.18966600  002.33970700 
111  43.18968800  002.33965400 
113  43.18969600  002.33959300 
120 Apron edge
111  43.18968900  002.33965200 102 
111  43.18969600  002.33958900 102 
111  43.18968600  002.33952600 102 
111  43.18966000  002.33947500 102 
111  43.18962200  002.33943900 102 
115  43.18958100  002.33942300 
120 Apron edge
111  43.18957200  002.33942400 102 
115  43.18953400  002.33943100 
120 Apron edge
111  43.18952700  002.33943300 102 
111  43.18948600  002.33946100 102 
111  43.18946400  002.33950000 102 
111  43.18944400  002.33957000 102 
111  43.18944400  002.33962900 102 
111  43.18946200  002.33969400 102 
111  43.18949400  002.33973500 102 
115  43.18953500  002.33976200 
120 Apron edge
111  43.18954200  002.33976500 102 
111  43.18959600  002.33976200 102 
111  43.18964600  002.33973400 102 
111  43.18967100  002.33969800 102 
115  43.18968900  002.33965200 
14   43.18941000  002.33908200   54 0 DZ Hopital Tower
18   43.18956900  002.33902967 3 BCN
19   43.18944800  002.33998500 1 Windsock
19   43.18944800  002.33998500 1 Windsock
54 12100 CARCASSONNE TWR