1      614 0 1 LB24 SHTRUKLOVO
100   50.29   2   0 0.25 0 0 0 05   43.68839700  026.04396400    0.00    0.00 2  0 0 0 23   43.70121100  026.06948100    0.00    0.00 2  0 0 0
100   76.20   4   0 0.25 0 0 0 05L  43.69273300  026.05100600    0.00    0.00 1  0 0 0 23R  43.70176400  026.06898900    0.00    0.00 1  0 0 0
110   2 0.30  55.21 Default taxiway for RWY 05
111  43.68821300  026.04414079  53 
111  43.68728193  026.04503537  53 
111  43.70009877  026.07054715  53 
111  43.70102984  026.06965237 
112  43.70077160  026.06913835  43.70089888  026.06939714  53 
111  43.70067586  026.06961146  53 
112  43.70037851  026.06989722  43.70015550  026.07011154  53 
111  43.70002638  026.06985452  53 
111  43.69394076  026.05774118  53 
111  43.69468598  026.05702509 
111  43.69455686  026.05676808  53 
111  43.69381164  026.05748417  53 
112  43.68772602  026.04537083  43.68759690  026.04511382  53 
111  43.68781991  026.04489955  53 
112  43.68811726  026.04461385  43.68834028  026.04439957  53 
113  43.68847124  026.04465481 
120 Default hold RWY 05 (near)
111  43.68783947  026.04449968  54 
115  43.68796859  026.04475670 
120 Default hold RWY 05 (centre)
111  43.69418333  026.05712701  54 
115  43.69431245  026.05738402 
120 Default hold RWY 05 (far)
111  43.70052719  026.06975434  54 
115  43.70065631  026.07001135 
19   43.68869517  026.04291538 1 WS
19   43.69318648  026.04941544 1 WS
19   43.70131026  026.07057968 1 WS
19   43.70091259  026.07052972 1 WS
1      666 0 1 LB16 TURGOVISHTE BUKHOVTSI
100   42.67   1   0 0.25 0 0 0 11   43.31041700  026.68837200    0.00    0.00 2  0 0 0 29   43.30261400  026.71347800    0.00    0.00 2  0 0 0
110   1 0.30 113.12 Default taxiway for RWY 11
111  43.31024248  026.68826961   3 
111  43.30935747  026.68775035   3 
111  43.30155722  026.71285965   3 
111  43.30244223  026.71337884 
112  43.30259301  026.71289347  43.30251555  026.71313494   3 
111  43.30230364  026.71301063   3 
112  43.30202110  026.71284488  43.30180920  026.71272056   3 
111  43.30188459  026.71247787   3 
111  43.30559624  026.70052994   3 
111  43.30630466  026.70094556 
111  43.30638005  026.70070288   3 
111  43.30567163  026.70028726   3 
112  43.30938328  026.68833933  43.30945867  026.68809664   3 
111  43.30967057  026.68822097   3 
112  43.30995311  026.68838674  43.31016502  026.68851107   3 
113  43.31009170  026.68875498 
120 Default hold RWY 11 (near)
111  43.30988723  026.68806117   4 
115  43.30981184  026.68830385 
120 Default hold RWY 11 (centre)
111  43.30602480  026.70049446   4 
115  43.30594941  026.70073714 
120 Default hold RWY 11 (far)
111  43.30216237  026.71292775   4 
115  43.30208698  026.71317043 
19   43.31109755  026.68819746 1 WS
19   43.30193341  026.71365224 1 WS