1     4800 0 0 WY01 Dilts Ranch
100   17.98   4   0 0.25 0 0 0 06   43.39425605 -105.55354267    0.00    0.00 1  0 0 0 24   43.39546140 -105.54546160    0.00    0.00 1  0 0 0
100   17.98   4   0 0.25 0 0 0 11   43.39369079 -105.55460719    0.00    0.00 0  0 0 0 29   43.39194878 -105.54871224    0.00    0.00 0  0 0 0
100   11.89   4   0 0.25 0 0 0 05   43.39450328 -105.55293290    0.00    0.00 0  0 0 0 23   43.39696217 -105.54768695    0.00    0.00 0  0 0 0
110   4 1.00  78.40 New Taxiway 40
112  43.39456078 -105.55288129  43.39456078 -105.55290456 
112  43.39460587 -105.55293558  43.39464532 -105.55293558 
112  43.39484257 -105.55299762  43.39491020 -105.55299762 
112  43.39493838 -105.55309069  43.39488765 -105.55315273 
112  43.39476930 -105.55342417  43.39472422 -105.55358703 
112  43.39496092 -105.55369560  43.39510745 -105.55377315 
112  43.39492710 -105.55428501  43.39487075 -105.55440909 
112  43.39466786 -105.55478135  43.39458896 -105.55489768 
112  43.39447061 -105.55516911  43.39443679 -105.55532422 
112  43.39464532 -105.55585933  43.39472422 -105.55609975 
112  43.39485384 -105.55623934  43.39487638 -105.55634016 
112  43.39491583 -105.55677446  43.39492147 -105.55695283 
112  43.39477494 -105.55698385  43.39474112 -105.55699937 
111  43.39463968 -105.55707692 
111  43.39462277 -105.55698385 
111  43.39470731 -105.55692181 
112  43.39476930 -105.55685201  43.39479748 -105.55681324 
112  43.39482566 -105.55659609  43.39482566 -105.55646425 
112  43.39471295 -105.55615404  43.39465095 -105.55606097 
112  43.39418882 -105.55561116  43.39412119 -105.55552586 
112  43.39399720 -105.55579729  43.39391267 -105.55596791 
112  43.39369851 -105.55572749  43.39360270 -105.55566545 
111  43.39351816 -105.55561892 
111  43.39351253 -105.55544830 
111  43.39332091 -105.55547157 
111  43.39333782 -105.55489768 
111  43.39297150 -105.55488216 
111  43.39292641 -105.55523115 
111  43.39273479 -105.55525442 
112  43.39226139 -105.55541728  43.39215431 -105.55546381 
112  43.39177671 -105.55571974  43.39172599 -105.55575076 
112  43.39168091 -105.55703039  43.39167527 -105.55716998 
111  43.39159073 -105.55711570 
111  43.39173869 -105.55437280 
112  43.39091587 -105.55441157  43.39084824 -105.55441157 
111  43.39092150 -105.55438055 
111  43.39175560 -105.55425647 
112  43.39178941 -105.55342665  43.39178941 -105.55326379 
112  43.39146817 -105.55141026  43.39136109 -105.55104576 
112  43.39100041 -105.55068902  43.39094968 -105.55065800 
112  43.39146254 -105.55107678  43.39194721 -105.55157312 
112  43.39242681 -105.55361979  43.39258052 -105.55417742 
112  43.39332108 -105.55447867  43.39338629 -105.55449790 
112  43.39340492 -105.55442099  43.39341424 -105.55440176 
112  43.39355397 -105.55427998  43.39361452 -105.55427998 
112  43.39381945 -105.55428638  43.39395918 -105.55425434 
112  43.39414549 -105.55369670  43.39419672 -105.55357492 
112  43.39443941 -105.55249641  43.39450240 -105.55242899 
113  43.39470886 -105.55246751 
112  43.39439734 -105.55326906  43.39438607 -105.55328457 
112  43.39429026 -105.55373438  43.39426209 -105.55388948 
112  43.39429590 -105.55421521  43.39431844 -105.55431603 
112  43.39449879 -105.55457195  43.39455514 -105.55471155 
111  43.39451006 -105.55492094 
112  43.39465659 -105.55470379  43.39468477 -105.55466502 
112  43.39472985 -105.55448664  43.39472985 -105.55440909 
112  43.39470167 -105.55418419  43.39470167 -105.55417643 
112  43.39469604 -105.55346294  43.39469040 -105.55339314 
112  43.39463405 -105.55336212  43.39458896 -105.55331559 
113  43.39449315 -105.55311395 
111  43.39479185 -105.55447889 
112  43.39494401 -105.55412990  43.39496656 -105.55408337 
112  43.39493274 -105.55379642  43.39489893 -105.55373438 
112  43.39476930 -105.55377315  43.39471858 -105.55381193 
113  43.39478621 -105.55427725 
112  43.39425645 -105.55488992  43.39421700 -105.55480461 
112  43.39411556 -105.55482012  43.39410428 -105.55485890 
112  43.39409301 -105.55530871  43.39416064 -105.55550259 
113  43.39460587 -105.55596015 
111  43.39284751 -105.55434705 
112  43.39214304 -105.55423847  43.39193452 -105.55429276 
112  43.39178799 -105.55468053  43.39178799 -105.55502176 
111  43.39174290 -105.55562667 
112  43.39227266 -105.55525442  43.39237974 -105.55517687 
114  43.39259390 -105.55488216  43.39262208 -105.55478910 
111  43.39313493 -105.55448664 
112  43.39284187 -105.55458746  43.39279115 -105.55468828 
112  43.39270662 -105.55502952  43.39272352 -105.55514585 
112  43.39284751 -105.55503727  43.39289260 -105.55497523 
112  43.39301095 -105.55474257  43.39310112 -105.55470379 
112  43.39333782 -105.55472706  43.39344490 -105.55478135 
112  43.39356889 -105.55490543  43.39363088 -105.55490543 
114  43.39367033 -105.55482788  43.39355198 -105.55470379 
112  43.39246991 -105.55391275  43.39243610 -105.55386622 
112  43.39230648 -105.55347070  43.39222194 -105.55326130 
112  43.39191761 -105.55208250  43.39175981 -105.55163269 
111  43.39152311 -105.55127594 
112  43.39166400 -105.55183433  43.39172036 -105.55202821 
112  43.39183307 -105.55321477  43.39186689 -105.55357152 
111  43.39183871 -105.55422296 
112  43.39215431 -105.55415317  43.39227830 -105.55413765 
113  43.39260517 -105.55415317 
14   43.39380249 -105.55544826    6 0 New Tower Viewpoint 20
15   43.39356538 -105.55527928  39.61 New Ramp Start 19
19   43.39387871 -105.55421298 0 New Windsock 21
1     5077 0 0 WY07 Hardy Ranch
100   17.98   3   0 0.25 0 1 0 03   43.32221666 -105.67952112    0.00    0.00 0  0 0 0 21   43.32859700 -105.66983200    0.00    0.00 0  0 0 0
100   21.95   3   0 0.25 0 0 0 08   43.32713662 -105.67981953    0.00    0.00 0  0 0 0 26   43.32748426 -105.66944649    0.00    0.00 0  0 0 0
100   21.95   3   0 0.25 0 0 0 01   43.31916979 -105.67783701    0.00    0.00 0  0 0 0 19   43.32985199 -105.67645678    0.00    0.00 0  0 0 0
110   4 1.00   0.00 New Taxiway 35
111  43.33036168 -105.68009897 
112  43.33030994 -105.67897305  43.33026683 -105.67870045 
112  43.33016337 -105.67779972  43.33020648 -105.67742046 
112  43.33017199 -105.67657899  43.33006853 -105.67615232 
112  43.32955121 -105.67559529  43.32936152 -105.67557158 
111  43.32865451 -105.67561899 
112  43.32837861 -105.67507381  43.32843034 -105.67439826 
111  43.32846483 -105.67124568 
112  43.32855501 -105.67019855  43.32858421 -105.67003799 
111  43.32856961 -105.66999116 
112  43.32803911 -105.67035912  43.32787851 -105.67024539 
112  43.32752837 -105.66962979  43.32754979 -105.66941637 
112  43.32770504 -105.66932070  43.32789242 -105.66930598 
111  43.32859909 -105.66921031 
111  43.32864192 -105.66922503 
112  43.32860980 -105.67010078  43.32858839 -105.67030684 
112  43.32852950 -105.67118259  43.32854021 -105.67142545 
111  43.32854021 -105.67511245 
112  43.32866869 -105.67548041  43.32884536 -105.67548041 
111  43.32955204 -105.67548777 
112  43.32977153 -105.67567176  43.32991073 -105.67581894 
112  43.33028953 -105.67692421  43.33032192 -105.67751192 
112  43.33030227 -105.67818988  43.33034538 -105.67842691 
112  43.33045747 -105.67935136  43.33044885 -105.67961210 
112  43.33042298 -105.68015729  43.33045747 -105.68035877 
112  43.33042298 -105.68069063  43.33039711 -105.68079729 
112  43.33033676 -105.68082100  43.33035400 -105.68077359 
114  43.33037125 -105.68041803  43.33037125 -105.68031137 
14   43.32782715 -105.66958822    6 0 New Tower Viewpoint 63
15   43.32790989 -105.66983576 326.79 New Ramp Start 62
18   43.32633694 -105.67485445 1 New Airport Beacon 65
19   43.32800595 -105.66933381 0 New Windsock 66
1     4500 0 1 WY22 Iberlin Strip
100    9.14   4   0 0.25 0 0 0 03   43.94797085 -105.93650118    0.00    0.00 1  0 0 0 21   43.95198303 -105.93130438    0.00    0.00 1  0 0 0
19   43.94799485 -105.93670452 1 WS
19   43.95195903 -105.93110103 1 WS
1     4919 0 0 WY13 Little Buffalo Ranch
100   14.02   3   0 0.25 0 0 0 05   43.78674970 -105.66655231    0.00    0.00 0  0 0 0 23   43.79048510 -105.66214854    0.00    0.00 0  0 0 0
100   14.02   3   0 0.00 0 0 0 18   43.79074097 -105.66403076    0.00    0.00 1  0 0 0 36   43.78398577 -105.66443931    0.00    0.00 1  0 0 0
100   13.11   3   0 0.25 0 0 0 14   43.78899494 -105.66647485    0.00    0.00 0  0 0 0 32   43.78402205 -105.66236899    0.00    0.00 0  0 0 0
110   2 1.00 331.85 New Taxiway 5
111  43.78965233 -105.66671886 
111  43.78971554 -105.66655169 
111  43.78984101 -105.66663660 
113  43.78977301 -105.66681306 
110   4 1.00   0.00 New Taxiway 3
112  43.78886920 -105.66641362  43.78885160 -105.66638923 
112  43.78852592 -105.66652335  43.78837628 -105.66657821 
112  43.78757531 -105.66683948  43.78746256 -105.66684955 
112  43.78622406 -105.66707120  43.78609603 -105.66709891 
112  43.78572395 -105.66733167  43.78563592 -105.66740372 
112  43.78549589 -105.66766973  43.78544788 -105.66790803 
112  43.78566393 -105.66799116  43.78567593 -105.66802995 
112  43.78540787 -105.66780273  43.78527584 -105.66756997 
111  43.78557191 -105.66735384 
112  43.78616005 -105.66700470  43.78626007 -105.66697145 
111  43.78638810 -105.66691049 
112  43.78740903 -105.66677791  43.78775231 -105.66672914 
112  43.78882617 -105.66632069  43.78893179 -105.66627802 
112  43.78979736 -105.66583983  43.78981333 -105.66583245 
112  43.79013285 -105.66526446  43.79020208 -105.66511693 
112  43.79067070 -105.66454894  43.79079318 -105.66441616 
111  43.79078253 -105.66410634 
112  43.79077721 -105.66278595  43.79076123 -105.66259416 
111  43.79052653 -105.66209753 
111  43.78912183 -105.65953593 
111  43.78916694 -105.65951807 
112  43.79049194 -105.66193893  43.79055796 -105.66203648 
112  43.79082642 -105.66285339  43.79089244 -105.66318869 
112  43.79079388 -105.66472400  43.79079388 -105.66475753 
112  43.79081324 -105.66524036  43.79081324 -105.66530071 
111  43.79077935 -105.66527389 
112  43.79071642 -105.66481117  43.79068737 -105.66446246 
112  43.79065833 -105.66465694  43.79058571 -105.66473741 
112  43.79030492 -105.66508612  43.79024683 -105.66520012 
112  43.78993215 -105.66572319  43.78989827 -105.66580366 
111  43.78998057 -105.66578354 
112  43.79056150 -105.66558907  43.79072610 -105.66557566 
112  43.79091491 -105.66549519  43.79096816 -105.66547507 
112  43.79142807 -105.66518671  43.79153941 -105.66507941 
112  43.79152489 -105.66546166  43.79152489 -105.66553542 
111  43.79123926 -105.66562260 
112  43.79040017 -105.66572820  43.79023074 -105.66574334 
111  43.78980672 -105.66592878 
112  43.78975703 -105.66600386  43.78974800 -105.66603827 
111  43.78980898 -105.66601950 
111  43.79020872 -105.66588811 
112  43.79016355 -105.66666084  43.79013871 -105.66667648 
112  43.79002353 -105.66645749  43.79000998 -105.66641995 
112  43.78991512 -105.66651693  43.78987221 -105.66657637 
112  43.78994223 -105.66661704  43.78994900 -105.66661704 
111  43.78995578 -105.66671089 
111  43.78986092 -105.66693614 
112  43.78953447 -105.66674206  43.78946999 -105.66671856 
112  43.78909946 -105.66667701  43.78904729 -105.66665636 
113  43.78895289 -105.66652903 
111  43.78892097 -105.66636366 
112  43.78901582 -105.66640746  43.78907229 -105.66639181 
112  43.78955235 -105.66614746  43.78958836 -105.66613638 
112  43.78968838 -105.66606988  43.78970039 -105.66605325 
113  43.78972039 -105.66598674 
110   4 1.00  40.40 New Taxiway 2
111  43.79031480 -105.66226306 
112  43.79038730 -105.66202374  43.79041661 -105.66197032 
113  43.79046134 -105.66210921 
110   4 1.00 182.50 New Taxiway 1
111  43.79048267 -105.66404711 
111  43.79049499 -105.66398169 
112  43.79065924 -105.66379967  43.79072699 -105.66375417 
112  43.79072699 -105.66382811  43.79073315 -105.66385371 
113  43.79073521 -105.66400160 
14   43.78963785 -105.66652439    6 0 New Tower Viewpoint 6
15   43.78965312 -105.66661371 182.39 New Ramp Start 5
19   43.78948344 -105.66621413 0 New Windsock 7
1     4905 0 0 WY12 Ohman Ranch
100   22.86   3   0 0.25 0 0 0 03R  43.92334275 -105.65808300    0.00    0.00 0  0 0 0 21L  43.92923325 -105.65008770    0.00    0.00 0  0 0 0
100   15.85   3   0 0.25 0 0 0 03L  43.92664138 -105.65578090    0.00    0.00 0  0 0 0 21R  43.92890278 -105.65225676    0.00    0.00 0  0 0 0
100   24.08   3   0 0.25 0 0 0 10   43.92560692 -105.65876158    0.00    0.00 0  0 0 0 28   43.92246392 -105.65039980    0.00    0.00 0  0 0 0
100   21.95   3   0 0.25 0 0 0 12   43.92677369 -105.65578409    0.00    0.00 0  0 0 0 30   43.92435356 -105.65238835    0.00    0.00 0  0 0 0
110   3 1.00  48.30 New Taxiway 24
111  43.92666825 -105.65567686 
111  43.92716623 -105.65497611 
112  43.92737260 -105.65490136  43.92743765 -105.65489201 
112  43.92750719 -105.65499479  43.92746457 -105.65506954 
112  43.92740625 -105.65534673  43.92739279 -105.65548065 
112  43.92703613 -105.65560212  43.92684321 -105.65563015 
113  43.92671087 -105.65587308 
14   43.92737485 -105.65497299    6 0 New Tower Viewpoint 23
15   43.92728063 -105.65516609 158.86 New Ramp Start 22
19   43.92747803 -105.65500725 0 New Windsock 24
1     4915 0 0 WY58 Reynolds
100   17.07   3   0 0.25 0 0 0 12   43.76689833 -105.29053851    0.00    0.00 0  0 0 0 30   43.76359100 -105.28185300    0.00    0.00 0  0 0 0
100   17.07   3   0 0.25 0 0 0 06   43.76384881 -105.28929653    0.00    0.00 0  0 0 0 24   43.76696500 -105.28196200    0.00    0.00 0  0 0 0
110   3 1.00   0.00 New Taxiway 38
111  43.76683161 -105.29057197 
112  43.76674967 -105.29052191  43.76668219 -105.29051524 
111  43.76613031 -105.29041847 
112  43.76604596 -105.29028832  43.76604596 -105.29017152 
111  43.76603873 -105.28990122 
112  43.76612308 -105.28983448  43.76618333 -105.28982113 
111  43.76660990 -105.28986785 
113  43.76690632 -105.29048187 
14   43.76640264 -105.29012481    6 0 New Tower Viewpoint 49
15   43.76643397 -105.29029499  18.43 New Ramp Start 48
19   43.76637854 -105.28975105 0 New Windsock 50