1     2032 0 1 KSFD BOB WILEY FLD
100   22.86   2   0 0.25 0 2 0 13   43.39409700 -099.84728100    0.00    0.00 2  0 0 0 31   43.38536100 -099.83531900    0.00  121.92 2  0 0 0
100   45.72   3   0 0.25 0 0 0 03   43.38785600 -099.84670000    0.00    0.00 1  0 0 0 21   43.39408900 -099.83992200    0.00    0.00 1  0 0 0
21   43.39303347 -099.84524032  2 135.14   3.00 13  PAPI-4L
21   43.38642474 -099.83735920  2 315.15   3.00 31  PAPI-4L
110   2 0.30 135.14 Default taxiway for RWY 13
111  43.39402603 -099.84737914  53 102 
111  43.39366165 -099.84788302  53 102 
111  43.38492627 -099.83591921  53 102 
111  43.38529065 -099.83541541 
112  43.38543647 -099.83561511  43.38536197 -099.83551745  53 102 
111  43.38527490 -099.83563784  53 102 
112  43.38515881 -099.83579836  43.38507174 -099.83591874  53 102 
111  43.38514465 -099.83601859  53 102 
111  43.38933007 -099.84175086  53 102 
111  43.38962189 -099.84134735 
111  43.38969480 -099.84144721  53 102 
111  43.38940298 -099.84185072  53 102 
112  43.39358839 -099.84758297  43.39366130 -099.84768283  53 102 
111  43.39374837 -099.84756243  53 102 
112  43.39386446 -099.84740189  43.39395153 -099.84728149  53 102 
113  43.39388021 -099.84717943 
120 Default hold RWY 13 (near)
111  43.39387932 -099.84758201  54 
115  43.39380641 -099.84748216 
120 Default hold RWY 13 (centre)
111  43.38954809 -099.84165006  54 
115  43.38947518 -099.84155020 
120 Default hold RWY 13 (far)
111  43.38521685 -099.83571810  54 
115  43.38514394 -099.83561825 
18   43.39023716 -099.84059941 1 BCN
19   43.38791580 -099.84771735 1 WS
19   43.39445953 -099.84718104 1 WS
19   43.38499848 -099.83541902 1 WS
19   43.39402914 -099.83890455 1 WS
50 12677 ASOS
51 12280 CTAF/UNICOM
1     1695 0 1 9V9  CHAMBERLAIN MUNI
100   22.86   1   0 0.25 0 2 0 13   43.77028600 -099.32641400    0.00  182.88 2  0 0 0 31   43.76112500 -099.31616100    0.00    0.00 2  0 0 0
100   45.72   3   0 0.25 0 0 0 18   43.77130000 -099.32065600    0.00    0.00 1  0 0 0 36   43.76199400 -099.32215600    0.00    0.00 1  0 0 0
21   43.76907541 -099.32452312  2 141.05   3.00 13  PAPI-4L
21   43.76233576 -099.31805140  2 321.06   3.00 31  PAPI-4L
110   1 0.30 141.05 Default taxiway for RWY 13
111  43.77022275 -099.32652235   3 102 
111  43.76989801 -099.32707866   3 102 
111  43.76073747 -099.31682399   3 102 
111  43.76106221 -099.31626777 
112  43.76122220 -099.31644687  43.76114079 -099.31635974   3 102 
111  43.76106319 -099.31649265   3 102 
112  43.76095973 -099.31666987  43.76088213 -099.31680278   3 102 
111  43.76096213 -099.31689233   3 102 
111  43.76534241 -099.32179578   3 102 
111  43.76560248 -099.32135029 
111  43.76568248 -099.32143984   3 102 
111  43.76542241 -099.32188533   3 102 
112  43.76980269 -099.32678878  43.76988269 -099.32687833   3 102 
111  43.76996029 -099.32674540   3 102 
112  43.77006375 -099.32656816  43.77014135 -099.32643523   3 102 
113  43.77006276 -099.32634325 
120 Default hold RWY 13 (near)
111  43.77009201 -099.32674633   4 
115  43.77001202 -099.32665678 
120 Default hold RWY 13 (centre)
111  43.76555174 -099.32166380   4 
115  43.76547174 -099.32157425 
120 Default hold RWY 13 (far)
111  43.76101146 -099.31658126   4 
115  43.76093147 -099.31649171 
19   43.77063912 -099.32626224 1 WS
19   43.77163733 -099.31974116 1 WS
19   43.76165666 -099.32307067 1 WS
19   43.76077190 -099.31631280 1 WS
51 12280 CTAF/UNICOM
1     1678 0 1 SD44 Cook Field
100   36.58   3   0 0.25 0 0 0 32   43.78043723 -099.25457933    0.00    0.00 1  0 0 0 14   43.78622053 -099.26061569    0.00    0.00 1  0 0 0
100   27.43   3   0 0.25 0 0 0 09   43.78382783 -099.26251493    0.00    0.00 1  0 0 0 27   43.78282993 -099.25268009    0.00    0.00 1  0 0 0
19   43.77987723 -099.25485114 1 WS
19   43.78422887 -099.26278220 1 WS
19   43.78678055 -099.26034391 1 WS
19   43.78242886 -099.25241289 1 WS
1     2168 0 1 9D1  GREGORY MUNI FLYNN FLD
100   18.29   1   0 0.25 0 2 0 13   43.22527800 -099.40833300    0.00    0.00 2  0 0 0 31   43.21805600 -099.39805600    0.00    0.00 2  0 0 0
110   1 0.30 133.96 Default taxiway for RWY 13
111  43.22522038 -099.40840924   3 102 
111  43.22492258 -099.40880333   3 102 
111  43.21770104 -099.39852505   3 102 
111  43.21799884 -099.39813102 
112  43.21811308 -099.39829361  43.21805434 -099.39821446   3 102 
111  43.21798326 -099.39830851   3 102 
112  43.21788848 -099.39843392  43.21781739 -099.39852797   3 102 
111  43.21787451 -099.39860926   3 102 
111  43.22134248 -099.40354515   3 102 
111  43.22158105 -099.40322948 
111  43.22163817 -099.40331078   3 102 
111  43.22139960 -099.40362646   3 102 
112  43.22486757 -099.40856235  43.22492469 -099.40864364   3 102 
111  43.22499578 -099.40854957   3 102 
112  43.22509056 -099.40842415  43.22516164 -099.40833009   3 102 
113  43.22510614 -099.40824665 
120 Default hold RWY 13 (near)
111  43.22510029 -099.40856816   4 
115  43.22504317 -099.40848686 
120 Default hold RWY 13 (centre)
111  43.22151808 -099.40346969   4 
115  43.22146096 -099.40338839 
120 Default hold RWY 13 (far)
111  43.21793587 -099.39837122   4 
115  43.21787875 -099.39828992 
18   43.22208277 -099.40264647 1 BCN
19   43.22556995 -099.40826043 1 WS
19   43.21776406 -099.39812861 1 WS
51 12280 CTAF/UNICOM
17    1735 0 1 SD09 [H] Mid-Dakota Hospital
102 H1   43.78693944 -099.32648834   0.00   19.81   19.81   2 2   0 0.25 0
19   43.78720551 -099.32611978 1 WS