1      890 0 1 67WI Accurate
100   24.38   3   0 0.25 0 0 0 18   43.97464503 -089.99707223    0.00    0.00 1  0 0 0 36   43.96751329 -089.99707223    0.00    0.00 1  0 0 0
19   43.97486447 -089.99661484 1 WS
19   43.96729385 -089.99752956 1 WS
1      976 0 1 63C  ADAMS COUNTY LEGION FIELD
100   18.29   1   0 0.25 0 2 0 15   43.96551400 -089.79263100    0.00    0.00 2  0 0 0 33   43.95722200 -089.78671400    0.00    0.00 2  0 0 0
100   30.48   3   0 0.25 0 0 0 08   43.96026900 -089.79257800    0.00    0.00 1  0 0 0 26   43.96167500 -089.78020000    0.00    0.00 1  0 0 0
10   43.95718800 -089.78701800 xxx 242.81   152 0.0 0.0    50 101101  1 0 0 0.25 0
10   43.95727700 -089.78705300 xxx  39.00   157 0.0 0.0    52 101101  1 0 0 0.25 0
10   43.96530100 -089.79331800 xxx  90.10   407 0.0 0.0    33 101101  1 0 0 0.25 0
10   43.96528800 -089.79442800 xxx  90.00   197 0.0 0.0   217 101101  1 0 0 0.25 0
10   43.96632800 -089.79475800 xxx   0.00   558 0.0 0.0    26 101101  1 0 0 0.25 0
10   43.96635500 -089.79570200 xxx  90.00   479 0.0 0.0    26 101101  1 0 0 0.25 0
10   43.96705900 -089.79623400 xxx  90.00   761 0.0 0.0    26 101101  1 0 0 0.25 0
10   43.96538500 -089.79284700 xxx  63.00   138 0.0 0.0    26 101101  1 0 0 0.25 0
10   43.96536400 -089.79270500 xxx  84.00    92 0.0 0.0    39 101101  1 0 0 0.25 0
18   43.96493700 -089.79504900 1 BCN
19   43.96436000 -089.79375700 1 Windsock
19   43.96063300 -089.79304400 1 WS
19   43.96577300 -089.79243000 1 WS
19   43.96131100 -089.77973500 1 WS
19   43.95696300 -089.78691500 1 WS
51 12290 CTAF
55 13525 VOLK APP/DEP
1      840 0 1 4WI1 Bancroft East
100   21.34   3   0 0.25 0 0 0 06   43.48153539 -089.18770391    0.00    0.00 1  0 0 0 24   43.48510127 -089.17919165    0.00    0.00 1  0 0 0
19   43.48168880 -089.18813155 1 WS
19   43.48494784 -089.17876400 1 WS
1      980 0 0 KDLL Baraboo Wisconsin Dells
100   30.48   1   0 0.25 0 2 1 01   43.51617500 -089.77162800    0.00    0.00 2  0 0 1 19   43.52918300 -089.76886900    0.00    0.00 2  0 0 1
100   30.48   3   0 0.25 0 2 0 14   43.52328600 -089.77568100    0.00    0.00 1  0 0 0 32   43.51803900 -089.76845800    0.00    0.00 1  0 0 0
21   43.52735312 -089.76878954  2 188.74   3.00 19  PAPI-4L
10   43.51633500 -089.77236300 xxx  98.74   320 0.0 0.0    57 161161  1 0 0 0.35 0
10   43.52918900 -089.76962900 xxx  98.74   326 0.0 0.0    57 161161  1 0 0 0.35 0
10   43.52284300 -089.77166500 xxx   8.74  4798 0.0 0.0    50 161161  1 0 0 0.35 0
10   43.52433000 -089.77068000 xxx  98.50   328 0.0 0.0    52 161161  1 0 0 0.25 0
10   43.51957500 -089.77216100 xxx  98.60   571 0.0 0.0    46 161161  1 0 0 0.25 0
10   43.51945700 -089.77355700 xxx   7.90   500 0.0 0.0   190 101101  1 0 0 0.25 0
10   43.51647300 -089.77473300 xxx  98.20   190 0.0 0.0    26 101101  1 0 0 0.25 0
10   43.51762600 -089.77421600 xxx   8.50   886 0.0 0.0    39 101101  1 0 0 0.25 0
10   43.51803000 -089.77342800 xxx  99.00   361 0.0 0.0    46 161161  1 0 0 0.25 0
10   43.51729400 -089.77556400 xxx  99.00   656 0.0 0.0    30 101101  1 0 0 0.25 0
10   43.51823600 -089.77533800 xxx  98.70   636 0.0 0.0    30 101101  1 0 0 0.25 0
10   43.51868300 -089.77523700 xxx  98.70   630 0.0 0.0    20 101101  1 0 0 0.25 0
10   43.51896300 -089.77517200 xxx  98.50   623 0.0 0.0    30 101101  1 0 0 0.25 0
10   43.51907900 -089.77473900 xxx  98.10   112 0.0 0.0    92 101101  1 0 0 0.25 0
10   43.51904500 -089.77427100 xxx 278.80   177 0.0 0.0    26 101101  1 0 0 0.25 0
10   43.51881700 -089.77392700 xxx  56.10    85 0.0 0.0    85 101101  1 0 0 0.25 0
18   43.52026100 -089.77488800 1 BCN
19   43.51674600 -089.77207600 1 WS
19   43.52909900 -089.76823900 1 WS
19   43.52358300 -089.77512300 1 WS
19   43.51774400 -089.76902200 1 WS
19   43.52019500 -089.77284600 1 WS
50 11832 AWOS 3
51 12300 CTAF/UNICOM
55 13545 MADISON APP/DEP
1      787 0 1 1WI3 Bed-Ah-Wick Field
100   30.48   3   0 0.25 0 1 0 18   43.85244868 -089.11678250    0.00    0.00 1  0 0 0 36   43.84751132 -089.11678250    0.00    0.00 1  0 0 0
18   43.84998000 -089.11545124 1 BCN
19   43.85272298 -089.11621194 1 WS
19   43.84723702 -089.11735301 1 WS
1      920 0 1 87Y  BLACKHAWK
100   17.37   1   0 0.25 0 0 0 04   43.10201400 -089.18960000    0.00    0.00 2  0 0 0 22   43.10788300 -089.18275600   79.25    0.00 2  0 0 0
100   17.07   1   0 0.25 0 1 0 09   43.10466400 -089.18893600    0.00   88.09 2  0 0 0 27   43.10466400 -089.18086400   70.10   51.82 2  0 0 0
110   1 0.30  40.41 Default taxiway for RWY 04
111  43.10196478 -089.18952082   3 
111  43.10170995 -089.18911084   3 
111  43.10757915 -089.18226745   3 
111  43.10783398 -089.18267747 
112  43.10771493 -089.18281628  43.10777300 -089.18274453   3 
111  43.10771219 -089.18264668   3 
112  43.10763111 -089.18251623  43.10757030 -089.18241839   3 
111  43.10751077 -089.18248780   3 
111  43.10472498 -089.18573598   3 
111  43.10492914 -089.18606445 
111  43.10486962 -089.18613385   3 
111  43.10466546 -089.18580538   3 
112  43.10187967 -089.18905356  43.10182015 -089.18912296   3 
111  43.10188096 -089.18922079   3 
112  43.10196204 -089.18935123  43.10202285 -089.18944906   3 
113  43.10208383 -089.18938201 
120 Default hold RWY 04 (near)
111  43.10186197 -089.18935542   4 
115  43.10192150 -089.18928601 
120 Default hold RWY 04 (centre)
111  43.10476681 -089.18596844   4 
115  43.10482633 -089.18589904 
120 Default hold RWY 04 (far)
111  43.10767165 -089.18258146   4 
115  43.10773117 -089.18251206 
18   43.10520176 -089.18490107 1 BCN
19   43.10204609 -089.18998196 1 WS
19   43.10489440 -089.18914641 1 WS
19   43.10785089 -089.18237400 1 WS
19   43.10443358 -089.18065363 1 WS
51 12270 CTAF/UNICOM
55 12010 MADISON APP/DEP
1      955 0 1 2WI9 Bulldog Ranch
100   18.29   3   0 0.25 0 0 0 01   43.75660030 -089.63567020    0.00    0.00 1  0 0 0 19   43.76335358 -089.63402148    0.00    0.00 1  0 0 0
19   43.75648109 -089.63604636 1 WS
19   43.76347279 -089.63364528 1 WS
1      805 0 1 C60  Cacic
100   22.86   3   0 0.25 0 0 0 09   43.79997777 -089.43696982    0.00    0.00 1  0 0 0 27   43.79997777 -089.42993908    0.00    0.00 1  0 0 0
19   43.80028497 -089.43725487 1 WS
19   43.79967055 -089.42965407 1 WS
1      800 0 1 WS28 Coleman
100   30.48   3   0 0.25 0 0 0 10   43.55399792 -089.39300935    0.00    0.00 1  0 0 0 28   43.55318818 -089.38667289    0.00    0.00 1  0 0 0
19   43.55445074 -089.39328353 1 WS
19   43.55273535 -089.38639877 1 WS
1      925 0 1 94C  Cowgill Field
100   19.81   3   0 0.25 0 0 0 09   43.44998527 -089.25214481    0.00    0.00 1  0 0 0 27   43.44998527 -089.24808687    0.00    0.00 1  0 0 0
19   43.45025134 -089.25239041 1 WS
19   43.44971920 -089.24784129 1 WS
1     1035 0 1 WI65 Dane
100   15.24   3   0 0.25 0 0 0 04   43.22074329 -089.46986843    0.00    0.00 1  0 0 0 22   43.22368503 -089.46648103    0.00    0.00 1  0 0 0
19   43.22077046 -089.47020566 1 WS
19   43.22365785 -089.46614378 1 WS
1      887 1 0 KMSN Dane Co Rgnl Truax Fld
100   46.02   2   0 0.00 1 2 1 18   43.14913663 -089.34102794  121.92  182.88 3  7 0 1 36   43.12444737 -089.34216806  301.14    0.00 3  7 0 1
100   46.02   2   0 0.00 0 2 1 03   43.13323333 -089.34177556  131.06    0.00 3  0 0 1 21   43.15051867 -089.32871444    0.00    0.00 3  7 0 0
100   46.02   2   0 0.00 0 2 1 14   43.14790579 -089.34156804    0.00    0.00 2  0 0 1 32   43.13628621 -089.32647196    0.00    0.00 2  0 0 1
21   43.13683353 -089.33976144  2  28.86   3.00 03  PAPI-4L
21   43.14685901 -089.33949505  1 136.53   3.00 14  VASI
21   43.14502465 -089.34066413  2 181.93   3.00 18  PAPI-4L
21   43.14747179 -089.33030907  2 208.87   3.00 21  PAPI-4L
21   43.13733326 -089.32854332  1 316.54   3.00 32  VASI
21   43.13025988 -089.34245242  2   1.93   3.00 36  PAPI-4L
110   2 0.00  90.00 Turn wedge
111  43.13408954 -089.34144304 
111  43.13439967 -089.34121045 
112  43.13434309 -089.34134254  43.13435147 -089.34140284 
113  43.13441853 -089.34142581 
110   2 0.00   8.00 Twy A section
111  43.13042621 -089.34459433 
111  43.13016536 -089.34433108  53 102 
112  43.13039903 -089.34431878  43.13048476 -089.34430312 
111  43.13039903 -089.34431878 
112  43.13039903 -089.34431878  43.13041618 -089.34431356  53 102 
111  43.13314924 -089.34381979  53 102 
112  43.13403518 -089.34332825  43.13431237 -089.34297821 
111  43.13403518 -089.34332825 
112  43.13403518 -089.34332825  43.13420367 -089.34309737  53 102 
111  43.13410040 -089.34284416 
111  43.13437216 -089.34319419 
111  43.13476893 -089.34332080  53 102 
111  43.13430694 -089.34347720 
111  43.13375255 -089.34386448  53 102 
113  43.13317098 -089.34409536  53 102 
110   2 0.00  90.60 Twy C section
112  43.14027817 -089.33595677  43.14027817 -089.33583169 
111  43.14027817 -089.33595677 
112  43.14027817 -089.33595677  43.14027817 -089.33593245 102 
112  43.14026952 -089.33529517  43.14026794 -089.33528007 
111  43.14026952 -089.33529517 
112  43.14026952 -089.33529517  43.14026165 -089.33506433 102 
111  43.14004530 -089.33509338 
111  43.14054766 -089.33471342 102 
112  43.14047191 -089.33491050  43.14047191 -089.33501405 
111  43.14047191 -089.33491050 
112  43.14047191 -089.33491050  43.14047191 -089.33492128 102 
112  43.14048272 -089.33540974  43.14048643 -089.33544535 
111  43.14048272 -089.33540974 
112  43.14048272 -089.33540974  43.14049757 -089.33575566 102 
111  43.14082462 -089.33573412 
113  43.14018716 -089.33621519 102 
110   2 0.00  90.60 Twy C section
111  43.14034180 -089.34116673 102 
112  43.14029325 -089.33739800  43.14029325 -089.33732427 
111  43.14029325 -089.33739800 
112  43.14029325 -089.33739800  43.14027531 -089.33689824 102 
111  43.13993607 -089.33702584 
111  43.14156093 -089.33581105 102 
112  43.14051383 -089.33828851  43.14052106 -089.33989445 
111  43.14051383 -089.33828851 
112  43.14051383 -089.33828851  43.14051383 -089.33833808 102 
113  43.14056444 -089.34117386 102 
110   2 0.00 181.90 Twy A south
111  43.13014803 -089.34461973  53 102 
111  43.12736554 -089.34476169  53 102 
112  43.12719023 -089.34486636  43.12712329 -089.34496189 
111  43.12719023 -089.34486636 
112  43.12719023 -089.34486636  43.12717350 -089.34488928  53 102 
111  43.12685475 -089.34531475  53 102 
111  43.12524564 -089.34540609  53 102 
111  43.12462958 -089.34458716  53 102 
112  43.12447442 -089.34401623  43.12446094 -089.34368390 
111  43.12447442 -089.34401623 
112  43.12447442 -089.34401623  43.12447442 -089.34397315  53 102 
111  43.12444335 -089.34244191 
111  43.12495019 -089.34242303  53 102 
112  43.12470461 -089.34281066  43.12470911 -089.34315530 
111  43.12470461 -089.34281066 
112  43.12470461 -089.34281066  43.12470461 -089.34285989  53 102 
112  43.12473849 -089.34401701  43.12474298 -089.34406624 
111  43.12473849 -089.34401701 
112  43.12473849 -089.34401701  43.12476095 -089.34450319  53 102 
111  43.12512207 -089.34451756  53 102 
111  43.12686302 -089.34445872  53 102 
112  43.12728513 -089.34390527  43.12728513 -089.34340736 
111  43.12728513 -089.34390527 
112  43.12728513 -089.34390527  43.12728513 -089.34385492  53 102 
111  43.12726509 -089.34272632  53 102 
111  43.12716748 -089.34229704 
111  43.12787834 -089.34227617  53 102 
112  43.12751532 -089.34285951  43.12751940 -089.34339099 
111  43.12751532 -089.34285951 
112  43.12751532 -089.34285951  43.12751940 -089.34290986  53 102 
112  43.12755360 -089.34390611  43.12756176 -089.34397325 
111  43.12755360 -089.34390611 
112  43.12755360 -089.34390611  43.12759851 -089.34434808  53 102 
111  43.12793078 -089.34439326  53 102 
111  43.12869604 -089.34439987  53 102 
111  43.13016536 -089.34433108 
113  43.13042621 -089.34459433  53 102 
110   2 0.00 181.48 xxx
111  43.13188150 -089.33920045 
111  43.12468358 -089.33945526 
111  43.12467650 -089.33907955 
113  43.13187442 -089.33882474 
110   2 0.00 181.48 Twy A section
111  43.14640327 -089.34349456  53 102 
111  43.14539573 -089.34354604  53 102 
112  43.14523452 -089.34364059  43.14515802 -089.34371855 
111  43.14523452 -089.34364059 
112  43.14523452 -089.34364059  43.14522079 -089.34365672  53 102 
111  43.14491827 -089.34410328  53 102 
111  43.14328817 -089.34419188  53 102 
112  43.14296900 -089.34378039  43.14295239 -089.34377063 
111  43.14296900 -089.34378039 
112  43.14296900 -089.34378039  43.14286932 -089.34367630  53 102 
111  43.14275448 -089.34367261  53 102 
112  43.14185602 -089.34370048  43.14181780 -089.34370572 
111  43.14185602 -089.34370048 
112  43.14185602 -089.34370048  43.14161522 -089.34370572  53 102 
111  43.14123757 -089.34356907 
111  43.14188811 -089.34341670  53 102 
111  43.14322836 -089.34336468  53 102 
112  43.14335014 -089.34324589  43.14335275 -089.34314929 
111  43.14335014 -089.34324589 
112  43.14335014 -089.34324589  43.14335014 -089.34322442  53 102 
112  43.14335993 -089.34175079  43.14335669 -089.34173080 
111  43.14335993 -089.34175079 
112  43.14335993 -089.34175079  43.14335669 -089.34159528  53 102 
111  43.14326832 -089.34157834 
111  43.14360895 -089.34156196  53 102 
112  43.14349859 -089.34173464  43.14349859 -089.34187904 
111  43.14349859 -089.34173464 
112  43.14349859 -089.34173464  43.14349859 -089.34175463  53 102 
112  43.14349752 -089.34321878  43.14350013 -089.34324740 
111  43.14349752 -089.34321878 
112  43.14349752 -089.34321878  43.14350013 -089.34332612  53 102 
111  43.14361852 -089.34333845  53 102 
111  43.14547502 -089.34326019  53 102 
113  43.14620589 -089.34317228 
110   2 0.00 158.00 xxx
111  43.13831193 -089.33793766 
111  43.13712932 -089.33728287 
111  43.13723207 -089.33693434 
113  43.13841468 -089.33758913 
110   2 0.00  45.66 WANG ramp
111  43.13199153 -089.33691581 
111  43.13484406 -089.33293076 
111  43.13590247 -089.33374419 
111  43.13338384 -089.33741171 
111  43.13305546 -089.33789743 
113  43.13284091 -089.33820241 
110   1 0.00  91.60 South ramp
111  43.13484406 -089.33293076 
111  43.13476828 -089.32957475 
111  43.13546245 -089.32852834 
111  43.13583038 -089.32906331 
113  43.13592596 -089.33375251 
110   2 0.00 136.90 South ramp section
111  43.13476828 -089.32957475 
111  43.13472066 -089.32964262 
111  43.13281198 -089.32718289 
111  43.13223117 -089.32642595 
111  43.13268463 -089.32580323 
111  43.13279812 -089.32562689 
111  43.13321381 -089.32562980 
113  43.13546245 -089.32852834 
110   2 0.00  90.00 xxx
111  43.12446285 -089.34199064 
111  43.12446285 -089.33983909 
111  43.12473715 -089.33983909 
113  43.12473715 -089.34199064 
110   2 0.00  93.50 Twy F
112  43.13332008 -089.34118956  43.13332008 -089.34102694 
111  43.13332008 -089.34118956 
112  43.13332008 -089.34118956  43.13331784 -089.34115274 102 
112  43.13324345 -089.33802964  43.13323985 -089.33798023 
111  43.13324345 -089.33802964 
112  43.13324345 -089.33802964  43.13323985 -089.33781222 102 
111  43.13305546 -089.33789743 
111  43.13338384 -089.33741171 102 
111  43.13336376 -089.33762052 102 
111  43.13342266 -089.33945156 
111  43.13349591 -089.34025194 102 
112  43.13352542 -089.34091814  43.13352542 -089.34092427 
111  43.13352542 -089.34091814 
112  43.13352542 -089.34091814  43.13353661 -089.34110837 102 
111  43.13373192 -089.34108383 
113  43.13322838 -089.34146694 102 
110   2 0.00 120.80 xxx
111  43.13728026 -089.33730056 
111  43.13568613 -089.33363591 
111  43.13592174 -089.33344344 
113  43.13751587 -089.33710809 
110   2 0.00  12.40 Twy A section
111  43.14620589 -089.34317228 
111  43.14769478 -089.34275267  53 102 
112  43.14871975 -089.34244408  43.14874140 -089.34243815 
111  43.14871975 -089.34244408 
112  43.14871975 -089.34244408  43.14889295 -089.34238473  53 102 
111  43.14891052 -089.34208279 
111  43.14915874 -089.34213836  53 102 
112  43.14875701 -089.34279940  43.14839763 -089.34297150 
111  43.14875701 -089.34279940 
112  43.14875701 -089.34279940  43.14872237 -089.34281720  53 102 
113  43.14640397 -089.34350559 
110   2 0.00  46.20 xxx
111  43.13488752 -089.32838747 
111  43.13621650 -089.32648837 
111  43.13641448 -089.32674853 
113  43.13508550 -089.32864763 
110   1 0.00  13.20 xxx
111  43.13547469 -089.32889712 
111  43.13758973 -089.32821730 
111  43.13762731 -089.32843688 
113  43.13551227 -089.32911670 
110   2 0.00 156.50 Twy A section
111  43.14123757 -089.34356907  53 102 
112  43.14077137 -089.34331322  43.14061983 -089.34320939 
111  43.14077137 -089.34331322 
112  43.14077137 -089.34331322  43.14058317 -089.34319264  53 102 
111  43.14013998 -089.34307996 
111  43.14041380 -089.34294399 
111  43.14058345 -089.34260422  53 102 
112  43.14079223 -089.34300275  43.14102930 -089.34319032 
111  43.14079223 -089.34300275 
112  43.14079223 -089.34300275  43.14081178 -089.34301949  53 102 
112  43.14128039 -089.34328632  43.14129994 -089.34329637 
111  43.14128039 -089.34328632 
112  43.14128039 -089.34328632  43.14148569 -089.34340021  53 102 
113  43.14188811 -089.34341670 
110   2 0.00 134.50 Twy A5
111  43.13410040 -089.34284416  53 102 
112  43.13360253 -089.34216021  43.13357890 -089.34214633 
111  43.13360253 -089.34216021 
112  43.13360253 -089.34216021  43.13350803 -089.34205384  53 102 
111  43.13341176 -089.34202657 
111  43.13438982 -089.34198127  53 102 
112  43.13421252 -089.34252965  43.13435764 -089.34289036 
111  43.13421252 -089.34252965 
112  43.13421252 -089.34252965  43.13424290 -089.34261289  53 102 
112  43.13440674 -089.34281613  43.13443036 -089.34284388 
111  43.13440674 -089.34281613 
112  43.13440674 -089.34281613  43.13455860 -089.34300111  53 102 
111  43.13473415 -089.34302832 
113  43.13437216 -089.34319419 
110   2 0.00  42.00 xxx
111  43.13166766 -089.33893897 
111  43.13278880 -089.33755570 
111  43.13297234 -089.33783503 
113  43.13185120 -089.33921830 
110   2 0.00  88.67 Twy K
112  43.14335571 -089.34070495  43.14336407 -089.34051766 
111  43.14335571 -089.34070495 
112  43.14335571 -089.34070495  43.14335571 -089.34068966 102 
111  43.14347890 -089.33619161 
111  43.14396127 -089.33682151 102 
112  43.14364864 -089.33708208  43.14364415 -089.33742679 
111  43.14364864 -089.33708208 
112  43.14364864 -089.33708208  43.14364864 -089.33712516 102 
112  43.14355859 -089.34063256  43.14355859 -089.34067078 
111  43.14355859 -089.34063256 
112  43.14355859 -089.34063256  43.14355859 -089.34090776 102 
111  43.14379828 -089.34099782 
113  43.14314876 -089.34102518 102 
110   2 0.00   1.90 Terminal pad
112  43.13380074 -089.34394887  43.13380074 -089.34391320 
111  43.13380074 -089.34394887 
112  43.13380074 -089.34394887  43.13380074 -089.34385971  53 102 
111  43.13375255 -089.34386448 
111  43.13430694 -089.34347720  53 102 
112  43.13408643 -089.34391366  43.13409868 -089.34416547 
111  43.13408643 -089.34391366 
112  43.13408643 -089.34391366  43.13409459 -089.34421583  53 102 
111  43.13430847 -089.34425934  53 102 
111  43.13509787 -089.34423696  53 102 
112  43.13529106 -089.34377253  43.13528698 -089.34336964 
111  43.13529106 -089.34377253 
112  43.13529106 -089.34377253  43.13528698 -089.34340322  53 102 
111  43.13503443 -089.34333887  53 102 
111  43.13476893 -089.34332080 
111  43.13437216 -089.34319419 
111  43.13473415 -089.34302832  53 102 
111  43.14013508 -089.34280213  53 102 
112  43.14038785 -089.34234219  43.14037437 -089.34192976 
111  43.14038785 -089.34234219 
112  43.14038785 -089.34234219  43.14037437 -089.34192360  53 102 
111  43.13996847 -089.34172441 
111  43.14099405 -089.34169253  53 102 
112  43.14059121 -089.34226391  43.14056875 -089.34266404 
111  43.14059121 -089.34226391 
112  43.14059121 -089.34226391  43.14059121 -089.34229469  53 102 
111  43.14058345 -089.34260422 
111  43.14041380 -089.34294399 
111  43.14013998 -089.34307996  53 102 
112  43.13890384 -089.34313857  43.13888901 -089.34313857 
111  43.13890384 -089.34313857 
112  43.13890384 -089.34313857  43.13869631 -089.34315889  53 102 
111  43.13863565 -089.34351203  53 102 
111  43.13867129 -089.34593191 
111  43.13784928 -089.34595704 
111  43.13765734 -089.34573542 
111  43.13754367 -089.34574018 
111  43.13753459 -089.34552516 
111  43.13550117 -089.34560157 
111  43.13549852 -089.34587120 
111  43.13503944 -089.34586286 
111  43.13503679 -089.34561562 
111  43.13472985 -089.34562031 
113  43.13380638 -089.34563905  53 102 
112  43.13837923 -089.34362447  43.13837923 -089.34318435 
111  43.13837923 -089.34362447 
112  43.13837923 -089.34362447  43.13837923 -089.34322498  53 102 
111  43.13810253 -089.34317758  53 102 
111  43.13723784 -089.34321821  53 102 
112  43.13696114 -089.34369896  43.13696608 -089.34412554 
111  43.13696114 -089.34369896 
112  43.13696114 -089.34369896  43.13696608 -089.34410522  53 102 
111  43.13726255 -089.34413908  53 102 
113  43.13815194 -089.34409845  53 102 
110   2 0.00  51.00 Twy A2
112  43.14647432 -089.34297320  43.14657910 -089.34282958 
111  43.14647432 -089.34297320 
112  43.14647432 -089.34297320  43.14651623 -089.34292293  53 102 
112  43.14701554 -089.34194051  43.14700073 -089.34156990 
111  43.14701554 -089.34194051 
112  43.14701554 -089.34194051  43.14700380 -089.34155144  53 102 
111  43.14664094 -089.34142083 
111  43.14746703 -089.34137975 
111  43.14776793 -089.34176671  53 102 
112  43.14736172 -089.34240405  43.14737744 -089.34272000 
111  43.14736172 -089.34240405 
112  43.14736172 -089.34240405  43.14737744 -089.34274872  53 102 
111  43.14769478 -089.34275267 
113  43.14620589 -089.34317228  53 102 
110   2 0.00  91.48 Twy A1
111  43.14891052 -089.34208279  53 102 
112  43.14890162 -089.34168918  43.14889729 -089.34164171 
111  43.14890162 -089.34168918 
112  43.14890162 -089.34168918  43.14888863 -089.34135685  53 102 
111  43.14858193 -089.34133122 
111  43.14913686 -089.34129372  53 102 
113  43.14915874 -089.34213836 
110   1 0.00   0.00 East ramp
111  43.14172826 -089.32695660 
111  43.14329984 -089.32693677 
111  43.14330335 -089.32732158 
111  43.14337218 -089.32733705 
112  43.14385684 -089.32794070  43.14385684 -089.32848594 
111  43.14385684 -089.32794070 
112  43.14385684 -089.32794070  43.14385684 -089.32801010 
111  43.14384453 -089.32894080 
111  43.14371224 -089.32894323 
112  43.14371179 -089.32880321  43.14371179 -089.32877889 
111  43.14371179 -089.32880321 
112  43.14371179 -089.32880321  43.14371179 -089.32865379 
111  43.14358919 -089.32862740 
111  43.14052023 -089.32869679 
112  43.14039545 -089.32890609  43.14039545 -089.32908183 
111  43.14039545 -089.32890609 
112  43.14039545 -089.32890609  43.14039883 -089.32894309 102 
111  43.14042447 -089.33147426 
111  43.13999048 -089.33091652 102 
112  43.14022094 -089.33074030  43.14022094 -089.33050121 
111  43.14022094 -089.33074030 
112  43.14022094 -089.33074030  43.14022094 -089.33071487 102 
111  43.14020964 -089.32968511 
111  43.13868955 -089.32774098 
111  43.13819664 -089.32773982 
111  43.13831007 -089.32676562 
111  43.13843484 -089.32656998 
111  43.13872694 -089.32624954 
111  43.13873623 -089.32672891 
111  43.13897458 -089.32674049 
111  43.13897039 -089.32657972 
111  43.13933905 -089.32658934 
111  43.13935326 -089.32636105 
111  43.13971508 -089.32635084 
111  43.13971368 -089.32674617 
113  43.14172283 -089.32669773 
110   1 0.00 136.53 Twy H east
111  43.13819664 -089.32773982 
112  43.13807103 -089.32793503  43.13805755 -089.32796581 
111  43.13807103 -089.32793503 
112  43.13807103 -089.32793503  43.13797221 -089.32810738 
111  43.13798959 -089.32831960 
111  43.13758027 -089.32777475 
112  43.13787642 -089.32773314  43.13797972 -089.32757926 
111  43.13786714 -089.32733454 
111  43.13707877 -089.32625074 
112  43.13681339 -089.32628443  43.13668839 -089.32645573 
111  43.13672418 -089.32666621 
111  43.13643931 -089.32628089 
112  43.13690838 -089.32561596  43.13693555 -089.32557127 
111  43.13690838 -089.32561596 
112  43.13690838 -089.32561596  43.13703881 -089.32540743 
111  43.13723464 -089.32558117 
112  43.13737801 -089.32575662  43.13740046 -089.32578740 
111  43.13737801 -089.32575662 
112  43.13737801 -089.32575662  43.13745436 -089.32586741 
112  43.13765612 -089.32591976  43.13771451 -089.32599978 
111  43.13765612 -089.32591976 
112  43.13765612 -089.32591976  43.13767857 -089.32595054 
111  43.13796979 -089.32633222 
113  43.13831007 -089.32676562 
110   1 0.00  90.60 xxx
112  43.14025010 -089.33437434  43.14024757 -089.33417629 
111  43.14025010 -089.33437434 
112  43.14025010 -089.33437434  43.14025010 -089.33435349 
111  43.14022240 -089.33195212 
111  43.14061782 -089.33248054 
112  43.14043575 -089.33262324  43.14043575 -089.33279523 
111  43.14043575 -089.33262324 
112  43.14043575 -089.33262324  43.14043575 -089.33267293 
112  43.14045855 -089.33399393  43.14046109 -089.33402520 
111  43.14045855 -089.33399393 
112  43.14045855 -089.33399393  43.14047884 -089.33430664 
111  43.14072008 -089.33426113 
113  43.14013665 -089.33470470 
110   1 0.00  87.00 xxx
112  43.14363006 -089.33186986  43.14363727 -089.33171666 
111  43.14363006 -089.33186986 
112  43.14363006 -089.33186986  43.14363367 -089.33183033 102 
111  43.14371224 -089.32894323 
111  43.14384453 -089.32894080 102 
112  43.14377803 -089.33131667  43.14377803 -089.33134632 
111  43.14377803 -089.33131667 
112  43.14377803 -089.33131667  43.14378524 -089.33174664 102 
111  43.14418558 -089.33163808 
113  43.14351199 -089.33213321 102 
110   1 0.00 300.00 Twy B2
112  43.14390190 -089.33250966  43.14399131 -089.33275064 
111  43.14390190 -089.33250966 
112  43.14390190 -089.33250966  43.14391680 -089.33253417 102 
112  43.14406415 -089.33288524  43.14407309 -089.33290974 
111  43.14406415 -089.33288524 
112  43.14406415 -089.33288524  43.14416250 -089.33311397 102 
111  43.14435455 -089.33306476 
111  43.14388708 -089.33340790 102 
112  43.14395051 -089.33297641  43.14386409 -089.33275177 
111  43.14395051 -089.33297641 
112  43.14395051 -089.33297641  43.14393561 -089.33294782 102 
112  43.14379341 -089.33259802  43.14378447 -089.33258169 
111  43.14379341 -089.33259802 
112  43.14379341 -089.33259802  43.14368910 -089.33237338 102 
111  43.14351685 -089.33245581 
113  43.14396716 -089.33211513 102 
110   2 0.00  28.90 Twy B north
112  43.14201785 -089.33326246  43.14213914 -089.33317261 
111  43.14201785 -089.33326246 
112  43.14201785 -089.33326246  43.14202522 -089.33325685 102 
111  43.14351199 -089.33213321 
111  43.14418558 -089.33163808 102 
111  43.14945193 -089.32766814 102 
112  43.15017251 -089.32789744  43.15039464 -089.32841395 
111  43.15017251 -089.32789744 
112  43.15017251 -089.32789744  43.15018837 -089.32794094 102 
111  43.15042501 -089.32848558 
111  43.15013873 -089.32869538 102 
112  43.15009045 -089.32820925  43.14993178 -089.32782866 
111  43.15009045 -089.32820925 
112  43.15009045 -089.32820925  43.14988814 -089.32774167 102 
111  43.14959721 -089.32787855 102 
111  43.14396716 -089.33211513 
111  43.14351685 -089.33245581 102 
112  43.14228560 -089.33338202  43.14228232 -089.33338651 
111  43.14228560 -089.33338202 
112  43.14228560 -089.33338202  43.14208890 -089.33355724 102 
111  43.14218963 -089.33376291 
113  43.14180578 -089.33325632 102 
110   2 0.00  28.90 Twy B south
112  43.13360132 -089.33964388  43.13370685 -089.33954957 
111  43.13360132 -089.33964388 
112  43.13360132 -089.33964388  43.13360897 -089.33963968 102 
111  43.14013665 -089.33470470 
111  43.14072008 -089.33426113 102 
112  43.14132491 -089.33380902  43.14133162 -089.33380596 
111  43.14132491 -089.33380902 
112  43.14132491 -089.33380902  43.14145478 -089.33367707 102 
111  43.14136856 -089.33345719 
111  43.14174136 -089.33394310 102 
112  43.14152639 -089.33397284  43.14139204 -089.33405569 
111  43.14152639 -089.33397284 
112  43.14152639 -089.33397284  43.14152443 -089.33397437 102 
111  43.14054766 -089.33471342 
111  43.14004530 -089.33509338 102 
111  43.13774705 -089.33682497 102 
112  43.13362018 -089.33995203  43.13361330 -089.33995832 
111  43.13362018 -089.33995203 
112  43.13362018 -089.33995203  43.13352078 -089.34006101 102 
111  43.13349591 -089.34025194 
113  43.13342266 -089.33945156 102 
110   1 0.00   1.48 xxx
111  43.12471320 -089.33943762 
111  43.12690137 -089.33936016 
111  43.12691880 -089.34028438 
113  43.12473063 -089.34036184 
110   2 0.00  91.48 xxx
111  43.12731584 -089.34178779 
111  43.12721850 -089.33921386 
111  43.12742416 -089.33921023 
113  43.12752150 -089.34178416 
110   2 0.00   0.00 South ramp section
111  43.13155024 -089.32577449 
111  43.13268463 -089.32580323 
111  43.13223117 -089.32642595 
111  43.13281198 -089.32718289 
113  43.13154278 -089.32715097 
130 KMSN Boundary
111  43.13104517 -089.33776981 
111  43.13174899 -089.33699215 
111  43.13183980 -089.33568569 
111  43.13347448 -089.33316607 
111  43.13336096 -089.32983738 
111  43.13138573 -089.32815747 
111  43.13138573 -089.32513987 
111  43.13213495 -089.32451768 
111  43.13345178 -089.32308666 
111  43.13438264 -089.32262002 
111  43.13529079 -089.32265113 
111  43.13624435 -089.32302444 
111  43.13753847 -089.32448658 
111  43.14596159 -089.32513952 
111  43.14652919 -089.32541953 
111  43.14949227 -089.32537785 
111  43.15048125 -089.32560374 
111  43.15207460 -089.32549080 
112  43.15303611 -089.32632491  43.15329260 -089.32708210 
111  43.15303611 -089.32632491 
112  43.15303611 -089.32632491  43.15306899 -089.32638801 
111  43.15342072 -089.32752385 
112  43.15325306 -089.32893783  43.15286791 -089.32969008 
111  43.15325306 -089.32893783 
112  43.15325306 -089.32893783  43.15318566 -089.32908301 
111  43.15262404 -089.32993339 
111  43.15204713 -089.33061108 
112  43.15075597 -089.33121346  43.15047402 -089.33150329 
111  43.15004170 -089.33238070 
111  43.14695239 -089.33452320 
111  43.14700983 -089.33678549 
111  43.15063609 -089.33882190 
111  43.15218449 -089.33994791 
111  43.15278887 -089.34006085 
111  43.15276140 -089.34047498 
111  43.15218449 -089.34254561 
111  43.13460264 -089.34905630 
111  43.13397079 -089.34864232 
111  43.13278951 -089.34589498 
111  43.13237743 -089.34544336 
111  43.12126680 -089.34571896 
111  43.12110632 -089.33808575 
113  43.12126727 -089.33777223 
120 Turn line
111  43.14036805 -089.33409808   1 
112  43.14053835 -089.33440076  43.14068126 -089.33451764 
111  43.14053835 -089.33440076 
112  43.14053835 -089.33440076  43.14063746 -089.33446710  51 
115  43.14073931 -089.33441013 
120 Turn line
112  43.14010433 -089.33488974  43.14034191 -089.33475554  51 
115  43.14038228 -089.33509952 
120 Turn line
112  43.14028547 -089.33475282  43.14037287 -089.33467708  51 
115  43.14037437 -089.33452601 
120 Turn line
112  43.14037910 -089.33484871  43.14037910 -089.33470251  51 
115  43.14046803 -089.33461532 
120 Rnwy hold
111  43.14915376 -089.34199995  54 104 
115  43.14891121 -089.34200926 
120 Rnwy hold
111  43.14739012 -089.34220404  54 104 
115  43.14696551 -089.34221335 
120 Rnwy hold
111  43.14349873 -089.34222681  54 104 
115  43.14335904 -089.34222853 
120 Rnwy hold
111  43.14058216 -089.34235463  54 104 
115  43.14038768 -089.34235719 
120 Rnwy hold
111  43.13330453 -089.34060659  54 104 
115  43.13351080 -089.34059828 
120 Rnwy hold
111  43.12751747 -089.34300109  54 104 
115  43.12727373 -089.34300793 
120 Rnwy hold
111  43.12470680 -089.34310671  54 104 
115  43.12446210 -089.34311355 
120 Rnwy hold
111  43.13420660 -089.34252061  54 104 
115  43.13404658 -089.34276599 
120 rnwy hold
111  43.15002828 -089.32809074   4 104 
115  43.15017708 -089.32791035 
120 rnwy hold
111  43.14027536 -089.33533123   4 104 
115  43.14047911 -089.33532816 
120 rnwy hold
111  43.14020990 -089.33037405   4 104 
115  43.14041366 -089.33037098 
120 Turn line
112  43.14372040 -089.33147849  43.14374335 -089.33193676  51 
115  43.14416389 -089.33182893 
120 Taxiline B
111  43.15026581 -089.32860985  51 
112  43.15024143 -089.32830163  43.15018724 -089.32814937 
111  43.15024143 -089.32830163 
112  43.15024143 -089.32830163  43.15023601 -089.32829420  51 
112  43.15012764 -089.32802311  43.15011409 -089.32799712 
111  43.15012764 -089.32802311 
112  43.15012764 -089.32802311  43.14993257 -089.32760349  51 
111  43.14949366 -089.32779659  51 
112  43.13355368 -089.33983308  43.13352817 -089.33984473 
111  43.13355368 -089.33983308 
112  43.13355368 -089.33983308  43.13338175 -089.33998609  51 
115  43.13338571 -089.34031869 
120 Taxiline J
112  43.14399233 -089.33364441  43.14418064 -089.33349318  51 
111  43.14406144 -089.33306160  51 
112  43.14380829 -089.33248274  43.14379552 -089.33245648 
111  43.14380829 -089.33248274 
112  43.14380829 -089.33248274  43.14371247 -089.33208000  51 
111  43.14371886 -089.33156344   1 
111  43.14377123 -089.32893992   1 
112  43.14378313 -089.32794506  43.14378313 -089.32792875 
111  43.14378313 -089.32794506 
112  43.14378313 -089.32794506  43.14377917 -089.32750471   1 
111  43.14345390 -089.32745579   1 
111  43.13828070 -089.32758923   1 
112  43.13799057 -089.32780401  43.13785530 -089.32802525 
111  43.13799057 -089.32780401 
112  43.13799057 -089.32780401  43.13771131 -089.32822855   1 
115  43.13790330 -089.32856340 
120 rnwy hold
111  43.13786714 -089.32733454   4 104 
115  43.13817754 -089.32776190 
120 rnwy hold
111  43.13676719 -089.32582035   4 104 
115  43.13707877 -089.32625074 
120 Edge line
111  43.13822776 -089.32744988   8 
115  43.14330160 -089.32731974 
120 Turn line
112  43.13395585 -089.34388976  43.13393333 -089.34361925  51 101 
115  43.13372733 -089.34371272 
120 Turn line
111  43.13507953 -089.34439424  51 101 
112  43.13542062 -089.34374225  43.13541448 -089.34318733  51 101 
115  43.13507059 -089.34314877 
120 Turn line
111  43.13584014 -089.34437558  51 101 
112  43.13542062 -089.34374225  43.13541448 -089.34318733  51 101 
115  43.13584314 -089.34311693 
120 Turn line
111  43.13645508 -089.34436032  51 101 
112  43.13681599 -089.34369775  43.13680985 -089.34314282  51 101 
115  43.13645127 -089.34309238 
120 Turn line
111  43.13724548 -089.34434090  51 101 
112  43.13681599 -089.34369775  43.13680985 -089.34314282  51 101 
115  43.13724235 -089.34306060 
120 Taxiline
112  43.13850435 -089.34384946  43.13850096 -089.34427860  51 101 
111  43.13815934 -089.34431828  51 101 
111  43.13430613 -089.34441364  51 101 
112  43.13395585 -089.34388976  43.13395247 -089.34342734 
111  43.13395585 -089.34388976 
112  43.13395585 -089.34388976  43.13395585 -089.34359382  51 101 
115  43.13414957 -089.34342180 
120 Taxiline
112  43.13874049 -089.34300116  43.13852043 -089.34301226  51 101 
111  43.13850136 -089.34343136  51 101 
115  43.13851223 -089.34492089 
120 Turn line
111  43.14715964 -089.34233222  51 101 
116  43.14665132 -089.34114287  43.14578448 -089.34105274 
120 Taxiline A2
112  43.14628050 -089.34334602  43.14663129 -089.34325799  51 101 
111  43.14673715 -089.34303957  51 101 
112  43.14754743 -089.34167848  43.14754743 -089.34167171 
111  43.14754743 -089.34167848 
112  43.14754743 -089.34167848  43.14771541 -089.34136699  51 101 
115  43.14757707 -089.34114353 
120 Taxiline A3
112  43.14323859 -089.34349114  43.14342573 -089.34347432  51 101 
111  43.14343128 -089.34323750  51 101 
111  43.14343315 -089.34162242  51 101 
116  43.14319907 -089.34130772  43.14298168 -089.34132804 
120 Turn line
111  43.13440239 -089.34171199  51 101 
112  43.13403096 -089.34201112  43.13395008 -089.34228628 
111  43.13403096 -089.34201112 
112  43.13403096 -089.34201112  43.13394501 -089.34231755  51 101 
115  43.13409546 -089.34259195 
120 Taxiline A4
111  43.13476349 -089.34316017  51 101 
112  43.13427081 -089.34289318  43.13412381 -089.34264139 
111  43.13427081 -089.34289318 
112  43.13427081 -089.34289318  43.13426498 -089.34288414  51 101 
112  43.13375224 -089.34200354  43.13374737 -089.34199746 
111  43.13375224 -089.34200354 
112  43.13375224 -089.34200354  43.13343783 -089.34146080  51 101 
111  43.13341189 -089.34105171  51 
115  43.13329046 -089.33765869 
120 Taxiline A6
111  43.12780922 -089.34201699  51 101 
112  43.12738701 -089.34282317  43.12738701 -089.34356781 
111  43.12738701 -089.34282317 
112  43.12738701 -089.34282317  43.12738701 -089.34286625  51 101 
112  43.12741396 -089.34391859  43.12741396 -089.34393472 
111  43.12741396 -089.34391859 
112  43.12741396 -089.34391859  43.12743642 -089.34456476  51 101 
115  43.12790354 -089.34457147 
120 Taxiline A
112  43.14890460 -089.34131574  43.14899942 -089.34149158  51 101 
111  43.14901615 -089.34169035  51 101 
112  43.14902173 -089.34197321  43.14902173 -089.34199233 
111  43.14902173 -089.34197321 
112  43.14902173 -089.34197321  43.14904125 -089.34252748  51 101 
111  43.14868706 -089.34262687  51 101 
112  43.14649051 -089.34330560  43.14648235 -089.34330560 
111  43.14649051 -089.34330560 
112  43.14649051 -089.34330560  43.14633943 -089.34335597  51 101 
111  43.14600461 -089.34336716  51 101 
111  43.14542479 -089.34340075  51 101 
112  43.14192547 -089.34354626  43.14191322 -089.34354626 
111  43.14192547 -089.34354626 
112  43.14192547 -089.34354626  43.14155798 -089.34355745  51 101 
111  43.14125173 -089.34341756  51 101 
112  43.14080258 -089.34317694  43.14079033 -089.34317694 
111  43.14080258 -089.34317694 
112  43.14080258 -089.34317694  43.14038201 -089.34294752  51 101 
111  43.14005535 -089.34294752  51 101 
111  43.13476349 -089.34316017  51 101 
112  43.13414692 -089.34341755  43.13383251 -089.34366933 
111  43.13414692 -089.34341755 
112  43.13414692 -089.34341755  43.13358752 -089.34387076  51 101 
111  43.13316287 -089.34396588  51 101 
112  43.13050877 -089.34443587  43.13049652 -089.34444146 
111  43.13050877 -089.34443587 
112  43.13050877 -089.34443587  43.13036177 -089.34446384  51 101 
111  43.13006370 -089.34448062  51 101 
112  43.12514833 -089.34468705  43.12513242 -089.34468705 
111  43.12514833 -089.34468705 
112  43.12514833 -089.34468705  43.12463908 -089.34469796  51 101 
111  43.12460725 -089.34403295  51 101 
112  43.12457578 -089.34279016  43.12457578 -089.34277974 
111  43.12457578 -089.34279016 
112  43.12457578 -089.34279016  43.12456817 -089.34217879  51 101 
115  43.12494087 -089.34214676 
120 Edge
111  43.14019153 -089.32965636   8 
112  43.14016896 -089.32813902  43.14016896 -089.32811920 
111  43.14016896 -089.32813902 
112  43.14016896 -089.32813902  43.14016642 -089.32775281   8 
111  43.13987886 -089.32771858   8 
115  43.13868955 -089.32774098 
120 Edge
111  43.14371179 -089.32880321   8 
112  43.14370950 -089.32793909  43.14370950 -089.32791926 
111  43.14370950 -089.32793909 
112  43.14370950 -089.32793909  43.14370950 -089.32761195   8 
111  43.14343462 -089.32760203   8 
112  43.14072199 -089.32767143  43.14071476 -089.32767143 
111  43.14072199 -089.32767143 
112  43.14072199 -089.32767143  43.14043265 -089.32769125   8 
111  43.14038201 -089.32815718   8 
115  43.14039545 -089.32890609 
120 Hole outline
112  43.13667146 -089.34369997  43.13667146 -089.34330826  53 102 
111  43.13639786 -089.34325522  53 102 
111  43.13577024 -089.34329416  53 102 
112  43.13555257 -089.34373914  43.13556073 -089.34413084  53 102 
111  43.13579758 -089.34418120  53 102 
113  43.13645095 -089.34415322  53 102 
120 Turn line
112  43.13994630 -089.34146312  43.14043629 -089.34144073  51 101 
115  43.14048118 -089.34218799 
120 Taxiline C
112  43.14005188 -089.34294306  43.14047246 -089.34290949  51 101 
111  43.14048471 -089.34240586  51 101 
111  43.14048118 -089.34218799  51 
111  43.14037437 -089.33452601   1 
112  43.14027413 -089.32781174  43.14027413 -089.32780858 
111  43.14027413 -089.32781174 
112  43.14027413 -089.32781174  43.14027106 -089.32758050   1 
115  43.14009676 -089.32754266 
14   43.13903716 -089.34637086   80 0 Tower Viewpoint
15   43.14060048 -089.32728319 357.55 East ramp
15   43.13675908 -089.34496846 280.00 Terminal
18   43.14129334 -089.32455767 1 Light beacon
19   43.14482986 -089.33961815 1 Windsock
19   43.12519400 -089.34323700 1 Windsock
19   43.13363100 -089.34276200 1 Windsock
19   43.14956500 -089.32846600 1 Windsock
19   43.14500070 -089.34270327 1 Windsock
19   43.13626600 -089.32757600 1 Windsock
20   43.14919338 -089.34200026  81.28  0 3 {@L}A1{@R}18
20   43.14355839 -089.34224212  87.78  0 3 {@L}A3{@R}18-36
20   43.14063820 -089.34236995  87.78  0 3 {@L}A4{@R}18-36
20   43.13425232 -089.34247362 135.92  0 3 {@L}A5{@R}18-36|3
20   43.12757370 -089.34301509  88.75  0 3 {@L}A6{@R}18-36
20   43.12476303 -089.34312070  88.75  0 3 {@L}A7{@R}36
20   43.14998424 -089.32814758 311.16  0 2 {@L}B{@R}21
20   43.13324829 -089.34059984 268.84  0 3 {@L}B4{@R}36-18|3{^ru}
20   43.14021490 -089.33533429 270.00  0 2 {@L}C{@R}3-21
20   43.14014945 -089.33037711 270.00  0 2 {@L}C{@R}32-14
20   43.13673056 -089.32575490 180.00  0 2 {@L}H{@R}32
20   43.14743592 -089.34221643  49.45  0 3 {@R,^lu}14{@L}A2{@R}18-36
50 12465 ATIS
51 11930 CTAF
51 12295 UNICOM
52 12162 MADISON CLNC DEL
53 12190 MADISON GND
54 11930 MADISON TWR
55 12010 MADISON APP
55 13545 MADISON APP
56 12685 MADISON DEP
1     1064 0 1 WI51 Del Monte
100   18.29   3   0 0.25 0 0 0 36   43.31808619 -089.32094973    0.00    0.00 1  0 0 0 18   43.32466935 -089.32094973    0.00    0.00 1  0 0 0
19   43.31792161 -089.32128904 1 WS
19   43.32483393 -089.32061038 1 WS
1      925 0 1 5WI3 Der Schwarzwald
100   21.34   3   0 0.25 0 0 0 04   43.20567097 -089.01947262    0.00    0.00 1  0 0 0 22   43.20987347 -089.01463462    0.00    0.00 1  0 0 0
19   43.20570900 -089.01994464 1 WS
19   43.20983541 -089.01416258 1 WS
1      972 0 1 WS12 Elert
100   15.24   3   0 0.25 0 0 0 36   43.26172219 -089.32317167    0.00    0.00 1  0 0 0 18   43.26714781 -089.32317167    0.00    0.00 1  0 0 0
19   43.26158504 -089.32345417 1 WS
19   43.26728496 -089.32288915 1 WS
1      960 0 1 WI97 Falcon Field
100   19.81   3   0 0.25 0 0 0 18   43.26161017 -089.06483223    0.00    0.00 1  0 0 0 36   43.25392983 -089.06483223    0.00    0.00 1  0 0 0
19   43.26178846 -089.06446687 1 WS
19   43.25375154 -089.06519755 1 WS
1      883 0 1 85C  Flying B
100   32.00   3   0 0.25 0 0 0 18   43.43827747 -089.88040223    0.00    0.00 1  0 0 0 36   43.43113475 -089.88040223    0.00    0.00 1  0 0 0
19   43.43856548 -089.87980914 1 WS
19   43.43084674 -089.88099524 1 WS
1      965 0 1 7WI2 Higgins
100   18.29   3   0 0.25 0 0 0 18   43.44688211 -089.17816973    0.00    0.00 1  0 0 0 36   43.43920177 -089.17816973    0.00    0.00 1  0 0 0
19   43.44704669 -089.17782970 1 WS
19   43.43903719 -089.17850972 1 WS
1     1190 0 1 57WI Kittleson Krest
100   18.29   3   0 0.25 0 0 0 36   43.00378771 -089.88464279    0.00    0.00 1  0 0 0 18   43.01009561 -089.88449223    0.00    0.00 1  0 0 0
19   43.00362747 -089.88498424 1 WS
19   43.01025585 -089.88415075 1 WS
1      875 0 1 WN39 Knutson Field
100   30.48   3   0 0.25 0 0 0 09   43.48192777 -089.32446406    0.00    0.00 1  0 0 0 27   43.48192777 -089.31576928    0.00    0.00 1  0 0 0
100   22.86   3   0 0.25 0 0 0 18   43.48425930 -089.32011667    0.00    0.00 1  0 0 0 36   43.47959624 -089.32011667    0.00    0.00 1  0 0 0
19   43.48233921 -089.32484212 1 WS
19   43.48446502 -089.31969325 1 WS
19   43.48151631 -089.31539128 1 WS
19   43.47939052 -089.32054005 1 WS
1      770 0 1 WS68 Krist Island
100   18.29   3   0 0.25 0 0 0 17   43.78427933 -089.30853991    0.00    0.00 1  0 0 0 35   43.77901177 -089.30725343    0.00    0.00 1  0 0 0
19   43.78448428 -089.30824275 1 WS
19   43.77880682 -089.30755057 1 WS
1      900 0 1 59WI Little Wheel Field
100   24.38   3   0 0.25 0 0 0 06   43.03251573 -089.19586488    0.00    0.00 1  0 0 0 24   43.03525871 -089.18936514    0.00    0.00 1  0 0 0
19   43.03269105 -089.19635003 1 WS
19   43.03508335 -089.18887999 1 WS
1      844 0 1 C76  Lodi Lakeland
100   32.00   3   0 0.25 0 0 0 09   43.33332166 -089.52448712    0.00    0.00 1  0 0 0 27   43.33332166 -089.51742012    0.00    0.00 1  0 0 0
19   43.33375230 -089.52488311 1 WS
19   43.33289100 -089.51702419 1 WS
1      928 0 1 C29  MIDDLETON MUNI MOREY FLD
100   30.48   1   0 0.00 0 2 0 10   43.11486427 -089.54064935    0.00    0.00 2  0 0 1 28   43.11302773 -089.52588465    0.00    0.00 2  0 0 1
100   36.58   3   0 0.00 0 0 0 01   43.11251997 -089.52853903    0.00    0.00 1  0 0 0 19   43.11763803 -089.52758697    0.00    0.00 1  0 0 0
21   43.11489248 -089.53814166  2  99.67   3.00 10  PAPI-4L
21   43.11299984 -089.52839226  2 279.68   3.00 28  PAPI-4L
10   43.11306200 -089.53347500 xxx  99.66  3986 0.0 0.0    50 161161  1 0 0 0.00 0
10   43.11209100 -089.52942700 xxx   0.01   329 0.0 0.0   150 101101  1 0 0 0.00 0
10   43.11226700 -089.53089900 xxx  99.07   915 0.0 0.0   164 101101  1 0 0 0.00 0
10   43.11196300 -089.53090500 xxx 269.97   944 0.0 0.0   234 101101  1 0 0 0.00 0
10   43.11230700 -089.53251400 xxx   0.47   454 0.0 0.0    76 101101  1 0 0 0.00 0
10   43.11379000 -089.53587400 xxx 189.39   302 0.0 0.0    50 161161  1 0 0 0.00 0
10   43.11433000 -089.54065700 xxx 190.38   302 0.0 0.0    50 161161  1 0 0 0.00 0
10   43.11309300 -089.53034500 xxx 190.41   277 0.0 0.0    50 161161  1 0 0 0.00 0
10   43.11252800 -089.52611700 xxx 189.08   298 0.0 0.0    50 161161  1 0 0 0.00 0
10   43.11270600 -089.53193300 xxx 191.37   110 0.0 0.0    98 101101  1 0 0 0.00 0
10   43.11251900 -089.53044400 xxx 191.07   112 0.0 0.0   130 101101  1 0 0 0.00 0
18   43.11489336 -089.53304969 1 BCN
19   43.11285700 -089.52907200 1 WS
19   43.11531600 -089.54092600 1 WS
19   43.11790200 -089.52685700 1 WS
19   43.11257600 -089.52560700 1 WS
51 12300 CTAF/UNICOM
55 13545 MADISON APP/DEP
1     1030 0 1 WS02 Polish Paradise
100   15.24   3   0 0.25 0 0 0 36   43.73970653 -089.71595751    0.00    0.00 1  0 0 0 18   43.74524735 -089.71595751    0.00    0.00 1  0 0 0
19   43.73956938 -089.71624225 1 WS
19   43.74538450 -089.71567274 1 WS
1      825 0 1 C47  PORTAGE MUNI
100   18.29   1   0 0.25 0 2 0 17   43.56578100 -089.48335600   31.39    0.00 2  0 0 1 35   43.55544700 -089.48281100   79.86    0.00 2  0 0 0
100   12.19   1   0 0.25 0 0 0 04   43.55730300 -089.48582800   18.29    0.00 2  0 0 0 22   43.56243600 -089.47923600    0.00    0.00 2  0 0 0
21   43.56370981 -089.48289696  1 177.81   3.00 17  VASI
110   1 0.30  42.94 Default taxiway for RWY 04
111  43.55726716 -089.48577485   3 
111  43.55707877 -089.48549549   3 
111  43.56221196 -089.47890402   3 
111  43.56240035 -089.47918341 
112  43.56232003 -089.47928655  43.56235866 -089.47923271   3 
111  43.56231381 -089.47916620   3 
112  43.56225402 -089.47907752  43.56220917 -089.47901101   3 
111  43.56216901 -089.47906258   3 
111  43.55970282 -089.48222940   3 
111  43.55985384 -089.48245335 
111  43.55981367 -089.48250492   3 
111  43.55966265 -089.48228097   3 
112  43.55719646 -089.48544777  43.55715630 -089.48549934   3 
111  43.55720115 -089.48556584   3 
112  43.55726094 -089.48565451  43.55730579 -089.48572101   3 
113  43.55734748 -089.48567171 
110   1 0.30 177.81 Default taxiway for RWY 17
111  43.56577794 -089.48346638   3 102 
111  43.56576214 -089.48403691   3 102 
111  43.55542814 -089.48349170   3 102 
111  43.55544394 -089.48292127 
112  43.55560840 -089.48292994  43.55552609 -089.48292871   3 102 
111  43.55552232 -089.48306486   3 102 
112  43.55551729 -089.48324641  43.55551352 -089.48338257   3 102 
111  43.55559575 -089.48338691   3 102 
111  43.56055718 -089.48364866   3 102 
111  43.56056983 -089.48319165 
111  43.56065206 -089.48319599   3 102 
111  43.56063941 -089.48365300   3 102 
112  43.56560083 -089.48391475  43.56568306 -089.48391908   3 102 
111  43.56568683 -089.48378290   3 102 
112  43.56569186 -089.48360133  43.56569563 -089.48346514   3 102 
113  43.56561348 -089.48345771 
120 Default hold RWY 04 (near)
111  43.55719088 -089.48566174   4 
115  43.55723104 -089.48561017 
120 Default hold RWY 17 (near)
111  43.56577157 -089.48369646   4 
115  43.56568934 -089.48369211 
120 Default hold RWY 04 (centre)
111  43.55973739 -089.48239181   4 
115  43.55977756 -089.48234024 
120 Default hold RWY 17 (centre)
111  43.56064569 -089.48342605   4 
115  43.56056346 -089.48342171 
120 Default hold RWY 04 (far)
111  43.56228391 -089.47912186   4 
115  43.56232407 -089.47907029 
120 Default hold RWY 17 (far)
111  43.55551980 -089.48315564   4 
115  43.55543757 -089.48315131 
18   43.56063625 -089.48228914 1 BCN
19   43.55733480 -089.48609740 1 WS
19   43.56595489 -089.48302421 1 WS
19   43.56240419 -089.47896658 1 WS
19   43.55527311 -089.48314273 1 WS
51 12270 CTAF/UNICOM
55 12010 MADISON APP/DEP
55 13545 MADISON APP/DEP
1      875 0 1 WS32 Prescott Field
100   21.34   3   0 0.25 0 0 0 09   43.48359527 -089.29843059    0.00    0.00 1  0 0 0 27   43.48359527 -089.29124775    0.00    0.00 1  0 0 0
19   43.48388327 -089.29869524 1 WS
19   43.48330725 -089.29098314 1 WS
1      955 0 1 87WI Quale
100    9.14   3   0 0.25 0 0 0 01   43.01782254 -089.18578340    0.00    0.00 1  0 0 0 19   43.02106412 -089.18500162    0.00    0.00 1  0 0 0
19   43.01776293 -089.18596920 1 WS
19   43.02112373 -089.18481580 1 WS
1      907 0 0 C35  Reedsburg Muni
100   22.86   1   0 0.00 0 2 1 18   43.53177800 -089.98218900  134.11    0.00 2  0 0 1 36   43.51850000 -089.98235300   91.14    0.00 2  0 0 1
100   14.94   1   0 0.00 0 2 1 07   43.52625183 -089.98955072   70.10    0.00 2  0 0 0 25   43.52871017 -089.98071328   91.14    0.00 2  0 0 0
21   43.52112509 -089.98269826  1   0.51   3.00 36  VASI
110   1 0.00   0.00 New Taxiway 3
112  43.52827935 -089.98249667  43.52824886 -089.98259478 
112  43.52813900 -089.98252942  43.52814955 -089.98248226 
112  43.52808038 -089.98236988  43.52803934 -089.98237035 
112  43.52816523 -089.98209587  43.52819396 -089.98209357 
112  43.52829073 -089.98199069  43.52831022 -089.98191886 
112  43.52842668 -089.98197600  43.52840606 -089.98205612 
112  43.52849233 -089.98209270  43.52852145 -089.98209216 
114  43.52844758 -089.98235856  43.52839970 -089.98235714 
110   1 0.00   0.00 New Taxiway 10
112  43.52790605 -089.98311450  43.52785701 -089.98311518 102 
112  43.52016837 -089.98329885  43.52004329 -089.98329910 102 
112  43.51999760 -089.98304433  43.51999602 -089.98292219 102 
112  43.51999255 -089.98253521  43.51999240 -089.98247002 102 
111  43.51996724 -089.98247621 
111  43.52008335 -089.98247316 102 
112  43.52005507 -089.98253677  43.52005509 -089.98260468 102 
112  43.52006523 -089.98304749  43.52006574 -089.98314069 102 
112  43.52019033 -089.98319388  43.52024542 -089.98319357 102 
112  43.52345929 -089.98310304  43.52351311 -089.98309915 102 
112  43.52350869 -089.98295812  43.52350922 -089.98291969 102 
112  43.52350600 -089.98250533  43.52350612 -089.98243131 102 
111  43.52346344 -089.98243079 
111  43.52360958 -089.98242917 102 
112  43.52357454 -089.98250492  43.52357386 -089.98255724 102 
112  43.52357989 -089.98295490  43.52357893 -089.98301409 102 
112  43.52363179 -089.98309379  43.52369409 -089.98309542 102 
112  43.52793014 -089.98302731  43.52799840 -089.98302622 102 
111  43.52803333 -089.98289671 
113  43.52795869 -089.98316640 102 
110   1 0.00   0.00 New Taxiway 2
111  43.53169741 -089.98291741 102 
112  43.53169409 -089.98241014  43.53169337 -089.98234185 102 
111  43.53166132 -089.98233222 
111  43.53177869 -089.98232856 102 
111  43.53178282 -089.98291410 
111  43.53211911 -089.98290712 
111  43.53212814 -089.98417847 
111  43.53131246 -089.98419056 
111  43.53131747 -089.98386949 
111  43.53063199 -089.98387105 
111  43.53063199 -089.98376229 
111  43.53145093 -089.98376118 
111  43.53144100 -089.98300721 102 
112  43.52821896 -089.98304950  43.52815457 -089.98304986 102 
112  43.52811560 -089.98310864  43.52811413 -089.98311506 
112  43.52817293 -089.98290037  43.52817062 -089.98290737 102 
114  43.52823187 -089.98295790  43.52827968 -089.98295992 102 
110   1 0.00   0.00 New Taxiway 1
111  43.53105686 -089.98205996 102 
112  43.53110030 -089.98196773  43.53109965 -089.98188354 
111  43.53110030 -089.98196773 
112  43.53110030 -089.98196773  43.53109995 -089.98188652 102 
112  43.53110159 -089.98106853  43.53109949 -089.98096168 102 
112  43.53096894 -089.98091042  43.53087372 -089.98091374 
111  43.53096894 -089.98091042 
112  43.53096894 -089.98091042  43.53081377 -089.98091242 102 
112  43.52879387 -089.98088513  43.52875691 -089.98088409 102 
111  43.52871698 -089.98094228 
111  43.52877083 -089.98074647 102 
112  43.52880739 -089.98077474  43.52882144 -089.98077563 102 
112  43.53097306 -089.98079248  43.53106548 -089.98078956 102 
112  43.53117214 -089.98105032  43.53117259 -089.98126946 102 
112  43.53117625 -089.98196245  43.53117815 -089.98204339 102 
113  43.53121305 -089.98205576 
110   1 0.00   0.00 New Taxiway 1
111  43.52618968 -089.98951839 
111  43.52610112 -089.98947098 
111  43.52629806 -089.98875752 
113  43.52642840 -089.98866212 
130 Airport Boundary 4
111  43.53236659 -089.98459529 
111  43.52883084 -089.98461469 
111  43.52700657 -089.98770010 
111  43.52646640 -089.98969655 
111  43.52610829 -089.99032598 
111  43.52578332 -089.99013564 
111  43.52723755 -089.98447838 
111  43.52660987 -089.98341496 
111  43.51867930 -089.98349273 
111  43.51782125 -089.98201883 
111  43.52474032 -089.98192672 
111  43.52643528 -089.97998580 
113  43.53236896 -089.97998311 
120 Linear Feature 2
112  43.53099809 -089.98219791  43.53106952 -089.98219553  20 
116  43.53113892 -089.98201523  43.53114095 -089.98190810 
120 Linear Feature 1
112  43.53127130 -089.98219564  43.53122314 -089.98219233  20 
112  43.53113892 -089.98201523  43.53113560 -089.98191735  20 
112  43.53113515 -089.98106500  43.53113187 -089.98092041  20 
112  43.53098445 -089.98084722  43.53087962 -089.98084408  20 
112  43.52879505 -089.98083297  43.52871029 -089.98083357  20 
116  43.52863380 -089.98098800  43.52861410 -089.98105041 
120 Linear Feature 16
111  43.52006177 -089.98265423   4 
115  43.51999499 -089.98265666 
120 Linear Feature 15
111  43.52358085 -089.98264871   4 
115  43.52351021 -089.98265124 
120 Linear Feature 14
112  43.52367566 -089.98228845  43.52358558 -089.98229411  20 
116  43.52354366 -089.98250219  43.52354312 -089.98256516 
120 Linear Feature 13
112  43.52345990 -089.98316965  43.52355579 -089.98316268  20 
116  43.52354599 -089.98298383  43.52354822 -089.98292376 
120 Linear Feature 12
112  43.52365213 -089.98316827  43.52355750 -089.98316596  20 
116  43.52354599 -089.98298383  43.52354501 -089.98288257 
120 Linear Feature 11
111  43.52769529 -089.98312273   4 
115  43.52769419 -089.98303244 
120 Linear Feature 9
112  43.52804817 -089.98309313  43.52807084 -089.98301910  20 
116  43.52820503 -089.98300504  43.52830590 -089.98300632 
120 Linear Feature 8
111  43.53143834 -089.98296101  20 
112  43.52820503 -089.98300504  43.52812549 -089.98300537  20 
116  43.52811781 -089.98284383  43.52813427 -089.98277478 
120 Linear Feature 7
111  43.52831030 -089.98296065   4 
115  43.52830997 -089.98305076 
120 Linear Feature 6
111  43.53178082 -089.98255025   4 
115  43.53169674 -089.98255095 
120 Linear Feature 5
111  43.52887434 -089.98088851   4 
115  43.52887434 -089.98077926 
120 Linear Feature 4
111  43.53110147 -089.98192015   4 
115  43.53117588 -089.98192015 
120 Linear Feature 13
112  43.52802482 -089.98317662  43.52804219 -089.98310295  20 
116  43.52795545 -089.98306771  43.52790512 -089.98306790 
120 Linear Feature 10
112  43.52354599 -089.98298383  43.52354632 -089.98287896  20 
112  43.52354366 -089.98250219  43.52354347 -089.98241337  20 
116  43.52341715 -089.98229145  43.52332801 -089.98228970 
120 Linear Feature 9
112  43.51992372 -089.98233610  43.51999061 -089.98233610  20 
116  43.52002233 -089.98249615  43.52002330 -089.98257984 
120 Linear Feature 8
112  43.52808916 -089.98294641  43.52806939 -089.98301935  20 
112  43.52795545 -089.98306771  43.52786346 -089.98307120  20 
112  43.52365213 -089.98316827  43.52356437 -089.98317078  20 
112  43.52345990 -089.98316965  43.52343087 -089.98317155  20 
112  43.52017039 -089.98324405  43.52009533 -089.98324531  20 
112  43.52003029 -089.98307667  43.52002876 -089.98298293  20 
112  43.52002233 -089.98249615  43.52002105 -089.98236764  20 
116  43.52009957 -089.98233330  43.52013846 -089.98233312 
120 Linear Feature 2
111  43.53173916 -089.98291752  20 
112  43.53173441 -089.98234577  43.53173101 -089.98222566  20 
116  43.53160528 -089.98219130  43.53156754 -089.98219167 
15   43.53169813 -089.98324790  88.15 New Ramp Start 1
15   43.53206034 -089.98373994 178.59 New Ramp Start 1
15   43.53205858 -089.98353151 180.10 New Ramp Start 2
15   43.53205506 -089.98332064 180.04 New Ramp Start 3
18   43.53212885 -089.98406052 1 BCN
19   43.53026500 -089.98172400 1 WS
19   43.51958000 -089.98283000 1 WS
19   43.52685300 -089.98843300 1 WS
19   43.52811700 -089.98166100 1 WS
19   43.52946300 -089.98122800 1 WS
51 12280 CTAF/UNICOM
55 13545 MADISON APP/DEP
1      790 0 1 6WI9 Rex Ranch
100   22.86   3   0 0.25 0 0 0 10   43.79724122 -089.27257391    0.00    0.00 1  0 0 0 28   43.79605044 -089.26321777    0.00    0.00 1  0 0 0
19   43.79757948 -089.27278071 1 WS
19   43.79571217 -089.26301102 1 WS
1      840 0 1 43WI Rohdes
100   15.24   3   0 0.25 0 0 0 18   43.56870291 -089.26706112    0.00    0.00 1  0 0 0 36   43.56403985 -089.26706112    0.00    0.00 1  0 0 0
19   43.56884006 -089.26677719 1 WS
19   43.56390270 -089.26734503 1 WS
1      832 0 1 91C  Sauk-Prairie
100    9.75   1   0 0.25 0 2 0 18   43.30096468 -089.75595639    0.00    0.00 2  0 0 0 36   43.29290032 -089.75595639    0.00    0.00 2  0 0 0
21   43.29916483 -089.75562405  2 180.00   3.00 18  PAPI-4L
21   43.29470017 -089.75628871  2   0.00   3.00 36  PAPI-4L
110   1 0.30 180.00 Default taxiway for RWY 18
111  43.30096468 -089.75601360   3 102 
111  43.30096468 -089.75631822   3 102 
111  43.29290032 -089.75631817   3 102 
111  43.29290032 -089.75601360 
112  43.29298810 -089.75601360  43.29294421 -089.75601669   3 102 
111  43.29294421 -089.75608904   3 102 
112  43.29294421 -089.75618552  43.29294421 -089.75625788   3 102 
111  43.29298810 -089.75625788   3 102 
111  43.29691056 -089.75625790   3 102 
111  43.29691056 -089.75601360 
111  43.29695444 -089.75601360   3 102 
111  43.29695444 -089.75625790   3 102 
112  43.30087690 -089.75625791  43.30092079 -089.75625792   3 102 
111  43.30092079 -089.75618555   3 102 
112  43.30092079 -089.75608906  43.30092079 -089.75601670   3 102 
113  43.30087690 -089.75601360 
120 Default hold RWY 18 (near)
111  43.30096468 -089.75613731   4 
115  43.30092079 -089.75613731 
120 Default hold RWY 18 (centre)
111  43.29695444 -089.75613729   4 
115  43.29691056 -089.75613729 
120 Default hold RWY 18 (far)
111  43.29294421 -089.75613728   4 
115  43.29290032 -089.75613728 
18   43.29693250 -089.75553428 1 BCN
19   43.30105246 -089.75577547 1 WS
19   43.29281254 -089.75613728 1 WS
1      810 0 1 0WI4 SNOW CREST RANCH
100   12.19   1   0 0.25 0 0 0 08   43.82888900 -089.35861100    0.00    0.00 2  0 0 0 26   43.83000300 -089.34638900    0.00    0.00 2  0 0 0
110   1 0.30  82.80 Default taxiway for RWY 08
111  43.82883681 -089.35860185   3 
111  43.82856244 -089.35855377   3 
111  43.82967709 -089.34633200   3 
111  43.82995146 -089.34638008 
112  43.82993770 -089.34653097  43.82994234 -089.34645513   3 
111  43.82987703 -089.34644369   3 
112  43.82978995 -089.34642843  43.82972464 -089.34641698   3 
111  43.82971776 -089.34649243   3 
111  43.82917764 -089.35241470   3 
111  43.82939758 -089.35245324 
111  43.82939070 -089.35252869   3 
111  43.82917076 -089.35249015   3 
112  43.82863063 -089.35841242  43.82862375 -089.35848787   3 
111  43.82868906 -089.35849932   3 
112  43.82877614 -089.35851458  43.82884145 -089.35852602   3 
113  43.82885057 -089.35845096 
120 Default hold RWY 08 (near)
111  43.82872572 -089.35858239   4 
115  43.82873260 -089.35850695 
120 Default hold RWY 08 (centre)
111  43.82927961 -089.35250923   4 
115  43.82928649 -089.35243378 
120 Default hold RWY 08 (far)
111  43.82983349 -089.34643606   4 
115  43.82984037 -089.34636062 
19   43.82903852 -089.35879050 1 WS
19   43.82985347 -089.34620953 1 WS
1     1200 0 1 34WI Thiessen Field
100   18.29   3   0 0.25 0 0 0 08   43.41750504 -089.76763957    0.00    0.00 1  0 0 0 26   43.41801996 -089.76316377    0.00    0.00 1  0 0 0
19   43.41772312 -089.76791654 1 WS
19   43.41780187 -089.76288682 1 WS
1     1070 0 1 WI52 Wanger-In
100   15.24   3   0 0.25 0 0 0 09   43.31221138 -089.32453665    0.00    0.00 1  0 0 0 27   43.31221138 -089.31458447    0.00    0.00 1  0 0 0
19   43.31241709 -089.32472516 1 WS
19   43.31200565 -089.31439600 1 WS
1      954 0 0 WI06 Waunakee
100    9.14   1   0 0.25 0 2 0 09   43.17871230 -089.45546153    0.00    0.00 2  0 0 0 27   43.17871230 -089.44709989   43.89    0.00 2  0 0 0
110   1 0.25   0.00 West Turnabout
111  43.17867106 -089.45545705 
111  43.17860544 -089.45545705 
111  43.17858824 -089.45544253 
111  43.17857765 -089.45541349 
111  43.17857236 -089.45538990 
111  43.17857236 -089.45536086 
111  43.17857236 -089.45532094 
111  43.17858511 -089.45527852 
111  43.17860941 -089.45524653 
111  43.17863588 -089.45521387 
111  43.17865573 -089.45519056 
111  43.17866897 -089.45516487 
113  43.17867099 -089.45515741 
110   1 0.25   0.00 East Main Taxiway
111  43.17875124 -089.44710057 
111  43.17892640 -089.44709646 
111  43.17895335 -089.44708403 
111  43.17897431 -089.44706760 
111  43.17899394 -089.44704491 
111  43.17900284 -089.44701822 
111  43.17900575 -089.44699517 
111  43.17900716 -089.44696666 
111  43.17899818 -089.44694590 
111  43.17898770 -089.44693370 
111  43.17897439 -089.44692514 
111  43.17908061 -089.44692696 
111  43.17906405 -089.44694567 
111  43.17905665 -089.44697829 
111  43.17905524 -089.44704010 
111  43.17905515 -089.44734077 
113  43.17875273 -089.44734077 
130 Airport Boundary
111  43.17846872 -089.45557878 
111  43.17846168 -089.44691286 
111  43.18012253 -089.44691286 
111  43.18012223 -089.44734712 
111  43.18000993 -089.44745327 
111  43.17886222 -089.44745368 
113  43.17885944 -089.45557918 
15   43.17886800 -089.44720733 180.00 Default Ramp Start
18   43.17855000 -089.45128100 1 BCN
19   43.17898599 -089.44719228 1 East Windsock
19   43.17862701 -089.45515120 1 West Windsock
16     832 0 1 71C  [S] Medos Lake Delton
101 1219.20 0 18   43.61515310 -089.77762445 36   43.59869522 -089.77762445
17     862 0 1 WI94 [H] Army Guard
102 H1   43.12666138 -089.34095056   0.00   30.48   30.48   1 2   0 0.25 0
19   43.12707283 -089.34038681 1 WS
17     860 0 1 WI41 [H] Columbus Community Hospital
102 H1   43.32276861 -089.03427667   0.00   14.94   12.50   1 2   0 0.25 0
19   43.32294690 -089.03404667 1 WS
17     900 0 1 WS07 [H] JB
102 H1   43.62720138 -089.78512445   0.00   48.77   45.72   2 2   0 0.25 0
19   43.62783227 -089.78427181 1 WS
17     891 0 1 WI93 [H] Meriter Park
102 H1   43.06555166 -089.40178584   0.00   32.92   24.08   2 2   0 0.25 0
19   43.06591648 -089.40134280 1 WS
17     940 0 1 WS54 [H] Reedsburg Memorial Hospital
102 H1   43.55025805 -089.99234778   0.00    7.62    7.62   1 2   0 0.25 0
19   43.55035954 -089.99220775 1 WS
17     965 0 1 WI30 [H] St Clare Hospital
102 H1   43.48137166 -089.72956806   0.00   18.29   18.29   1 2   0 0.25 0
19   43.48161853 -089.72922783 1 WS
17     850 0 1 WS52 [H] St Marys Medical Center
102 H1   43.05777416 -089.40484139   0.00   30.48   30.48   1 2   0 0.25 0
19   43.05818561 -089.40427827 1 WS
17     901 0 1 WS27 [H] Uw Hospital & Clinics
102 H1   43.07582916 -089.43289750   0.00   30.48   30.48   2 2   0 0.25 0
19   43.07624061 -089.43233422 1 WS