1      210 0 1 65M  Bernard Manor
100   30.48   3   0 0.25 0 1 0 06   35.22485807 -090.46926974    0.00    0.00 1  0 0 0 24   35.22809581 -090.46149082    0.00    0.00 1  0 0 0
18   35.22733234 -090.46591392 1 BCN
19   35.22510012 -090.46979760 1 WS
19   35.22785372 -090.46096297 1 WS
1      224 0 1 M01  General Dewitt Spain
100   22.86   1   0 0.25 0 2 1 17   35.20576900 -090.05545600    0.00    0.00 2  0 0 1 35   35.19561700 -090.05248600    0.00    0.00 2  0 0 1
21   35.20408215 -090.05461785  1 166.56   3.00 17  VASI
21   35.19730386 -090.05332399  1 346.56   3.00 35  VASI
10   35.20085100 -090.05332900 xxx 166.56  3616 0.0 0.0    50 161161  1 0 0 0.25 0
10   35.20157600 -090.05233800 xxx 166.24   688 0.0 0.0   403 161161  1 0 0 0.25 0
10   35.20248800 -090.05284100 xxx  76.53   564 0.0 0.0    50 161161  1 0 0 0.25 0
10   35.20325500 -090.05305500 xxx  76.53   544 0.0 0.0    50 161161  1 0 0 0.25 0
10   35.20086300 -090.05158200 xxx 106.73   350 0.0 0.0   220 161161  1 0 0 0.25 0
10   35.20111800 -090.05345900 xxx  75.73   371 0.0 0.0    50 161161  1 0 0 0.25 0
10   35.20036300 -090.05174300 xxx 106.73   337 0.0 0.0    49 161161  1 0 0 0.25 0
10   35.20303300 -090.05213200 xxx 165.56   275 0.0 0.0    50 161161  1 0 0 0.25 0
10   35.20135900 -090.05157500 xxx 167.41   252 0.0 0.0    70 161161  1 0 0 0.25 0
10   35.20238900 -090.05188000 xxx 167.41   213 0.0 0.0    70 161161  1 0 0 0.25 0
10   35.20296900 -090.05299400 xxx 165.56   216 0.0 0.0    50 161161  1 0 0 0.25 0
10   35.20341500 -090.05436700 xxx  75.73   187 0.0 0.0    50 161161  1 0 0 0.25 0
10   35.19835700 -090.05289500 xxx  75.73   187 0.0 0.0    50 161161  1 0 0 0.25 0
10   35.20063000 -090.05213900 xxx 194.66   167 0.0 0.0    60 161161  1 0 0 0.25 0
10   35.20158000 -090.05156700 xxx 167.41    95 0.0 0.0    96 161161  1 0 0 0.25 0
10   35.19571700 -090.05220000 xxx  76.47   128 0.0 0.0    37 161161  1 0 0 0.25 0
10   35.20577600 -090.05516800 xxx  76.47   128 0.0 0.0    37 161161  1 0 0 0.25 0
10   35.20125600 -090.05297900 xxx  63.24    95 0.0 0.0    43 161161  1 0 0 0.25 0
10   35.20119900 -090.05296300 xxx  86.69    95 0.0 0.0    43 161161  1 0 0 0.25 0
10   35.20315600 -090.05390900 xxx 295.88    69 0.0 0.0    50 161161  1 0 0 0.25 0
10   35.20235100 -090.05326100 xxx 109.88    69 0.0 0.0    50 161161  1 0 0 0.25 0
10   35.20108800 -090.05332200 xxx  25.88    69 0.0 0.0    50 161161  1 0 0 0.25 0
10   35.20120600 -090.05334500 xxx 295.88    69 0.0 0.0    50 161161  1 0 0 0.25 0
10   35.20303300 -090.05386400 xxx  25.88    69 0.0 0.0    50 161161  1 0 0 0.25 0
10   35.20224800 -090.05365800 xxx  25.88    69 0.0 0.0    50 161161  1 0 0 0.25 0
10   35.20237000 -090.05368000 xxx 295.88    69 0.0 0.0    50 161161  1 0 0 0.25 0
10   35.20576100 -090.05484000 xxx 124.11    69 0.0 0.0    43 161161  1 0 0 0.25 0
10   35.19838700 -090.05315400 xxx 125.09    69 0.0 0.0    37 161161  1 0 0 0.25 0
10   35.19814300 -090.05313900 xxx 182.79    69 0.0 0.0    37 161161  1 0 0 0.25 0
10   35.19819600 -090.05313100 xxx 198.64    69 0.0 0.0    37 161161  1 0 0 0.25 0
10   35.19829900 -090.05303200 xxx 239.75    69 0.0 0.0    37 161161  1 0 0 0.25 0
10   35.19823100 -090.05310100 xxx 215.09    69 0.0 0.0    37 161161  1 0 0 0.25 0
10   35.19834100 -090.05281100 xxx 269.79    69 0.0 0.0    37 161161  1 0 0 0.25 0
10   35.19833800 -090.05274200 xxx 285.64    69 0.0 0.0    37 161161  1 0 0 0.25 0
10   35.19826100 -090.05260500 xxx 326.75    69 0.0 0.0    37 161161  1 0 0 0.25 0
10   35.19831800 -090.05268900 xxx 302.09    69 0.0 0.0    37 161161  1 0 0 0.25 0
10   35.19860100 -090.05269600 xxx 353.79    69 0.0 0.0    37 161161  1 0 0 0.25 0
10   35.19854700 -090.05269600 xxx   9.64    69 0.0 0.0    37 161161  1 0 0 0.25 0
10   35.19843300 -090.05277300 xxx  50.75    69 0.0 0.0    37 161161  1 0 0 0.25 0
10   35.19850500 -090.05271100 xxx  26.09    69 0.0 0.0    37 161161  1 0 0 0.25 0
10   35.20108800 -090.05389400 xxx 108.64    69 0.0 0.0    37 161161  1 0 0 0.25 0
10   35.20341500 -090.05451200 xxx  92.79    69 0.0 0.0    37 161161  1 0 0 0.25 0
10   35.20342300 -090.05458100 xxx 108.64    69 0.0 0.0    37 161161  1 0 0 0.25 0
10   35.20350300 -090.05470300 xxx 149.75    69 0.0 0.0    37 161161  1 0 0 0.25 0
10   35.20344500 -090.05462600 xxx 125.09    69 0.0 0.0    37 161161  1 0 0 0.25 0
10   35.20320100 -090.05461100 xxx 182.79    69 0.0 0.0    37 161161  1 0 0 0.25 0
10   35.20325100 -090.05461100 xxx 198.64    69 0.0 0.0    37 161161  1 0 0 0.25 0
10   35.20335400 -090.05450400 xxx 239.75    69 0.0 0.0    37 161161  1 0 0 0.25 0
10   35.20328900 -090.05457300 xxx 215.09    69 0.0 0.0    37 161161  1 0 0 0.25 0
10   35.20340000 -090.05428300 xxx 269.79    69 0.0 0.0    37 161161  1 0 0 0.25 0
10   35.20339200 -090.05421400 xxx 285.64    69 0.0 0.0    37 161161  1 0 0 0.25 0
10   35.20332000 -090.05407700 xxx 326.75    69 0.0 0.0    37 161161  1 0 0 0.25 0
10   35.20337700 -090.05416900 xxx 302.09    69 0.0 0.0    37 161161  1 0 0 0.25 0
10   35.20365500 -090.05416900 xxx 353.79    69 0.0 0.0    37 161161  1 0 0 0.25 0
10   35.20360200 -090.05417600 xxx   9.64    69 0.0 0.0    37 161161  1 0 0 0.25 0
10   35.20347200 -090.05427600 xxx  51.77    69 0.0 0.0    37 161161  1 0 0 0.25 0
10   35.20356400 -090.05418400 xxx  26.09    69 0.0 0.0    37 161161  1 0 0 0.25 0
10   35.20116800 -090.05402400 xxx 149.75    69 0.0 0.0    37 161161  1 0 0 0.25 0
10   35.20110700 -090.05394700 xxx 125.09    69 0.0 0.0    37 161161  1 0 0 0.25 0
10   35.20086300 -090.05392500 xxx 182.79    69 0.0 0.0    37 161161  1 0 0 0.25 0
10   35.20091600 -090.05391700 xxx 198.64    69 0.0 0.0    37 161161  1 0 0 0.25 0
10   35.20101500 -090.05382500 xxx 239.75    69 0.0 0.0    37 161161  1 0 0 0.25 0
10   35.20095100 -090.05389400 xxx 215.09    69 0.0 0.0    37 161161  1 0 0 0.25 0
10   35.20106100 -090.05359600 xxx 269.79    69 0.0 0.0    37 161161  1 0 0 0.25 0
10   35.20105700 -090.05353500 xxx 285.64    69 0.0 0.0    37 161161  1 0 0 0.25 0
10   35.20098100 -090.05339800 xxx 326.75    69 0.0 0.0    37 161161  1 0 0 0.25 0
10   35.20103800 -090.05349000 xxx 302.09    69 0.0 0.0    37 161161  1 0 0 0.25 0
10   35.20132100 -090.05349000 xxx 353.79    69 0.0 0.0    37 161161  1 0 0 0.25 0
10   35.20126300 -090.05349000 xxx   9.64    69 0.0 0.0    37 161161  1 0 0 0.25 0
10   35.20115300 -090.05356600 xxx  50.75    69 0.0 0.0    37 161161  1 0 0 0.25 0
10   35.20122900 -090.05350500 xxx  26.09    69 0.0 0.0    37 161161  1 0 0 0.25 0
10   35.19589600 -090.05194900 xxx 199.73    69 0.0 0.0    37 161161  1 0 0 0.25 0
10   35.19599900 -090.05193300 xxx 180.42    69 0.0 0.0    37 161161  1 0 0 0.25 0
10   35.19580800 -090.05201000 xxx  39.88    69 0.0 0.0    37 161161  1 0 0 0.25 0
10   35.20108000 -090.05383300 xxx  92.79    69 0.0 0.0    37 161161  1 0 0 0.25 0
10   35.20568800 -090.05477100 xxx 144.47    69 0.0 0.0    37 161161  1 0 0 0.25 0
10   35.19835700 -090.05304000 xxx  92.79    69 0.0 0.0    37 161161  1 0 0 0.25 0
10   35.19837200 -090.05310100 xxx 108.64    69 0.0 0.0    37 161161  1 0 0 0.25 0
10   35.19844800 -090.05322300 xxx 149.75    69 0.0 0.0    37 161161  1 0 0 0.25 0
10   35.20037500 -090.05118600 xxx 197.90    82 0.0 0.0    21 161161  1 0 0 0.25 0
10   35.20106900 -090.05329100 xxx 196.64    69 0.0 0.0    24 161161  1 0 0 0.25 0
10   35.20097700 -090.05330700 xxx 180.62    69 0.0 0.0    24 161161  1 0 0 0.25 0
10   35.20332700 -090.05413100 xxx 314.33    69 0.0 0.0    24 161161  1 0 0 0.25 0
10   35.20127900 -090.05338300 xxx 322.45    69 0.0 0.0    24 161161  1 0 0 0.25 0
10   35.20122500 -090.05324600 xxx  97.63    69 0.0 0.0    24 161161  1 0 0 0.25 0
10   35.20129800 -090.05339100 xxx 334.84    69 0.0 0.0    24 161161  1 0 0 0.25 0
10   35.20125600 -090.05336000 xxx 313.04    69 0.0 0.0    24 161161  1 0 0 0.25 0
10   35.20123700 -090.05332200 xxx 106.64    69 0.0 0.0    24 161161  1 0 0 0.25 0
10   35.20122100 -090.05320000 xxx  90.62    69 0.0 0.0    24 161161  1 0 0 0.25 0
10   35.20349100 -090.05466500 xxx 137.33    69 0.0 0.0    24 161161  1 0 0 0.25 0
10   35.20305600 -090.05378000 xxx  52.45    69 0.0 0.0    24 161161  1 0 0 0.25 0
10   35.20295300 -090.05384800 xxx 187.63    69 0.0 0.0    24 161161  1 0 0 0.25 0
10   35.20306800 -090.05375700 xxx  64.84    69 0.0 0.0    24 161161  1 0 0 0.25 0
10   35.20303700 -090.05381000 xxx  43.04    69 0.0 0.0    24 161161  1 0 0 0.25 0
10   35.20300300 -090.05383300 xxx 196.64    69 0.0 0.0    24 161161  1 0 0 0.25 0
10   35.20290800 -090.05385600 xxx 180.62    69 0.0 0.0    24 161161  1 0 0 0.25 0
10   35.19844100 -090.05319200 xxx 137.33    69 0.0 0.0    24 161161  1 0 0 0.25 0
10   35.20227800 -090.05356600 xxx  52.45    69 0.0 0.0    24 161161  1 0 0 0.25 0
10   35.20217500 -090.05363500 xxx 187.63    69 0.0 0.0    24 161161  1 0 0 0.25 0
10   35.20229300 -090.05354300 xxx  64.84    69 0.0 0.0    24 161161  1 0 0 0.25 0
10   35.20225900 -090.05358900 xxx  43.04    69 0.0 0.0    24 161161  1 0 0 0.25 0
10   35.20222900 -090.05362700 xxx 196.64    69 0.0 0.0    24 161161  1 0 0 0.25 0
10   35.20213300 -090.05364200 xxx 180.62    69 0.0 0.0    24 161161  1 0 0 0.25 0
10   35.20099300 -090.05345900 xxx 314.33    69 0.0 0.0    24 161161  1 0 0 0.25 0
10   35.20243800 -090.05371900 xxx 322.45    69 0.0 0.0    24 161161  1 0 0 0.25 0
10   35.20238500 -090.05358100 xxx  97.63    69 0.0 0.0    24 161161  1 0 0 0.25 0
10   35.20246100 -090.05372600 xxx 334.84    69 0.0 0.0    24 161161  1 0 0 0.25 0
10   35.20241900 -090.05369600 xxx 313.04    69 0.0 0.0    24 161161  1 0 0 0.25 0
10   35.20240000 -090.05365800 xxx 106.64    69 0.0 0.0    24 161161  1 0 0 0.25 0
10   35.20238500 -090.05353500 xxx  90.62    69 0.0 0.0    24 161161  1 0 0 0.25 0
10   35.19847100 -090.05276500 xxx  38.33    69 0.0 0.0    24 161161  1 0 0 0.25 0
10   35.20322800 -090.05395500 xxx 322.45    69 0.0 0.0    24 161161  1 0 0 0.25 0
10   35.20317100 -090.05381800 xxx  97.63    69 0.0 0.0    24 161161  1 0 0 0.25 0
10   35.20324300 -090.05396300 xxx 334.84    69 0.0 0.0    24 161161  1 0 0 0.25 0
10   35.20320500 -090.05391700 xxx 313.04    69 0.0 0.0    24 161161  1 0 0 0.25 0
10   35.20318200 -090.05388600 xxx 106.64    69 0.0 0.0    24 161161  1 0 0 0.25 0
10   35.20316700 -090.05375700 xxx  90.62    69 0.0 0.0    24 161161  1 0 0 0.25 0
10   35.20352900 -090.05424500 xxx  38.33    69 0.0 0.0    24 161161  1 0 0 0.25 0
10   35.20227800 -090.05323000 xxx 136.45    69 0.0 0.0    24 161161  1 0 0 0.25 0
10   35.20232400 -090.05336800 xxx 271.63    69 0.0 0.0    24 161161  1 0 0 0.25 0
10   35.20226300 -090.05321500 xxx 148.84    69 0.0 0.0    24 161161  1 0 0 0.25 0
10   35.20230100 -090.05325300 xxx 127.04    69 0.0 0.0    24 161161  1 0 0 0.25 0
10   35.20232000 -090.05329900 xxx 280.64    69 0.0 0.0    24 161161  1 0 0 0.25 0
10   35.20232400 -090.05341300 xxx 264.62    69 0.0 0.0    24 161161  1 0 0 0.25 0
10   35.20115700 -090.05398600 xxx 137.33    69 0.0 0.0    24 161161  1 0 0 0.25 0
10   35.20332000 -090.05452000 xxx 227.33    69 0.0 0.0    24 161161  1 0 0 0.25 0
10   35.20574600 -090.05521400 xxx  55.45    69 0.0 0.0    24 161161  1 0 0 0.25 0
10   35.20563900 -090.05529800 xxx 190.63    69 0.0 0.0    24 161161  1 0 0 0.25 0
10   35.20575300 -090.05519900 xxx  67.84    69 0.0 0.0    24 161161  1 0 0 0.25 0
10   35.20571900 -090.05524400 xxx  46.04    69 0.0 0.0    24 161161  1 0 0 0.25 0
10   35.20569600 -090.05528300 xxx 199.64    69 0.0 0.0    24 161161  1 0 0 0.25 0
10   35.20571100 -090.05526700 xxx 219.24    69 0.0 0.0    24 161161  1 0 0 0.25 0
10   35.19578600 -090.05239900 xxx 316.45    69 0.0 0.0    24 161161  1 0 0 0.25 0
10   35.19573600 -090.05226100 xxx  91.63    69 0.0 0.0    24 161161  1 0 0 0.25 0
10   35.19576300 -090.05237600 xxx 307.04    69 0.0 0.0    24 161161  1 0 0 0.25 0
10   35.19574400 -090.05233800 xxx 100.64    69 0.0 0.0    24 161161  1 0 0 0.25 0
10   35.19575900 -090.05236100 xxx 120.24    69 0.0 0.0    24 161161  1 0 0 0.25 0
10   35.19586600 -090.05246700 xxx 335.24    69 0.0 0.0    24 161161  1 0 0 0.25 0
10   35.19591900 -090.05197900 xxx 188.24    69 0.0 0.0    24 161161  1 0 0 0.25 0
10   35.19580100 -090.05204800 xxx 228.33    69 0.0 0.0    24 161161  1 0 0 0.25 0
10   35.19586600 -090.05200200 xxx 209.61    69 0.0 0.0    24 161161  1 0 0 0.25 0
10   35.19589600 -090.05198700 xxx  20.28    69 0.0 0.0    24 161161  1 0 0 0.25 0
10   35.19575100 -090.05210900 xxx 243.12    69 0.0 0.0    24 161161  1 0 0 0.25 0
10   35.19601400 -090.05197100 xxx 175.65    69 0.0 0.0    24 161161  1 0 0 0.25 0
10   35.20118700 -090.05355800 xxx  38.33    69 0.0 0.0    24 161161  1 0 0 0.25 0
10   35.19827300 -090.05265800 xxx 314.33    69 0.0 0.0    24 161161  1 0 0 0.25 0
10   35.20098500 -090.05384100 xxx 227.33    69 0.0 0.0    24 161161  1 0 0 0.25 0
10   35.19597600 -090.05190300 xxx 180.84    56 0.0 0.0    37 161161  1 0 0 0.25 0
10   35.19585400 -090.05194100 xxx 206.21    56 0.0 0.0    37 161161  1 0 0 0.25 0
10   35.20571900 -090.05484800 xxx 124.11    69 0.0 0.0    24 161161  1 0 0 0.25 0
10   35.20577200 -090.05499300 xxx  93.97    69 0.0 0.0    24 161161  1 0 0 0.25 0
10   35.20576100 -090.05494700 xxx 109.93    69 0.0 0.0    24 161161  1 0 0 0.25 0
10   35.20567300 -090.05479400 xxx 143.04    69 0.0 0.0    24 161161  1 0 0 0.25 0
10   35.20570000 -090.05481700 xxx 132.26    69 0.0 0.0    24 161161  1 0 0 0.25 0
10   35.20565400 -090.05478700 xxx 154.25    69 0.0 0.0    24 161161  1 0 0 0.25 0
10   35.19826100 -090.05304000 xxx 227.33    69 0.0 0.0    24 161161  1 0 0 0.25 0
10   35.20111800 -090.05323000 xxx  52.45    69 0.0 0.0    24 161161  1 0 0 0.25 0
10   35.20267100 -090.05215500 xxx 226.45    69 0.0 0.0    24 161161  1 0 0 0.25 0
10   35.20278500 -090.05209400 xxx   1.63    69 0.0 0.0    24 161161  1 0 0 0.25 0
10   35.20266000 -090.05217700 xxx 238.84    69 0.0 0.0    24 161161  1 0 0 0.25 0
10   35.20269800 -090.05213200 xxx 217.04    69 0.0 0.0    24 161161  1 0 0 0.25 0
10   35.20272800 -090.05210100 xxx  10.64    69 0.0 0.0    24 161161  1 0 0 0.25 0
10   35.20312900 -090.05310100 xxx 139.45    69 0.0 0.0    24 161161  1 0 0 0.25 0
10   35.20317500 -090.05323800 xxx 274.63    69 0.0 0.0    24 161161  1 0 0 0.25 0
10   35.20311400 -090.05308500 xxx 151.84    69 0.0 0.0    24 161161  1 0 0 0.25 0
10   35.20315200 -090.05313100 xxx 130.04    69 0.0 0.0    24 161161  1 0 0 0.25 0
10   35.20316700 -090.05316900 xxx 283.64    69 0.0 0.0    24 161161  1 0 0 0.25 0
10   35.20322400 -090.05292500 xxx  46.45    69 0.0 0.0    24 161161  1 0 0 0.25 0
10   35.20311400 -090.05298600 xxx 181.63    69 0.0 0.0    24 161161  1 0 0 0.25 0
10   35.20323900 -090.05291000 xxx  58.84    69 0.0 0.0    24 161161  1 0 0 0.25 0
10   35.20320500 -090.05296300 xxx  37.04    69 0.0 0.0    24 161161  1 0 0 0.25 0
10   35.20316700 -090.05297900 xxx 190.64    69 0.0 0.0    24 161161  1 0 0 0.25 0
10   35.20101500 -090.05330700 xxx 187.63    69 0.0 0.0    24 161161  1 0 0 0.25 0
10   35.20113800 -090.05320700 xxx  64.84    69 0.0 0.0    24 161161  1 0 0 0.25 0
10   35.20109900 -090.05326100 xxx  43.04    69 0.0 0.0    24 161161  1 0 0 0.25 0
10   35.20569200 -090.05474900 xxx 244.90    43 0.0 0.0    32 161161  1 0 0 0.25 0
10   35.19577800 -090.05200200 xxx 219.15    29 0.0 0.0    43 161161  1 0 0 0.25 0
10   35.20581800 -090.05493900 xxx   3.39    36 0.0 0.0    27 161161  1 0 0 0.25 0
14   35.20169100 -090.05397000    0 0 ATC Tower
15   35.20172500 -090.05240600 170.00 Ramp
18   35.20060000 -090.05458100 1 BCN
19   35.20555500 -090.05510700 1 WS
19   35.19596100 -090.05226900 1 WS
51 12280 CTAF/UNICOM
55 11910 MEMPHIS APP
56 12465 MEMPHIS DEP
1      180 0 1 AR50 Hess Strip
100   18.29   3   0 0.25 0 0 0 18   35.27031460 -090.98322366    0.00    0.00 1  0 0 0 36   35.26319262 -090.98368080    0.00    0.00 1  0 0 0
19   35.27046603 -090.98291115 1 WS
19   35.26304119 -090.98399328 1 WS
1      215 0 1 TN43 Isle-A-Port
100   33.53   3   0 0.25 0 0 0 03   35.09220283 -090.11682415    0.00    0.00 1  0 0 0 21   35.09964661 -090.11113919    0.00    0.00 1  0 0 0
19   35.09218678 -090.11748864 1 WS
19   35.09966264 -090.11047463 1 WS
1      212 0 1 2AR4 Jaynes Field
100   30.48   3   0 0.25 0 0 0 18   35.67430977 -090.52772339    0.00    0.00 1  0 0 0 36   35.66717911 -090.52787661    0.00    0.00 1  0 0 0
19   35.67457685 -090.52721108 1 WS
19   35.66691203 -090.52838887 1 WS
1      232 0 1 AR26 John Parker Strip
100   15.24   3   0 0.25 0 0 0 05   35.77346093 -090.62118569    0.00    0.00 1  0 0 0 23   35.77613517 -090.61681155    0.00    0.00 1  0 0 0
100   15.24   3   0 0.25 0 0 0 18   35.77657854 -090.61888361    0.00    0.00 1  0 0 0 36   35.77301756 -090.61911363    0.00    0.00 1  0 0 0
19   35.77354269 -090.62147329 1 WS
19   35.77670473 -090.61862154 1 WS
19   35.77289137 -090.61937569 1 WS
19   35.77605341 -090.61652394 1 WS
1      262 0 1 KJBR JONESBORO MUNI
100   45.72   1   0 0.25 0 2 0 05   35.82880000 -090.65123300    0.00    0.00 2  0 0 1 23   35.83970600 -090.63516400    0.00    0.00 3 11 0 1
100   45.72   1   0 0.25 0 2 0 13   35.83181400 -090.65620800    0.00    0.00 2  0 0 0 31   35.82390600 -090.64636900    0.00    0.00 2  0 0 0
21   35.83764965 -090.63747057  1 230.07   3.00 23  VASI
110   1 0.00  50.06 Default taxiway for RWY 05
111  35.82864399 -090.65107189   3 102 
111  35.82785360 -090.65025563   3 102 
111  35.83876067 -090.63418871   3 102 
111  35.83955106 -090.63500507 
112  35.83928692 -090.63539417  35.83941727 -090.63519784   3 102 
111  35.83922799 -090.63500234   3 102 
112  35.83897561 -090.63474168  35.83878633 -090.63454618   3 102 
111  35.83865426 -090.63474072   3 102 
111  35.83353090 -090.64228780   3 102 
111  35.83416356 -090.64294121 
111  35.83403149 -090.64313576   3 102 
111  35.83339883 -090.64248235   3 102 
112  35.82827547 -090.65002943  35.82814340 -090.65022398   3 102 
111  35.82833268 -090.65041945   3 102 
112  35.82858506 -090.65068008  35.82877434 -090.65087556   3 102 
113  35.82890813 -090.65068280 
110   1 0.00 134.75 Default taxiway for RWY 13
111  35.83166949 -090.65638468   3 102 
111  35.83093735 -090.65727980   3 102 
111  35.82302975 -090.64743972   3 102 
111  35.82376189 -090.64654468 
112  35.82405154 -090.64690511  35.82390512 -090.64672686   3 102 
111  35.82372979 -090.64694120   3 102 
112  35.82349602 -090.64722698  35.82332069 -090.64744132   3 102 
111  35.82346551 -090.64762153   3 102 
111  35.82705725 -090.65209102   3 102 
111  35.82764328 -090.65137457 
111  35.82778810 -090.65155479   3 102 
111  35.82720207 -090.65227125   3 102 
112  35.83079381 -090.65674074  35.83093863 -090.65692095   3 102 
111  35.83111396 -090.65670659   3 102 
112  35.83134773 -090.65642077  35.83152306 -090.65620641   3 102 
113  35.83137984 -090.65602425 
130 Airport Boundary 9
111  35.83203303 -090.65895199 
111  35.83000473 -090.65660725 
111  35.82920186 -090.65796199 
111  35.82839900 -090.65728462 
111  35.82692003 -090.65952515 
111  35.82413112 -090.65676357 
111  35.82425789 -090.65045882 
111  35.82045483 -090.65014619 
111  35.82053935 -090.64582144 
111  35.84775683 -090.62320849 
111  35.84817939 -090.62341693 
111  35.84733427 -090.62471969 
111  35.83803791 -090.64827357 
113  35.83516449 -090.65457892 
120 Default hold RWY 05 (near)
111  35.82832680 -090.65074432   4 
115  35.82845887 -090.65054977 
120 Default hold RWY 13 (near)
111  35.83137567 -090.65674390   4 
115  35.83123084 -090.65656368 
120 Default hold RWY 05 (centre)
111  35.83371430 -090.64280816   4 
115  35.83384637 -090.64261361 
120 Default hold RWY 13 (centre)
111  35.82749428 -090.65191400   4 
115  35.82734946 -090.65173377 
120 Default hold RWY 05 (far)
111  35.83910180 -090.63487201   4 
115  35.83923387 -090.63467746 
120 Default hold RWY 13 (far)
111  35.82361290 -090.64708409   4 
115  35.82346807 -090.64690387 
18   35.82888399 -090.65003891 1 BCN
19   35.82900906 -090.65211077 1 WS
19   35.83254198 -090.65603253 1 WS
19   35.82317804 -090.64654454 1 WS
19   35.83949683 -090.63428614 1 WS
50 11852 ASOS
51 12360 CTAF
51 12300 UNICOM
1      249 0 1 5AR7 Keller Airfield
100   13.41   1   0 0.25 0 0 0 18   35.69023036 -090.79345790    0.00    0.00 2  0 0 0 36   35.68310296 -090.79376434    0.00    0.00 2  0 0 0
110   1 0.30 182.00 Default taxiway for RWY 18
111  35.69023239 -090.79352939   3 
111  35.69024300 -090.79390343   3 
111  35.68311560 -090.79420986   3 
111  35.68310499 -090.79383585 
112  35.68322561 -090.79383066  35.68316538 -090.79383602   3 
111  35.68316790 -090.79392512   3 
112  35.68317127 -090.79404391  35.68317380 -090.79413301   3 
111  35.68323411 -090.79413042   3 
111  35.68664704 -090.79398369   3 
111  35.68663854 -090.79368391 
111  35.68669884 -090.79368132   3 
111  35.68670734 -090.79398110   3 
112  35.69012027 -090.79383437  35.69018058 -090.79383177   3 
111  35.69017805 -090.79374266   3 
112  35.69017468 -090.79362385  35.69017216 -090.79353475   3 
113  35.69011177 -090.79353458 
120 Default hold RWY 18 (near)
111  35.69023668 -090.79368067   4 
115  35.69017637 -090.79368326 
120 Default hold RWY 18 (centre)
111  35.68670313 -090.79383260   4 
115  35.68664283 -090.79383519 
120 Default hold RWY 18 (far)
111  35.68316959 -090.79398452   4 
115  35.68310928 -090.79398712 
19   35.69034466 -090.79322994 1 WS
19   35.68298866 -090.79399228 1 WS
1      232 0 1 64M  Lowrance
100   30.48   3   0 0.25 0 1 0 36   35.60709682 -090.02115773    0.00    0.00 1  0 0 0 18   35.61806206 -090.02068673    0.00    0.00 1  0 0 0
18   35.61261295 -090.02210242 1 BCN
19   35.60683705 -090.02167526 1 WS
19   35.61832183 -090.02016912 1 WS
1      242 0 1 KMXA MANILA MUNI
100   18.29   1   0 0.25 0 2 0 18   35.90022200 -090.15452800    0.00    0.00 2  0 0 0 36   35.88867800 -090.15460800   18.29    0.00 2  0 0 0
21   35.89842061 -090.15419448  2 180.32   3.00 18  PAPI-4L
21   35.89064397 -090.15494034  2   0.32   3.00 36  PAPI-4L
110   1 0.30 180.32 Default taxiway for RWY 18
111  35.90022245 -090.15462681   3 102 
111  35.90022477 -090.15513751   3 102 
111  35.88868077 -090.15521743   3 102 
111  35.88867845 -090.15470680 
112  35.88884303 -090.15470566  35.88876075 -090.15470901   3 102 
111  35.88876131 -090.15483090   3 102 
112  35.88876205 -090.15499341  35.88876260 -090.15511529   3 102 
111  35.88884489 -090.15511472   3 102 
111  35.89441117 -090.15507618   3 102 
111  35.89440931 -090.15466709 
111  35.89449159 -090.15466652   3 102 
111  35.89449345 -090.15507561   3 102 
112  35.90005973 -090.15503707  35.90014202 -090.15503650   3 102 
111  35.90014147 -090.15491459   3 102 
112  35.90014073 -090.15475206  35.90014017 -090.15463016   3 102 
113  35.90005787 -090.15462795 
120 Default hold RWY 18 (near)
111  35.90022339 -090.15483276   4 
115  35.90014110 -090.15483333 
120 Default hold RWY 18 (centre)
111  35.89449253 -090.15487245   4 
115  35.89441025 -090.15487302 
120 Default hold RWY 18 (far)
111  35.88876168 -090.15491215   4 
115  35.88867939 -090.15491272 
18   35.89444763 -090.15385695 1 BCN
19   35.90038519 -090.15422210 1 WS
19   35.88851481 -090.15491385 1 WS
51 12280 CTAF/UNICOM
1      215 0 1 6M8  Marked Tree Municipal
100   18.29   1   0 0.25 0 1 0 18   35.53711549 -090.40133147    0.00    0.00 2  0 0 0 36   35.52971395 -090.40164909    0.00    0.00 2  0 0 0
110   1 0.30 182.00 Default taxiway for RWY 18
111  35.53711828 -090.40142977   3 102 
111  35.53713272 -090.40193785   3 102 
111  35.52973118 -090.40225544   3 102 
111  35.52971674 -090.40174741 
112  35.52988122 -090.40174035  35.52979906 -090.40174664   3 102 
111  35.52980251 -090.40186791   3 102 
112  35.52980710 -090.40202960  35.52981055 -090.40215086   3 102 
111  35.52989279 -090.40214733   3 102 
111  35.53338796 -090.40199735   3 102 
111  35.53337639 -090.40159036 
111  35.53345863 -090.40158683   3 102 
111  35.53347020 -090.40199382   3 102 
112  35.53696537 -090.40184385  35.53704761 -090.40184032   3 102 
111  35.53704416 -090.40171904   3 102 
112  35.53703957 -090.40155734  35.53703612 -090.40143606   3 102 
113  35.53695380 -090.40143683 
120 Default hold RWY 18 (near)
111  35.53712411 -090.40163466   4 
115  35.53704187 -090.40163819 
120 Default hold RWY 18 (centre)
111  35.53346446 -090.40179171   4 
115  35.53338222 -090.40179524 
120 Default hold RWY 18 (far)
111  35.52980481 -090.40194875   4 
115  35.52972257 -090.40195228 
18   35.53339462 -090.40078287 1 BCN
19   35.53727135 -090.40102122 1 WS
19   35.52955809 -090.40195931 1 WS
1      212 0 1 M63  Mc Neely
100   30.48   3   0 0.25 0 0 0 17   35.25542406 -090.46041801    0.00    0.00 1  0 0 0 35   35.24752870 -090.45923089    0.00    0.00 1  0 0 0
100    6.40   1   0 0.25 0 0 0 08   35.25110867 -090.46349172    0.00    0.00 2  0 0 0 26   35.25184409 -090.45615718    0.00    0.00 2  0 0 0
19   35.25118605 -090.46357442 1 WS
19   35.25574646 -090.45995884 1 WS
19   35.25176671 -090.45607448 1 WS
19   35.24720631 -090.45969002 1 WS
1      217 0 1 0AR2 Mission Field-Marotti Memorial
100   18.29   3   0 0.25 0 0 0 18   35.27059227 -090.34993502    0.00    0.00 1  0 0 0 36   35.26291661 -090.35026332    0.00    0.00 1  0 0 0
19   35.27074813 -090.34962579 1 WS
19   35.26276075 -090.35057251 1 WS
1      238 0 1 69M  Nolan
100   27.43   3   0 0.25 0 0 0 18   35.77803591 -090.64665779    0.00    0.00 1  0 0 0 36   35.77433797 -090.64689667    0.00    0.00 1  0 0 0
19   35.77826306 -090.64618605 1 WS
19   35.77411082 -090.64736838 1 WS
1      234 0 1 7M4  OSCEOLA MUNI
100   15.24   1   0 0.25 0 2 0 01   35.68598900 -090.01110800    0.00    0.00 2  0 0 0 19   35.69630300 -090.00913100    0.00    0.00 2  0 0 0
110   1 0.30   8.85 Default taxiway for RWY 01
111  35.68597880 -090.01102731   3 102 
111  35.68592571 -090.01060746   3 102 
111  35.69623973 -090.00863066   3 102 
111  35.69629282 -090.00905056 
112  35.69615730 -090.00907653  35.69622471 -090.00906081   3 102 
111  35.69621205 -090.00896069   3 102 
112  35.69619518 -090.00882719  35.69618252 -090.00872707   3 102 
111  35.69611476 -090.00874006   3 102 
111  35.69112715 -090.00969599   3 102 
111  35.69116969 -090.01003244 
111  35.69110193 -090.01004543   3 102 
111  35.69105939 -090.00970898   3 102 
112  35.68607178 -090.01066491  35.68600402 -090.01067789   3 102 
111  35.68601668 -090.01077800   3 102 
112  35.68603355 -090.01091148  35.68604621 -090.01101159   3 102 
113  35.68611432 -090.01100134 
120 Default hold RWY 01 (near)
111  35.68595736 -090.01085773   4 
115  35.68602512 -090.01084474 
120 Default hold RWY 01 (centre)
111  35.69108049 -090.00987583   4 
115  35.69114825 -090.00986284 
120 Default hold RWY 01 (far)
111  35.69620362 -090.00889394   4 
115  35.69627138 -090.00888096 
18   35.69121789 -090.01070400 1 BCN
19   35.68588512 -090.01138424 1 WS
19   35.69640687 -090.00885472 1 WS
51 12280 CTAF/UNICOM
1      236 0 1 80M  Price Field
100   22.86   3   0 0.25 0 0 0 18   35.50460566 -090.25823571    0.00    0.00 1  0 0 0 36   35.49555934 -090.25862375    0.00    0.00 1  0 0 0
19   35.50480054 -090.25784974 1 WS
19   35.49536446 -090.25900968 1 WS
1      245 0 1 8M2  Sally Wofford
100   48.77   1   0 0.25 0 0 0 01   35.58446633 -090.90933478    0.00    0.00 2  0 0 0 19   35.59069367 -090.90756690    0.00    0.00 2  0 0 0
19   35.58418678 -090.91024490 1 WS
19   35.59097321 -090.90665669 1 WS
1      226 0 1 5AR2 Turrell Flying Service
100   18.29   1   0 0.25 0 0 0 36   35.37143630 -090.20654151    0.00    0.00 2  0 0 0 18   35.37856370 -090.20623627    0.00    0.00 2  0 0 0
110   1 0.30   2.00 Default taxiway for RWY N
111  35.37143351 -090.20644341   3 
111  35.37141907 -090.20593638   3 
111  35.37854647 -090.20563111   3 
111  35.37856091 -090.20613819 
112  35.37839643 -090.20614523  35.37847859 -090.20613896   3 
111  35.37847514 -090.20601792   3 
112  35.37847055 -090.20585654  35.37846710 -090.20573550   3 
111  35.37838486 -090.20573902   3 
111  35.37502676 -090.20588284   3 
111  35.37503833 -090.20628904 
111  35.37495609 -090.20629256   3 
111  35.37494452 -090.20588636   3 
112  35.37158642 -090.20603019  35.37150418 -090.20603371   3 
111  35.37150763 -090.20615474   3 
112  35.37151222 -090.20631611  35.37151567 -090.20643713   3 
113  35.37159799 -090.20643637 
120 Default hold RWY N (near)
111  35.37142769 -090.20623894   4 
115  35.37150993 -090.20623542 
120 Default hold RWY N (centre)
111  35.37495027 -090.20608808   4 
115  35.37503251 -090.20608456 
120 Default hold RWY N (far)
111  35.37847285 -090.20593723   4 
115  35.37855509 -090.20593371 
19   35.37128043 -090.20685112 1 WS
19   35.37871956 -090.20592664 1 WS
1      212 1 1 KAWM WEST MEMPHIS MUNI
100   30.48   2   0 0.25 0 2 0 17   35.14330300 -090.23435300    0.00    0.00 2  8 0 1 35   35.12681100 -090.23454200    0.00    0.00 2  0 0 1
21   35.12861391 -090.23493113  2   0.54   3.00 35  PAPI-4L
110   2 0.00 180.54 xxx
111  35.14337885 -090.23204451 
111  35.12688604 -090.23223459 
111  35.12688475 -090.23206689 
113  35.14337756 -090.23187681 
110   2 0.00  90.00 xxx
111  35.13361373 -090.23280310 
111  35.13361373 -090.23213230 
111  35.13375087 -090.23213230 
113  35.13375087 -090.23280310 
110   2 0.00  90.00 xxx
111  35.13962183 -090.23271913 
111  35.13962183 -090.23204827 
111  35.13975897 -090.23204827 
113  35.13975897 -090.23271913 
110   2 0.00  90.00 xxx
111  35.14321523 -090.23268104 
111  35.14321523 -090.23201016 
111  35.14335237 -090.23201016 
113  35.14335237 -090.23268104 
110   2 0.00  90.00 xxx
111  35.12690225 -090.23286575 
111  35.12690225 -090.23219165 
111  35.12704215 -090.23219165 
113  35.12704215 -090.23286575 
110   2 0.00  90.00 xxx
111  35.13962183 -090.23192726 
111  35.13962183 -090.23108534 
111  35.13975897 -090.23108534 
113  35.13975897 -090.23192726 
110   2 0.00  90.00 xxx
111  35.13755803 -090.23195765 
111  35.13755803 -090.23108555 
111  35.13769517 -090.23108555 
113  35.13769517 -090.23195765 
110   2 0.00   0.00 xxx
111  35.13754801 -090.22687207 
111  35.13974239 -090.22687207 
111  35.13974239 -090.23110513 
113  35.13754801 -090.23110513 
110   2 0.00   0.00 xxx
111  35.13973624 -090.22961634 
111  35.14193336 -090.22961634 
111  35.14193336 -090.23109226 
113  35.13973624 -090.23109226 
130 Airport Boundary 3
111  35.14717794 -090.23565057 
111  35.12117983 -090.23619852 
111  35.12180737 -090.23241771 
111  35.13426853 -090.23159579 
111  35.13431336 -090.22847252 
113  35.14717794 -090.22841772 
14   35.13612370 -090.23291020    0 0 ATC Tower
15   35.13612370 -090.23291020   0.00 Ramp
18   35.13504896 -090.23327362 1 BCN
19   35.14357343 -090.23384671 1 WS
19   35.12654057 -090.23504818 1 WS
50 11817 ASOS
51 12305 CTAF/UNICOM
52 12170 MEMPHIS CLNC DEL
52 11850 MEMPHIS CLNC DEL
55 11910 MEMPHIS APP
55 12670 MEMPHIS APP
56 12465 MEMPHIS DEP
1      370 0 1 M65  WYNNE MUNI
100   22.86   1   0 0.25 0 2 0 16   35.23702500 -090.76285300  104.85    0.00 2  0 0 0 34   35.22611100 -090.76000300   63.70    0.00 2  0 0 0
21   35.23440469 -090.76179205  2 167.96   3.00 16  PAPI-4L
21   35.22836918 -090.76096918  2 347.96   3.00 34  PAPI-4L
110   1 0.30 167.96 Default taxiway for RWY 16
111  35.23700401 -090.76297347   3 102 
111  35.23689624 -090.76359200   3 102 
111  35.22598227 -090.76074152   3 102 
111  35.22609004 -090.76012308 
112  35.22629124 -090.76017562  35.22619017 -090.76015204   3 102 
111  35.22616442 -090.76029982   3 102 
112  35.22613009 -090.76049686  35.22610433 -090.76064464   3 102 
111  35.22620493 -090.76067091   3 102 
111  35.23141042 -090.76203046   3 102 
111  35.23149673 -090.76153513 
111  35.23159733 -090.76156140   3 102 
111  35.23151102 -090.76205673   3 102 
112  35.23671650 -090.76341628  35.23681710 -090.76344256   3 102 
111  35.23684286 -090.76329476   3 102 
112  35.23687719 -090.76309769  35.23690294 -090.76294990   3 102 
113  35.23680281 -090.76292092 
120 Default hold RWY 16 (near)
111  35.23696062 -090.76322250   4 
115  35.23686002 -090.76319623 
120 Default hold RWY 16 (centre)
111  35.23155394 -090.76181041   4 
115  35.23145334 -090.76178414 
120 Default hold RWY 16 (far)
111  35.22614725 -090.76039834   4 
115  35.22604665 -090.76037207 
18   35.23171847 -090.76056748 1 BCN
19   35.23729029 -090.76253769 1 WS
19   35.22584572 -090.76031828 1 WS
51 12280 CTAF/UNICOM
17     650 0 1 TN29 [H] 67 Madison Ave Partnership Ltd
102 H1   35.13731222 -090.05425778   0.00   17.68   17.68   2 2   0 0.25 0
19   35.13755086 -090.05396596 1 WS
17     238 0 1 TN28 [H] Anderson-Tully County
102 H1   35.17536694 -090.04453528   0.00    6.10    6.10   2 2   0 0.25 0
19   35.17544923 -090.04443461 1 WS
17     255 0 1 TN26 [H] Baptist Hospital
102 H1   35.13897861 -090.03092389   0.00   15.24   15.24   2 2   0 0.25 0
19   35.13918433 -090.03067232 1 WS
17     350 0 1 AR72 [H] Baptist Memorial Hospital-Fc
102 H1   35.03898000 -090.77344473   0.00   15.24   15.24   3 1   0 0.25 0
102 H2   35.03898000 -090.77344473   0.00   18.29   18.29   1 2   0 0.25 0
19   35.03918572 -090.77319347 1 WS
19   35.03922687 -090.77314321 1 WS
17     265 0 1 AR74 [H] Cross County Hospital
102 H1   35.22008861 -090.78650195   0.00   10.97   10.97   2 2   0 0.25 0
19   35.22023673 -090.78632064 1 WS
17     282 0 1 2TN0 [H] Hospital Wing
102 H1   35.14175638 -090.02675723   0.00   15.24   15.24   2 2   0 0.25 0
19   35.14196210 -090.02650565 1 WS
17     300 0 1 8TN0 [H] Le Bonheur Medical Center
102 H1   35.00009166 -090.03370278   0.00   12.19   12.19   2 2   0 0.25 0
19   35.00025624 -090.03350187 1 WS
17     493 0 1 TN25 [H] Methodist
102 H1   35.13675638 -090.01842362   0.00   12.80   12.80   2 2   0 0.25 1
18   35.13675638 -090.01891668 3 BCN
19   35.13692919 -090.01821231 1 WS
17     260 0 1 AR60 [H] Methodist Hospital of Jonesboro
102 H1   35.80868638 -090.66650000   0.00   15.24   15.24   1 2   0 0.25 0
19   35.80889210 -090.66624633 1 WS
17     382 0 1 0AR5 [H] Regional Medical Center
102 H1   35.83618555 -090.70177889   0.00   12.80   12.80   2 2   0 0.25 0
19   35.83635836 -090.70156573 1 WS