1      228 0 0 SFAB Albemarle
100   29.87   3   0 0.00 0 0 0 13  -52.20358880 -060.53849115    0.00    0.00 1  0 0 0 31  -52.20701543 -060.53107436    0.00    0.00 1  0 0 0
100   29.87   3   0 0.00 0 0 0 05  -52.20641440 -060.53607970    0.00    0.00 1  0 0 0 23  -52.20397498 -060.53062524    0.00    0.00 1  0 0 0
130 ALBERMALE BDRY
111 -52.20554028 -060.53686398 
111 -52.20671780 -060.53956547 
111 -52.20820810 -060.53752435 
111 -52.20671780 -060.53410247 
111 -52.20804251 -060.53083067 
111 -52.20684659 -060.52848939 
111 -52.20559548 -060.53089071 
111 -52.20406839 -060.52779901 
111 -52.20241250 -060.53032039 
111 -52.20414198 -060.53437262 
111 -52.20209973 -060.53956547 
113 -52.20342443 -060.54115634 
18  -52.20550349 -060.53626365 1 ALBERMALE BCN
19  -52.20423932 -060.53418195 0 WINDSOCK
1       67 0 0 SFPE Port Edgar
100   29.87   3   0 0.00 0 0 0 02  -52.09337706 -060.28393682    0.00    0.00 1  0 0 0 20  -52.08849697 -060.28158531    0.00    0.00 1  0 0 0
130 PTE BDRY
111 -52.09373880 -060.28341753 
111 -52.09128781 -060.28067412 
111 -52.08821345 -060.28067412 
111 -52.08795843 -060.28205735 
113 -52.09359713 -060.28480077 
18  -52.09084862 -060.28108909 1 PTE BCN
19  -52.09123172 -060.28126030 0 WINDSOCK
1       98 0 0 SFPS Port Stephens
100   29.87   3   0 0.00 0 0 0 14  -52.09291274 -060.85478986    0.00    0.00 1  0 0 0 32  -52.09693339 -060.84907046    0.00    0.00 1  0 0 0
100   29.87   3   0 0.00 0 0 0 17  -52.09099730 -060.85498009    0.00    0.00 1  0 0 0 35  -52.09428238 -060.85360977    0.00    0.00 1  0 0 0
130 PST BDRY
111 -52.09456288 -060.85323432 
111 -52.09735388 -060.84926833 
111 -52.09682969 -060.84816155 
111 -52.09365615 -060.85187390 
111 -52.09306111 -060.85148191 
111 -52.09249441 -060.85208142 
111 -52.09222523 -060.85240423 
111 -52.09222523 -060.85355714 
111 -52.09058179 -060.85468698 
111 -52.09069513 -060.85588600 
111 -52.09333030 -060.85586295 
113 -52.09474705 -060.85438723 
18  -52.09239598 -060.85293507 1 PST BCN
19  -52.09296293 -060.85275007 0 WINDSOCK