1      668 1 0 SAWC El Calafate
100   45.11   2   2 0.00 0 2 0 07  -50.28144700 -072.07104000    0.00    0.00 3  0 0 1 25  -50.27902500 -072.03539400    0.00    0.00 3  0 0 1
21  -50.27968085 -072.03855600  2 263.94   3.00 25  PAPI-4L
110   2 0.00  83.94 Taxiway
111 -50.28244100 -072.05289500 
111 -50.28264500 -072.05286300 
111 -50.28276700 -072.05289600 
111 -50.28280600 -072.05277000 
111 -50.28298300 -072.05264100 
111 -50.28285900 -072.05259800 
111 -50.28273400 -072.05255600 
111 -50.28262500 -072.05254300 
111 -50.28242100 -072.05257500 102 
112 -50.28063200 -072.05285000 -50.28049600 -072.05287100 102 
112 -50.28038400 -072.05225500 -50.28035500 -072.05183700 
111 -50.28038400 -072.05225500 
111 -50.28003800 -072.05310700 
111 -50.28049300 -072.05382900 
112 -50.28049300 -072.05382900 -50.28046400 -072.05341100 102 
114 -50.28065400 -072.05317000 -50.28079000 -072.05314900 102 
110   1 0.00  83.94 Apron
111 -50.28371700 -072.05368800 
111 -50.28357700 -072.05139100 
111 -50.28351000 -072.05140200 
111 -50.28350300 -072.05140000 
111 -50.28350000 -072.05139100 
111 -50.28345700 -072.05068400 
111 -50.28346000 -072.05066500 
111 -50.28347100 -072.05065600 
111 -50.28370500 -072.05062300 
111 -50.28369200 -072.05031800 
111 -50.28345300 -072.05034800 
111 -50.28344000 -072.05034300 
111 -50.28343500 -072.05032600 
111 -50.28342700 -072.05015600 
111 -50.28343100 -072.05013900 
111 -50.28344100 -072.05013000 
111 -50.28368100 -072.05010100 
111 -50.28363600 -072.04916400 
111 -50.28339500 -072.04920200 
111 -50.28338300 -072.04919800 
111 -50.28337900 -072.04918200 
111 -50.28334500 -072.04842800 
111 -50.28334800 -072.04840500 
111 -50.28336100 -072.04839600 
111 -50.28371800 -072.04834200 
111 -50.28371400 -072.04821600 
111 -50.28374200 -072.04821400 
111 -50.28383500 -072.05000100 
111 -50.28384000 -072.05006900 
111 -50.28386000 -072.05012900 
111 -50.28400700 -072.05049000 
111 -50.28403500 -072.05054400 
111 -50.28406900 -072.05058500 
111 -50.28434400 -072.05083300 
111 -50.28436500 -072.05086200 
111 -50.28437200 -072.05090900 
111 -50.28438900 -072.05134300 
111 -50.28447400 -072.05134500 
111 -50.28446000 -072.05082400 
111 -50.28445000 -072.05077800 
111 -50.28443000 -072.05074400 
111 -50.28413100 -072.05047800 
111 -50.28410300 -072.05044500 
111 -50.28407700 -072.05040200 
111 -50.28394900 -072.05009200 
111 -50.28393000 -072.05003800 
111 -50.28392500 -072.04997900 
111 -50.28382900 -072.04808100 
111 -50.28380700 -072.04802100 
111 -50.28378100 -072.04797900 
111 -50.28373800 -072.04796000 
111 -50.28370100 -072.04795700 
111 -50.28369800 -072.04790400 
111 -50.28323500 -072.04796700 
111 -50.28321900 -072.04797700 
111 -50.28321700 -072.04800300 
111 -50.28338300 -072.05141800 
111 -50.28338100 -072.05142600 
111 -50.28337600 -072.05143100 
111 -50.28257600 -072.05154600 
113 -50.28272100 -072.05383900 
120 Centreline for Path
111 -50.28319600 -072.05269100  51 
112 -50.28293800 -072.05273500 -50.28286500 -072.05274700  51 
116 -50.28274800 -072.05272600 -50.28269500 -072.05270700 
120 Gate 2
111 -50.28319900 -072.05273400  51 
115 -50.28319300 -072.05264800 
14  -50.28357891 -072.05096702    0 0 El Calafate Tower
15  -50.28320400 -072.05226100 214.96 Gate 1
15  -50.28319600 -072.05269100 173.32 Gate 2
15  -50.28323000 -072.05340500 175.00 Gate 3
18  -50.27882597 -072.05345337 1 BCN
19  -50.28088429 -072.07177228 1 WS
19  -50.27958749 -072.03466134 1 WS
51 12250 EL CALAFATE MULT
53 12180 EL CALAFATE GND
54 11820 EL CALAFATE TWR
54 11995 EL CALAFATE TWR
55 11820 EL CALAFATE APP
55 11995 EL CALAFATE APP
1      732 1 1 SAWA Lago Argentino
100   17.07   2   0 0.25 0 2 0 17  -50.33296449 -072.24800202    0.00    0.00 2 10 0 0 35  -50.34370171 -072.24977018    0.00    0.00 2 10 0 0
100   12.80   2   0 0.25 0 2 0 05  -50.33997983 -072.25468101    0.00    0.00 2 10 0 0 23  -50.33668637 -072.24309119    0.00    0.00 2 10 0 0
21  -50.33903906 -072.25225031  1  66.00   3.00 05  VASI
21  -50.33478038 -072.24791064  1 186.00   3.00 17  VASI
21  -50.33762738 -072.24552149  1 246.00   3.00 23  VASI
21  -50.34188582 -072.24986147  1   6.00   3.00 35  VASI
110   2 0.30  66.00 Default taxiway for RWY 05
111 -50.34003040 -072.25464574  53 102 
111 -50.34029558 -072.25446079  53 102 
111 -50.33700270 -072.24287019  53 102 
111 -50.33673752 -072.24305512 
112 -50.33678437 -072.24322002 -50.33676299 -072.24313614  53 102 
111 -50.33682614 -072.24309210  53 102 
112 -50.33691034 -072.24303338 -50.33697349 -072.24298934  53 102 
111 -50.33699692 -072.24307179  53 102 
111 -50.33858480 -072.24866096  53 102 
111 -50.33837225 -072.24880920 
111 -50.33839567 -072.24889166  53 102 
111 -50.33860822 -072.24874342  53 102 
112 -50.34019610 -072.25433259 -50.34021953 -072.25441505  53 102 
111 -50.34015638 -072.25445909  53 102 
112 -50.34007218 -072.25451781 -50.34000903 -072.25456186  53 102 
113 -50.33998355 -072.25448083 
110   2 0.30 186.00 Default taxiway for RWY 17
111 -50.33295670 -072.24811818  53 102 
111 -50.33291633 -072.24871999  53 102 
111 -50.34365356 -072.25048791  53 102 
111 -50.34369393 -072.24988596 
112 -50.34354117 -072.24986081 -50.34361731 -072.24987689  53 102 
111 -50.34360768 -072.25002051  53 102 
112 -50.34359484 -072.25021202 -50.34358520 -072.25035564  53 102 
111 -50.34350882 -072.25034307  53 102 
111 -50.33833116 -072.24949056  53 102 
111 -50.33836351 -072.24900836 
111 -50.33828713 -072.24899578  53 102 
111 -50.33825478 -072.24947798  53 102 
112 -50.33307712 -072.24862548 -50.33300073 -072.24861291  53 102 
111 -50.33301037 -072.24846931  53 102 
112 -50.33302321 -072.24827786 -50.33303284 -072.24813426  53 102 
113 -50.33310947 -072.24814333 
120 Default hold RWY 05 (near)
111 -50.34013770 -072.25457090  54 
115 -50.34011428 -072.25448845 
120 Default hold RWY 17 (near)
111 -50.33294041 -072.24836100  54 
115 -50.33301679 -072.24837358 
120 Default hold RWY 05 (centre)
111 -50.33850297 -072.24881682  54 
115 -50.33847955 -072.24873436 
120 Default hold RWY 17 (centre)
111 -50.33827084 -072.24923863  54 
115 -50.33834722 -072.24925121 
120 Default hold RWY 05 (far)
111 -50.33686824 -072.24306274  54 
115 -50.33684482 -072.24298029 
120 Default hold RWY 17 (far)
111 -50.34360126 -072.25011626  54 
115 -50.34367764 -072.25012885 
18  -50.33838930 -072.24804828 1 BCN
19  -50.33986881 -072.25495603 1 WS
19  -50.33283580 -072.24761789 1 WS
19  -50.34383039 -072.25015441 1 WS
19  -50.33679736 -072.24281617 1 WS