1      656 0 1 VE36 NUAGAON
100   16.76   1   0 0.25 0 0 0 06   20.50870300  083.44278600   30.48   16.76 2  0 0 0 24   20.51477500  083.45333300   30.48    0.00 2  0 0 0
110   1 0.30  58.42 Default taxiway for RWY 06
111  20.50864066  083.44282692   3 
111  20.50831743  083.44303906   3 
111  20.51438975  083.45358565   3 
111  20.51471298  083.45337350 
112  20.51463397  083.45323628  20.51467156  083.45330615   3 
111  20.51459445  083.45335676   3 
112  20.51449163  083.45342425  20.51441451  083.45347486   3 
111  20.51437500  083.45340625   3 
111  20.51143760  083.44830448   3 
111  20.51169657  083.44813452 
111  20.51165707  083.44806591   3 
111  20.51139810  083.44823587   3 
112  20.50846070  083.44313410  20.50842119  083.44306549   3 
111  20.50849831  083.44301488   3 
112  20.50860113  083.44294740  20.50867824  083.44289679   3 
113  20.50871967  083.44296414 
120 Default hold RWY 06 (near)
111  20.50851022  083.44291253   4 
115  20.50854972  083.44298114 
120 Default hold RWY 06 (centre)
111  20.51152663  083.44815152   4 
115  20.51156613  083.44822013 
120 Default hold RWY 06 (far)
111  20.51454304  083.45339050   4 
115  20.51458254  083.45345911 
19   20.50881561  083.44252302 1 WS
19   20.51466238  083.45359598 1 WS
1      680 0 1 VEUK UTKELA
100   30.48   1   0 0.25 0 0 0 04   20.09388600  083.18153100    0.00    0.00 2  0 0 0 22   20.10093300  083.18606100    0.00    0.00 2  0 0 0
110   1 0.30  31.12 Default taxiway for RWY 04
111  20.09381628  083.18165397   3 
111  20.09346073  083.18228114   3 
111  20.10050779  083.18681098   3 
111  20.10086334  083.18618378 
112  20.10062851  083.18603283  20.10074476  083.18611035   3 
111  20.10065971  083.18626039   3 
112  20.10054630  083.18646043  20.10046125  083.18661047   3 
111  20.10034384  083.18653500   3 
111  20.09711385  083.18445876   3 
111  20.09739852  083.18395661 
111  20.09728110  083.18388114   3 
111  20.09699643  083.18438329   3 
112  20.09376644  083.18230707  20.09364902  083.18223159   3 
111  20.09373407  083.18208156   3 
112  20.09384748  083.18188152  20.09393253  083.18173149   3 
113  20.09405111  083.18180492 
120 Default hold RWY 04 (near)
111  20.09367336  083.18190607   4 
115  20.09379077  083.18198154 
120 Default hold RWY 04 (centre)
111  20.09713818  083.18413324   4 
115  20.09725560  083.18420871 
120 Default hold RWY 04 (far)
111  20.10060300  083.18636041   4 
115  20.10072042  083.18643589 
19   20.09386381  083.18100498 1 WS
19   20.10095517  083.18658704 1 WS