1      174 1 1 SKCU CAUCASIA
100   20.12   1   0 0.25 0 0 0 01   07.96339400 -075.19966700    0.00    0.00 2  0 0 0 19   07.97354200 -075.19716100    0.00    0.00 2  0 0 0
110   1 0.30  13.74 Default taxiway for RWY 01
111  07.96337303 -075.19958042   3 
111  07.96326498 -075.19913430   3 
111  07.97341299 -075.19662835   3 
111  07.97352104 -075.19707448 
112  07.97334518 -075.19711791  07.97343258 -075.19709398   3 
111  07.97340677 -075.19698744   3 
112  07.97337237 -075.19684539  07.97334656 -075.19673884   3 
111  07.97325863 -075.19676056   3 
111  07.96840445 -075.19795925   3 
111  07.96849100 -075.19831659 
111  07.96840307 -075.19833831   3 
111  07.96831652 -075.19798097   3 
112  07.96346233 -075.19917965  07.96337441 -075.19920137   3 
111  07.96340022 -075.19930791   3 
112  07.96343462 -075.19944997  07.96346043 -075.19955651   3 
113  07.96354888 -075.19953699 
120 Default hold RWY 01 (near)
111  07.96332949 -075.19940065   4 
115  07.96341742 -075.19937894 
120 Default hold RWY 01 (centre)
111  07.96835953 -075.19815854   4 
115  07.96844746 -075.19813682 
120 Default hold RWY 01 (far)
111  07.97338957 -075.19691641   4 
115  07.97347750 -075.19689470 
19   07.96328266 -075.19997678 1 WS
19   07.97365334 -075.19685121 1 WS
1      160 0 1 SKML MONTELIBANO
100   24.99   1   0 0.25 0 0 0 18   07.97661900 -075.43301400   45.72    0.00 2  0 0 0 36   07.96685800 -075.43202500   53.34    0.00 2  0 0 0
110   1 0.30 174.27 Default taxiway for RWY 18
111  07.97660800 -075.43312473   3 
111  07.97655163 -075.43369196   3 
111  07.96679063 -075.43270292   3 
111  07.96684700 -075.43213571 
112  07.96707080 -075.43215838  07.96695867 -075.43214930   3 
111  07.96694520 -075.43228489   3 
112  07.96692723 -075.43246568  07.96691376 -075.43260126   3 
111  07.96702566 -075.43261260   3 
111  07.97162641 -075.43307878   3 
111  07.97167155 -075.43262455 
111  07.97178345 -075.43263589   3 
111  07.97173831 -075.43309012   3 
112  07.97633906 -075.43355629  07.97645096 -075.43356763   3 
111  07.97646443 -075.43343204   3 
112  07.97648240 -075.43325125  07.97649587 -075.43311565   3 
113  07.97638420 -075.43310205 
120 Default hold RWY 18 (near)
111  07.97658531 -075.43335298   4 
115  07.97647341 -075.43334164 
120 Default hold RWY 18 (centre)
111  07.97176076 -075.43286414   4 
115  07.97164886 -075.43285280 
120 Default hold RWY 18 (far)
111  07.96693621 -075.43237528   4 
115  07.96682431 -075.43236395 
19   07.97687649 -075.43269770 1 WS
19   07.96660052 -075.43234129 1 WS