1     1096 1 1 SKCC CAMILO DAZA
100   45.11   1   0 0.25 0 2 0 16   07.94034400 -072.51957800    0.00    0.00 3  1 0 1 34   07.92241700 -072.50821400    0.00    0.00 2  0 0 0
100   45.11   1   0 0.25 0 2 0 02   07.91789200 -072.51450800    0.00    0.00 2  0 0 0 20   07.93459700 -072.50938100    0.00    0.00 2  0 0 0
21   07.93811548 -072.51768723  2 147.88   3.00 16  PAPI-4L
21   07.93275834 -072.50952220  2 196.91   3.00 20  PAPI-4L
21   07.92372814 -072.50952309  2 327.88   3.00 34  PAPI-4L
110   1 0.30  16.91 Default taxiway for RWY 02
111  07.91783362 -072.51431410   3 102 
111  07.91753780 -072.51333155   3 102 
111  07.93424283 -072.50820471   3 102 
111  07.93453865 -072.50918730 
112  07.93415024 -072.50930650  07.93434379 -072.50924473   3 102 
111  07.93427295 -072.50900943   3 102 
112  07.93417849 -072.50869569  07.93410765 -072.50846039   3 102 
111  07.93391345 -072.50851999   3 102 
111  07.92604645 -072.51093440   3 102 
111  07.92628324 -072.51172089 
111  07.92608903 -072.51178050   3 102 
111  07.92585224 -072.51099401   3 102 
112  07.91798524 -072.51340842  07.91779104 -072.51346802   3 102 
111  07.91786188 -072.51370331   3 102 
112  07.91795634 -072.51401703  07.91802718 -072.51425232   3 102 
113  07.91822203 -072.51419490 
110   1 0.30 147.88 Default taxiway for RWY 16
111  07.94023726 -072.51974965   3 102 
111  07.93969640 -072.52061942   3 102 
111  07.92176955 -072.50925487   3 102 
111  07.92231041 -072.50838514 
112  07.92265423 -072.50860310  07.92248113 -072.50849604   3 102 
111  07.92235161 -072.50870432   3 102 
112  07.92217892 -072.50898202  07.92204940 -072.50919029   3 102 
111  07.92222131 -072.50929927   3 102 
111  07.93075496 -072.51470909   3 102 
111  07.93118788 -072.51401290 
111  07.93135979 -072.51412188   3 102 
111  07.93092687 -072.51481807   3 102 
112  07.93946053 -072.52022789  07.93963243 -072.52033687   3 102 
111  07.93976195 -072.52012859   3 102 
112  07.93993464 -072.51985087  07.94006416 -072.51964259   3 102 
113  07.93989345 -072.51953169 
120 Default hold RWY 02 (near)
111  07.91771490 -072.51391977   4 
115  07.91790911 -072.51386017 
120 Default hold RWY 16 (near)
111  07.94002020 -072.52009871   4 
115  07.93984829 -072.51998973 
120 Default hold RWY 02 (centre)
111  07.92597031 -072.51138617   4 
115  07.92616452 -072.51132656 
120 Default hold RWY 16 (centre)
111  07.93114273 -072.51447094   4 
115  07.93097082 -072.51436196 
120 Default hold RWY 02 (far)
111  07.93422572 -072.50885256   4 
115  07.93441993 -072.50879296 
120 Default hold RWY 16 (far)
111  07.92226526 -072.50884317   4 
115  07.92209335 -072.50873419 
18   07.93213719 -072.51268148 1 BCN
19   07.91768069 -072.51521543 1 WS
19   07.94101161 -072.51927525 1 WS
19   07.93480830 -072.50867354 1 WS
19   07.92174940 -072.50851676 1 WS
54 11810 TWR
55 11990 CUCUTA APP
1     1083 1 1 SVSO MAYOR BUENAVENTURA VIVAS
100   45.11   1   0 0.25 0 0 0 11   07.56991700 -072.04805600    0.00    0.00 2  0 0 0 29   07.56030600 -072.02219400    0.00   60.96 2 10 0 0
21   07.56056242 -072.02403608  2 290.55   3.00 29  PAPI-4L
110   1 0.30 110.55 Default taxiway for RWY 11
111  07.56972904 -072.04812708   3 
111  07.56877661 -072.04848724   3 
111  07.55916637 -072.02262465   3 
111  07.56011880 -072.02226450 
112  07.56026130 -072.02264798  07.56018794 -072.02245703   3 
111  07.55995987 -072.02254328   3 
112  07.55965576 -072.02265827  07.55942768 -072.02274452   3 
111  07.55949893 -072.02293626   3 
111  07.56412593 -072.03538820   3 
111  07.56488830 -072.03509992 
111  07.56495954 -072.03529166   3 
111  07.56419717 -072.03557994   3 
112  07.56882418 -072.04803190  07.56889542 -072.04822363   3 
111  07.56912350 -072.04813738   3 
112  07.56942761 -072.04802238  07.56965568 -072.04793613   3 
113  07.56958655 -072.04774361 
120 Default hold RWY 11 (near)
111  07.56934680 -072.04827162   4 
115  07.56927555 -072.04807988 
120 Default hold RWY 11 (centre)
111  07.56457730 -072.03543620   4 
115  07.56450606 -072.03524446 
120 Default hold RWY 11 (far)
111  07.55980781 -072.02260078   4 
115  07.55973656 -072.02240904 
19   07.57062969 -072.04822385 1 WS
19   07.55959330 -072.02202619 1 WS
53 12190 GND
54 12330 VIVAS TWR
1     3314 1 1 SVPM PARAMILLO
100   39.32   1   0 0.25 0 0 0 02   07.79648900 -072.20392200    0.00    0.00 2  0 0 0 20   07.80614200 -072.20177200    0.00    0.00 2  0 0 0
110   1 0.30  12.44 Default taxiway for RWY 02
111  07.79645136 -072.20374984   3 
111  07.79626026 -072.20287573   3 
111  07.80591327 -072.20072576   3 
111  07.80610437 -072.20159989 
112  07.80575883 -072.20167685  07.80593112 -072.20163615   3 
111  07.80588537 -072.20142689   3 
112  07.80582437 -072.20114788  07.80577862 -072.20093862   3 
111  07.80560585 -072.20097710   3 
111  07.80121127 -072.20195589   3 
111  07.80136425 -072.20265563 
111  07.80119148 -072.20269410   3 
111  07.80103850 -072.20199436   3 
112  07.79664391 -072.20297315  07.79647115 -072.20301163   3 
111  07.79651690 -072.20322088   3 
112  07.79657790 -072.20349989  07.79662365 -072.20370914   3 
113  07.79679689 -072.20367288 
120 Default hold RWY 02 (near)
111  07.79637463 -072.20339887   4 
115  07.79654740 -072.20336039 
120 Default hold RWY 02 (centre)
111  07.80111475 -072.20234312   4 
115  07.80128752 -072.20230465 
120 Default hold RWY 02 (far)
111  07.80585487 -072.20128738   4 
115  07.80602764 -072.20124890 
19   07.79625754 -072.20452074 1 WS
19   07.80637345 -072.20117325 1 WS
54 12260 TWR
1     1312 1 1 SVSA SAN ANTONIO DEL TACHIRA
100   39.93   1   0 0.25 0 0 0 17   07.84901400 -072.44186700    0.00    0.00 2  0 0 0 35   07.83265000 -072.43761900    0.00    0.00 2  0 0 0
21   07.84736493 -072.44104526  2 165.58   3.00 17  PAPI-4L
110   1 0.30 165.58 Default taxiway for RWY 17
111  07.84896981 -072.44204045   3 
111  07.84874551 -072.44292089   3 
111  07.83238153 -072.43867268   3 
111  07.83260583 -072.43779227 
112  07.83295384 -072.43788262  07.83277927 -072.43783964   3 
111  07.83272557 -072.43805041   3 
112  07.83265397 -072.43833144  07.83260028 -072.43854221   3 
111  07.83277429 -072.43858739   3 
111  07.84052127 -072.44059856   3 
111  07.84070082 -072.43989378 
111  07.84087482 -072.43993895   3 
111  07.84069527 -072.44064373   3 
112  07.84844225 -072.44265490  07.84861626 -072.44270007   3 
111  07.84866995 -072.44248930   3 
112  07.84874155 -072.44220826  07.84879525 -072.44199748   3 
113  07.84862180 -072.44195011 
120 Default hold RWY 17 (near)
111  07.84887975 -072.44239395   4 
115  07.84870575 -072.44234878 
120 Default hold RWY 17 (centre)
111  07.84078476 -072.44029244   4 
115  07.84061076 -072.44024727 
120 Default hold RWY 17 (far)
111  07.83268977 -072.43819093   4 
115  07.83251577 -072.43814576 
19   07.84949592 -072.44143173 1 WS
19   07.83216809 -072.43805425 1 WS
53 12190 GND
54 11850 TWR