1      512 0 1 SK01 EL TRONCAL
100   13.72   1   0 0.25 0 0 0 07   07.01918300 -071.39278900    0.00    0.00 2  0 0 0 25   07.02293300 -071.38493600    0.00    0.00 2  0 0 0
110   1 0.30  64.31 Default taxiway for RWY 07
111  07.01912941 -071.39276302   3 
111  07.01884931 -071.39262724   3 
111  07.02259938 -071.38477430   3 
111  07.02287948 -071.38491008 
112  07.02282596 -071.38502215  07.02285070 -071.38496514   3 
111  07.02278396 -071.38493279   3 
112  07.02269497 -071.38488965  07.02262824 -071.38485730   3 
111  07.02260148 -071.38491333   3 
111  07.02079334 -071.38869971   3 
111  07.02101782 -071.38880853 
111  07.02099106 -071.38886457   3 
111  07.02076658 -071.38875575   3 
112  07.01895845 -071.39254213  07.01893169 -071.39259817   3 
111  07.01899842 -071.39263052   3 
112  07.01908741 -071.39267366  07.01915415 -071.39270601   3 
113  07.01918293 -071.39265095 
120 Default hold RWY 07 (near)
111  07.01901616 -071.39270812   4 
115  07.01904292 -071.39265209 
120 Default hold RWY 07 (centre)
111  07.02087781 -071.38880967   4 
115  07.02090457 -071.38875363 
120 Default hold RWY 07 (far)
111  07.02273947 -071.38491122   4 
115  07.02276623 -071.38485518 
19   07.01929509 -071.39298135 1 WS
19   07.02282091 -071.38474365 1 WS
1      590 1 1 SVSB SANTA BARBARA DE BARINAS
100   39.93   1   0 0.25 0 0 0 12   07.80628100 -071.17287800    0.00    0.00 2  0 0 0 30   07.80075000 -071.15855800    0.00  298.70 2  0 0 0
110   1 0.30 111.30 Default taxiway for RWY 12
111  07.80611570 -071.17294304   3 
111  07.80527663 -071.17327320   3 
111  07.79974587 -071.15895301   3 
111  07.80058494 -071.15862285 
112  07.80071545 -071.15896077  07.80064810 -071.15879264   3 
111  07.80044723 -071.15887167   3 
112  07.80017940 -071.15897706  07.79997852 -071.15905610   3 
111  07.80004377 -071.15922506   3 
111  07.80264601 -071.16596275   3 
111  07.80331769 -071.16569846 
111  07.80338295 -071.16586743   3 
111  07.80271127 -071.16613172   3 
112  07.80531351 -071.17286941  07.80537876 -071.17303837   3 
111  07.80557964 -071.17295933   3 
112  07.80584747 -071.17285395  07.80604834 -071.17277491   3 
113  07.80598519 -071.17260512 
120 Default hold RWY 12 (near)
111  07.80577881 -071.17307560   4 
115  07.80571355 -071.17290664 
120 Default hold RWY 12 (centre)
111  07.80304606 -071.16599999   4 
115  07.80298080 -071.16583102 
120 Default hold RWY 12 (far)
111  07.80031331 -071.15892437   4 
115  07.80024805 -071.15875541 
19   07.80691242 -071.17301882 1 WS
19   07.80011858 -071.15841720 1 WS