1      794 0 1 SVET EL MANTECO
100   29.87   1   0 0.25 0 0 0 10   07.35046100 -062.53785300    0.00    0.00 2  0 0 0 28   07.35038600 -062.52698100    0.00    0.00 2  0 0 0
110   1 0.30  90.40 Default taxiway for RWY 10
111  07.35032885 -062.53785393   3 
111  07.34965458 -062.53785865   3 
111  07.34957971 -062.52698665   3 
111  07.35025398 -062.52698193 
112  07.35025585 -062.52725296  07.35025266 -062.52711745   3 
111  07.35009137 -062.52711858   3 
112  07.34987633 -062.52712009  07.34971505 -062.52712121   3 
111  07.34971599 -062.52725673   3 
111  07.34975109 -062.53235394   3 
111  07.35029095 -062.53235017 
111  07.35029188 -062.53248569   3 
111  07.34975202 -062.53248946   3 
112  07.34978712 -062.53758667  07.34978806 -062.53772218   3 
111  07.34994934 -062.53772106   3 
112  07.35016438 -062.53771955  07.35032567 -062.53771842   3 
113  07.35032698 -062.53758290 
120 Default hold RWY 10 (near)
111  07.35005779 -062.53785582   4 
115  07.35005686 -062.53772030 
120 Default hold RWY 10 (centre)
111  07.35002082 -062.53248758   4 
115  07.35001989 -062.53235206 
120 Default hold RWY 10 (far)
111  07.34998385 -062.52711933   4 
115  07.34998292 -062.52698382 
19   07.35086608 -062.53812121 1 WS
19   07.34998092 -062.52671280 1 WS
1     1056 0 1 SVUP UPATA
100   29.87   1   0 0.25 0 0 0 12   07.98139700 -062.33327200    0.00   24.38 2  0 0 0 30   07.97681400 -062.32430000    0.00   24.38 2  0 0 0
110   1 0.30 117.28 Default taxiway for RWY 12
111  07.98127955 -062.33333317   3 
111  07.98068029 -062.33364529   3 
111  07.97609739 -062.32467319   3 
111  07.97669665 -062.32436107 
112  07.97681987 -062.32460231  07.97675626 -062.32448273   3 
111  07.97661291 -062.32455739   3 
112  07.97642179 -062.32465694  07.97627845 -062.32473159   3 
111  07.97634006 -062.32485221   3 
111  07.97847748 -062.32903671   3 
111  07.97895729 -062.32878681 
111  07.97901890 -062.32890743   3 
111  07.97853909 -062.32915733   3 
112  07.98067651 -062.33334184  07.98073813 -062.33346246   3 
111  07.98088147 -062.33338780   3 
112  07.98107259 -062.33328825  07.98121594 -062.33321360   3 
113  07.98115632 -062.33309193 
120 Default hold RWY 12 (near)
111  07.98103864 -062.33345865   4 
115  07.98097703 -062.33333803 
120 Default hold RWY 12 (centre)
111  07.97877799 -062.32903290   4 
115  07.97871638 -062.32891228 
120 Default hold RWY 12 (far)
111  07.97651735 -062.32460716   4 
115  07.97645574 -062.32448654 
19   07.98187859 -062.33332659 1 WS
19   07.97633242 -062.32424541 1 WS