1     9765 1 1 SKIP SAN LUIS
100   28.04   1   0 0.25 0 2 0 06   00.85808100 -077.67871100    0.00    0.00 2  0 0 0 24   00.86576900 -077.66481400    0.00    0.00 2  0 0 0
21   00.85923598 -077.67729290  2  61.05   3.00 06  PAPI-4L
110   1 0.30  61.05 Default taxiway for RWY 06
111  00.85797256 -077.67865100   3 102 
111  00.85741857 -077.67834445   3 102 
111  00.86510660 -077.66444748   3 102 
111  00.86566059 -077.66475403 
112  00.86553842 -077.66497486  00.86559753 -077.66486336   3 102 
111  00.86546505 -077.66479005   3 102 
112  00.86528840 -077.66469230  00.86515591 -077.66461899   3 102 
111  00.86509483 -077.66472940   3 102 
111  00.86140353 -077.67140185   3 102 
111  00.86184712 -077.67164731 
111  00.86178603 -077.67175772   3 102 
111  00.86134244 -077.67151226   3 102 
112  00.85765114 -077.67818470  00.85759005 -077.67829512   3 102 
111  00.85772254 -077.67836843   3 102 
112  00.85789919 -077.67846618  00.85803167 -077.67853949   3 102 
113  00.85809473 -077.67843016 
120 Default hold RWY 06 (near)
111  00.85774978 -077.67852773   4 
115  00.85781086 -077.67841731 
120 Default hold RWY 06 (centre)
111  00.86156325 -077.67163444   4 
115  00.86162434 -077.67152403 
120 Default hold RWY 06 (far)
111  00.86537672 -077.66474117   4 
115  00.86543781 -077.66463075 
18   00.86269687 -077.67219193 1 BCN
19   00.85829005 -077.67911511 1 WS
19   00.86555995 -077.66440989 1 WS
54 11830 TWR
55 12010 ANDES APP
1     9649 1 1 SETU TENIENTE CORONEL LUIS A MANTILLA
100   29.87   1   0 0.25 0 0 0 05   00.80308300 -077.71713300    0.00    0.00 2  0 0 0 23   00.81593100 -077.69898100    0.00    0.00 2  0 0 0
110   1 0.30  54.71 Default taxiway for RWY 05
111  00.80297513 -077.71705664   3 
111  00.80242479 -077.71666702   3 
111  00.81527283 -077.69851508   3 
111  00.81582317 -077.69890470 
112  00.81566786 -077.69912412  00.81574368 -077.69901311   3 
111  00.81561203 -077.69891991   3 
112  00.81543651 -077.69879565  00.81530487 -077.69870245   3 
111  00.81522722 -077.69881216   3 
111  00.80899734 -077.70761385   3 
111  00.80943798 -077.70792581 
111  00.80936032 -077.70803553   3 
111  00.80891968 -077.70772357   3 
112  00.80268980 -077.71652525  00.80261215 -077.71663497   3 
111  00.80274379 -077.71672817   3 
112  00.80291931 -077.71685243  00.80305096 -077.71694563   3 
113  00.80313044 -077.71683721 
120 Default hold RWY 05 (near)
111  00.80275389 -077.71690001   4 
115  00.80283155 -077.71679030 
120 Default hold RWY 05 (centre)
111  00.80913908 -077.70787890   4 
115  00.80921674 -077.70776918 
120 Default hold RWY 05 (far)
111  00.81552427 -077.69885778   4 
115  00.81560193 -077.69874807 
19   00.80325680 -077.71758542 1 WS
19   00.81575720 -077.69852858 1 WS
54 12200 TULCAN TWR
55 12010 ANDES APP