1      266 0 0 SWEU Ecotur Univini Park
100   17.98   4   0 0.00 0 0 0 03   00.79835977 -061.66142014    0.00    0.00 0  0 0 0 21   00.80441800 -061.65969098    0.00    0.00 0  0 0 0
130 Airport Boundary
111  00.80601639 -061.66007151 
111  00.79720306 -061.66258705 
111  00.79676138 -061.66103960 
113  00.80557471 -061.65852406 
19   00.80132177 -061.66032041 0 Windsock
1      262 0 0 SWEO Itapara Sport Fishing
100   17.98   4   0 0.00 0 0 0 13   00.21109816 -061.55283362    0.00    0.00 0  0 0 0 31   00.20834629 -061.54716638    0.00    0.00 0  0 0 0
130 Airport Boundary
111  00.20844174 -061.54552699 
111  00.21244551 -061.55377243 
111  00.21100271 -061.55447301 
113  00.20699893 -061.54622757 
19   00.20950180 -061.55010703 0 Windsock