1      984 0 0 SJVN Fazenda do Limao
100   20.12   5   0 0.00 0 0 0 03   00.28652566 -053.87056136    0.00    0.00 1  0 0 0 21   00.29180767 -053.86943864    0.00    0.00 1  0 0 0
130 Airport Boundary
111  00.29341187 -053.86992708 
111  00.28525882 -053.87166007 
111  00.28492146 -053.87007292 
113  00.29307451 -053.86833994 
19   00.28910479 -053.86970891 0 Windsock
1     1680 0 0 SNSL Fazenda Ipitinga
100   20.12   5   0 0.00 0 0 0 05   00.33767573 -053.81686721    0.00    0.00 0  0 0 0 23   00.34454649 -053.81257723    0.00    0.00 0  0 0 0
130 Airport Boundary
111  00.34622137 -053.81248820 
111  00.33686047 -053.81833299 
111  00.33600085 -053.81695624 
113  00.34536175 -053.81111145 
19   00.34095337 -053.81446959 0 Windsock