1     3782 1 1 HUEN ENTEBBE INTL
100   45.72   1   0 0.25 1 1 0 17   00.05559700  032.43593300    0.00    0.00 3  8 0 0 35   00.02291400  032.44107500    0.00    0.00 2  8 0 0
100   45.72   1   0 0.25 0 0 0 12   00.05122800  032.43912500    0.00    0.00 2  0 0 0 30   00.03980600  032.45788300    0.00    0.00 2  0 0 0
21   00.05284364  032.43677486  2 171.06   3.00 17  PAPI-4L
21   00.02462924  032.44039647  2 351.06   3.00 35  PAPI-4L
10   00.04521730  032.45312880 xxx 269.00   730 0.0 0.0   280 101101  1 0 0 0.25 0
10   00.05255000  032.43916700 xxx 164.00  1000 0.0 0.0   120 161161  1 0 0 0.25 0
10   00.05431560  032.43751910 xxx 112.00  1070 0.0 0.0   120 161161  1 0 0 0.25 0
10   00.05093650  032.43832020 xxx  81.06  1100 0.0 0.0   140 161161  1 0 0 0.25 0
10   00.04581380  032.45226290 xxx 269.00  1200 0.0 0.0   180 101101  1 0 0 0.25 0
10   00.02997960  032.44095230 xxx 140.00  1350 0.0 0.0   100 161161  1 0 0 0.25 0
10   00.04554250  032.45244220 xxx 270.00  2850 0.0 0.0   130 161161  1 0 0 0.25 0
10   00.04586770  032.45518880 xxx 358.00  5200 0.0 0.0   120 101101  1 0 0 0.25 0
10   00.03329470  032.44143300 xxx 171.06  6500 0.0 0.0   100 161161  1 0 0 0.25 0
10   00.04440700  032.45226290 xxx   0.00   840 0.0 0.0   120 161161  1 0 0 0.25 0
10   00.04503840  032.45607380 xxx 358.00   500 0.0 0.0   320 101101  1 0 0 0.25 0
10   00.02310840  032.44193270 xxx 270.00   200 0.0 0.0   150 161161  1 0 0 0.25 0
10   00.02976130  032.44139100 xxx  95.00   200 0.0 0.0   100 161161  1 0 0 0.25 0
10   00.02428380  032.44284060 xxx 173.20   200 0.0 0.0   100 161161  1 0 0 0.25 0
10   00.02376810  032.44287110 xxx 360.00   200 0.0 0.0   100 161161  1 0 0 0.25 0
10   00.05146370  032.43924330 xxx  20.00   200 0.0 0.0   100 161161  1 0 0 0.25 0
10   00.02377370  032.44278720 xxx  20.00   200 0.0 0.0   100 161161  1 0 0 0.25 0
10   00.04822990  032.44153590 xxx 122.00   800 0.0 0.0   200 101101  1 0 0 0.25 0
10   00.02318500  032.44234470 xxx 250.00   200 0.0 0.0   150 161161  1 0 0 0.25 0
10   00.04608340  032.45075610 xxx   0.00   270 0.0 0.0    90 101101  1 0 0 0.25 0
10   00.04165190  032.44040680 xxx 210.00   300 0.0 0.0   100 161161  1 0 0 0.25 0
10   00.05517950  032.43627170 xxx 171.06   300 0.0 0.0   100 101101  1 0 0 0.25 0
10   00.02971790  032.44168850 xxx  40.00   300 0.0 0.0   120 101101  1 0 0 0.25 0
10   00.05280450  032.45497130 xxx   0.00   250 0.0 0.0   250 101101  1 0 0 0.25 0
10   00.03893080  032.45541000 xxx   0.00   250 0.0 0.0   250 101101  1 0 0 0.25 0
10   00.04873720  032.43956380 xxx  81.06   550 0.0 0.0   210 161161  1 0 0 0.25 0
10   00.04202210  032.44088360 xxx  78.06   600 0.0 0.0   170 161161  1 0 0 0.25 0
10   00.04988510  032.43987270 xxx 171.06   670 0.0 0.0   100 161161  1 0 0 0.25 0
10   00.04985230  032.43877410 xxx 171.06   700 0.0 0.0   100 161161  1 0 0 0.25 0
10   00.02341380  032.44268420 xxx 220.00   200 0.0 0.0   140 161161  1 0 0 0.25 0
10   00.02320210  032.44142530 xxx 110.00   240 0.0 0.0   140 101101  2 0 0 0.25 0
10   00.04882540  032.44052890 xxx 351.00   300 0.0 0.0   200 101101  2 0 0 0.25 0
10   00.04940290  032.44030760 xxx 170.00   300 0.0 0.0   230 101101  2 0 0 0.25 0
10   00.04792700  032.44124980 xxx 171.06   530 0.0 0.0   630 101101  2 0 0 0.25 0
10   00.04864560  032.44171520 xxx 122.00  1200 0.0 0.0   300 101101  2 0 0 0.25 0
10   00.04493710  032.44229510 xxx 171.06  2100 0.0 0.0  1040 101101  2 0 0 0.25 0
14   00.04098540  032.44161220    0 0 ATC Tower
15   00.04559540  032.44301220   0.00 Ramp
18   00.03948162  032.43992621 4 BCN
19   00.05196913  032.43909456 1 WS
19   00.05609937  032.43647872 1 WS
19   00.03906487  032.45791344 1 WS
19   00.02241163  032.44052928 1 WS
54 11810 TWR
55 11910 APP
1        0 0 0 HUKJ Kajjansi
100   29.87   3   0 0.00 1 0 1 14   00.20064700  032.54976300    0.00    0.00 1  0 0 0 32   00.19295500  032.55616800    0.00    0.00 1  0 0 0
110   4 0.00   0.00 New Taxiway 5
111  00.19811905  032.55134480 
111  00.19554235  032.55272071 
111  00.19596763  032.55355877 
113  00.19829417  032.55164500 
110   3 0.00   0.00 New Taxiway 3
111  00.19940867  032.55063169 
111  00.20041131  032.54991772 
111  00.20032961  032.54981269 
111  00.20067389  032.54938088 
111  00.20048716  032.54916498 
113  00.19940765  032.55013362 
110   3 0.00   0.00 New Taxiway 1
111  00.20064716  032.54993695 
111  00.20072887  032.54986803 
111  00.20086955  032.54979176 
111  00.20093627  032.54963868 
111  00.20093328  032.54951082 
111  00.20078529  032.54941206 
111  00.20065089  032.54950157 
111  00.20058970  032.54963213 
113  00.20049802  032.54972280 
19   00.20111158  032.54990085 1 WS
19   00.19249042  032.55603015 1 WS