1      149 0 1 WX11 Anik (MAF)
100   24.99   3   0 0.00 0 0 0 08   00.53709513  109.73825879    0.00    0.00 1  0 0 0 26   00.53790487  109.74285121    0.00    0.00 1  0 0 0
14   00.53685400  109.74066900    6 0 ATC Tower
19   00.53782300  109.74049800 0 WS
1      260 0 1 WIOB Bengkayang (MAF)
100   24.99   3   0 0.00 0 0 0 04   00.83048290  109.48139287    0.00    0.00 1  0 0 0 22   00.83351710  109.48393913    0.00    0.00 1  0 0 0
14   00.83157800  109.48316900    6 0 ATC Tower
19   00.83221100  109.48241500 0 WS
1     2364 0 0 WX36 Bentiang (MAF)
100   24.99   3   0 0.25 0 0 0 22   00.92182587  109.91716737    0.00    0.00 0  0 0 0 04   00.91888413  109.91469863    0.00    0.00 0  0 0 0
14   00.92127143  109.91713487    5 0 Viewpoint
19   00.92157806  109.91654640 0 Windsock
1      186 0 1 WX63 Darit (MAF)
100   24.99   3   0 0.00 0 0 0 12   00.59801216  109.64091679    0.00    0.00 1  0 0 0 30   00.59598784  109.64442321    0.00    0.00 1  0 0 0
14   00.59643200  109.64234200    6 0 ATC Tower
19   00.59728400  109.64283400 0 WS
1      328 0 0 WZ93 Lumar (MAF)
100   24.99   3   0 0.50 0 0 0 08   00.93842301  109.46444694    0.00    0.00 0  0 0 0 26   00.93908699  109.46821306    0.00    0.00 0  0 0 0
14   00.93853109  109.46637171    5 0 Viewpoint
19   00.93898769  109.46628389 0 Windsock
1       80 0 1 WW08 Menjalin (MAF)
100   24.99   3   0 0.00 0 0 0 01   00.46586258  109.35167719    0.00    0.00 1  0 0 0 19   00.46967142  109.35234881    0.00    0.00 1  0 0 0
14   00.46765300  109.35265900    6 0 ATC Tower
19   00.46782400  109.35169000 0 WS
1      483 0 1 WW54 Pare (MAF)
100   24.99   3   0 0.00 0 0 0 04   00.76498600  109.86525835    0.00    0.00 1  0 0 0 22   00.76834800  109.86807965    0.00    0.00 1  0 0 0
14   00.76624500  109.86717200    6 0 ATC Tower
19   00.76687800  109.86641800 0 WS
1      180 0 1 WW91 Sebadu (MAF)
100   24.99   3   0 0.00 0 0 0 01   00.37791793  109.48943141    0.00    0.00 1  0 0 0 19   00.38234807  109.49021259    0.00    0.00 1  0 0 0
14   00.38001900  109.49046800    6 0 ATC Tower
19   00.38019000  109.48949900 0 WS
1      273 0 1 WW92 Sebah (MAF)
100   24.99   3   0 0.00 0 0 0 36   00.43086760  109.66964700    0.00    0.00 1  0 0 0 18   00.43446640  109.66964700    0.00    0.00 1  0 0 0
14   00.43266700  109.67030300    6 0 ATC Tower
19   00.43266700  109.66931900 0 WS
1      277 0 1 WT02 Serukam (MAF)
100   24.99   3   0 0.00 0 0 0 09   00.85000000  109.33141570    0.00    0.00 1  0 0 0 27   00.85000000  109.33525630    0.00    0.00 1  0 0 0
14   00.84934400  109.33333600    6 0 ATC Tower
19   00.85032800  109.33333600 0 WS
1       15 0 0 WT12 Singkawang I (MAF)
100   24.99   3   0 0.50 0 0 0 03   00.91104585  109.00594577    0.00    0.00 0  0 0 0 21   00.91462615  109.00783623    0.00    0.00 0  0 0 0
14   00.91104252  109.00616717    5 0 Viewpoint
19   00.91166296  109.00602087 0 Windsock
1      545 0 0 WT29 Suti (MAF)
100   20.12   3   0 0.25 0 0 0 25   00.87872486  109.82779025    0.00    0.00 0  0 0 0 07   00.87706314  109.82372775    0.00    0.00 0  0 0 0
14   00.87698360  109.82413678    5 0 Viewpoint
19   00.87739438  109.82382866 0 Windsock