1      892 0 0 SWBW Agro Pousadas do Guapore
100   17.98   5   0 0.00 0 0 0 01  -14.77187358 -060.03422047    0.00    0.00 1  0 0 0 19  -14.76479308 -060.03466841    0.00    0.00 1  0 0 0
130 Airport Boundary
111 -14.76340548 -060.03549063 
111 -14.77335373 -060.03486125 
111 -14.77326118 -060.03339826 
113 -14.76331293 -060.03402764 
19  -14.76831746 -060.03419364 0 Windsock
1      725 0 0 SJJU Fazenda Barra Mansa
100   24.99   5   0 0.00 0 0 0 17  -14.04527199 -060.15377341    0.00    0.00 1  0 0 0 35  -14.05361688 -060.15011547    0.00    0.00 1  0 0 0
130 Airport Boundary
111 -14.05463877 -060.14881718 
111 -14.04362477 -060.15364512 
111 -14.04425010 -060.15507169 
113 -14.05526410 -060.15024376 
19  -14.04957219 -060.15223587 0 Windsock
1      728 0 0 SWQU Fazenda Guapore
100   20.12   5   0 0.00 0 0 0 18  -14.58295934 -060.12748571    0.00    0.00 1  0 0 0 36  -14.59204066 -060.12529207    0.00    0.00 1  0 0 0
130 Airport Boundary
111 -14.59327464 -060.12422223 
111 -14.58137307 -060.12709713 
111 -14.58172536 -060.12855555 
113 -14.59362693 -060.12568065 
19  -14.58756376 -060.12665284 0 Windsock
1     1378 0 0 SWGA Fazenda Guara
100   24.99   4   0 0.00 0 0 0 01  -14.82653314 -060.01696706    0.00    0.00 0  0 0 0 19  -14.81846686 -060.01747738    0.00    0.00 0  0 0 0
130 Airport Boundary
111 -14.81708119 -060.01833071 
111 -14.82801531 -060.01763896 
111 -14.82791881 -060.01611374 
113 -14.81698469 -060.01680549 
19  -14.82248016 -060.01690861 0 Windsock
1      922 0 0 SSPD Fazenda Paragua
100   20.12   5   0 0.00 0 0 0 08  -14.76889799 -060.03843577    0.00    0.00 1  0 0 0 26  -14.76443535 -060.02823088    0.00    0.00 1  0 0 0
130 Airport Boundary
111 -14.76313782 -060.02717762 
111 -14.76879037 -060.04010352 
111 -14.77019552 -060.03948904 
113 -14.76454297 -060.02656314 
19  -14.76692165 -060.03322183 0 Windsock
1      797 0 0 SWTK Fazenda Santa Maria do Guapore
100   24.99   5   0 0.00 0 0 0 10  -14.20231807 -060.28685583    0.00    0.00 1  0 0 0 28  -14.20157081 -060.27481084    0.00    0.00 1  0 0 0
130 Airport Boundary
111 -14.20068766 -060.27337876 
111 -14.20161870 -060.28838608 
111 -14.20320121 -060.28828791 
113 -14.20227017 -060.27328059 
19  -14.20226742 -060.28081329 0 Windsock
1      594 0 0 SNWI Fazenda Sao Joao II
100   39.93   3   0 0.00 0 0 0 18  -14.06505842 -060.01010540    0.00    0.00 0  0 0 0 36  -14.07271936 -060.00822794    0.00    0.00 0  0 0 0
130 Airport Boundary
111 -14.07392761 -060.00706405 
111 -14.06344894 -060.00963204 
111 -14.06385018 -060.01126929 
113 -14.07432885 -060.00870130 
19  -14.06899678 -060.00960691 0 Windsock