1      837 0 0 SSPE Essencia Retiro do Rio Cuiaba
100   20.12   5   0 0.00 0 0 0 08  -14.43763996 -055.61357983    0.00    0.00 1  0 0 0 26  -14.43347115 -055.60530905    0.00    0.00 1  0 0 0
130 Airport Boundary
111 -14.43211032 -055.60431267 
111 -14.43763145 -055.61526641 
111 -14.43900079 -055.61457620 
113 -14.43347966 -055.60362247 
19  -14.43582184 -055.60931023 0 Windsock
1     1818 0 0 SSNL Fazenda Essencia
100   20.12   5   0 0.00 0 0 0 09  -14.31826141 -055.77227690    0.00    0.00 1  0 0 0 27  -14.31507192 -055.76161197    0.00    0.00 1  0 0 0
130 Airport Boundary
111 -14.31390478 -055.76039136 
111 -14.31795605 -055.77393788 
111 -14.31942855 -055.77349751 
113 -14.31537728 -055.75995099 
19  -14.31695210 -055.76685908 0 Windsock
1     1020 0 1 SIGF FAZENDA JOPEJO
100   20.12   1   0 0.25 0 0 0 08  -15.00235000 -055.83002800    0.00    0.00 2  0 0 0 26  -14.99765000 -055.81997200    0.00    0.00 2  0 0 0
110   1 0.30  64.18 Default taxiway for RWY 08
111 -15.00242946 -055.82998820   3 
111 -15.00283889 -055.82978311   3 
111 -14.99813911 -055.81972689   3 
111 -14.99772968 -055.81993198 
112 -14.99780853 -055.82010069 -14.99777112 -055.82001533   3 
111 -14.99786890 -055.81996635   3 
112 -14.99799927 -055.81990104 -14.99809705 -055.81985207   3 
111 -14.99813648 -055.81993642   3 
111 -15.00038781 -055.82475363   3 
111 -15.00005986 -055.82491791 
111 -15.00009928 -055.82500227   3 
111 -15.00042723 -055.82483799   3 
112 -15.00267856 -055.82965521 -15.00271799 -055.82973956   3 
111 -15.00262021 -055.82978854   3 
112 -15.00248984 -055.82985385 -15.00239206 -055.82990282   3 
113 -15.00235061 -055.82981949 
120 Default hold RWY 08 (near)
111 -15.00259445 -055.82990555   4 
115 -15.00255503 -055.82982119 
120 Default hold RWY 08 (centre)
111 -15.00026427 -055.82491962   4 
115 -15.00022485 -055.82483526 
120 Default hold RWY 08 (far)
111 -14.99793409 -055.81993370   4 
115 -14.99789467 -055.81984934 
19  -15.00218440 -055.83031916 1 WS
19  -14.99781558 -055.81968083 1 WS
1     1575 0 0 SIWK Fazenda Santa Fe
100   22.86   5   0 0.00 0 0 0 18  -14.04747961 -055.38480108    0.00    0.00 1  0 0 0 36  -14.05529817 -055.38242114    0.00    0.00 1  0 0 0
130 Airport Boundary
111 -14.05648480 -055.38125808 
111 -14.04584621 -055.38449643 
111 -14.04629298 -055.38596414 
113 -14.05693157 -055.38272579 
19  -14.05148226 -055.38391784 0 Windsock
1     1330 0 0 SJWH Fazenda Santa Ines
100   20.12   5   0 0.00 0 0 0 11  -14.65080637 -055.38946178    0.00    0.00 1  0 0 0 29  -14.65141585 -055.37831600    0.00    0.00 1  0 0 0
130 Airport Boundary
111 -14.65073040 -055.37676647 
111 -14.64995604 -055.39092733 
111 -14.65149182 -055.39101131 
113 -14.65226618 -055.37685045 
19  -14.65141119 -055.38390530 0 Windsock
1      735 0 0 SIWG Fazenda Sao Jose
100   22.86   5   0 0.00 0 0 0 06  -14.56107061 -055.82442728    0.00    0.00 1  0 0 0 24  -14.55170716 -055.81557271    0.00    0.00 1  0 0 0
130 Airport Boundary
111 -14.55009040 -055.81511083 
111 -14.56162202 -055.82601574 
111 -14.56268737 -055.82488916 
113 -14.55115576 -055.81398425 
19  -14.55661083 -055.81976531 0 Windsock
1      989 0 1 SIQJ MORRO DO CHAPEU II
100   18.90   1   0 0.25 0 0 0 11  -14.95779400 -055.80593100    0.00    0.00 2  0 0 0 29  -14.95872800 -055.79540300    0.00    0.00 2  0 0 0
110   1 0.30  95.25 Default taxiway for RWY 11
111 -14.95787644 -055.80593884   3 
111 -14.95830206 -055.80597930   3 
111 -14.95923630 -055.79545135   3 
111 -14.95881068 -055.79541089 
112 -14.95879513 -055.79558618 -14.95880514 -055.79549874   3 
111 -14.95890675 -055.79550840   3 
112 -14.95904223 -055.79552128 -14.95914384 -055.79553094   3 
111 -14.95913607 -055.79561859   3 
111 -14.95868839 -055.80066345   3 
111 -14.95834745 -055.80063104 
111 -14.95833967 -055.80071869   3 
111 -14.95868061 -055.80075110   3 
112 -14.95823294 -055.80579596 -14.95822516 -055.80588360   3 
111 -14.95812355 -055.80587394   3 
112 -14.95798807 -055.80586106 -14.95788646 -055.80585140   3 
113 -14.95789200 -055.80576355 
120 Default hold RWY 11 (near)
111 -14.95804803 -055.80595515   4 
115 -14.95805581 -055.80586750 
120 Default hold RWY 11 (centre)
111 -14.95851126 -055.80073500   4 
115 -14.95851904 -055.80064735 
120 Default hold RWY 11 (far)
111 -14.95897449 -055.79551484   4 
115 -14.95898227 -055.79542720 
19  -14.95752441 -055.80608214 1 WS
19  -14.95899758 -055.79525185 1 WS