1      886 0 0 SWDJ Fazenda Duas Ancoras - Secao JAO
100   39.93   3   0 0.00 0 0 0 18  -14.85362395 -052.03798845    0.00    0.00 0  0 0 0 36  -14.86137605 -052.03534489    0.00    0.00 0  0 0 0
130 Airport Boundary
111 -14.86251658 -052.03406588 
111 -14.85193961 -052.03767276 
111 -14.85248342 -052.03926747 
113 -14.86306040 -052.03566059 
19  -14.85765856 -052.03713164 0 Windsock
1      925 0 0 SWDA Fazenda Duas Ancoras - Secao Sede
100   39.93   3   0 0.00 0 0 0 03  -14.94027697 -052.17393946    0.00    0.00 0  0 0 0 21  -14.93138970 -052.17217166    0.00    0.00 0  0 0 0
130 Airport Boundary
111 -14.92976937 -052.17270426 
111 -14.94157015 -052.17505158 
111 -14.94189730 -052.17340687 
113 -14.93009652 -052.17105954 
19  -14.93592864 -052.17257641 0 Windsock
1     1355 0 0 SWIH Fazenda Felicidade
100   17.98   5   0 0.00 0 0 0 01  -14.90960830 -052.73109239    0.00    0.00 1  0 0 0 19  -14.90205837 -052.73224095    0.00    0.00 1  0 0 0
130 Airport Boundary
111 -14.90071984 -052.73318306 
111 -14.91116644 -052.73159383 
111 -14.91094683 -052.73015028 
113 -14.90050023 -052.73173951 
19  -14.90579073 -052.73138667 0 Windsock
1      994 0 0 SWYY Fazenda Nova Viena
100   29.87   5   0 0.00 0 0 0 17  -14.88316283 -052.27947105    0.00    0.00 1  0 0 0 35  -14.89239273 -052.27441783    0.00    0.00 1  0 0 0
130 Airport Boundary
111 -14.89332315 -052.27299508 
111 -14.88146295 -052.27948835 
111 -14.88223241 -052.28089379 
113 -14.89409261 -052.27440052 
19  -14.88797051 -052.27729647 0 Windsock
1     1047 0 0 SWHP Fazenda Olho D' Agua
100   29.87   4   0 0.00 0 0 0 04  -14.02580869 -052.15468692    0.00    0.00 0  0 0 0 22  -14.01308020 -052.14975753    0.00    0.00 0  0 0 0
130 Airport Boundary
111 -14.01140003 -052.14996548 
111 -14.02691055 -052.15597227 
111 -14.02748886 -052.15447896 
113 -14.01197834 -052.14847217 
19  -14.01958879 -052.15184949 0 Windsock
1      995 0 0 SIZK Fazenda Vera Cruz
100   20.12   5   0 0.00 0 0 0 18  -14.87069248 -052.11702196    0.00    0.00 1  0 0 0 36  -14.87930752 -052.11408916    0.00    0.00 1  0 0 0
130 Airport Boundary
111 -14.88047775 -052.11289708 
111 -14.86903797 -052.11679149 
111 -14.86952225 -052.11821405 
113 -14.88096203 -052.11431964 
19  -14.87509955 -052.11584798 0 Windsock
1     1601 0 0 SDUK Fazenda Xaimite
100   24.99   5   0 0.00 0 0 0 18  -14.09235534 -052.90338030    0.00    0.00 1  0 0 0 36  -14.10097800 -052.90050858    0.00    0.00 1  0 0 0
130 Airport Boundary
111 -14.10214284 -052.89930209 
111 -14.09069972 -052.90311315 
111 -14.09119050 -052.90458679 
113 -14.10263362 -052.90077573 
19  -14.09677737 -052.90227683 0 Windsock
1     1033 1 1 SWXV Xavantina
100   21.34   2   0 0.25 0 2 0 03  -14.69643848 -052.34996551    0.00    0.00 2 10 0 0 21  -14.68356072 -052.34614809    0.00    0.00 2 10 0 0
21  -14.69463476 -052.34971794  1  16.00   3.00 03  VASI
21  -14.68536444 -052.34639561  1 196.00   3.00 21  VASI
110   2 0.30  16.00 Default taxiway for RWY 03
111 -14.69646432 -052.34987234  53 102 
111 -14.69659726 -052.34939307  53 102 
111 -14.68371953 -052.34557547  53 102 
111 -14.68358659 -052.34605470 
112 -14.68377116 -052.34610941 -14.68367950 -052.34607982  53 102 
111 -14.68371126 -052.34596534  53 102 
112 -14.68375360 -052.34581270 -14.68378536 -052.34569822  53 102 
111 -14.68387764 -052.34572558  53 102 
111 -14.69008579 -052.34756599  53 102 
111 -14.68997931 -052.34794984 
111 -14.69007160 -052.34797720  53 102 
111 -14.69017808 -052.34759335  53 102 
112 -14.69638623 -052.34943376 -14.69647851 -052.34946112  53 102 
111 -14.69644675 -052.34957561  53 102 
112 -14.69640441 -052.34972826 -14.69637265 -052.34984274  53 102 
113 -14.69627975 -052.34981762 
120 Default hold RWY 03 (near)
111 -14.69651787 -052.34967929  54 
115 -14.69642558 -052.34965193 
120 Default hold RWY 03 (centre)
111 -14.69012515 -052.34778416  54 
115 -14.69003286 -052.34775680 
120 Default hold RWY 03 (far)
111 -14.68373243 -052.34588902  54 
115 -14.68364014 -052.34586167 
18  -14.68981436 -052.34872457 1 BCN
19  -14.69654366 -052.35030645 1 WS
19  -14.68345553 -052.34580718 1 WS