1     1483 0 1 SNNH CARINHANHA
100   22.86   1   0 0.25 0 0 0 13  -14.29618100 -043.80281900    0.00    0.00 2  0 0 0 31  -14.30076400 -043.79171400    0.00   33.53 2  0 0 0
110   1 0.30 113.07 Default taxiway for RWY 13
111 -14.29627357 -043.80285969   3 
111 -14.29674881 -043.80306857   3 
111 -14.30133207 -043.79196381   3 
111 -14.30085683 -043.79175492 
112 -14.30077621 -043.79195024 -14.30081859 -043.79185349   3 
111 -14.30093215 -043.79190340   3 
112 -14.30108357 -043.79196995 -14.30119713 -043.79201987   3 
111 -14.30115682 -043.79211753   3 
111 -14.29896596 -043.79742576   3 
111 -14.29858535 -043.79725847 
111 -14.29854505 -043.79735613   3 
111 -14.29892566 -043.79752342   3 
112 -14.29673479 -043.80283166 -14.29669449 -043.80292932   3 
111 -14.29658093 -043.80287940   3 
112 -14.29642951 -043.80281285 -14.29631595 -043.80276294   3 
113 -14.29635418 -043.80266437 
120 Default hold RWY 13 (near)
111 -14.29646491 -043.80294379   4 
115 -14.29650522 -043.80284613 
120 Default hold RWY 13 (centre)
111 -14.29873639 -043.79744023   4 
115 -14.29877669 -043.79734257 
120 Default hold RWY 13 (far)
111 -14.30100786 -043.79193668   4 
115 -14.30104817 -043.79183902 
19  -14.29581775 -043.80289009 1 WS
19  -14.30112725 -043.79164289 1 WS
1     1644 0 0 SNNS Fazenda Jaibense
100   29.87   5   0 0.00 0 0 0 11  -14.94632676 -043.68629967    0.00    0.00 1  0 0 0 29  -14.94589546 -043.67592255    0.00    0.00 1  0 0 0
130 Airport Boundary
111 -14.94501581 -043.67439138 
111 -14.94557721 -043.68789856 
111 -14.94720641 -043.68783084 
113 -14.94664501 -043.67432366 
19  -14.94655932 -043.68109248 0 Windsock
1     1713 0 0 SITZ Fazenda MRV
100   29.87   5   0 0.00 0 0 0 15  -14.91445432 -043.36405030    0.00    0.00 1  0 0 0 33  -14.92110124 -043.35539413    0.00    0.00 1  0 0 0
130 Airport Boundary
111 -14.92140720 -043.35366626 
111 -14.91286400 -043.36479193 
111 -14.91414835 -043.36577817 
113 -14.92269156 -043.35465249 
19  -14.91813224 -043.35999441 0 Windsock
1     1512 0 0 SNNK Fazenda Teragro
100   29.87   4   0 0.00 0 0 0 13  -14.76769303 -043.42081569    0.00    0.00 0  0 0 0 31  -14.77119585 -043.40973988    0.00    0.00 0  0 0 0
130 Airport Boundary
111 -14.77089112 -043.40800318 
111 -14.76644510 -043.42206135 
111 -14.76799776 -043.42255239 
113 -14.77244378 -043.40849422 
19  -14.76987234 -043.41541311 0 Windsock