1       45 0 0 YMLV MOYLE RIVER
100   49.99   4   0 0.25 0 0 0 11  -14.06188324  129.90968779    0.00    0.00 0  0 0 0 29  -14.06503402  129.91657651    0.00    0.00 0  0 0 0
110   4 0.25   0.00 New Taxiway 31
111 -14.06682663  129.90657432 
111 -14.06376357  129.90917715 
111 -14.06137228  129.91118718 
112 -14.06127915  129.91132584 -14.06121707  129.91140051 
112 -14.06047207  129.91227518 -14.06026513  129.91248851 
112 -14.05937516  129.91357404 -14.05897162  129.91404337 
111 -14.05783342  129.91552604 
111 -14.05776099  129.91550471 
112 -14.05885780  129.91409671 -14.05936481  129.91344604 
112 -14.06098608  129.91161908 -14.06125925  129.91131401 
112 -14.06138445  129.91095027 -14.06144136  129.91078600 
112 -14.06129340  129.90994119 -14.06130478  129.90971826 
112 -14.06154380  129.90954225 -14.06179420  129.90936625 
112 -14.06251126  129.90935452 -14.06289825  129.90933105 
112 -14.06378604  129.90908465 -14.06388848  129.90903772 
112 -14.06427546  129.90870918 -14.06432099  129.90866225 
111 -14.06459416  129.90842758 
113 -14.06676811  129.90653849 
111 -14.06370049  129.90919157 
112 -14.06336621  129.90927171 -14.06330402  129.90928774 
112 -14.06243333  129.90941596 -14.06202130  129.90943199 
112 -14.06157819  129.90957624 -14.06150822  129.90960830 
112 -14.06137606  129.90980865 -14.06131387  129.90997695 
111 -14.06136829  129.91006510 
112 -14.06145380  129.91089055 -14.06144603  129.91102679 
113 -14.06141493  129.91111495 
14  -14.06387152  129.90927972    6 0 New Tower Viewpoint 18
15  -14.06230117  129.91025744   0.00 New Ramp Start 16
19  -14.06160151  129.91035361 0 New Windsock 17
1       60 0 0 YPUA PALUMPA
100   42.06   4   0 0.25 0 0 0 1   -14.34641656  129.86367512    0.00    0.00 0  0 0 0 19  -14.33299759  129.86471655    0.00    0.00 0  0 0 0
110   4 0.25   0.00 New Taxiway 42
111 -14.35000099  129.85767428 
112 -14.34861092  129.85853740 -14.34772041  129.85885126 
112 -14.34748149  129.85908666 -14.34741633  129.85924359 
111 -14.34608055  129.86150787 
112 -14.34608055  129.86203471 -14.34616743  129.86222527 
112 -14.34649323  129.86265122 -14.34667785  129.86271848 
111 -14.34740547  129.86303234 
112 -14.34754665  129.86335741 -14.34754665  129.86360402 
111 -14.34751407  129.86407481 
112 -14.34728601  129.86434383 -14.34698193  129.86434383 
111 -14.34590679  129.86441109 
112 -14.34583077  129.86492672 -14.34609141  129.86547598 
111 -14.34851753  129.87097190 
112 -14.34921040  129.87171172 -14.34956877  129.87199532 
111 -14.35089546  129.87278606 
112 -14.35090632  129.87284210 -14.35069998  129.87275243 
111 -14.35009182  129.87247219 
112 -14.34996150  129.87260670 -14.34996150  129.87279726 
111 -14.35031202  129.87822628 
111 -14.35055093  129.87878676 
112 -14.35055093  129.87886522 -14.35043147  129.87883160 
111 -14.35017084  129.87824870 
111 -14.35011654  129.87699324 
112 -14.34991020  129.87676905 -14.34980160  129.87680268 
111 -14.34794455  129.87685872 
112 -14.34766219  129.87663453 -14.34764047  129.87641034 
111 -14.34764047  129.87634309 
111 -14.34619138  129.87651811 
111 -14.34615880  129.87618183 
111 -14.34759232  129.87611457 
111 -14.34760318  129.87540838 
112 -14.34775522  129.87513935 -14.34793984  129.87516177 
111 -14.34992236  129.87508599 
112 -14.34998518  129.87478027 -14.34995826  129.87459499 
111 -14.34987748  129.87254762 
112 -14.34960823  129.87223264 -14.34937487  129.87203810 
111 -14.34852223  129.87128770 
111 -14.34562398  129.86461695 
112 -14.34529761  129.86447148 -14.34506026  129.86447913 
111 -14.34071465  129.86486129 
112 -14.34039685  129.86501816 -14.34024947  129.86509422 
112 -14.34014815  129.86500866 -14.34013894  129.86492309 
112 -14.34019881  129.86484227 -14.34030935  129.86480900 
111 -14.34357657  129.86452158 
111 -14.34718074  129.86428454 
112 -14.34743698  129.86405486 -14.34745046  129.86379733 
111 -14.34746395  129.86327532 
112 -14.34711875  129.86300253 -14.34679451  129.86285088 
111 -14.34643481  129.86267831 
112 -14.34614604  129.86240639 -14.34613084  129.86231749 
111 -14.34595457  129.86179595 
112 -14.34610959  129.86134118 -14.34630541  129.86103800 
111 -14.34738532  129.85907564 
112 -14.34769538  129.85880614 -14.34784224  129.85875561 
112 -14.34899711  129.85829291 -14.34911579  129.85822401 
113 -14.34997622  129.85761151 
110   4 0.25   0.00 New Taxiway 40
112 -14.33920643  129.86506674 -14.33920643  129.86501566 
112 -14.33929017  129.86497245 -14.33933585  129.86497245 
112 -14.33939294  129.86507067 -14.33938913  129.86513745 
114 -14.33929398  129.86518067 -14.33922927  129.86518067 
110   4 0.25   0.00 New Taxiway 39
111 -14.34015739  129.86429306 
112 -14.33999577  129.86458641 -14.33999577  129.86476472 
111 -14.33999577  129.86505232 
111 -14.33951651  129.86506958 
111 -14.33951093  129.86481074 
112 -14.33975057  129.86475897 -14.33979515  129.86470720 
112 -14.33976171  129.86447137 -14.33965583  129.86438509 
113 -14.33962239  129.86429881 
110   4 0.25   4.30 New Taxiway 41
112 -14.34138887  129.86364032 -14.34179289  129.86360060 
112 -14.34652038  129.86340634 -14.34667834  129.86340634 
111 -14.34655987  129.86409927 
111 -14.34016445  129.86462596 
112 -14.34012565  129.86501340 -14.34006435  129.86508818 
111 -14.34001419  129.86514570 
112 -14.33937331  129.86511694 -14.33931758  129.86505942 
111 -14.33916711  129.86481783 
112 -14.33287168  129.86537106 -14.33274136  129.86537106 
112 -14.33264362  129.86484425 -14.33256760  129.86446316 
113 -14.33282824  129.86430624 
14  -14.33925460  129.86487191    6 0 New Tower Viewpoint 92
15  -14.33988846  129.86496239   0.00 New Ramp Start 91
19  -14.33929778  129.86508245 0 New Windsock 90
1       91 0 0 YPKT Port Keats
100   17.98   1   0 0.25 0 1 0 16  -14.24372600  129.52728465    0.00    0.00 2  0 0 0 34  -14.25573126  129.53150131    0.00    0.00 2  0 0 0
110   2 1.00  35.00 New Taxiway 37
111 -14.24459360  129.52256479 
111 -14.24477770  129.52241705 
111 -14.24493697  129.52263112 
113 -14.24471341  129.52277584 
110   1 1.00 161.20 New Taxiway 28
111 -14.25547066  129.53138702 
111 -14.25570741  129.53157302  20 
111 -14.25565745  129.53172765  20 
112 -14.25540115  129.53163577 -14.25538812  129.53162457  20 
113 -14.25517961  129.53139374 
110   1 1.00   0.00 New Taxiway 30
112 -14.24887743  129.52794328 -14.24891250  129.52794629  22 
112 -14.24895634  129.52803825 -14.24895488  129.52808951  22 
112 -14.24887013  129.52810760 -14.24883652  129.52810609  22 
114 -14.24879561  129.52802016 -14.24879707  129.52798398  22 
110   1 1.00 161.20 New Taxiway 26
111 -14.24375333  129.52720817  20 
111 -14.24379994  129.52708377  20 
111 -14.24404008  129.52717368  20 
111 -14.24427820  129.52739530 
113 -14.24400158  129.52741621 
110   1 1.00   0.00 New Taxiway 31
111 -14.24766888  129.52859229 102 
112 -14.24785648  129.52850626 -14.24787316  129.52845035 102 
111 -14.24793152  129.52823959 102 
112 -14.24788566  129.52801593 -14.24781479  129.52789550 102 
111 -14.24515445  129.52328161 102 
112 -14.24504606  129.52321280 -14.24500437  129.52319989 102 
111 -14.24496685  129.52319129 102 
111 -14.24459583  129.52257624 
112 -14.24461250  129.52249451 -14.24465836  129.52245150 
111 -14.24480010  129.52235258 
112 -14.24490432  129.52234828 -14.24492934  129.52236548 102 
111 -14.24527535  129.52296763 102 
111 -14.24520448  129.52309237 102 
112 -14.24520031  129.52322140 -14.24523366  129.52327301 102 
111 -14.24804319  129.52808910 102 
112 -14.24806337  129.52827646 -14.24803815  129.52837014 102 
111 -14.24798770  129.52851586 102 
112 -14.24804823  129.52871362 -14.24813399  129.52877608 
113 -14.24786664  129.52875526 
120 Linear Feature 29
111 -14.25512314  129.53128842   1 
112 -14.25527083  129.53138030 -14.25530776  129.53142736   1 
112 -14.25543591  129.53159543 -14.25547935  129.53162008   1 
112 -14.25558795  129.53161784 -14.25561835  129.53159543   1 
112 -14.25562921  129.53155285 -14.25562487  129.53154389   1 
115 -14.25562487  129.53154389 
120 Linear Feature 27
111 -14.24432177  129.52749218   1 
112 -14.24419825  129.52740542 -14.24416671  129.52735390   1 
111 -14.24400640  129.52722104   1 
111 -14.24386448  129.52716409   1 
112 -14.24378038  129.52720206 -14.24377249  129.52725086   1 
115 -14.24380140  129.52729425 
120 Linear Feature 36
111 -14.24790925  129.52853040   1 
112 -14.24808198  129.52881724 -14.24826662  129.52888302   1 
115 -14.24835440  129.52891123 
120 Linear Feature 35
111 -14.24731670  129.52854343   1 
111 -14.24763494  129.52865835   1 
112 -14.24790898  129.52853066 -14.24796732  129.52835007   1 
111 -14.24798500  129.52827893   1 
112 -14.24797440  129.52809105 -14.24793550  129.52799984   1 
115 -14.24517572  129.52324399 
120 Linear Feature 34
111 -14.24800799  129.52838473   1 
112 -14.24796202  129.52856897 -14.24796379  129.52861092   1 
116 -14.24801860  129.52870760 -14.24803981  129.52871672 
120 Linear Feature 33
111 -14.24767384  129.52859268   1 
112 -14.24784533  129.52854343 -14.24786832  129.52850512   1 
115 -14.24790898  129.52836284 
120 Linear Feature 32
111 -14.24790804  129.52836136   4 
115 -14.24801236  129.52838872 
14  -14.24462048  129.52240606    6 0 New Tower Viewpoint 11
15  -14.24465204  129.52258891 124.08 New Ramp Start 10
18  -14.24954476  129.52994413 1 BCN
19  -14.24887703  129.52803013 0 New Windsock 12
51 12670 CTAF