1      110 0 1 SC48 Byrd Field
100   30.48   3   0 0.25 0 0 0 18   33.88938214 -080.00032748    0.00    0.00 1  0 0 0 36   33.87927174 -079.99926198    0.00    0.00 1  0 0 0
19   33.88969125 -079.99986251 1 WS
19   33.87896263 -079.99972689 1 WS
1       82 0 1 SC60 Cockfield Aerodrome
100   20.12   3   0 0.25 0 0 0 04   33.90086773 -079.68654065    0.00    0.00 1  0 0 0 22   33.90723503 -079.68136603    0.00    0.00 1  0 0 0
19   33.90086949 -079.68693385 1 WS
19   33.90723325 -079.68097279 1 WS
1       34 0 1 KHYW Conway Horry Co
100   22.86   1   0 0.25 0 2 0 04   33.82334700 -079.12599700    0.00    0.00 2  0 0 0 22   33.83362200 -079.11835800    0.00    0.00 2  0 0 0
21   33.82503645 -079.12516677  2  31.70   3.00 04  PAPI-4L
21   33.83193260 -079.11918849  2 211.70   3.00 22  PAPI-4L
10   33.82867100 -079.12258100 xxx  31.72  4404 0.0 0.0    38 161161  1 0 0 0.35 0
10   33.82806400 -079.12403100 xxx  31.72  1040 0.0 0.0   276 161161  1 0 0 0.35 0
10   33.82773200 -079.12334400 xxx 121.72   225 0.0 0.0    38 161161  1 0 0 0.35 0
10   33.82665600 -079.12432100 xxx 121.72   100 0.0 0.0    50 161161  1 0 0 0.25 0
10   33.82885700 -079.12271100 xxx 121.72   100 0.0 0.0    50 161161  1 0 0 0.25 0
10   33.83366000 -079.11864500 xxx 121.72    95 0.0 0.0    38 161161  1 0 0 0.35 0
10   33.82353600 -079.12616000 xxx 121.72    95 0.0 0.0    38 161161  1 0 0 0.35 0
14   33.82948700 -079.12217700    0 0 ATC Tower
18   33.82870500 -079.12259700 1 BCN
19   33.82356600 -079.12642700 1 WS
19   33.83340800 -079.11793500 1 WS
51 12270 CTAF/UNICOM
55 12740 MYRTLE BEACH APP/DEP
1       39 0 1 KGGE GEORGETOWN CO
100   30.48   1   0 0.25 0 2 0 05   33.30960000 -079.32624700    0.00    0.00 2  0 0 0 23   33.31990800 -079.31542200    0.00    0.00 2  0 0 0
100   45.72   1   0 0.25 0 0 0 16   33.31948600 -079.31567200    0.00    0.00 2  0 0 0 34   33.30663300 -079.30916700    0.00    0.00 2  0 0 0
100   45.72   1   0 0.25 0 2 0 11   33.30957200 -079.32546900    0.00    0.00 2  0 0 0 29   33.30710000 -079.31090800    0.00    0.00 2  0 0 0
21   33.31117390 -079.32512795  2  41.27   3.00 05  PAPI-4L
21   33.31833420 -079.31654139  2 221.27   3.00 23  PAPI-4L
110   1 0.30  41.27 Default taxiway for RWY 05
111  33.30951103 -079.32612567   3 102 
111  33.30905725 -079.32550688   3 102 
111  33.31936572 -079.31468307   3 102 
111  33.31981950 -079.31530194 
112  33.31961332 -079.31551842  33.31971492 -079.31540815   3 102 
111  33.31960637 -079.31526011   3 102 
112  33.31946164 -079.31506272  33.31935309 -079.31491468   3 102 
111  33.31925000 -079.31502292   3 102 
111  33.31435349 -079.32016422   3 102 
111  33.31471681 -079.32065968 
111  33.31461372 -079.32076792   3 102 
111  33.31425040 -079.32027246   3 102 
112  33.30935389 -079.32541375  33.30925080 -079.32552199   3 102 
111  33.30935935 -079.32567002   3 102 
112  33.30950408 -079.32586738  33.30961263 -079.32601541   3 102 
113  33.30971721 -079.32590919 
110   1 0.30 101.48 Default taxiway for RWY 11
111  33.30937260 -079.32551745   3 102 
111  33.30836235 -079.32576293   3 102 
111  33.30589120 -079.31120151   3 102 
111  33.30690145 -079.31095604 
112  33.30698333 -079.31143852  33.30694018 -079.31119782   3 102 
111  33.30669825 -079.31125660   3 102 
112  33.30637568 -079.31133498  33.30613375 -079.31139376   3 102 
111  33.30617469 -079.31163500   3 102 
111  33.30730791 -079.31831261   3 102 
111  33.30811655 -079.31811612 
111  33.30815749 -079.31835736   3 102 
111  33.30734885 -079.31855385   3 102 
112  33.30848208 -079.32523146  33.30852302 -079.32547270   3 102 
111  33.30876495 -079.32541391   3 102 
112  33.30908752 -079.32533553  33.30932945 -079.32527675   3 102 
113  33.30929072 -079.32503497 
120 Default hold RWY 05 (near)
111  33.30932862 -079.32587694   4 
115  33.30943171 -079.32576870 
120 Default hold RWY 11 (near)
111  33.30896717 -079.32561596   4 
115  33.30892623 -079.32537472 
120 Default hold RWY 05 (centre)
111  33.31443131 -079.32051918   4 
115  33.31453440 -079.32041094 
120 Default hold RWY 11 (centre)
111  33.30775206 -079.31845587   4 
115  33.30771112 -079.31821463 
120 Default hold RWY 05 (far)
111  33.31953400 -079.31516142   4 
115  33.31963709 -079.31505318 
120 Default hold RWY 11 (far)
111  33.30653696 -079.31129579   4 
115  33.30649602 -079.31105455 
19   33.30966520 -079.32683354 1 WS
19   33.31025871 -079.32580452 1 WS
19   33.32010537 -079.31518359 1 WS
19   33.31984275 -079.31483540 1 WS
19   33.30641325 -079.31057261 1 WS
19   33.30601366 -079.30965538 1 WS
51 12300 CTAF/UNICOM
52 11970 MYRTLE BEACH CLNC
55 12740 MYRTLE BEACH APP/DEP
1       54 0 1 38J  HEMINGWAY STUCKEY
100   15.24   1   0 0.25 0 0 0 11   33.72995800 -079.52130800    0.00    0.00 2  0 0 0 29   33.72732500 -079.51062800    0.00    0.00 2  0 0 0
110   1 0.30 106.51 Default taxiway for RWY 11
111  33.72989441 -079.52133066   3 
111  33.72956351 -079.52144858   3 
111  33.72693097 -079.51076825   3 
111  33.72726187 -079.51065033 
112  33.72730084 -079.51080844  33.72727920 -079.51073016   3 
111  33.72720031 -079.51075827   3 
112  33.72709511 -079.51079576  33.72701621 -079.51082388   3 
111  33.72703569 -079.51090293   3 
111  33.72830325 -079.51604546   3 
111  33.72856840 -079.51595097 
111  33.72858788 -079.51603002   3 
111  33.72832273 -079.51612451   3 
112  33.72959029 -079.52126704  33.72960977 -079.52134609   3 
111  33.72968867 -079.52131797   3 
112  33.72979387 -079.52128049  33.72987276 -079.52125237   3 
113  33.72985544 -079.52117255 
120 Default hold RWY 11 (near)
111  33.72976076 -079.52137829   4 
115  33.72974127 -079.52129923 
120 Default hold RWY 11 (centre)
111  33.72845423 -079.51607765   4 
115  33.72843475 -079.51599860 
120 Default hold RWY 11 (far)
111  33.72714771 -079.51077702   4 
115  33.72712822 -079.51069796 
19   33.73019421 -079.52139582 1 WS
19   33.72708877 -079.51054021 1 WS
51 12290 CTAF
1       80 0 1 51J  LAKE CITY MUNI C J EVANS FLD
100   22.86   1   0 0.25 0 2 0 01   33.84852800 -079.76877800    0.00    0.00 2  0 0 0 19   33.85863100 -079.76745800    0.00    0.00 2  0 0 0
21   33.85034689 -079.76887206  1   6.19   3.00 01  VASI
21   33.85681211 -079.76736397  1 186.19   3.00 19  VASI
110   1 0.30   6.19 Default taxiway for RWY 01
111  33.84851715 -079.76865756   3 102 
111  33.84846143 -079.76803922   3 102 
111  33.85856444 -079.76671929   3 102 
111  33.85862016 -079.76733771 
112  33.85841563 -079.76736442  33.85851765 -079.76734837   3 102 
111  33.85850434 -079.76720060   3 102 
112  33.85848659 -079.76700357  33.85847327 -079.76685579   3 102 
111  33.85837100 -079.76686915   3 102 
111  33.85357515 -079.76749571   3 102 
111  33.85361978 -079.76799096 
111  33.85351752 -079.76800432   3 102 
111  33.85347289 -079.76750907   3 102 
112  33.84867704 -079.76813563  33.84857478 -079.76814899   3 102 
111  33.84858810 -079.76829674   3 102 
112  33.84860585 -079.76849375  33.84861916 -079.76864151   3 102 
113  33.84872167 -079.76863084 
120 Default hold RWY 01 (near)
111  33.84849471 -079.76840861   4 
115  33.84859697 -079.76839525 
120 Default hold RWY 01 (centre)
111  33.85349508 -079.76775535   4 
115  33.85359734 -079.76774199 
120 Default hold RWY 01 (far)
111  33.85849546 -079.76710208   4 
115  33.85859772 -079.76708872 
18   33.85365588 -079.76897855 1 BCN
19   33.84835662 -079.76917247 1 WS
19   33.85880238 -079.76706349 1 WS
51 12290 CTAF
55 13525 FLORENCE APP/DEP
1       26 0 1 KPHH ROBERT F SWINNIE
100   18.29   1   0 0.25 0 2 0 18   33.45578600 -079.52683300    0.00    0.00 2  0 0 0 36   33.44761400 -079.52552200    0.00    0.00 2  0 0 0
21   33.45403566 -079.52624590  1 172.38   3.00 18  VASI
21   33.44936434 -079.52610903  1 352.38   3.00 36  VASI
110   1 0.30 172.38 Default taxiway for RWY 18
111  33.45577538 -079.52692809   3 102 
111  33.45572049 -079.52741956   3 102 
111  33.44754850 -079.52610838   3 102 
111  33.44760339 -079.52561696 
112  33.44776651 -079.52564313  33.44768465 -079.52563271   3 102 
111  33.44767155 -079.52575001   3 102 
112  33.44765408 -079.52590641  33.44764098 -079.52602371   3 102 
111  33.44772254 -079.52603680   3 102 
111  33.45160463 -079.52665967   3 102 
111  33.45164860 -079.52626598 
111  33.45173016 -079.52627906   3 102 
111  33.45168619 -079.52667276   3 102 
112  33.45556829 -079.52729563  33.45564985 -079.52730871   3 102 
111  33.45566295 -079.52719140   3 102 
112  33.45568042 -079.52703498  33.45569352 -079.52691767   3 102 
113  33.45561226 -079.52690192 
120 Default hold RWY 18 (near)
111  33.45575325 -079.52712628   4 
115  33.45567169 -079.52711319 
120 Default hold RWY 18 (centre)
111  33.45170803 -079.52647725   4 
115  33.45162647 -079.52646416 
120 Default hold RWY 18 (far)
111  33.44766282 -079.52582821   4 
115  33.44758126 -079.52581513 
18   33.45177889 -079.52549355 1 BCN
19   33.45598187 -079.52656589 1 WS
19   33.44741813 -079.52578908 1 WS
51 12290 CTAF
55 12740 MYRTLE BEACH APP/DEP
1       67 0 1 KCKI WILLIAMSBURG RGNL
100   22.86   1   0 0.25 0 2 0 14   33.72184200 -079.86306900    0.00    0.00 2  0 0 0 32   33.71260800 -079.85088900    0.00    0.00 2  0 0 0
21   33.72085201 -079.86122596  2 132.34   3.00 14  PAPI-4L
21   33.71359816 -079.85273171  2 312.35   3.00 32  PAPI-4L
110   1 0.30 132.34 Default taxiway for RWY 14
111  33.72176764 -079.86315048   3 102 
111  33.72138584 -079.86356881   3 102 
111  33.71215244 -079.85138745   3 102 
111  33.71253424 -079.85096916 
112  33.71267281 -079.85115197  33.71260185 -079.85106239   3 102 
111  33.71251062 -079.85116234   3 102 
112  33.71238898 -079.85129561  33.71229775 -079.85139557   3 102 
111  33.71236704 -079.85148697   3 102 
111  33.71681053 -079.85734913   3 102 
111  33.71711630 -079.85701412 
111  33.71718558 -079.85710553   3 102 
111  33.71687981 -079.85744054   3 102 
112  33.72132330 -079.86330270  33.72139258 -079.86339410   3 102 
111  33.72148381 -079.86329414   3 102 
112  33.72160545 -079.86316085  33.72169668 -079.86306089   3 102 
113  33.72162907 -079.86296767 
120 Default hold RWY 14 (near)
111  33.72161392 -079.86331891   4 
115  33.72154463 -079.86322750 
120 Default hold RWY 14 (centre)
111  33.71703186 -079.85727394   4 
115  33.71696258 -079.85718253 
120 Default hold RWY 14 (far)
111  33.71244980 -079.85122898   4 
115  33.71238052 -079.85113757 
18   33.71775782 -079.85639815 1 BCN
19   33.72220764 -079.86300301 1 WS
19   33.71224237 -079.85095503 1 WS
51 12270 CTAF/UNICOM
55 12740 MYRTLE BEACH APP/DEP