1     1668 1 1 OPRN CHAKLALA
100   45.72   1   0 0.25 1 1 0 12   33.62377800  073.08317200  269.75  207.26 2  7 0 0 30   33.60975800  073.11445300  269.75  225.55 3  1 0 0
21   33.62213061  073.08787247  2 118.28   3.00 12  PAPI-4L
21   33.61187327  073.10871298  2 298.30   3.00 30  PAPI-4L
130 Airport Boundary 1
111  33.62323627  073.07888814 
111  33.62131161  073.08291061 
111  33.61792562  073.08252548 
111  33.61457528  073.08154125 
111  33.61414758  073.08937223 
112  33.61200906  073.09253886  33.61197342  073.09279561 
111  33.61279318  073.09527756 
111  33.60652020  073.10131126 
111  33.60969234  073.10713101 
111  33.60698355  073.11705880 
111  33.60887257  073.11791465 
111  33.61215163  073.11624575 
111  33.61781870  073.10713101 
111  33.62227394  073.10657471 
111  33.62416296  073.10383601 
111  33.62348577  073.10096893 
111  33.62031363  073.10019867 
111  33.62972310  073.08030028 
113  33.62683611  073.07495125 
18   33.61803872  073.09963306 4 BCN
19   33.62451644  073.08308802 1 WS
19   33.60901954  073.11453670 1 WS
50 12960 ATIS
54 11970 TWR
54 12550 TWR
54 12370 TWR
55 12560 CHERAT APP
55 12490 ISLAMABAD APP
1      902 0 1 OPMA MANGLA
100   30.48   1   0 0.25 0 0 0 14   33.05502200  073.63269700  152.40    0.00 2  0 0 0 32   33.04515000  073.64406400    0.00    0.00 2  0 0 0
110   1 0.30 136.01 Default taxiway for RWY 14
111  33.05492831  073.63258120   3 
111  33.05445051  073.63199059   3 
111  33.04457903  073.64335894   3 
111  33.04505683  073.64394948 
112  33.04525418  073.64372220  33.04515394  073.64383391   3 
111  33.04503964  073.64369264   3 
112  33.04488725  073.64350429  33.04477295  073.64336302   3 
111  33.04487163  073.64324938   3 
111  33.04956068  073.63784932   3 
111  33.04994323  073.63832216 
111  33.05004191  073.63820852   3 
111  33.04965936  073.63773568   3 
112  33.05434840  073.63233561  33.05444708  073.63222197   3 
111  33.05456138  073.63236325   3 
112  33.05471377  073.63255162  33.05482807  073.63269291   3 
113  33.05473095  073.63280848 
120 Default hold RWY 14 (near)
111  33.05473625  073.63234380   4 
115  33.05463757  073.63245744 
120 Default hold RWY 14 (centre)
111  33.04984985  073.63797113   4 
115  33.04975117  073.63808478 
120 Default hold RWY 14 (far)
111  33.04496344  073.64359846   4 
115  33.04486477  073.64371210 
19   33.05550511  073.63282293 1 WS
19   33.04466691  073.64393803 1 WS
1     1581 1 1 OPQS QASIM
100   45.11   1   0 0.25 0 2 0 14   33.56745000  073.02656700    0.00    0.00 2  0 0 0 32   33.55285800  073.03986400    0.00    0.00 2  0 0 0
21   33.56625916  073.02825665  2 142.79   3.00 14  PAPI-4L
21   33.55404902  073.03817481  2 322.79   3.00 32  PAPI-4L
110   1 0.30 142.79 Default taxiway for RWY 14
111  33.56732860  073.02637515   3 102 
111  33.56671342  073.02540300   3 102 
111  33.55212213  073.03870244   3 102 
111  33.55273731  073.03967443 
112  33.55306061  073.03937976  33.55289760  073.03952494   3 102 
111  33.55275028  073.03929218   3 102 
112  33.55255386  073.03898183  33.55240654  073.03874907   3 102 
111  33.55256819  073.03860174   3 102 
111  33.55945971  073.03232037   3 102 
111  33.55995213  073.03309846 
111  33.56011378  073.03295113   3 102 
111  33.55962136  073.03217304   3 102 
112  33.56651288  073.02589167  33.56667453  073.02574433   3 102 
111  33.56682185  073.02597713   3 102 
112  33.56701827  073.02628753  33.56716559  073.02652033   3 102 
113  33.56700530  073.02666982 
120 Default hold RWY 14 (near)
111  33.56708171  073.02598500   4 
115  33.56692006  073.02613233 
120 Default hold RWY 14 (centre)
111  33.55986689  073.03256101   4 
115  33.55970524  073.03270834 
120 Default hold RWY 14 (far)
111  33.55265207  073.03913701   4 
115  33.55249042  073.03928435 
18   33.56101553  073.03457285 4 BCN
19   33.56814159  073.02685433 1 WS
19   33.55216644  073.03957661 1 WS
54 11840 TWR
54 11970 TWR
54 11810 TWR
1     5479 1 1 OPRT RAWALAKOT
100   22.86   1   0 0.25 0 0 0 01   33.84570300  073.79703600    0.00   97.54 2  0 0 0 19   33.85361700  073.79926100    0.00  208.79 2  0 0 0
110   1 0.30  13.14 Default taxiway for RWY 01
111  33.84568012  073.79715397   3 
111  33.84556268  073.79775963   3 
111  33.85347670  073.79998449   3 
111  33.85359414  073.79937877 
112  33.85339380  073.79932246  33.85349346  073.79935325   3 
111  33.85346540  073.79949799   3 
112  33.85342798  073.79969097  33.85339991  073.79983571   3 
111  33.85329974  073.79980756   3 
111  33.84959315  073.79876554   3 
111  33.84968721  073.79828045 
111  33.84958705  073.79825229   3 
111  33.84949299  073.79873737   3 
112  33.84578640  073.79769535  33.84568623  073.79766719   3 
111  33.84571430  073.79752246   3 
112  33.84575172  073.79732949  33.84577978  073.79718477   3 
113  33.84588046  073.79721029 
120 Default hold RWY 01 (near)
111  33.84563284  073.79739782   4 
115  33.84573301  073.79742598 
120 Default hold RWY 01 (centre)
111  33.84953977  073.79849615   4 
115  33.84963993  073.79852431 
120 Default hold RWY 01 (far)
111  33.85344669  073.79959448   4 
115  33.85354686  073.79962264 
19   33.84557251  073.79661947 1 WS
19   33.85374747  073.79967757 1 WS
53 12180 GND
54 12240 TWR