1       21 0 1 RJFR NEW KITAKYUSHU
100   79.25   1   0 0.25 1 0 0 18   33.85759200  131.03230600    0.00    0.00 3  1 1 1 36   33.83428900  131.03707200    0.00    0.00 2  7 0 1
21   33.85405703  131.03370653  2 170.36   3.00 18  PAPI-4L
21   33.83597058  131.03605097  2 350.36   3.00 36  PAPI-4L
110   1 0.30 170.36 Default taxiway for RWY 18
111  33.85753265  131.03188533   3 
111  33.85723365  131.02976597   3 
111  33.83393074  131.03453397   3 
111  33.83422974  131.03665275 
112  33.83493284  131.03650890  33.83458092  131.03657816   3 
111  33.83450925  131.03607029   3 
112  33.83441369  131.03539313  33.83434202  131.03488526   3 
111  33.83469357  131.03481333   3 
111  33.84546615  131.03260921   3 
111  33.84570542  131.03430500 
111  33.84605697  131.03423308   3 
111  33.84581770  131.03253728   3 
112  33.85659028  131.03033317  33.85694183  131.03026124   3 
111  33.85701350  131.03076924   3 
112  33.85710906  131.03144658  33.85718073  131.03195458   3 
113  33.85682955  131.03202918 
120 Default hold RWY 18 (near)
111  33.85741283  131.03103599   4 
115  33.85706128  131.03110791 
120 Default hold RWY 18 (centre)
111  33.84593715  131.03338385   4 
115  33.84558560  131.03345577 
120 Default hold RWY 18 (far)
111  33.83446147  131.03573171   4 
115  33.83410992  131.03580363 
19   33.85847427  131.03343218 1 WS
19   33.83340677  131.03594609 1 WS
1       19 1 1 RJFO OITA
100   45.72   1   0 0.25 1 3 0 01   33.46598100  131.73700600    0.00   60.96 3  1 1 0 19   33.49302500  131.73724400    0.00   60.96 2  7 0 0
21   33.46881685  131.73654698  2   0.42   3.00 01  PAPI-4L
21   33.49122224  131.73771223  2 180.42   3.00 19  PAPI-4L
110   1 0.30   0.42 Default taxiway for RWY 01
111  33.46597951  131.73724990   3 102 
111  33.46597194  131.73848561   3 102 
111  33.49301594  131.73872400   3 102 
111  33.49302351  131.73748791 
112  33.49261207  131.73748429  33.49281777  131.73748880   3 102 
111  33.49281596  131.73778481   3 102 
112  33.49281354  131.73817949  33.49281173  131.73847551   3 102 
111  33.49260601  131.73847369   3 102 
111  33.47959831  131.73835907   3 102 
111  33.47960437  131.73736981 
111  33.47939865  131.73736800   3 102 
111  33.47939259  131.73835726   3 102 
112  33.46638489  131.73824263  33.46617917  131.73824082   3 102 
111  33.46618098  131.73794490   3 102 
112  33.46618340  131.73755033  33.46618521  131.73725441   3 102 
113  33.46639095  131.73725353 
120 Default hold RWY 01 (near)
111  33.46597647  131.73774580   4 
115  33.46618219  131.73774762 
120 Default hold RWY 01 (centre)
111  33.47939561  131.73786398   4 
115  33.47960133  131.73786579 
120 Default hold RWY 01 (far)
111  33.49281475  131.73798215   4 
115  33.49302047  131.73798396 
18   33.47951136  131.73539846 1 BCN
19   33.46557409  131.73626258 1 WS
19   33.49343191  131.73798766 1 WS
50 12780 ATIS
53 12160 GND
54 12620 TWR
54 11880 TWR
55 12770 APP
55 12060 APP
56 11905 DEP
1       55 1 1 RJFZ TSUIKI
100   45.72   2   0 0.25 0 2 0 07   33.68175000  131.02858300    0.00  328.58 2  0 0 1 25   33.68913900  131.05288900    0.00  286.51 2  0 0 1
21   33.68274701  131.03044798  2  69.92   3.00 07  PAPI-4L
21   33.68814236  131.05102357  2 249.94   3.00 25  PAPI-4L
110   2 0.30  69.92 Default taxiway for RWY 07
111  33.68155889  131.02866694  53 102 
111  33.68059066  131.02909219  53 102 
111  33.68798204  131.05339614  53 102 
111  33.68895027  131.05297085 
112  33.68880903  131.05250644  33.68887754  131.05273958  53 102 
111  33.68864567  131.05284143  53 102 
112  33.68833651  131.05297722  33.68810464  131.05307907  53 102 
111  33.68803402  131.05284686  53 102 
111  33.68451488  131.04127540  53 102 
111  33.68528989  131.04093500 
111  33.68521927  131.04070279  53 102 
111  33.68444426  131.04104319  53 102 
112  33.68092512  131.02947173  33.68085450  131.02923952  53 102 
111  33.68108637  131.02913768  53 102 
112  33.68139553  131.02900190  33.68162740  131.02890006  53 102 
113  33.68170013  131.02913135 
120 Default hold RWY 07 (near)
111  33.68117033  131.02883759  54 
115  33.68124095  131.02906979 
120 Default hold RWY 07 (centre)
111  33.68483071  131.04087345  54 
115  33.68490133  131.04110566 
120 Default hold RWY 07 (far)
111  33.68849109  131.05290932  54 
115  33.68856171  131.05314153 
18   33.68679731  131.04013778 4 BCN
19   33.68218843  131.02786400 1 WS
19   33.68870043  131.05360794 1 WS
53 12620 GND
54 12620 TWR
55 12795 TCA
55 12010 APP
56 12010 DEP
1       23 1 1 RJDC YAMAGUCHI UBE
100   45.72   1   0 0.25 1 3 0 07   33.92466900  131.26679700    0.00   64.01 3  1 1 0 25   33.93515600  131.29073300    0.00   64.01 2  5 0 0
21   33.92639820  131.26970074  2  62.16   3.00 07  PAPI-4L
21   33.93395874  131.28904170  2 242.17   3.00 25  PAPI-4L
110   1 0.30  62.16 Default taxiway for RWY 07
111  33.92448908  131.26691153   3 102 
111  33.92357755  131.26749176   3 102 
111  33.93406687  131.29142489   3 102 
111  33.93497840  131.29084459 
112  33.93478623  131.29040614  33.93488032  131.29062664   3 102 
111  33.93466203  131.29076561   3 102 
112  33.93437098  131.29095090  33.93415269  131.29108987   3 102 
111  33.93405661  131.29087064   3 102 
111  33.92905216  131.27945214   3 102 
111  33.92978178  131.27898767 
111  33.92968570  131.27876844   3 102 
111  33.92895608  131.27923291   3 102 
112  33.92395162  131.26781442  33.92385554  131.26759520   3 102 
111  33.92407383  131.26745624   3 102 
112  33.92436488  131.26727098  33.92458317  131.26713202   3 102 
113  33.92468124  131.26734998 
120 Default hold RWY 07 (near)
111  33.92412328  131.26714438   4 
115  33.92421936  131.26736361 
120 Default hold RWY 07 (centre)
111  33.92931990  131.27900131   4 
115  33.92941598  131.27922054 
120 Default hold RWY 07 (far)
111  33.93451651  131.29085825   4 
115  33.93461260  131.29107747 
18   33.93118586  131.27795031 1 BCN
19   33.92502256  131.26601117 1 WS
19   33.93480229  131.29151883 1 WS