1      612 0 0 KANB Anniston Metropolitan
100   46.02   1   0 0.00 0 2 0 05   33.58179181 -085.86671660    0.00    0.00 3  7 0 0 23   33.59454819 -085.84951140    0.00    0.00 3  0 0 1
21   33.58360283 -085.86518589  2  48.30   3.00 I-L PAPI-4L
21   33.59275189 -085.85090455  2 228.30   3.00 I-L PAPI-4L
110   1 0.00  48.30 Taxiway 1
111  33.59401148 -085.84990808 
111  33.59407179 -085.84977573 102 
112  33.59407498 -085.84933012  33.59397364 -085.84917753 
111  33.59407498 -085.84933012 102 
111  33.59378779 -085.84902092 
112  33.59378779 -085.84902092  33.59357308 -085.84893225 102 
111  33.59335481 -085.84921272 102 
111  33.58944042 -085.85452839 
112  33.58944042 -085.85452839  33.58932977 -085.85466424 102 
111  33.58942389 -085.85491450 102 
111  33.58972577 -085.85523676 
112  33.58972577 -085.85523676  33.58987918 -085.85532733 102 
111  33.59009486 -085.85513322 
111  33.59018938 -085.85508145 
111  33.58955327 -085.85594211 
111  33.58959316 -085.85581182 102 
112  33.58959891 -085.85541363  33.58950837 -085.85524155 
111  33.58959891 -085.85541363 102 
111  33.58927294 -085.85505557 102 
112  33.58900341 -085.85511381  33.58889275 -085.85526174 
111  33.58900341 -085.85511381 102 
111  33.58491615 -085.86069139 
112  33.58491615 -085.86069139  33.58486003 -085.86080615 102 
111  33.58495220 -085.86099255 102 
111  33.58522174 -085.86128670 
112  33.58522174 -085.86128670  33.58536099 -085.86137651 102 
111  33.58554687 -085.86128023 
111  33.58567625 -085.86118964 
111  33.58505009 -085.86201789 
111  33.58509322 -085.86188201 102 
112  33.58510816 -085.86146196  33.58502294 -085.86133472 
111  33.58510816 -085.86146196 102 
111  33.58482907 -085.86115082 102 
112  33.58453303 -085.86117616  33.58440417 -085.86129591 
111  33.58453303 -085.86117616 102 
111  33.58208515 -085.86442491 
112  33.58208515 -085.86442491  33.58201033 -085.86450225 102 
111  33.58192882 -085.86472257 102 
111  33.58159043 -085.86600228 102 
112  33.58164473 -085.86617450  33.58172994 -085.86625682 
111  33.58164473 -085.86617450 
112  33.58164473 -085.86617450  33.58178398 -085.86627429 102 
111  33.58193960 -085.86613965 
111  33.58203124 -085.86606847 
111  33.58165967 -085.86656523 
111  33.58163233 -085.86654730 102 
111  33.58141669 -085.86626906 102 
112  33.58141669 -085.86595847  33.58147281 -085.86581627 
111  33.58141669 -085.86595847 102 
111  33.58183718 -085.86459315 102 
112  33.58197078 -085.86430984  33.58202689 -085.86424498 
111  33.58197078 -085.86430984 102 
111  33.58988065 -085.85363223 102 
112  33.58987526 -085.85330220  33.58980736 -085.85319654 
111  33.58987526 -085.85330220 102 
111  33.58940087 -085.85278450 
111  33.58949791 -085.85264860 
111  33.58979440 -085.85223445 
111  33.58971318 -085.85215377 
111  33.58992378 -085.85185912 
111  33.59002081 -085.85194324 102 
111  33.59049147 -085.85129650 102 
111  33.59098203 -085.85182068 
112  33.59098203 -085.85182068  33.59108011 -085.85189011 102 
111  33.59125157 -085.85178832 102 
111  33.59230692 -085.85036050 102 
112  33.59224887 -085.85008635  33.59213894 -085.84994407 
111  33.59224887 -085.85008635 
112  33.59224887 -085.85008635  33.59214237 -085.85001625 102 
111  33.59201167 -085.85010577 102 
111  33.59108985 -085.85136121 102 
111  33.59068554 -085.85090822 102 
111  33.59128931 -085.85011871 
111  33.59138634 -085.85021578 
111  33.59155240 -085.84997474 
111  33.59144725 -085.84986246 
111  33.59180143 -085.84938745 
111  33.59165588 -085.84924508 
111  33.59159658 -085.84932273 
111  33.59066397 -085.84821613 
111  33.59114230 -085.84756896 102 
111  33.59135793 -085.84735540 102 
111  33.59175685 -085.84721950 102 
111  33.59194553 -085.84725833 102 
111  33.59231210 -085.84773075 102 
111  33.59227461 -085.84778103 102 
111  33.59324471 -085.84876618 
112  33.59324471 -085.84876618  33.59335808 -085.84883011 102 
111  33.59350323 -085.84879676 
112  33.59350323 -085.84879676  33.59357709 -085.84869779 102 
112  33.59391856 -085.84882443  33.59396666 -085.84891309 
111  33.59391856 -085.84882443 102 
111  33.59438976 -085.84934335 
113  33.59440373 -085.84937450 
111  33.59315535 -085.84920625 102 
112  33.59310950 -085.84892385  33.59303049 -085.84885374 
111  33.59310950 -085.84892385 
112  33.59310950 -085.84892385  33.59300129 -085.84882281 102 
111  33.59289659 -085.84892797 102 
111  33.59236290 -085.84969160 
112  33.59236290 -085.84969160  33.59230966 -085.84975346 102 
111  33.59236438 -085.84985957 102 
111  33.59245455 -085.84995693 102 
112  33.59260010 -085.84995046  33.59264819 -085.84987004 
113  33.59260010 -085.84995046 102 
111  33.59138717 -085.84899916 
111  33.59159741 -085.84874030 
111  33.59155352 -085.84869145 
111  33.59212962 -085.84791196 
111  33.59208602 -085.84786431 
111  33.59151311 -085.84863946 
111  33.59143569 -085.84855263 
113  33.59123084 -085.84881796 
111  33.59111224 -085.84859146 
111  33.59192329 -085.84757161 
111  33.59185789 -085.84750191 
113  33.59105318 -085.84853058 
111  33.59132248 -085.84773723 
111  33.59127201 -085.84768724 
111  33.59080287 -085.84831293 
113  33.59085543 -085.84836845 
111  33.59139795 -085.84771134 102 
111  33.59160624 -085.84747453 102 
111  33.59155428 -085.84740072 102 
111  33.59134943 -085.84745896 102 
111  33.59120584 -085.84762252 
111  33.59124286 -085.84766839 
113  33.59131122 -085.84759778 
110   2 0.00  48.30 H Pad
111  33.58971318 -085.85215377 
111  33.58960197 -085.85204979 
111  33.58988495 -085.85163450 
111  33.59000140 -085.85175034 
113  33.58992378 -085.85185912 
110   2 0.00  48.30 H Pad
111  33.59080287 -085.84831293 
111  33.59127201 -085.84768724 
111  33.59132248 -085.84773723 
113  33.59085543 -085.84836845 
110   2 0.00  48.30 H Pad
111  33.59105318 -085.84853058 
111  33.59185789 -085.84750191 
111  33.59192329 -085.84757161 
113  33.59111224 -085.84859146 
110   2 0.00  48.30 H Pad
111  33.59123084 -085.84881796 
111  33.59143569 -085.84855263 
111  33.59151311 -085.84863946 
111  33.59208602 -085.84786431 
111  33.59212962 -085.84791196 
111  33.59155352 -085.84869145 
111  33.59159741 -085.84874030 
113  33.59138717 -085.84899916 
110   2 0.00  48.30 H Pad
111  33.59154760 -085.84973792 
111  33.59140272 -085.84957529 
111  33.59159658 -085.84932273 
111  33.59165588 -085.84924508 
113  33.59180143 -085.84938745 
110   2 0.00   0.00 H Pad
111  33.58998424 -085.85153519 
111  33.59000870 -085.85108347 
111  33.59023825 -085.85110154 
113  33.59021379 -085.85155326 
110   2 0.00  48.30 H Pad
111  33.58940087 -085.85278450 
111  33.58931541 -085.85269138 
111  33.58940785 -085.85256418 
113  33.58949791 -085.85264860 
110   4 0.00   0.00 WS Circle
112  33.58788007 -085.85574273  33.58777746 -085.85572905  21 
111  33.58776465 -085.85558055  21 
112  33.58789961 -085.85543938  33.58801504 -085.85544964  21 
113  33.58801889 -085.85560535  21 
130 Airport Boundary
111  33.59037373 -085.84675206 
111  33.59558318 -085.84676728 
111  33.59655489 -085.84794466 
111  33.57801914 -085.87338853 
111  33.57657625 -085.87181547 
111  33.58068338 -085.86597759 
113  33.58227278 -085.85773409 
120 RH
111  33.59389765 -085.84912455   4 
115  33.59402025 -085.84894643 
120 RH
111  33.58940227 -085.85518961   4 
115  33.58952010 -085.85502400 
120 RH
111  33.58491943 -085.86123950   4 
115  33.58503304 -085.86108776 
120 RH
111  33.58156915 -085.86547939   4 
115  33.58170595 -085.86553887 
120 TL
111  33.58984677 -085.85240369   3 
115  33.59018139 -085.85194961 
120 TL
112  33.59259761 -085.85008997  33.59252252 -085.85018151   1 
111  33.59239744 -085.85009185   1 
112  33.59240378 -085.85035061  33.59235794 -085.85045495 
111  33.59240378 -085.85035061 
111  33.59241853 -085.85016280 
111  33.59239744 -085.85009185   1 
111  33.59220134 -085.84986914   1 
112  33.59194697 -085.84990973  33.59182731 -085.85003789 
111  33.59194697 -085.84990973 
111  33.59221024 -085.84956225 
112  33.59221024 -085.84956225  33.59210583 -085.84973126   1 
115  33.59220134 -085.84986914 
120 TL
112  33.59354222 -085.84890692  33.59340842 -085.84898025   1 
111  33.59321270 -085.84886090   1 
112  33.59325513 -085.84919838  33.59319889 -085.84930430 
111  33.59325513 -085.84919838 
111  33.59335823 -085.84890451 
111  33.59321270 -085.84886090   1 
111  33.59304863 -085.84869947 
112  33.59304863 -085.84869947  33.59291774 -085.84866222   1 
111  33.59280085 -085.84881099 
111  33.59304863 -085.84869947   1 
111  33.59236196 -085.84801204   1 
111  33.59217184 -085.84769666   1 
112  33.59202245 -085.84771919  33.59196614 -085.84778116 
111  33.59202245 -085.84771919   1 
111  33.59146906 -085.84845583 
111  33.59093525 -085.84848903   1 
111  33.59177822 -085.84738530 
112  33.59177822 -085.84738530  33.59183453 -085.84733601   1 
111  33.59192709 -085.84737080   1 
111  33.59217184 -085.84769666   1 
111  33.59192709 -085.84737080 
112  33.59192709 -085.84737080  33.59183675 -085.84727362   1 
112  33.59159481 -085.84733579  33.59150682 -085.84735128   1 
111  33.59132085 -085.84743100 
112  33.59132085 -085.84743100  33.59124577 -085.84747465   1 
115  33.59070875 -085.84821854 
120 TL
111  33.59408920 -085.85011166   1 
111  33.59436291 -085.84974291   1 
112  33.59432231 -085.84942224  33.59419657 -085.84928940 
111  33.59432231 -085.84942224   1 
111  33.59392868 -085.84899094 
112  33.59392868 -085.84899094  33.59388090 -085.84890037   1 
112  33.59354222 -085.84890692  33.59340642 -085.84896730   1 
111  33.59325513 -085.84919838   1 
111  33.59259761 -085.85008997   1 
111  33.59240378 -085.85035061   1 
111  33.58926458 -085.85459249 
112  33.58926458 -085.85459249  33.58920776 -085.85471492   1 
111  33.58929205 -085.85490995   1 
112  33.58901728 -085.85492647  33.58889490 -085.85503490 
111  33.58901728 -085.85492647   1 
111  33.58926458 -085.85459249 
111  33.58929205 -085.85490995   1 
111  33.58975054 -085.85541006   1 
112  33.59017827 -085.85538881  33.59035004 -085.85520324 
111  33.59017827 -085.85538881   1 
111  33.59045198 -085.85502006 
111  33.59006420 -085.85559738 
111  33.58947715 -085.85633312   1 
111  33.58975085 -085.85596437 
112  33.58975085 -085.85596437  33.58987796 -085.85569631   1 
111  33.58975054 -085.85541006 
111  33.58901728 -085.85492647   1 
111  33.58479260 -085.86063569 
112  33.58479260 -085.86063569  33.58470356 -085.86081694   1 
111  33.58481178 -085.86099467   1 
112  33.58452361 -085.86099943  33.58441263 -085.86110942 
111  33.58452361 -085.86099943   1 
111  33.58479260 -085.86063569 
111  33.58481178 -085.86099467   1 
111  33.58527051 -085.86148499   1 
112  33.58565432 -085.86149071  33.58578466 -085.86139157 
111  33.58565432 -085.86149071   1 
111  33.58592803 -085.86112196 
111  33.58504153 -085.86231542   1 
111  33.58531524 -085.86194667 
112  33.58531524 -085.86194667  33.58540945 -085.86172980   1 
111  33.58527051 -085.86148499 
111  33.58452361 -085.86099943   1 
111  33.58202100 -085.86437348 
112  33.58202100 -085.86437348  33.58194371 -085.86444977   1 
111  33.58187190 -085.86468030   1 
111  33.58149153 -085.86597784   1 
112  33.58155239 -085.86628465  33.58165373 -085.86644754 
111  33.58155239 -085.86628465   1 
111  33.58169948 -085.86643712 
112  33.58169948 -085.86643712  33.58183689 -085.86656083   1 
111  33.58195684 -085.86647859   1 
115  33.58223055 -085.86610984 
14   33.58916900 -085.85810900    0 0 ATC Tower
15   33.59025168 -085.85205883 225.54 Anniston Aviation FBO
15   33.59133254 -085.85026887 314.10 GA Ramp
15   33.59388820 -085.84894579 321.63 Hold Short Rwy23
15   33.58165373 -085.86542554 248.22 Hold Short Rwy5
18   33.58788495 -085.85556958 1 BCN
19   33.58231006 -085.86496156 0 WS
19   33.58790386 -085.85559420 1 WS
19   33.59351806 -085.84972564 0 WS
20   33.58150842 -085.86544529 249.15  0 2 {@L}A{@R}15
20   33.59384845 -085.84919763 318.30  0 2 {@L}A{@R}23
20   33.58955173 -085.85497294 318.30  0 2 {@L}B{@R}15-23
20   33.58935892 -085.85523827 318.30  0 2 {@L}B{@R}15-23
20   33.58486305 -085.86130990 318.30  0 2 {@L}C{@R}15-23
20   33.58507704 -085.86102063 318.30  0 2 {@L}C{@R}15-23
50 11967 ASOS
51 12360 CTAF
51 12300 UNICOM
55 12545 BIRMINGHAM APP/DEP
1     1065 0 1 26A  ASHLAND LINEVILLE
100   24.38   1   0 0.25 0 2 0 09   33.28750000 -085.81055600   96.93    0.00 2  0 0 0 27   33.28750000 -085.79750000   15.24    0.00 2  0 0 0
110   1 0.30  90.00 Default taxiway for RWY 09
111  33.28739253 -085.81055599   3 102 
111  33.28684168 -085.81055595   3 102 
111  33.28684236 -085.79749995   3 102 
111  33.28739321 -085.79749999 
112  33.28739320 -085.79776250  33.28739096 -085.79763124   3 102 
111  33.28725930 -085.79763123   3 102 
112  33.28708375 -085.79763122  33.28695208 -085.79763121   3 102 
111  33.28695207 -085.79776247   3 102 
111  33.28695174 -085.80396233   3 102 
111  33.28739287 -085.80396236 
111  33.28739287 -085.80409362   3 102 
111  33.28695174 -085.80409359   3 102 
112  33.28695141 -085.81029345  33.28695141 -085.81042471   3 102 
111  33.28708308 -085.81042472   3 102 
112  33.28725863 -085.81042473  33.28739029 -085.81042474   3 102 
113  33.28739254 -085.81029348 
120 Default hold RWY 09 (near)
111  33.28717084 -085.81055598   4 
115  33.28717085 -085.81042473 
120 Default hold RWY 09 (centre)
111  33.28717118 -085.80409361   4 
115  33.28717118 -085.80396235 
120 Default hold RWY 09 (far)
111  33.28717152 -085.79763123   4 
115  33.28717152 -085.79749998 
18   33.28826837 -085.80402943 1 BCN
19   33.28782915 -085.81081853 1 WS
19   33.28717083 -085.79723751 1 WS
51 12290 CTAF
1     1287 0 1 0GA3 Ayresouth
100   30.48   3   0 0.25 0 0 0 18   33.77284839 -085.06083676    0.00    0.00 1  0 0 0 36   33.76736327 -085.06072158    0.00    0.00 1  0 0 0
19   33.77312983 -085.06034762 1 WS
19   33.76708183 -085.06121069 1 WS
1     1013 0 1 78GA C&R Farm
100   15.24   3   0 0.25 0 0 0 02   33.50101797 -085.01843511    0.00    0.00 1  0 0 0 20   33.50753979 -085.01589379    0.00    0.00 1  0 0 0
19   33.50095110 -085.01872056 1 WS
19   33.50760666 -085.01560831 1 WS
1     1180 0 1 8GA8 Falcons Aerie
100   18.29   3   0 0.25 0 0 0 17   33.58001581 -085.00368258    0.00    0.00 1  0 0 0 35   33.57464973 -085.00231354    0.00    0.00 1  0 0 0
19   33.58022812 -085.00343381 1 WS
19   33.57443742 -085.00256230 1 WS
1     1070 0 1 8GA1 Gum Creek
100   19.81   3   0 0.25 0 1 0 06   33.41956503 -085.16519915    0.00    0.00 1  0 0 0 24   33.42288497 -085.15857919    0.00    0.00 1  0 0 0
18   33.42175872 -085.16227347 1 BCN
19   33.41970126 -085.16554644 1 WS
19   33.42274872 -085.15823190 1 WS
1      693 0 1 KLGC LAGRANGE CALLAWAY
100   45.72   1   0 0.25 0 2 0 13   33.01193300 -085.07916100    0.00    0.00 2  0 0 1 31   33.00273300 -085.06451900    0.00    0.00 3  8 0 0
100   30.48   1   0 0.25 0 0 0 03   33.00429700 -085.07681400    0.00    0.00 2  0 0 0 21   33.01681100 -085.07007800    0.00    0.00 2  0 0 0
21   33.01117697 -085.07715456  2 126.84   3.00 13  PAPI-4L
21   33.00363622 -085.06675894  2 306.85   3.00 31  PAPI-4L
110   1 0.30  24.29 Default taxiway for RWY 03
111  33.00424150 -085.07666739   3 
111  33.00395847 -085.07591964   3 
111  33.01647265 -085.06918447   3 
111  33.01675568 -085.06993232 
112  33.01650567 -085.07006687  33.01662975 -085.06999715   3 
111  33.01656204 -085.06981825   3 
112  33.01647177 -085.06957972  33.01640407 -085.06940083   3 
111  33.01627907 -085.06946811   3 
111  33.01033449 -085.07266749   3 
111  33.01056109 -085.07326621 
111  33.01043609 -085.07333349   3 
111  33.01020949 -085.07273477   3 
112  33.00426491 -085.07593415  33.00413991 -085.07600142   3 
111  33.00420761 -085.07618029   3 
112  33.00429788 -085.07641879  33.00436559 -085.07659766   3 
113  33.00449151 -085.07653283 
110   1 0.30 126.84 Default taxiway for RWY 13
111  33.01177015 -085.07930648   3 102 
111  33.01094512 -085.08004355   3 102 
111  33.00174597 -085.06539993   3 102 
111  33.00257100 -085.06466294 
112  33.00281769 -085.06505563  33.00269255 -085.06486090   3 102 
111  33.00249498 -085.06503739   3 102 
112  33.00223155 -085.06527271  33.00203397 -085.06544920   3 102 
111  33.00215731 -085.06564554   3 102 
111  33.00644853 -085.07247648   3 102 
111  33.00710891 -085.07188654 
111  33.00723225 -085.07208289   3 102 
111  33.00657187 -085.07267283   3 102 
112  33.01086308 -085.07950377  33.01098643 -085.07970012   3 102 
111  33.01118401 -085.07952361   3 102 
112  33.01144744 -085.07928826  33.01164501 -085.07911175   3 102 
113  33.01152346 -085.07891379 
120 Default hold RWY 03 (near)
111  33.00412774 -085.07636682   4 
115  33.00425275 -085.07629954 
120 Default hold RWY 13 (near)
111  33.01143906 -085.07960227   4 
115  33.01131572 -085.07940593 
120 Default hold RWY 03 (centre)
111  33.01032233 -085.07303291   4 
115  33.01044733 -085.07296563 
120 Default hold RWY 13 (centre)
111  33.00690116 -085.07237866   4 
115  33.00677782 -085.07218231 
120 Default hold RWY 03 (far)
111  33.01651691 -085.06969899   4 
115  33.01664192 -085.06963172 
120 Default hold RWY 13 (far)
111  33.00236326 -085.06515505   4 
115  33.00223991 -085.06495870 
18   33.00848723 -085.07081169 1 BCN
19   33.00421625 -085.07739573 1 WS
19   33.01267363 -085.07911241 1 WS
19   33.00199237 -085.06456770 1 WS
19   33.01689172 -085.06949618 1 WS
50 12632 AWOS 3
51 12297 CTAF/UNICOM
52 11925 CLNC DEL
52 12045 CLNC DEL
55 12550 ATLANTA APP/DEP
55 12655 ATLANTA APP/DEP
1      680 0 1 25A  Mcminn
100    9.14   1   0 0.25 0 0 0 08   33.73912984 -085.82981142    0.00    0.00 2  0 0 0 26   33.74051682 -085.82123082    0.00    0.00 2  0 0 0
110   1 0.30  79.00 Default taxiway for RWY 08
111  33.73909166 -085.82980249   3 
111  33.73888751 -085.82975476   3 
111  33.74027479 -085.82117430   3 
111  33.74047894 -085.82122203 
112  33.74046323 -085.82131917  33.74046887 -085.82127009   3 
111  33.74042041 -085.82125876   3 
112  33.74035578 -085.82124365  33.74030732 -085.82123231   3 
111  33.74029947 -085.82128088   3 
111  33.73962546 -085.82544969   3 
111  33.73978922 -085.82548798 
111  33.73978137 -085.82553654   3 
111  33.73961761 -085.82549825   3 
112  33.73894361 -085.82966707  33.73893575 -085.82971564   3 
111  33.73898421 -085.82972697   3 
112  33.73904884 -085.82974208  33.73909730 -085.82975341   3 
113  33.73910737 -085.82970535 
120 Default hold RWY 08 (near)
111  33.73900867 -085.82978309   4 
115  33.73901652 -085.82973452 
120 Default hold RWY 08 (centre)
111  33.73969838 -085.82551714   4 
115  33.73970623 -085.82546858 
120 Default hold RWY 08 (far)
111  33.74038809 -085.82125120   4 
115  33.74039595 -085.82120263 
19   33.73923531 -085.82993689 1 WS
19   33.74041135 -085.82110536 1 WS
1      800 0 1 5GA7 Panacea
100   15.24   3   0 0.25 0 0 0 08   33.20113188 -085.23452241    0.00    0.00 1  0 0 0 26   33.20244034 -085.22647761    0.00    0.00 1  0 0 0
19   33.20130765 -085.23473022 1 WS
19   33.20226455 -085.22626981 1 WS
1      650 0 1 GA44 Richards
100   15.24   3   0 0.25 0 0 0 18   33.08162118 -085.03165356    0.00    0.00 1  0 0 0 36   33.07695882 -085.03155644    0.00    0.00 1  0 0 0
19   33.08176190 -085.03141093 1 WS
19   33.07681810 -085.03179905 1 WS
1      907 0 1 7A5  ROANOKE MUNI
100   24.38   1   0 0.25 0 1 0 11   33.13157800 -085.37757500  117.96    0.00 2  0 0 0 29   33.12763100 -085.36646400  183.19    0.00 2  0 0 0
110   1 0.30 112.98 Default taxiway for RWY 11
111  33.13147906 -085.37762511   3 102 
111  33.13097194 -085.37788195   3 102 
111  33.12702543 -085.36677044   3 102 
111  33.12753255 -085.36651361 
112  33.12761824 -085.36675485  33.12757332 -085.36663528   3 102 
111  33.12745211 -085.36669666   3 102 
112  33.12729049 -085.36677851  33.12716928 -085.36683990   3 102 
111  33.12721213 -085.36696052   3 102 
111  33.12907828 -085.37221473   3 102 
111  33.12948439 -085.37200905 
111  33.12952723 -085.37212967   3 102 
111  33.12912112 -085.37233535   3 102 
112  33.13098727 -085.37758955  33.13103011 -085.37771017   3 102 
111  33.13115132 -085.37764878   3 102 
112  33.13131294 -085.37756693  33.13143415 -085.37750554   3 102 
113  33.13139338 -085.37738387 
120 Default hold RWY 11 (near)
111  33.13127497 -085.37772848   4 
115  33.13123213 -085.37760786 
120 Default hold RWY 11 (centre)
111  33.12932314 -085.37223303   4 
115  33.12928030 -085.37211241 
120 Default hold RWY 11 (far)
111  33.12737130 -085.36673759   4 
115  33.12732846 -085.36661697 
18   33.13031224 -085.37166233 1 BCN
19   33.13196671 -085.37766276 1 WS
19   33.12724228 -085.36637629 1 WS
51 12290 CTAF
1     1270 0 1 3GA3 Treadwell
100   12.19   3   0 0.25 0 0 0 05   33.79682134 -085.13482555    0.00    0.00 1  0 0 0 23   33.79928976 -085.13128557    0.00    0.00 1  0 0 0
19   33.79687688 -085.13505399 1 WS
19   33.79923420 -085.13105712 1 WS
1     1161 0 1 KCTJ WEST GEORGIA RGNL O V GRAY FLD
100   30.48   1   0 0.25 0 2 0 17   33.63935300 -085.15491700    0.00    0.00 2  0 0 0 35   33.62443300 -085.14974700    0.00    0.00 3  0 0 0
21   33.63771661 -085.15393090  2 163.91   3.00 17  PAPI-4L
21   33.62657126 -085.15090670  2 343.91   3.00 35  PAPI-4L
110   1 0.30 163.91 Default taxiway for RWY 17
111  33.63931560 -085.15507268   3 102 
111  33.63912487 -085.15586667   3 102 
111  33.62420498 -085.15069561   3 102 
111  33.62439571 -085.14990176 
112  33.62465925 -085.14999310  33.62452686 -085.14995002   3 102 
111  33.62448123 -085.15013992   3 102 
112  33.62442040 -085.15039312  33.62437477 -085.15058303   3 102 
111  33.62450654 -085.15062870   3 102 
111  33.63163706 -085.15310004   3 102 
111  33.63178977 -085.15246439 
111  33.63192154 -085.15251006   3 102 
111  33.63176883 -085.15314571   3 102 
112  33.63889934 -085.15561705  33.63903112 -085.15566272   3 102 
111  33.63907675 -085.15547279   3 102 
112  33.63913758 -085.15521954  33.63918321 -085.15502961   3 102 
113  33.63905205 -085.15498134 
120 Default hold RWY 17 (near)
111  33.63923893 -085.15539184   4 
115  33.63910716 -085.15534616 
120 Default hold RWY 17 (centre)
111  33.63184487 -085.15282918   4 
115  33.63171310 -085.15278351 
120 Default hold RWY 17 (far)
111  33.62445081 -085.15026652   4 
115  33.62431904 -085.15022085 
18   33.63216078 -085.15122425 1 BCN
19   33.63973062 -085.15453350 1 WS
19   33.62405540 -085.15013045 1 WS
50 11817 AWOS 3
51 12270 CTAF/UNICOM
52 12160 ATLANTA CLNC DEL
55 12100 ATLANTA APP/DEP
1      790 0 1 AL68 Willis
100   30.48   3   0 0.25 0 0 0 05   33.84986283 -085.66488730    0.00    0.00 1  0 0 0 23   33.85256217 -085.66114826    0.00    0.00 1  0 0 0
19   33.84999339 -085.66546159 1 WS
19   33.85243159 -085.66057395 1 WS
1     1050 0 1 27GA Wilson International
100   12.19   3   0 0.25 0 0 0 07   33.65779973 -085.01185329    0.00    0.00 1  0 0 0 25   33.65908415 -085.00803395    0.00    0.00 1  0 0 0
19   33.65791122 -085.01204958 1 WS
19   33.65897265 -085.00783766 1 WS
17    1040 0 1 0AL2 [H] Clay County Hospital
102 H1   33.27500000 -085.83333334   0.00    7.32    6.40   2 2   0 0.25 0
19   33.27509052 -085.83323163 1 WS
17     500 0 1 2AL2 [H] Randolph County Hospital
102 H1   33.15734194 -085.38883778   0.00   15.24   15.24   2 2   0 0.25 0
19   33.15754766 -085.38859204 1 WS
17     844 0 1 AL42 [H] Regional Medical Center
102 H1   33.65621472 -085.82413139   0.00   15.24   15.24   2 2   0 0.25 0
19   33.65642044 -085.82388424 1 WS
17    1094 0 1 4GA5 [H] Southwire
102 H1   33.56677722 -085.07049973   0.00   12.50   12.50   2 2   0 0.25 0
19   33.56694454 -085.07029892 1 WS
17    1062 0 1 3GA2 [H] Tanner Medical Center
102 H1   33.57011055 -085.07494445   0.00   15.24   15.24   1 2   0 0.25 0
19   33.57031627 -085.07469754 1 WS
17    1000 0 1 87GA [H] Tanner Medical Center Villa Rica
102 H1   33.73621166 -085.92413473   0.00  121.92   60.96   1 2   0 0.25 0
19   33.73730886 -085.92314519 1 WS
17     756 0 1 GA33 [H] West Georgia Medical Center
102 H1   33.03123527 -085.05577195   0.00   32.00   32.00   3 1   0 0.25 0
19   33.03166591 -085.05525828 1 WS