1       11 1 0 EISG Sligo
100   29.87   1   0 0.00 0 1 1 11   54.28114725 -008.60795026   38.10    0.00 2  0 0 1 29   54.27927502 -008.59044115   39.93    0.00 2 10 0 1
21   54.28108752 -008.60422901  2 100.37   3.00 11  PAPI-4L
21   54.27933799 -008.59418783  2 280.39   3.00 29  PAPI-4L
110   1 0.00 187.48 Taxiway A
111  54.28000185 -008.59850998 
112  54.27991360 -008.59848802  54.27985926 -008.59849722 
111  54.27991360 -008.59848802 
111  54.27931800 -008.59862718 
111  54.27926580 -008.59834165 
112  54.27926580 -008.59834165  54.27927652 -008.59839366 
112  54.27934511 -008.59840371  54.27938350 -008.59839453 
111  54.27934511 -008.59840371 
111  54.27993045 -008.59828246 
112  54.27993045 -008.59828246  54.27996602 -008.59827459 
113  54.27996471 -008.59815755 
110   1 0.00 102.26 Apron
111  54.27931800 -008.59862718 
111  54.27941612 -008.59947619 
111  54.27938554 -008.59966818 
111  54.27904611 -008.59980176 
111  54.27899786 -008.59939966 
111  54.27906752 -008.59936901 
111  54.27901314 -008.59890380 
111  54.27895244 -008.59892201 
111  54.27888110 -008.59828929 
111  54.27885431 -008.59751884 
111  54.27884288 -008.59725512 
111  54.27887346 -008.59723767 
111  54.27881973 -008.59677940 
111  54.27906708 -008.59670026 
113  54.27926580 -008.59834165 
110   1 0.00 168.87 Apron
111  54.27888110 -008.59828929 
111  54.27849402 -008.59827897 
112  54.27837462 -008.59838324  54.27835679 -008.59850131 
111  54.27837462 -008.59838324 
111  54.27832924 -008.59838388 
112  54.27832924 -008.59838388  54.27834738 -008.59827782 
111  54.27831505 -008.59828872 
111  54.27816040 -008.59828987 
111  54.27829084 -008.59730195 
111  54.27848802 -008.59737113 
111  54.27841088 -008.59796526 
111  54.27858877 -008.59802558 
111  54.27869923 -008.59720276 
111  54.27875152 -008.59722035 
111  54.27876103 -008.59752700 
113  54.27885431 -008.59751884 
130 Airport Boundary
111  54.27786675 -008.59850932 
111  54.27817845 -008.59587910 
111  54.27846977 -008.59582288 
111  54.27819817 -008.59021835 
111  54.27856373 -008.58920240 
111  54.28010162 -008.59043518 
111  54.28002715 -008.59174466 
111  54.28174380 -008.60767532 
111  54.28159136 -008.60788242 
111  54.28139030 -008.60802232 
112  54.28139030 -008.60802232  54.28130623 -008.60814015 
112  54.28092471 -008.60826146  54.28074892 -008.60820473 
111  54.28092471 -008.60826146 
112  54.28045123 -008.60814601  54.28030091 -008.60821147 
111  54.28045123 -008.60814601 
111  54.27934700 -008.60100973 
111  54.27832770 -008.60048720 
113  54.27804707 -008.59850432 
14   54.27891509 -008.59901162   26 0 ATC Tower
15   54.27826328 -008.59811767 350.00 Aero Club
15   54.27874228 -008.59782340  27.21 Coastguard SAR Ramp
15   54.27910841 -008.59782895 283.00 Helipad
15   54.27901791 -008.59819750 102.49 Stand 1
15   54.27913372 -008.59904498 281.00 Stand 2
18   54.27891509 -008.59901162 1 BCN
19   54.27944905 -008.60013004 1 WS
53 12210 GND
54 12210 TWR
17      32 0 0 EIFR [H] Finner Camp
100   14.94   1   0 0.00 0 2 0 08   54.49152300 -008.24780900    0.00    0.00 2  0 0 0 26   54.49266000 -008.24120500    0.00    0.00 2  0 0 0
21   54.49150430 -008.24613354  3  73.57   3.00 API PAPI-4R
21   54.49264179 -008.24260396  3 253.14   3.00 API PAPI-4R
110   2 0.00 164.05 Rwy Helipad
111  54.49260483 -008.24106319 
111  54.49265640 -008.24074694 
111  54.49284125 -008.24082974 
113  54.49279142 -008.24114301 
110   1 0.00  73.49 08 Threshold L
111  54.49169469 -008.24722069 
111  54.49170921 -008.24734067 
111  54.49161947 -008.24785935 
113  54.49158771 -008.24784203 
110   1 0.00  73.49 08 Threshold R
111  54.49145829 -008.24777597 
111  54.49142682 -008.24775792 
111  54.49152086 -008.24722443 
113  54.49156496 -008.24715638 
110   1 0.00   0.00 26 Threshold
111  54.49272471 -008.24123803 
111  54.49259529 -008.24117197 
111  54.49249510 -008.24175422 
111  54.49248983 -008.24157620 
111  54.49263461 -008.24073580 
111  54.49265640 -008.24074694 
111  54.49260483 -008.24106319 
111  54.49279142 -008.24114301 
112  54.49280429 -008.24106188  54.49279844 -008.24109837 
112  54.49283203 -008.24114318  54.49286166 -008.24115741 
111  54.49283203 -008.24114318 
111  54.49281524 -008.24125254 
112  54.49281524 -008.24125254  54.49277056 -008.24123484 
112  54.49274546 -008.24127137  54.49273966 -008.24130138 
111  54.49272709 -008.24137778 
111  54.49271239 -008.24146970 
111  54.49267768 -008.24168025 
113  54.49263451 -008.24176186 
110   2 0.00 225.00 Apron Helipad
112  54.49340305 -008.23960270  54.49341679 -008.23980094 
114  54.49323799 -008.23963627  54.49322426 -008.23945041 
110   1 0.00 226.82 Taxiway
111  54.49269456 -008.24076407 
112  54.49272743 -008.24071164  54.49274254 -008.24067464 
111  54.49272743 -008.24071164 
111  54.49299942 -008.24005472 
111  54.49323799 -008.23963627 
111  54.49326991 -008.23972329 
111  54.49305040 -008.24013649 
111  54.49282595 -008.24065315 
112  54.49282595 -008.24065315  54.49280479 -008.24070408 
112  54.49280774 -008.24081511  54.49281586 -008.24084305 
113  54.49280774 -008.24081511 
110   2 0.00 253.58 Apron
112  54.49323799 -008.23963627  54.49325173 -008.23982212 
111  54.49323799 -008.23963627 
111  54.49317652 -008.23947999 
111  54.49327424 -008.23884237 
111  54.49352141 -008.23897165 
111  54.49349632 -008.23910755 
111  54.49347074 -008.23909498 
111  54.49340463 -008.23950812 
111  54.49340305 -008.23960270 
114  54.49340305 -008.23960270  54.49338931 -008.23940446 
110   2 0.00 134.13 Taxiway-Apron fillet
111  54.49304530 -008.23997423 
111  54.49317652 -008.23947999 
113  54.49323799 -008.23963627 
110   2 0.00 162.29 East Hangar footprint
111  54.49327424 -008.23884237 
111  54.49320273 -008.23880902 
111  54.49325437 -008.23848766 
111  54.49357952 -008.23865478 
113  54.49352141 -008.23897165 
110   1 0.00  40.00 West  Hangar Taxiway
111  54.49272709 -008.24137778 
111  54.49289393 -008.24168225 
111  54.49291617 -008.24163833 
111  54.49299392 -008.24177960 
111  54.49295019 -008.24186247 
111  54.49272972 -008.24146937 
112  54.49272972 -008.24146937  54.49272484 -008.24146044 
112  54.49271239 -008.24146970  54.49271048 -008.24148292 
113  54.49271239 -008.24146970 
110   4 0.00  45.00 East Hangar Apron
111  54.49291617 -008.24163833 
111  54.49304067 -008.24141711 
111  54.49312123 -008.24155768 
113  54.49299392 -008.24177960 
110   2 0.00 133.60 West Hangar footprint
111  54.49312123 -008.24155768 
111  54.49336688 -008.24198609 
111  54.49323788 -008.24220854 
113  54.49299392 -008.24177960 
110   1 0.00  93.50 Apron Extension
111  54.49345019 -008.23922341 
111  54.49348733 -008.23922311 
111  54.49350475 -008.23969518 
111  54.49334065 -008.23976093 
111  54.49340305 -008.23960270 
113  54.49340463 -008.23950812 
130 Airport Boundary
111  54.49142099 -008.25099934 
111  54.49038322 -008.25068926 
111  54.49149544 -008.24440765 
111  54.49166585 -008.24442018 
111  54.49194302 -008.24291411 
111  54.49208718 -008.24296649 
111  54.49253154 -008.24007855 
111  54.49256806 -008.24008870 
111  54.49266969 -008.23929934 
111  54.49314965 -008.23946865 
111  54.49320172 -008.23929908 
111  54.49327072 -008.23884525 
111  54.49320038 -008.23881106 
111  54.49325313 -008.23848312 
111  54.49358184 -008.23865366 
111  54.49349795 -008.23910936 
111  54.49362728 -008.23931101 
111  54.49364535 -008.23949377 
111  54.49364987 -008.23961820 
111  54.49498112 -008.24007119 
113  54.49480959 -008.24175441 
14   54.49308908 -008.23906831   82 0 Tower Viewpoint
18   54.49254109 -008.24473780 3 BCN
19   54.49279362 -008.23947186 0 Windsock