1      130 1 0 EDXF FLENSBURG SCHAFERHAUS
100   29.87   1   0 0.00 0 3 0 11   54.77344011  009.36981407    0.00  299.92 2  0 0 0 29   54.77001772  009.38788245  180.14   60.05 2 12 0 0
100   60.05   3   0 0.00 0 0 0 11L  54.77567139  009.36988019  299.92    0.00 1  0 0 0 29R  54.77149171  009.38714318  299.92    0.00 1  0 0 0
100   45.11   3   0 0.00 0 0 0 04   54.77082364  009.37106020   85.04    0.00 1  0 0 0 22   54.77526764  009.37817120    0.00    0.00 1  0 0 0
21   54.77325330  009.37216508  1 108.31   3.00 11  VASI
21   54.77067804  009.38283843  1 288.33   3.00 29  VASI
110   2 0.00   0.00 New Taxiway 1
111  54.77519562  009.37452143 
111  54.77521060  009.37535686 
112  54.77521060  009.37535686  54.77521060  009.37545016 
112  54.77515068  009.37558195  54.77510840  009.37565525 
111  54.77515068  009.37558195 
111  54.77500337  009.37582868 
111  54.77409452  009.37588495 
112  54.77409452  009.37588495  54.77396246  009.37588853 
112  54.77378491  009.37565986  54.77370650  009.37552392 
111  54.77378491  009.37565986 
111  54.77285110  009.37419246 
112  54.77285110  009.37419246  54.77281356  009.37413337 
112  54.77280344  009.37392542  54.77281727  009.37383807 
111  54.77280344  009.37392542 
111  54.77270687  009.37443522 
112  54.77270687  009.37443522  54.77271417  009.37439994 
112  54.77282613  009.37440023  54.77286516  009.37446275 
111  54.77282613  009.37440023 
111  54.77384191  009.37599690 
112  54.77384191  009.37599690  54.77388524  009.37606845 
112  54.77408953  009.37607972  54.77420921  009.37607614 
111  54.77408953  009.37607972 
111  54.77500586  009.37601914 
111  54.77523846  009.37664675 
111  54.77535042  009.37652127 
112  54.77543781  009.37666412  54.77544831  009.37679460 
111  54.77543781  009.37666412 
111  54.77552770  009.37787615 
112  54.77552770  009.37787615  54.77553427  009.37797988 
112  54.77550772  009.37812721  54.77549063  009.37819447 
111  54.77550772  009.37812721 
111  54.77494594  009.38035647 
112  54.77494594  009.38035647  54.77492753  009.38042715 
112  54.77484092  009.38055471  54.77477912  009.38062653 
111  54.77484092  009.38055471 
111  54.77329788  009.38234290 
112  54.77329788  009.38234290  54.77320258  009.38244971 
112  54.77325366  009.38283568  54.77331142  009.38298754 
111  54.77325366  009.38283568 
111  54.77388479  009.38443397 
111  54.77396968  009.38433442 
111  54.77334764  009.38273263 
112  54.77334764  009.38273263  54.77332165  009.38265919 
112  54.77336391  009.38246879  54.77342456  009.38239870 
111  54.77336391  009.38246879 
111  54.77401462  009.38171128 
111  54.77409702  009.38192338 
111  54.77414446  009.38186711 
111  54.77447404  009.38270686 
111  54.77473844  009.38238877 
111  54.77440662  009.38156411 
111  54.77421437  009.38178054 
112  54.77421437  009.38178054  54.77417558  009.38166871 
112  54.77422889  009.38145228  54.77425421  009.38142184 
111  54.77422889  009.38145228 
111  54.77469875  009.38091049 
111  54.77473121  009.38092781 
111  54.77483059  009.38118471 
111  54.77452647  009.38154680 
111  54.77489350  009.38249908 
111  54.77511073  009.38224802 
111  54.77534293  009.38284538 
111  54.77549274  009.38268955 
111  54.77548775  009.38217876 
111  54.77501322  009.38097060 
111  54.77491847  009.38108360 
111  54.77483108  009.38085850 
111  54.77484107  009.38074163 
111  54.77489600  009.38067237 
112  54.77489600  009.38067237  54.77495189  009.38060170 
112  54.77503083  009.38042131  54.77507357  009.38025830 
111  54.77503083  009.38042131 
111  54.77560274  009.37819246 
112  54.77560274  009.37819246  54.77562575  009.37810582 
112  54.77561890  009.37785642  54.77561167  009.37774356 
111  54.77561890  009.37785642 
111  54.77551022  009.37635662 
111  54.77553020  009.37626572 
111  54.77551771  009.37591076 
111  54.77559262  009.37589345 
111  54.77558841  009.37567906 
111  54.77571246  009.37563805 
111  54.77566161  009.37452694 
111  54.77553269  009.37453422 
111  54.77553269  009.37461858 
111  54.77545030  009.37462513 
113  54.77544777  009.37451133 
110   3 0.00   0.00 New Taxiway 2
111  54.77451666  009.37585881 
111  54.77500337  009.37582868 
111  54.77515068  009.37558195 
112  54.77515068  009.37558195  54.77518640  009.37552638 
112  54.77521060  009.37535686  54.77520904  009.37527122 
111  54.77521060  009.37535686 
111  54.77519562  009.37452143 
111  54.77544777  009.37451133 
111  54.77545014  009.37432157 
111  54.77552444  009.37431701 
111  54.77551646  009.37285455 
113  54.77530392  009.37260412 
110   3 0.00   0.00 New Taxiway 4
111  54.77141217  009.38626245 
111  54.77020860  009.38762482 
111  54.77014598  009.38795545 
111  54.77026094  009.38793668 
113  54.77126099  009.38688691 
110   3 0.00   0.00 New Taxiway 3
111  54.77378660  009.37006644 
112  54.77378660  009.37006644  54.77369280  009.36995261 
111  54.77356836  009.36988709 
111  54.77350341  009.37022990 
112  54.77389257  009.37067606  54.77409329  009.37103055 
111  54.77389257  009.37067606 
111  54.77479965  009.37227349 
111  54.77487652  009.37194636 
113  54.77423494  009.37075365 
110   3 0.00   0.00 New Taxiway 6
111  54.77396968  009.38433442 
111  54.77470878  009.38345148 
111  54.77409702  009.38192338 
111  54.77401462  009.38171128 
111  54.77336391  009.38246879 
112  54.77336391  009.38246879  54.77330892  009.38253614 
112  54.77334764  009.38273263  54.77337753  009.38281863 
113  54.77334764  009.38273263 
130 Airport Boundary
111  54.77549255  009.36868288 
111  54.77552951  009.36419981 
111  54.77355245  009.36432790 
111  54.77314596  009.36618517 
111  54.76843429  009.36775425 
111  54.76982007  009.38011472 
111  54.76841581  009.39183474 
111  54.77713702  009.38248434 
113  54.77678595  009.36922726 
120 Linear Feature 2
111  54.77277647  009.37774053   1 
115  54.77333305  009.37833293 
120 Linear Feature 1
111  54.77273461  009.37828403   1 
115  54.77333305  009.37833293 
14   54.77548759  009.37437370   82 0 Tower Viewpoint
15   54.77540245  009.37488350 177.71 Ramp Start Apron
15   54.77512780  009.37463676 269.23 Ramp Start Grass
19   54.77077947  009.37221545 1 WS
19   54.77313738  009.36882904 1 WS
19   54.77645222  009.37054787 1 WS
19   54.77453102  009.37768768 1 WS
19   54.76944391  009.38818539 1 WS
54 12510 BREMEN INFO
1       39 1 1 ETNH HOHN
100   29.87   2   0 0.25 0 3 0 08   54.31015300  009.51974200    0.00  274.93 2 10 0 0 26   54.31417800  009.55659400    0.00  274.93 3 10 0 0
21   54.31081138  009.52266928  2  79.38   3.00 08  PAPI-4L
21   54.31328105  009.55147005  2 259.41   3.00 26  PAPI-4L
110   2 0.30  79.38 Default taxiway for RWY 08
111  54.31002311  009.51978375  53 102 
111  54.30936038  009.51999674  53 102 
111  54.31339100  009.55684515  53 102 
111  54.31405373  009.55663214 
112  54.31400419  009.55617927  54.31402675  009.55640641  53 102 
111  54.31386822  009.55645736  53 102 
112  54.31365685  009.55652530  54.31349833  009.55657625  53 102 
111  54.31347356  009.55634982  53 102 
111  54.31152017  009.53849171  53 102 
111  54.31205080  009.53832117 
111  54.31202603  009.53809473  53 102 
111  54.31149540  009.53826527  53 102 
112  54.30954202  009.52040716  54.30951725  009.52018072  53 102 
111  54.30967577  009.52012977  53 102 
112  54.30988714  009.52006184  54.31004567  009.52001090  53 102 
113  54.31007265  009.52023663 
120 Default hold RWY 08 (near)
111  54.30975669  009.51986937  54 
115  54.30978146  009.52009581 
120 Default hold RWY 08 (centre)
111  54.31175961  009.53818035  54 
115  54.31178438  009.53840679 
120 Default hold RWY 08 (far)
111  54.31376254  009.55649133  54 
115  54.31378731  009.55671777 
18   54.31309259  009.53786494 4 BCN
19   54.31049977  009.51916175 1 WS
19   54.31383105  009.55717400 1 WS
54 12210 TWR
55 12330 RADAR
1       62 1 0 EDXJ HUSUM SCHWESING
100   29.87   1   0 0.00 0 1 0 03   54.50457298  009.13195871  155.14    0.00 2  0 0 1 21   54.51535302  009.14462396  155.14    0.00 2  0 0 1
110   2 0.00   0.00 Taxiway
111  54.50885040  009.13135179 
111  54.50836695  009.13112406 
111  54.50826156  009.13071815 
111  54.50813912  009.13075384 
111  54.50813656  009.13086378 
111  54.50792260  009.13091862 
111  54.50795183  009.13126590 
111  54.50787490  009.13135870 
111  54.50805702  009.13302022 
112  54.50835207  009.13321466  54.50837610  009.13323139 
112  54.50839312  009.13328094  54.50840093  009.13331257 
112  54.50850088  009.13379796  54.50852191  009.13406152 
111  54.50850088  009.13379796 
112  54.50850088  009.13379796  54.50851902  009.13394888 
112  54.50837453  009.13397141  54.50832408  009.13393036 
112  54.50803792  009.13376213  54.50781890  009.13365798 
112  54.50730015  009.13393052  54.50701880  009.13424584 
111  54.50730015  009.13393052 
112  54.50730015  009.13393052  54.50724892  009.13397100 
112  54.50722574  009.13382005  54.50722164  009.13377539 
111  54.50722574  009.13382005 
111  54.50688915  009.13078087 
111  54.50657940  009.13089030 
111  54.50678030  009.13271531 
111  54.50694352  009.13285671 
111  54.50711542  009.13443426 
112  54.50711542  009.13443426  54.50712399  009.13451515 
112  54.50700033  009.13452911  54.50689701  009.13441272 
111  54.50700033  009.13452911 
111  54.50738542  009.13498160 
112  54.50738542  009.13498160  54.50733145  009.13488668 
112  54.50730214  009.13443696  54.50730585  009.13440716 
111  54.50730214  009.13443696 
112  54.50730214  009.13443696  54.50730210  009.13394899 
112  54.50801676  009.13393875  54.50833772  009.13407709 
112  54.50855848  009.13455523  54.50858754  009.13480684 
111  54.50855848  009.13455523 
111  54.50876258  009.13629023 
112  54.50876258  009.13629023  54.50877373  009.13639039 
112  54.50864098  009.13645675  54.50857206  009.13637708 
111  54.50864098  009.13645675 
111  54.50908401  009.13697718 
112  54.50908401  009.13697718  54.50897135  009.13683784 
112  54.50889225  009.13625131  54.50886041  009.13596581 
111  54.50889225  009.13625131 
111  54.50872923  009.13482314 
112  54.50872923  009.13482314  54.50872361  009.13475536 
112  54.50886827  009.13472796  54.50893011  009.13478606 
111  54.50886827  009.13472796 
111  54.50893481  009.13456325 
111  54.50865551  009.13422853 
112  54.50864456  009.13319685  54.50869141  009.13274172 
111  54.50864456  009.13319685 
113  54.50897810  009.13259586 
110   2 0.00 214.73 New Taxiway 3
111  54.52725823  009.15893457 
111  54.52742067  009.15854984 
111  54.51542913  009.14443194 
113  54.51527700  009.14481607 
130 Airport Boundary
111  54.50376919  009.13330794 
111  54.52700860  009.16070559 
111  54.52814818  009.15713198 
111  54.52835168  009.14921399 
111  54.51854310  009.13597063 
111  54.51601974  009.14122593 
111  54.50979272  009.13372837 
111  54.50897873  009.12658115 
113  54.50645536  009.12581038 
120 RWY Hold B
111  54.50888106  009.13617137   4 
115  54.50875445  009.13621542 
120 RWY Hold A
111  54.50732313  009.13423590   4 
115  54.50710107  009.13428258 
14   54.50737864  009.13190515   49 0 Tower Viewpoint
15   54.50829502  009.13280921 351.63 Ramp Start
18   54.50738107  009.13191546 1 BCN
19   54.50739655  009.13248243 1 WS
19   54.51533485  009.14544179 1 WS
20   54.50737468  009.13456807  86.31  0 2 {@L}A{@R}03{@@}{@Y,^ru}A
20   54.50892752  009.13615902  79.46  0 2 {@L}B{@R}03-26{@@}{@Y,^u}B
54 12510 BREMEN Information
54 12205 Husum Info
1      141 0 0 EK07 Kettingskov (E521)
100   17.07   3   0 0.00 0 0 0 18   54.95593351  009.99560724    0.00    0.00 1  0 0 0 36   54.95271991  009.99512398    0.00    0.00 1  0 0 0
130 Airport Boundary 8
111  54.95289125  009.99434464 
112  54.95284030  009.99395037  54.95279219  009.99381730 
111  54.95267615  009.99372859 
111  54.95221765  009.99348709 
112  54.95203368  009.99347231  54.95197141  009.99339345 
111  54.95197424  009.99324560 
111  54.95198273  009.99282175 
111  54.95205915  009.99281189 
111  54.95205632  009.99217612 
111  54.95161480  009.99212684 
111  54.95164593  009.99326038 
112  54.95170537  009.99357580  54.95176480  009.99367437 
111  54.95192613  009.99371873 
111  54.95257143  009.99403908 
112  54.95266483  009.99415736  54.95267898  009.99422636 
111  54.95268070  009.99431990 
111  54.95267656  009.99534256 
111  54.95598381  009.99581660 
111  54.95597916  009.99540947 
113  54.95288717  009.99494162 
19   54.95606673  009.99603004 1 WS
19   54.95258669  009.99470122 1 WS
1       88 1 0 EKPB Krusa Padborg
100   29.87   1   0 0.00 0 2 0 05   54.86693323  009.27303512   56.08    0.00 2  0 0 0 23   54.87368077  009.28499688    0.00    0.00 2  0 0 0
130 Airport Boundary 5
111  54.87225726  009.28368400 
111  54.87077386  009.28483095 
111  54.87281523  009.29191363 
111  54.87393799  009.28854374 
111  54.87433265  009.28810624 
111  54.87555067  009.28918224 
111  54.87621752  009.28509108 
111  54.87468649  009.28357758 
111  54.87408088  009.28285631 
111  54.87355693  009.28193402 
111  54.87331197  009.28137828 
111  54.87311463  009.28078708 
111  54.87335279  009.28050330 
111  54.87255666  009.27800839 
111  54.87208034  009.27649490 
111  54.87122296  009.27416553 
111  54.86994097  009.27585851 
111  54.86946226  009.27503478 
111  54.86887667  009.27308850 
111  54.86813770  009.27275739 
111  54.86711987  009.27110993 
111  54.86645526  009.27036695 
112  54.86623817  009.27032601  54.86612570  009.27039441 
111  54.86603233  009.27061730 
111  54.86531984  009.27203541 
111  54.86530747  009.27268033 
111  54.86536315  009.27446458 
111  54.86591370  009.27472255 
113  54.86622300  009.27309952 
18   54.87175895  009.28027605 1 BCN
19   54.87203650  009.27982809 1 WS
54 12747 SKRYDSTRUP APP
1       72 1 0 EDHN Neumuenster
100   14.94   1   0 0.00 0 0 0 08   54.07809056  009.93604026    0.00    0.00 1  0 0 0 26   54.07912084  009.94507485    0.00    0.00 1  0 0 0
100   39.93   3   0 0.00 0 0 0 01   54.07425120  009.93468195   35.05    0.00 1  0 0 0 19   54.07857337  009.93571735   49.99    0.00 1  0 0 0
110   3 0.00   0.00 Taxiway
111  54.07728373  009.93571763 
111  54.07847882  009.94622891 
111  54.07858732  009.94659626 
111  54.07860515  009.94679387 
111  54.07845596  009.94695499 
111  54.07849701  009.94712116 
111  54.07795310  009.94770713 
111  54.07815835  009.94829309 
111  54.07954379  009.94678008 
111  54.07936932  009.94545943 
111  54.07918661  009.94505265 
111  54.07905472  009.94509550 
111  54.07901137  009.94471540 
111  54.07890238  009.94474229 
111  54.07801672  009.93672204 
111  54.07809689  009.93669632 
111  54.07802470  009.93606322 
111  54.07794986  009.93608055 
113  54.07792309  009.93587078 
130 Airport Boundary
111  54.07349144  009.93374335 
111  54.07474976  009.93980544 
111  54.07710911  009.94772328 
111  54.07765358  009.94718718 
111  54.07810125  009.94850682 
111  54.07952896  009.94704284 
111  54.08009763  009.94982646 
111  54.08116236  009.94947593 
113  54.07909339  009.93345468 
14   54.07849240  009.94662362   26 0 Tower Viewpoint
15   54.07868515  009.94630658 332.65 Front of Tower
19   54.07407945  009.93518363 1 WS
19   54.07894979  009.94536363 1 WS
20   54.07847434  009.94065199  78.75  0 2 {@Y}_1/2_{@@}_1/2_
20   54.07877576  009.94054022 259.05  0 2 {@Y}_1/2_{@@}_1/2_
54 12510 Bremen Information
54 12300 Neumuenster INFO
1       23 0 1 EDXR RENDSBURG SCHACHTHOLM
100   29.87   1   0 0.25 0 3 0 03   54.21737800  009.59662200    0.00    0.00 2  0 0 0 21   54.22448300  009.60496400    0.00    0.00 2  0 0 0
100   29.87   3   0 0.25 0 0 0 12   54.21949200  009.59824900   89.92    0.00 1  0 0 0 30   54.21691700  009.60632900    0.00    0.00 1  0 0 0
110   1 0.30  34.46 Default taxiway for RWY 03
111  54.21730321  009.59680835   3 102 
111  54.21692164  009.59775912   3 102 
111  54.22402693  009.60609988   3 102 
111  54.22440850  009.60514894 
112  54.22418687  009.60488878  54.22429641  009.60502203   3 102 
111  54.22420514  009.60524950   3 102 
112  54.22408344  009.60555278  54.22399217  009.60578024   3 102 
111  54.22388136  009.60565016   3 102 
111  54.22060575  009.60180501   3 102 
111  54.22091126  009.60104368 
111  54.22080045  009.60091360   3 102 
111  54.22049494  009.60167492   3 102 
112  54.21721933  009.59782977  54.21710851  009.59769969   3 102 
111  54.21719978  009.59747226   3 102 
112  54.21732148  009.59716903  54.21741275  009.59694160   3 102 
113  54.21752484  009.59706851 
120 Default hold RWY 03 (near)
111  54.21714982  009.59719056   4 
115  54.21726063  009.59732064 
120 Default hold RWY 03 (centre)
111  54.22064706  009.60129585   4 
115  54.22075787  009.60142593 
120 Default hold RWY 03 (far)
111  54.22414429  009.60540114   4 
115  54.22425511  009.60553122 
19   54.21738455  009.59579328 1 WS
19   54.21997469  009.59817531 1 WS
19   54.21643431  009.60640259 1 WS
19   54.22447639  009.60579287 1 WS
54 12510 BREMEN INFO
54 12365 INFO
1       70 0 1 ETNS SCHLESWIG
100   29.87   1   0 0.25 0 3 0 05   54.45200000  009.50250000    0.00  331.93 2  3 0 0 23   54.46666700  009.53033300    0.00  309.98 2  3 0 0
100   45.11   1   0 0.25 0 0 0 07   54.45533300  009.50250000    0.00   91.74 2  0 0 0 25   54.46050000  009.53200000    0.00   92.96 2  0 0 0
21   54.45345533  009.50440910  2  47.80   3.00 05  PAPI-4L
21   54.46521210  009.52842221  2 227.82   3.00 23  PAPI-4L
110   1 0.30  47.80 Default taxiway for RWY 05
111  54.45190211  009.50265271   3 102 
111  54.45140264  009.50343184   3 102 
111  54.46607284  009.53125520   3 102 
111  54.46657231  009.53047579 
112  54.46639172  009.53013329  54.46648034  009.53030714   3 102 
111  54.46636087  009.53049358   3 102 
112  54.46620157  009.53074215  54.46608210  009.53092859   3 102 
111  54.46599181  009.53075734   3 102 
111  54.45888244  009.51727381   3 102 
111  54.45928235  009.51664987 
111  54.45919206  009.51647862   3 102 
111  54.45879215  009.51710256   3 102 
112  54.45168279  009.50361903  54.45159249  009.50344778   3 102 
111  54.45171196  009.50326142   3 102 
112  54.45187126  009.50301292  54.45199073  009.50282656   3 102 
113  54.45208270  009.50299520 
120 Default hold RWY 05 (near)
111  54.45170132  009.50296592   4 
115  54.45179161  009.50313717 
120 Default hold RWY 05 (centre)
111  54.45899127  009.51679189   4 
115  54.45908156  009.51696314 
120 Default hold RWY 05 (far)
111  54.46628122  009.53061787   4 
115  54.46637152  009.53078912 
19   54.45211809  009.50169159 1 WS
19   54.45579881  009.50152900 1 WS
19   54.46003395  009.53297079 1 WS
19   54.46654872  009.53114162 1 WS
54 12510 BREMEN INFO
55 12330 RADAR
55 13515 RADAR
1       54 1 0 EDXC Schleswig Kropp
100   32.00   3   0 0.00 0 0 1 9    54.42527037  009.53592196    0.00    0.00 0  0 0 0 27   54.42572363  009.54866031    0.00    0.00 0  0 0 0
110   3 0.00   0.00 Taxiway
111  54.42606163  009.53517232 
111  54.42434178  009.53531891 
111  54.42503351  009.54970047 
111  54.42631274  009.54943988 
111  54.42584843  009.54012363 
111  54.42599292  009.53996485 
111  54.42590054  009.53819365 
111  54.42606286  009.53816512 
111  54.42603438  009.53750954 
113  54.42646197  009.53728958 
111  54.42586804  009.54864639 
111  54.42557885  009.54867745 
111  54.42512487  009.53593479 
113  54.42541624  009.53590208 
130 Airport Boundary
111  54.42430118  009.53523601 
111  54.42500287  009.54977187 
111  54.42635086  009.54948623 
111  54.42588922  009.54017122 
111  54.42684020  009.53906040 
113  54.42609234  009.53509319 
14   54.42614100  009.53956894   19 0 Tower Viewpoint
15   54.42589636  009.53900935 173.66 Apron
19   54.42590250  009.53976473 0 Windsock
20   54.42531415  009.54234348  86.92  0 2 {@Y}_1/2_{@@}_1/2_
20   54.42568100  009.54231234 266.19  0 2 {@Y}_1/2_{@@}_1/2_
54 11867 Kropp Info
1       24 1 0 EKSB Sonderborg
100   29.87   1   0 0.00 0 2 0 14   54.96895279  009.78488889    0.00    0.00 2  6 0 2 32   54.95670556  009.80315800    0.00    0.00 3  1 0 2
21   54.95855044  009.79950786  2 319.40   3.00 API PAPI-4L
21   54.96749042  009.78801122  2 139.40   3.00 API PAPI-4L
21   54.96456642  009.78958751  6  51.23   0.00 Wig WIG-WAG
21   54.96441949  009.78979031  6  51.23   0.00 Wig WIG-WAG
110   1 0.00 320.00 Turning Area 32
111  54.95695390  009.80247661  53 
111  54.95680503  009.80252697  53 
111  54.95656388  009.80288265  53 
111  54.95683717  009.80343120  53 
111  54.95707597  009.80307570  53 
113  54.95713133  009.80283124 
110  12 0.00 230.00 Main Hanger/terminal
111  54.96319540  009.78639880  20 
111  54.96268318  009.78536753  20 
111  54.96237254  009.78583228  20 
111  54.96275621  009.78660234  20 
111  54.96269681  009.78668293  20 
111  54.96269000  009.78666849  20 
111  54.96266249  009.78670435  20 
111  54.96265494  009.78668884  20 
111  54.96261824  009.78673687  20 
111  54.96263285  009.78677018  20 
111  54.96256535  009.78685676  20 
111  54.96259554  009.78692800  20 
111  54.96255464  009.78697889  20 
111  54.96258254  009.78704563  20 
111  54.96265837  009.78705143  20 
113  54.96269894  009.78712905  20 
110  12 0.00 230.00 Hanger B Alsie Aviation
111  54.96354066  009.78585813  20 
111  54.96384529  009.78541325  20 
111  54.96360318  009.78495100  20 
111  54.96352670  009.78507496  20 
111  54.96348878  009.78499618  20 
113  54.96327595  009.78531710  20 
110  12 0.00 230.00 Hanger C
111  54.96272265  009.78803175  20 
111  54.96259459  009.78776430  20 
111  54.96253687  009.78784185  20 
111  54.96249894  009.78776238  20 
111  54.96251928  009.78773175  20 
111  54.96249290  009.78767621  20 
111  54.96243331  009.78776169  20 
111  54.96245708  009.78781243  20 
111  54.96246266  009.78780451  20 
111  54.96247958  009.78783976  20 
111  54.96242323  009.78792541  20 
113  54.96257205  009.78824589  20 
110   1 0.00  20.00 TWY A
111  54.96862062  009.78563308 
111  54.96863303  009.78566925  53 
111  54.96887185  009.78564494 
111  54.96898330  009.78586530 
112  54.96903953  009.78607983  54.96905478  009.78621622 
111  54.96903474  009.78632309 
112  54.96894363  009.78658242  54.96886612  009.78670245 
111  54.96879262  009.78670286 
112  54.96872131  009.78670607  54.96868194  009.78670071 
111  54.96865156  009.78668114 
111  54.96817116  009.78639170 
111  54.96814667  009.78633614 
111  54.96791927  009.78669202 
111  54.96793175  009.78672020 
112  54.96800716  009.78665480  54.96804979  009.78663358 
111  54.96807350  009.78663085 
112  54.96813789  009.78662975  54.96818053  009.78663329 
111  54.96821517  009.78666254 
111  54.96856342  009.78687042 
112  54.96869122  009.78693376  54.96874044  009.78694554 
111  54.96881006  009.78693174 
112  54.96903632  009.78675178  54.96913721  009.78659103 
111  54.96916422  009.78638978 
112  54.96916507  009.78597752  54.96913508  009.78579418 
111  54.96906559  009.78567009 
111  54.96897430  009.78548870  53 
111  54.96901979  009.78541963  53 
111  54.96904881  009.78507155  53 
111  54.96887003  009.78470244 
113  54.96885909  009.78471889 
110   1 0.00 229.00 TWY B
111  54.96509662  009.79037683 
111  54.96507457  009.79033185 
111  54.96490426  009.79029905 
111  54.96401136  009.78849143  53 
111  54.96405158  009.78838888  53 
111  54.96434038  009.78769959  53 
111  54.96395045  009.78692098  53 
111  54.96359242  009.78745454  53 
111  54.96353402  009.78753405 
111  54.96345364  009.78736254 
111  54.96346079  009.78717152 
111  54.96362193  009.78695190 
111  54.96377546  009.78670996 
111  54.96371850  009.78657995 
111  54.96348804  009.78669534 
111  54.96343667  009.78658838 
111  54.96400267  009.78570827 
111  54.96356450  009.78488365 
111  54.96328991  009.78485735 
111  54.96325077  009.78491190 
111  54.96305276  009.78447089 
111  54.96224298  009.78565634  20 
111  54.96191202  009.78616132  20 
112  54.96184960  009.78624070  54.96182795  009.78625115  20 
111  54.96177380  009.78624504 
111  54.96189285  009.78636537  20 
112  54.96189015  009.78634023  54.96189290  009.78632964  20 
111  54.96189895  009.78632091  20 
111  54.96199096  009.78618698  20 
112  54.96200420  009.78618485  54.96201262  009.78618781  20 
111  54.96201702  009.78619942  20 
111  54.96225546  009.78669582  20 
112  54.96226223  009.78671824  54.96225879  009.78672474  20 
111  54.96225027  009.78671689 
111  54.96221312  009.78684127  20 
111  54.96260817  009.78723303  20 
111  54.96262523  009.78721013  20 
111  54.96263825  009.78723726  20 
111  54.96260140  009.78729124  20 
111  54.96262416  009.78734128  53 
111  54.96270674  009.78751615  56 
111  54.96285605  009.78781910  53 
111  54.96292448  009.78795352  53 
111  54.96294106  009.78798859  56 
111  54.96302895  009.78816580  53 
111  54.96323820  009.78859546  53 
111  54.96349087  009.78860956 
111  54.96349186  009.78864063 
111  54.96387825  009.78867341 
111  54.96477010  009.79048599 
111  54.96475811  009.79083888 
113  54.96477730  009.79087229 
111  54.96321752  009.78519910 
111  54.96360041  009.78597833 
112  54.96362017  009.78605604  54.96361915  009.78609943 
111  54.96360154  009.78612754 
111  54.96337637  009.78646555 
111  54.96327402  009.78626303 
111  54.96295633  009.78563266 
112  54.96293610  009.78556420  54.96293491  009.78552826 
111  54.96294651  009.78550573 
111  54.96315202  009.78518341 
114  54.96318597  009.78515070  54.96319845  009.78515231 
111  54.96265626  009.78715879 
111  54.96248545  009.78699184 
111  54.96251180  009.78694832 
111  54.96254087  009.78699975 
111  54.96255132  009.78698867 
111  54.96258539  009.78706147 
111  54.96259584  009.78706463 
111  54.96259948  009.78708679 
111  54.96260992  009.78708837 
111  54.96261174  009.78707413 
111  54.96261810  009.78707413 
111  54.96263264  009.78710657 
111  54.96266262  009.78706542 
113  54.96268670  009.78711369 
111  54.96281868  009.78562679 
111  54.96285160  009.78558219 
111  54.96316693  009.78621682 
111  54.96316620  009.78628053 
113  54.96315010  009.78630347 
110   1 0.00 320.00 East Apron
111  54.96260140  009.78729124  20 
111  54.96248206  009.78747539 
111  54.96235414  009.78766319 
111  54.96231144  009.78772725 
112  54.96229926  009.78773631  54.96229419  009.78773808 
111  54.96228522  009.78773697 
111  54.96220804  009.78773717 
111  54.96220808  009.78793680 
112  54.96227915  009.78791891  54.96229523  009.78794102 
111  54.96227711  009.78797592 
111  54.96214468  009.78821804 
111  54.96215566  009.78823716 
111  54.96211030  009.78831617 
111  54.96221479  009.78850151 
111  54.96213711  009.78862737 
112  54.96210627  009.78870741  54.96210517  009.78874188 
111  54.96211311  009.78879867 
111  54.96218879  009.78868461 
112  54.96220746  009.78873228  54.96221146  009.78876187 
111  54.96219660  009.78878709 
111  54.96208182  009.78896551 
111  54.96210572  009.78901639 
111  54.96222966  009.78882211 
111  54.96240140  009.78917522 
111  54.96272759  009.78869528 
111  54.96274033  009.78871928 
111  54.96293218  009.78843407 
111  54.96290366  009.78837291 
111  54.96302895  009.78816580 
111  54.96294106  009.78798859 
111  54.96281056  009.78817990 
111  54.96277027  009.78809866 
111  54.96257877  009.78838786 
111  54.96268260  009.78860199 
111  54.96263654  009.78866730 
111  54.96262690  009.78864491 
111  54.96264725  009.78860759 
111  54.96254120  009.78839676 
111  54.96244051  009.78855162 
111  54.96254013  009.78875872 
111  54.96254870  009.78875312 
111  54.96255406  009.78876245 
111  54.96256155  009.78878484 
111  54.96255084  009.78880350 
111  54.96248122  009.78891171 
111  54.96246408  009.78888186 
111  54.96248229  009.78883521 
111  54.96238267  009.78863558 
112  54.96237209  009.78860657  54.96237254  009.78859233 
111  54.96238160  009.78857960 
111  54.96255700  009.78835907 
112  54.96258269  009.78833406  54.96259132  009.78832535 
111  54.96260214  009.78830853 
111  54.96275764  009.78807839 
112  54.96279158  009.78802205  54.96280319  009.78799946 
111  54.96281036  009.78794703 
112  54.96282283  009.78787274  54.96282999  009.78785015 
111  54.96285605  009.78781910 
111  54.96270674  009.78751615 
111  54.96255771  009.78773139 
111  54.96254644  009.78772190 
111  54.96252713  009.78774681 
111  54.96249264  009.78767131 
111  54.96248126  009.78768653 
111  54.96245550  009.78763466 
112  54.96244981  009.78760220  54.96245229  009.78758545 
111  54.96245944  009.78757734 
111  54.96251912  009.78749006 
111  54.96253992  009.78752917 
111  54.96255483  009.78750481 
111  54.96254564  009.78748748 
111  54.96258507  009.78742860 
111  54.96260282  009.78746512 
111  54.96262294  009.78743517 
111  54.96260761  009.78740197 
111  54.96262133  009.78738404 
111  54.96261083  009.78736132 
113  54.96262416  009.78734128 
111  54.96237916  009.78776197 
111  54.96239549  009.78780128 
111  54.96241474  009.78828385 
111  54.96237959  009.78821726 
111  54.96239172  009.78819688 
111  54.96228847  009.78802346 
111  54.96233366  009.78794925 
112  54.96234325  009.78790612  54.96234283  009.78787954 
111  54.96232969  009.78785979 
112  54.96232663  009.78783647  54.96232939  009.78782355 
113  54.96233795  009.78781447 
111  54.96254513  009.78818768 
111  54.96251360  009.78823542 
111  54.96249722  009.78820321 
111  54.96244376  009.78828708 
112  54.96243663  009.78829456  54.96243282  009.78829382 
111  54.96243025  009.78828773 
111  54.96241317  009.78785090 
111  54.96242236  009.78783951 
111  54.96243025  009.78785678 
111  54.96246256  009.78781039 
111  54.96247696  009.78783913 
113  54.96242161  009.78792479 
110   1 0.00   0.00 TWY D
111  54.96090918  009.79715390 
111  54.96092026  009.79717855 
111  54.96100993  009.79798271 
112  54.96100861  009.79827366  54.96099223  009.79841490 
111  54.96091637  009.79853734 
112  54.96076503  009.79865948  54.96068985  009.79867374 
111  54.96061432  009.79863591 
112  54.96054605  009.79857937  54.96051575  009.79854473 
111  54.96048821  009.79848912 
111  54.96038213  009.79825223 
112  54.96035906  009.79811237  54.96036414  009.79803887 
111  54.96039688  009.79796130 
111  54.96038511  009.79793203 
111  54.96009354  009.79836002 
111  54.96010664  009.79839283 
112  54.96021052  009.79835580  54.96026034  009.79837440 
111  54.96028045  009.79841827 
111  54.96037983  009.79863046 
112  54.96046747  009.79877188  54.96051556  009.79882643 
111  54.96057890  009.79885963 
112  54.96078529  009.79888827  54.96090885  009.79885716 
111  54.96100257  009.79872124 
112  54.96113933  009.79834425  54.96116333  009.79815032 
111  54.96113933  009.79795207 
111  54.96107130  009.79728775 
112  54.96107276  009.79707156  54.96108309  009.79698609 
111  54.96113141  009.79686464 
113  54.96112090  009.79684415 
110   2 0.00 320.00 Beacon Plinth
111  54.96915090  009.78669548 
111  54.96904588  009.78684909 
111  54.96913307  009.78703031 
113  54.96923709  009.78688015 
110   2 0.00 139.40 Paradrop Area
112  54.96400162  009.79011166  54.96389314  009.79024340 
111  54.96397193  009.79045297 
112  54.96416005  009.79049894  54.96427044  009.79036653 
113  54.96418644  009.79015712 
110   3 0.00 139.00 TWY E
111  54.96403296  009.78893128  22 
111  54.96368546  009.78939138  22 
112  54.96364590  009.78942833  54.96362993  009.78943181  22 
111  54.96360584  009.78941825 
111  54.96289285  009.79075690 
111  54.96322662  009.79084313  22 
113  54.96416589  009.78919948 
110   3 0.00 229.00 TWY C
111  54.96369119  009.79243427 
111  54.96381212  009.79225513  22 
111  54.96347254  009.79153544 
111  54.96336133  009.79127997 
111  54.96350811  009.79107033  22 
111  54.96326066  009.79093254  22 
112  54.96323112  009.79089930  54.96321773  009.79086751  22 
111  54.96322662  009.79084313 
113  54.96289285  009.79075690  22 
110   3 0.00 229.00 Parking East
111  54.96360584  009.78941825  22 
111  54.96299471  009.78821186 
111  54.96240476  009.78913096 
111  54.96223072  009.78878618 
111  54.96208182  009.78896551  22 
111  54.96182664  009.78936147  22 
111  54.96266006  009.79112012  22 
113  54.96289285  009.79075690 
110   3 0.00 319.00 Para TWY
111  54.96347254  009.79153544 
111  54.96419687  009.79052161 
112  54.96421319  009.79010947  54.96411342  009.78989777 
111  54.96399167  009.79004548 
112  54.96391980  009.79022300  54.96389924  009.79034728 
111  54.96394345  009.79049741 
111  54.96350811  009.79107033 
113  54.96336133  009.79127997 
110   2 0.00 319.00 Back Ramp
111  54.96227347  009.78562114 
111  54.96204951  009.78515990 
111  54.96205976  009.78505541 
111  54.96200415  009.78503884 
111  54.96199611  009.78514334 
111  54.96187173  009.78530135 
111  54.96186880  009.78520323 
111  54.96192660  009.78514716 
111  54.96189807  009.78495984 
111  54.96175833  009.78524274 
111  54.96163468  009.78546447 
111  54.96157396  009.78551417 
111  54.96154250  009.78527459 
111  54.96118986  009.78558271 
111  54.96142251  009.78580572 
111  54.96143636  009.78591225 
111  54.96151959  009.78600109 
112  54.96151832  009.78594534  54.96152095  009.78592441 
111  54.96153153  009.78590384 
111  54.96164786  009.78575475 
111  54.96172395  009.78592168 
111  54.96170890  009.78594583 
111  54.96174077  009.78601085 
111  54.96175760  009.78598667 
111  54.96183003  009.78612940 
111  54.96185198  009.78609754 
111  54.96190539  009.78618164 
111  54.96191929  009.78615998 
111  54.96188051  009.78605931 
111  54.96191763  009.78600637 
111  54.96189441  009.78595736 
111  54.96208819  009.78566552 
111  54.96211359  009.78571670 
111  54.96213892  009.78568110 
111  54.96218911  009.78575061 
111  54.96220060  009.78573271 
111  54.96216916  009.78563687 
111  54.96220181  009.78559053 
113  54.96224180  009.78566727 
111  54.96193373  009.78533519 
111  54.96200490  009.78548695 
111  54.96193506  009.78559237 
111  54.96190513  009.78552749 
113  54.96191178  009.78536531 
111  54.96186722  009.78569547 
111  54.96178874  009.78581016 
111  54.96171491  009.78566188 
111  54.96174484  009.78561438 
113  54.96183663  009.78563407 
110   1 0.00  30.00 Bldg Area
111  54.96225027  009.78671689  20 
111  54.96189285  009.78636537 
111  54.96177380  009.78624504  20 
111  54.96151959  009.78600109 
111  54.96143636  009.78591225  20 
111  54.96040184  009.78488859  20 
112  54.96035783  009.78481747  54.96034601  009.78477949  20 
111  54.96034877  009.78467828 
111  54.96028128  009.78461671 
111  54.96016453  009.78498798 
111  54.96023737  009.78505141  20 
112  54.96029771  009.78497865  54.96032496  009.78496678  20 
111  54.96038613  009.78500206  20 
111  54.96084104  009.78544360  20 
112  54.96087489  009.78550907  54.96088346  009.78555757  20 
111  54.96087054  009.78559385  20 
111  54.96082233  009.78554642  20 
111  54.96064180  009.78612458  20 
111  54.96133501  009.78680669  20 
111  54.96135387  009.78674603  20 
111  54.96139432  009.78678202  20 
111  54.96154659  009.78628398  20 
111  54.96150675  009.78624543  20 
112  54.96153100  009.78619607  54.96154775  009.78618959  20 
111  54.96156074  009.78619738  20 
111  54.96169781  009.78632928  20 
112  54.96172508  009.78638736  54.96173169  009.78643339  20 
111  54.96169648  009.78649029 
111  54.96147066  009.78682006 
111  54.96147461  009.78744736 
111  54.96157700  009.78745414 
111  54.96156923  009.78782437 
111  54.96151997  009.78782888 
111  54.96152127  009.78796659 
111  54.96154201  009.78796884 
111  54.96154201  009.78802528 
111  54.96151738  009.78804786 
111  54.96151738  009.78811107 
111  54.96156145  009.78810881 
111  54.96156133  009.78806822 
111  54.96159586  009.78806668 
111  54.96159711  009.78814619 
111  54.96165744  009.78814469 
111  54.96165517  009.78801579 
111  54.96171673  009.78801541 
111  54.96171793  009.78822133 
111  54.96176648  009.78822137 
111  54.96176648  009.78817980 
111  54.96179746  009.78817804 
111  54.96179647  009.78806511 
111  54.96176721  009.78806639 
111  54.96176867  009.78803325 
111  54.96194328  009.78804217 
111  54.96194328  009.78788798 
111  54.96198931  009.78788746 
111  54.96198925  009.78793524 
111  54.96220808  009.78793680 
111  54.96220804  009.78773717 
111  54.96228522  009.78773697 
111  54.96228539  009.78763665 
111  54.96202756  009.78763631 
111  54.96202715  009.78743136 
111  54.96232781  009.78751934 
112  54.96236852  009.78756107  54.96238260  009.78759905 
111  54.96235414  009.78766319 
111  54.96248206  009.78747539 
112  54.96242069  009.78748646  54.96239753  009.78748725 
111  54.96234434  009.78747379 
111  54.96208263  009.78739759 
111  54.96208306  009.78715256 
111  54.96192572  009.78715178 
111  54.96178619  009.78664124 
112  54.96177906  009.78651956  54.96179021  009.78648287  20 
111  54.96179714  009.78647318  20 
112  54.96181513  009.78645815  54.96182794  009.78645455  20 
111  54.96183938  009.78646914  20 
113  54.96221312  009.78684127 
111  54.96123110  009.78592039  20 
112  54.96125557  009.78589937  54.96126647  009.78589700  20 
111  54.96127946  009.78590668  20 
111  54.96145301  009.78607941  20 
112  54.96146510  009.78611917  54.96146601  009.78614370  20 
111  54.96145845  009.78616156  20 
111  54.96144893  009.78618749  20 
113  54.96121896  009.78595417  20 
111  54.96092938  009.78564762  20 
111  54.96093887  009.78561987  20 
112  54.96095901  009.78560128  54.96097000  009.78559867  20 
111  54.96098343  009.78561462  20 
111  54.96116096  009.78579401  20 
112  54.96117455  009.78582542  54.96117805  009.78584979  20 
111  54.96117153  009.78586755  20 
113  54.96116267  009.78589145  20 
110   2 0.00 319.00 ILS Foundation
111  54.96995079  009.78329840 
111  54.96992396  009.78333494 
111  54.96989848  009.78328056 
111  54.96987397  009.78322702 
111  54.96984279  009.78327132 
111  54.97000932  009.78362342 
111  54.97003835  009.78357909 
111  54.96997274  009.78343988 
113  54.96999908  009.78340037 
110   4 0.00   0.00 ILS Service Raod
111  54.96989848  009.78328056 
111  54.96991234  009.78322334 
111  54.96984417  009.78314191 
111  54.96979140  009.78322111 
112  54.96970018  009.78332598  54.96967424  009.78334800 
111  54.96958502  009.78341927 
111  54.96920439  009.78371361 
112  54.96910311  009.78381540  54.96908388  009.78384712 
111  54.96904566  009.78395281 
111  54.96874246  009.78489272 
111  54.96874889  009.78490253 
111  54.96882857  009.78478476 
111  54.96882454  009.78474831 
111  54.96904747  009.78403889 
112  54.96911185  009.78386785  54.96913673  009.78381558 
111  54.96921406  009.78375288 
111  54.96982720  009.78325929 
111  54.96983360  009.78325745 
111  54.96984279  009.78327132 
113  54.96987397  009.78322702 
110   1 0.00 229.00 GS Service Road
111  54.95879627  009.79974378 
111  54.95812088  009.79835388 
111  54.95805135  009.79844797 
111  54.95812571  009.79860732 
111  54.95816600  009.79855027 
113  54.95877294  009.79977764 
130 Airport Boundary 14
111  54.95588462  009.80569174 
111  54.95601812  009.80546827 
111  54.95621331  009.80535622 
111  54.95675545  009.80496352 
111  54.95724468  009.80445781 
111  54.95767361  009.80389944 
111  54.95834292  009.80282024 
111  54.95903406  009.80119663 
111  54.95935323  009.80071675 
111  54.96011326  009.79964501 
111  54.96056785  009.79918384 
111  54.96081049  009.79909621 
111  54.96130985  009.79877422 
111  54.96204479  009.79829483 
111  54.96267784  009.79724862 
111  54.96330650  009.79634105 
111  54.96398376  009.79553360 
111  54.96452513  009.79499151 
111  54.96479287  009.79476362 
111  54.96482133  009.79444299 
111  54.96560356  009.79335671 
111  54.96868719  009.78877286 
111  54.96938141  009.78783526 
111  54.96947060  009.78738568 
111  54.96949002  009.78673440 
111  54.96953433  009.78630463 
111  54.96953433  009.78568464 
111  54.96978232  009.78516466 
111  54.96974328  009.78502866 
111  54.96970195  009.78482866 
111  54.96964457  009.78427055 
111  54.96978004  009.78379855 
111  54.96995225  009.78367056 
111  54.96998899  009.78372256 
111  54.97005266  009.78362276 
111  54.96977644  009.78032174 
111  54.96971234  009.78033054 
111  54.96472794  009.78787588 
111  54.96385241  009.78609974 
111  54.96408700  009.78572657 
111  54.96388162  009.78533336 
111  54.96383736  009.78539196 
111  54.96350778  009.78580644 
111  54.96324395  009.78620594 
111  54.96316480  009.78633106 
111  54.96268670  009.78711369 
111  54.96265626  009.78715879 
111  54.96262523  009.78721013 
111  54.96235754  009.78761484 
111  54.96239402  009.78769143 
111  54.96231156  009.78780110 
111  54.96236653  009.78792644 
111  54.96229423  009.78803410 
111  54.96221139  009.78849719 
111  54.96209876  009.78867732 
111  54.96210661  009.78880276 
111  54.96175900  009.78937231 
111  54.96254386  009.79096111 
111  54.95516017  009.80109655 
111  54.95498637  009.80451606 
113  54.95561155  009.80579896 
120 Turn RWY 14 CL
111  54.96831634  009.78582711  51 
111  54.96843472  009.78565086  51 
112  54.96849318  009.78554427  54.96851402  009.78550619  51 
111  54.96854412  009.78544611  51 
111  54.96881737  009.78489240  51 
112  54.96886590  009.78486020  54.96889502  009.78487147  51 
111  54.96891350  009.78490690  51 
112  54.96897220  009.78535376  54.96890333  009.78558323  51 
115  54.96876052  009.78554458 
120 Turning Area 32 CL
111  54.95746890  009.80200871  51 
111  54.95706516  009.80261119  51 
112  54.95700687  009.80266772  54.95698227  009.80268807  51 
111  54.95691740  009.80271287  51 
111  54.95671334  009.80280134  51 
112  54.95667704  009.80282705  54.95666105  009.80284526  51 
111  54.95666474  009.80289026  51 
112  54.95688497  009.80317631  54.95704245  009.80313667  51 
115  54.95705230  009.80287741 
120 TWY A HS
111  54.96903474  009.78632309  54 104 
115  54.96916422  009.78638978 
120 TWY A HS
111  54.96881006  009.78693174  54 
115  54.96879262  009.78670286 
120 TWY A CL
111  54.96883872  009.78539841  51 
111  54.96902622  009.78577213  51 
112  54.96904073  009.78656069  54.96887589  009.78696499  51 
111  54.96860864  009.78677915  51 
111  54.96820819  009.78653579  51 
112  54.96802216  009.78646279  54.96793038  009.78645032  51 
111  54.96782949  009.78657497  51 
115  54.96746252  009.78712290 
120 Alsie Aviation CL
111  54.96340286  009.78652858  51 
115  54.96373091  009.78602920 
120 TWY B CL
111  54.96333089  009.78733481  51 101 
112  54.96323677  009.78722552  54.96318756  009.78720730  51 101 
111  54.96313588  009.78728338  51 101 
111  54.96297292  009.78752769  51 101 
112  54.96284720  009.78751191  54.96279631  009.78740573  51 101 
111  54.96285906  009.78729624  51 101 
111  54.96303377  009.78703907  51 101 
112  54.96311478  009.78697884  54.96315588  009.78698533  51 101 
111  54.96318571  009.78703907  51 101 
111  54.96426585  009.78922997  57 105 
111  54.96449385  009.78969377  51 105 
111  54.96482962  009.79037335  51 105 
112  54.96502277  009.79055723  54.96513356  009.79058704  51 105 
111  54.96524579  009.79040758  51 105 
111  54.96547909  009.79005981 
111  54.96458503  009.79139287  51 105 
111  54.96482216  009.79103989  51 105 
112  54.96490441  009.79072084  54.96490981  009.79053258  51 105 
115  54.96482962  009.79037335 
120 TWY B EL
111  54.96349087  009.78860956  53 102 
111  54.96380702  009.78862830  53 102 
111  54.96388785  009.78863715  53 102 
111  54.96403296  009.78893128  59 
111  54.96416589  009.78919948  53 102 
111  54.96444392  009.78976180  53 102 
111  54.96479292  009.79047239  53 102 
111  54.96478428  009.79079562 
111  54.96507496  009.79036315  53 102 
111  54.96489498  009.79033039  53 102 
111  54.96454333  009.78962719  53 102 
111  54.96399950  009.78852095  53 102 
115  54.96401136  009.78849143 
120 TWY B HS RWY 14-32
111  54.96454333  009.78962719  54 104 
115  54.96444392  009.78976180 
120 Ramp EL West
111  54.96353402  009.78753405  53 
111  54.96352107  009.78755161  53 
111  54.96343417  009.78737691  53 
111  54.96344896  009.78704523 
111  54.96355154  009.78683050  53 
111  54.96343394  009.78659359  56 
111  54.96337374  009.78647078  53 
111  54.96327096  009.78626573  56 
115  54.96318693  009.78638715 
120 Ramp Edge Main Parking
111  54.96380702  009.78862830  59 
111  54.96324150  009.78747732  59 
115  54.96292448  009.78795352 
120 Ramp Edge Parking East
111  54.96359242  009.78745454  59 
115  54.96405158  009.78838888 
120 TWY D HS
111  54.96078529  009.79888827  54 104 
115  54.96076503  009.79865948 
120 TWY D HS
111  54.96100861  009.79827366  54 
115  54.96113933  009.79834425 
120 TWY D CL
111  54.96140294  009.79616209  51 
111  54.96106521  009.79666468  51 
112  54.96098854  009.79691464  54.96097291  009.79703781  51 
111  54.96100194  009.79727506  51 
111  54.96107376  009.79798289  51 
112  54.96089082  009.79870392  54.96063211  009.79893641  51 
111  54.96044168  009.79857246  51 
111  54.96026229  009.79819230  51 
112  54.96018045  009.79811106  54.96012868  009.79809401  51 
111  54.96003479  009.79820270  51 
111  54.95996045  009.79831379 
111  54.96031550  009.79778399  51 
111  54.96026345  009.79786170  51 
112  54.96022929  009.79803484  54.96023276  009.79811897  51 
115  54.96026229  009.79819230 
120 Road Centre
111  54.96033908  009.78472337  20 
111  54.96029884  009.78485934  20 
111  54.96043968  009.78499250  22 
115  54.96061798  009.78516335 
15   54.96269680  009.78892725  51.63 GA Parking East
15   54.96304965  009.78741257 140.89 Gate Main Ramp
15   54.96364450  009.78586207  51.75 Hanger Lear Jet
15   54.96400100  009.78756409 141.03 Parking West
18   54.96265943  009.78710606 1 BCN
19   54.96425803  009.78849362 1 WS
54 12640 AFIS