1        9 1 0 EPDA DARLOWO
100   29.87   1   0 0.00 1 2 1 04   54.40286796  016.34994266    0.00    0.00 4  7 0 0 22   54.40678536  016.35615210    0.00    0.00 4  3 0 0
102 H1   54.41917797  016.36286500  53.73   28.35   27.13   2 0   0 0.00 1
102 H5   54.41948891  016.36357893  53.72   28.35   27.13   2 0   0 0.00 1
110   2 0.00   0.00 Rampa
112  54.41866528  016.36517822  54.41813187  016.36475714 
111  54.41866528  016.36517822 
111  54.41859892  016.36537560 
111  54.41908384  016.36580546 
111  54.41906513  016.36587611 
111  54.41912628  016.36592282 
111  54.41914254  016.36585371 
111  54.41990054  016.36646340 
111  54.42001284  016.36641953 
111  54.42007920  016.36613443 
114  54.42007920  016.36613443  54.41943604  016.36553790 
110   1 0.00   0.00 Wyjazd
111  54.41579334  016.36324923 
111  54.41978529  016.36654749 
112  54.41978529  016.36654749  54.42007371  016.36678173 
112  54.42074051  016.36634278  54.42108281  016.36639181 
111  54.42074051  016.36634278 
111  54.42076158  016.36628750 
112  54.42076158  016.36628750  54.42043988  016.36619762 
112  54.41980227  016.36648911  54.41956140  016.36627122 
111  54.41980227  016.36648911 
111  54.41912628  016.36592282 
111  54.41906513  016.36587611 
113  54.41580646  016.36316810 
110   1 0.00   0.00 do radaru
111  54.40797472  016.35435114 
112  54.40810201  016.35419940  54.40821984  016.35411138 
111  54.40810201  016.35419940 
111  54.40991827  016.35203425 
112  54.40991827  016.35203425  54.41002561  016.35182206 
111  54.41020772  016.35190661 
111  54.41066623  016.35220589 
111  54.41107608  016.35247877 
111  54.41116829  016.35213987 
111  54.41205714  016.35095589 
111  54.41203152  016.35089867 
111  54.41184197  016.35112755 
111  54.41171133  016.35079744 
111  54.41150897  016.35103952 
111  54.41152178  016.35120237 
111  54.41162424  016.35143125 
111  54.41116829  016.35203424 
111  54.41079175  016.35167333 
111  54.41067648  016.35212667 
111  54.41021284  016.35181854 
112  54.40993876  016.35183615  54.40978788  016.35192065 
111  54.40993876  016.35183615 
112  54.40993876  016.35183615  54.40994645  016.35194178 
111  54.40988241  016.35199899 
111  54.40808104  016.35412414 
112  54.40808104  016.35412414  54.40793677  016.35426321 
113  54.40789917  016.35421968 
110   2 0.00   0.00 New Taxiway 1
112  54.40676589  016.34766255  54.40665812  016.34770884 
111  54.40676589  016.34766255 
111  54.40652621  016.34780766 
112  54.40645088  016.34810964  54.40648368  016.34836522 
111  54.40645088  016.34810964 
112  54.40645088  016.34810964  54.40647196  016.34821429 
111  54.40642349  016.34827435 
111  54.40634360  016.34830965 
111  54.40645088  016.34886261 
111  54.40656501  016.34879594 
112  54.40656501  016.34879594  54.40662944  016.34876777 
111  54.40665632  016.34891359 
111  54.40662208  016.34893300 
111  54.40674189  016.34948607 
111  54.40677045  016.34947440 
112  54.40675676  016.34977246  54.40663025  016.34993547 
111  54.40675676  016.34977246 
112  54.40675676  016.34977246  54.40657285  016.34989522 
112  54.40655261  016.34978251  54.40654089  016.34975233 
111  54.40655261  016.34978251 
111  54.40646458  016.34940773 
112  54.40646458  016.34940773  54.40640484  016.34912799 
112  54.40644175  016.34894105  54.40639607  016.34872571 
111  54.40644175  016.34894105 
111  54.40629338  016.34820376 
111  54.40574783  016.34850966 
111  54.40585968  016.34909007 
112  54.40585968  016.34909007  54.40590887  016.34930340 
111  54.40585968  016.34938812 
111  54.40590305  016.34944695 
112  54.40601261  016.34946263  54.40606884  016.34956125 
111  54.40601261  016.34946263 
112  54.40621577  016.34956069  54.40630362  016.34951239 
111  54.40621577  016.34956069 
112  54.40621577  016.34956069  54.40643364  016.34939969 
112  54.40634131  016.35005091  54.40604262  016.35023204 
111  54.40634131  016.35005091 
111  54.40636414  016.35015288 
112  54.40654903  016.35015288  54.40664391  016.35025551 
111  54.40654903  016.35015288 
112  54.40654903  016.35015288  54.40659003  016.35035815 
111  54.40645088  016.35042740 
111  54.40654675  016.35106273 
111  54.40711970  016.35070978 
111  54.40697817  016.35001170 
112  54.40719385  016.34959619  54.40750778  016.34950563 
111  54.40719385  016.34959619 
111  54.40719502  016.34949010 
111  54.40716078  016.34945088 
112  54.40712883  016.34928616  54.40714171  016.34916943 
111  54.40712883  016.34928616 
111  54.40713111  016.34881555 
113  54.40690284  016.34779197 
111  54.40685830  016.34787248 
111  54.40692624  016.34817033 
112  54.40692624  016.34817033  54.40695084  016.34830517 
111  54.40689461  016.34834341 
111  54.40668611  016.34848026 
112  54.40668611  016.34848026  54.40662169  016.34850844 
111  54.40657366  016.34839976 
111  54.40651627  016.34809990 
112  54.40656546  016.34785236  54.40664863  016.34777990 
111  54.40656546  016.34785236 
111  54.40677396  016.34773965 
114  54.40677396  016.34773965  54.40683839  016.34775777 
111  54.40701409  016.34855673 
111  54.40704221  016.34867749 
112  54.40704221  016.34867749  54.40708555  016.34888679 
111  54.40699887  016.34891295 
111  54.40707266  016.34931144 
112  54.40707266  016.34931144  54.40707969  016.34962539 
111  54.40698598  016.34957709 
111  54.40694030  016.34957709 
112  54.40687470  016.34948250  54.40686299  016.34938188 
111  54.40687470  016.34948250 
111  54.40673414  016.34881434 
112  54.40675757  016.34854265  54.40684308  016.34847623 
111  54.40675757  016.34854265 
111  54.40687822  016.34845611 
114  54.40687822  016.34845611  54.40698012  016.34840378 
111  54.40630659  016.34854267 
111  54.40638976  016.34896127 
112  54.40638976  016.34896127  54.40641904  016.34932754 
111  54.40626325  016.34944024 
112  54.40594464  016.34918264  54.40582165  016.34878819 
111  54.40594464  016.34918264 
111  54.40585914  016.34878417 
112  54.40585914  016.34878417  54.40581228  016.34858292 
111  54.40595167  016.34848229 
111  54.40608404  016.34841588 
114  54.40608404  016.34841588  54.40627145  016.34831525 
111  54.40692367  016.35024343 
111  54.40694557  016.35028550 
112  54.40694557  016.35028550  54.40700613  016.35037405 
111  54.40695330  016.35042054 
112  54.40695330  016.35042054  54.40695588  016.35048031 
111  54.40689274  016.35052680 
111  54.40690047  016.35057550 
111  54.40695845  016.35054451 
111  54.40696490  016.35058214 
111  54.40697392  016.35063084 
111  54.40692109  016.35067069 
111  54.40692624  016.35072161 
111  54.40688243  016.35071718 
111  54.40686439  016.35064634 
111  54.40682960  016.35066405 
111  54.40670591  016.35007297 
111  54.40670849  016.34999106 
111  54.40673812  016.34997778 
111  54.40673297  016.34994457 
112  54.40673297  016.34994457  54.40683218  016.34976304 
112  54.40689532  016.35008183  54.40685151  016.35024343 
113  54.40689532  016.35008183 
110   2 0.00   0.00 New Taxiway 2
111  54.41710483  016.36067586 
111  54.41714158  016.36021798 
111  54.41698126  016.35989083 
111  54.41590249  016.35786479 
111  54.41591251  016.35769834 
111  54.41583903  016.35756634 
111  54.41576222  016.35757208 
111  54.41567872  016.35769834 
111  54.41568874  016.35782461 
111  54.41576222  016.35796236 
111  54.41584905  016.35795088 
111  54.41600937  016.35823786 
111  54.41595259  016.35836413 
111  54.41633667  016.35912748 
111  54.41644355  016.35908156 
111  54.41701800  016.36017207 
111  54.41705808  016.36040165 
112  54.41705808  016.36040165  54.41705474  016.36066566 
113  54.41701187  016.36064733 
110   2 0.00   0.00 New Taxiway 1
111  54.41830870  016.36298533 
111  54.41818471  016.36284372 
111  54.41824862  016.36267035 
111  54.41818183  016.36260251 
111  54.41811473  016.36276809 
111  54.41787502  016.36250121 
111  54.41794500  016.36231031 
111  54.41788428  016.36223205 
111  54.41780837  016.36243033 
111  54.41756547  016.36216422 
111  54.41767204  016.36185140 
111  54.41761102  016.36178853 
111  54.41749260  016.36208047 
111  54.41736205  016.36195028 
111  54.41746528  016.36164765 
111  54.41740455  016.36159025 
111  54.41730132  016.36187723 
111  54.41716773  016.36174157 
111  54.41728436  016.36142824 
111  54.41721712  016.36136232 
111  54.41710700  016.36166330 
112  54.41710700  016.36166330  54.41707590  016.36168469 
111  54.41705835  016.36164015 
111  54.41704855  016.36189872 
112  54.41722238  016.36195550  54.41732192  016.36208024 
111  54.41722238  016.36195550 
113  54.41827254  016.36307509 
110   2 0.00   0.00 New Taxiway 12
111  54.41693550  016.36148609 
112  54.41680973  016.36122174  54.41680225  016.36096453 
111  54.41680973  016.36122174 
111  54.41686960  016.36102454 
111  54.41680697  016.36096650 
112  54.41672990  016.36116601  54.41670496  016.36118744 
111  54.41662513  016.36107599 
112  54.41662513  016.36107599  54.41659641  016.36104519 
111  54.41660767  016.36098596 
111  54.41666127  016.36082283 
111  54.41661266  016.36077162 
111  54.41655529  016.36092595 
112  54.41655529  016.36092595  54.41653608  016.36098094 
111  54.41649791  016.36095595 
111  54.41642307  016.36088308 
112  54.41640561  016.36079734  54.41642097  016.36074234 
111  54.41640561  016.36079734 
111  54.41646299  016.36063015 
111  54.41641310  016.36057013 
111  54.41621603  016.36109742 
111  54.41614369  016.36132034 
111  54.41620106  016.36136749 
111  54.41625844  016.36121317 
112  54.41625844  016.36121317  54.41627252  016.36116037 
111  54.41632080  016.36118744 
111  54.41639813  016.36125604 
112  54.41640312  016.36138035  54.41637240  016.36143975 
111  54.41640312  016.36138035 
111  54.41635822  016.36152611 
111  54.41640312  016.36157326 
111  54.41646798  016.36140608 
112  54.41668001  016.36141036  54.41679394  016.36156875 
111  54.41668001  016.36141036 
113  54.41691890  016.36162303 
110   2 0.00   0.00 New Taxiway 11
111  54.41653394  016.36008992 
111  54.41678607  016.36052749 
112  54.41691311  016.36059057  54.41692808  016.36065916 
111  54.41691311  016.36059057 
111  54.41699859  016.36076715 
111  54.41701187  016.36064733 
112  54.41691061  016.36025133  54.41688816  016.36000269 
111  54.41691061  016.36025133 
113  54.41671376  016.35983018 
110   2 0.00   0.00 New Taxiway 9
111  54.41946976  016.36310271 
111  54.41942556  016.36299914 
112  54.41935727  016.36245370  54.41918853  016.36220514 
111  54.41935727  016.36245370 
112  54.41935727  016.36245370  54.41920862  016.36226728 
111  54.41904792  016.36241227 
112  54.41904792  016.36241227  54.41891132  016.36248822 
111  54.41890731  016.36287486 
112  54.41890731  016.36287486  54.41895552  016.36295771 
111  54.41890329  016.36307509 
112  54.41861805  016.36331674  54.41845735  016.36327532 
111  54.41861805  016.36331674 
111  54.41830870  016.36298533 
111  54.41827254  016.36307509 
111  54.41878678  016.36368958 
112  54.41878678  016.36368958  54.41893543  016.36388290 
111  54.41907604  016.36378624 
111  54.41917648  016.36373791 
111  54.41926888  016.36375862 
112  54.41972688  016.36383457  54.41997998  016.36338579 
111  54.41972688  016.36383457 
112  54.41972688  016.36383457  54.41982330  016.36357220 
111  54.41975500  016.36336507 
114  54.41975500  016.36336507  54.41966259  016.36304057 
111  54.41922469  016.36326151 
111  54.41926486  016.36335126 
112  54.41923674  016.36356530  54.41924879  016.36360673 
111  54.41923674  016.36356530 
112  54.41882294  016.36357220  54.41865420  016.36335126 
111  54.41882294  016.36357220 
112  54.41879482  016.36341340  54.41885508  016.36334436 
111  54.41879482  016.36341340 
111  54.41893141  016.36321318 
112  54.41905997  016.36320627  54.41910416  016.36328912 
111  54.41905997  016.36320627 
114  54.41905997  016.36320627  54.41911220  016.36330984 
110   1 0.00   0.00 New Taxiway 7
111  54.40861634  016.35573113 
111  54.40955793  016.35691085 
112  54.40955793  016.35691085  54.40964848  016.35699901 
111  54.40962869  016.35713364 
111  54.40966877  016.35713728 
112  54.40978370  016.35719038  54.40982294  016.35723187 
111  54.40978370  016.35719038 
111  54.41196842  016.35990024 
112  54.41196842  016.35990024  54.41253309  016.36059763 
111  54.41291137  016.36080736 
111  54.41418966  016.36189133 
111  54.41487031  016.36312372 
112  54.41487031  016.36312372  54.41524088  016.36390200 
112  54.41557420  016.36318076  54.41555606  016.36312231 
111  54.41557420  016.36318076 
112  54.41557420  016.36318076  54.41562183  016.36307554 
111  54.41569041  016.36316365 
111  54.41579334  016.36324923 
111  54.41580646  016.36316810 
111  54.41571875  016.36309100 
112  54.41566717  016.36283272  54.41569892  016.36268853 
111  54.41566717  016.36283272 
111  54.41576678  016.36250749 
112  54.41576678  016.36250749  54.41584842  016.36226977 
111  54.41603677  016.36241954 
112  54.41669086  016.36288821  54.41676569  016.36286483 
111  54.41669086  016.36288821 
112  54.41669086  016.36288821  54.41677703  016.36290769 
111  54.41686246  016.36303238 
111  54.41692886  016.36302668 
111  54.41700191  016.36201674 
112  54.41700191  016.36201674  54.41700871  016.36191151 
111  54.41704855  016.36189872 
111  54.41705835  016.36164015 
112  54.41709144  016.36095382  54.41716174  016.36043940 
111  54.41709144  016.36095382 
111  54.41710195  016.36073565 
111  54.41710483  016.36067586 
111  54.41701187  016.36064733 
111  54.41699859  016.36076715 
112  54.41701187  016.36091550  54.41699599  016.36094668 
111  54.41701187  016.36091550 
111  54.41699527  016.36130921 
112  54.41699527  016.36130921  54.41699753  016.36144561 
111  54.41693550  016.36148609 
111  54.41691890  016.36162303 
112  54.41694945  016.36187398  54.41693126  016.36205324 
111  54.41694945  016.36187398 
111  54.41691384  016.36223149 
111  54.41688386  016.36255357 
112  54.41661022  016.36272427  54.41641519  016.36258397 
111  54.41661022  016.36272427 
112  54.41661022  016.36272427  54.41654672  016.36274766 
111  54.41570499  016.36206078 
111  54.41564867  016.36230079 
111  54.41573241  016.36237267 
111  54.41561591  016.36281021 
112  54.41561591  016.36281021  54.41558416  016.36296610 
111  54.41549508  016.36288851 
111  54.41420124  016.36178866 
111  54.41293884  016.36070034 
112  54.41201592  016.35982286  54.41148654  016.35923665 
111  54.41201592  016.35982286 
111  54.40937482  016.35656575 
113  54.40868606  016.35558879 
111  54.41552767  016.36304122 
112  54.41497983  016.36315533  54.41459800  016.36265325 
111  54.41497983  016.36315533 
113  54.41436226  016.36204276 
110   2 0.00   0.00 New Taxiway 3
111  54.40710231  016.35466461 
112  54.40709899  016.35429384  54.40715818  016.35414785 
111  54.40709899  016.35429384 
111  54.40713535  016.35422149 
111  54.40721940  016.35404982 
111  54.40602701  016.35216404 
111  54.40595217  016.35229690 
111  54.40573016  016.35193690 
113  54.40557168  016.35224022 
110   2 0.00   0.00 New Taxiway 6
111  54.40962869  016.35713364 
111  54.40879468  016.35869223 
112  54.40879468  016.35869223  54.40802885  016.36004232 
111  54.40713789  016.35977741 
112  54.40614832  016.35900459  54.40570880  016.35830004 
111  54.40614832  016.35900459 
112  54.40614832  016.35900459  54.40613791  016.35897288 
111  54.40617831  016.35891121 
111  54.40625328  016.35901425 
111  54.40631513  016.35888545 
111  54.40624016  016.35876953 
111  54.40640134  016.35847973 
111  54.40645382  016.35855701 
111  54.40653628  016.35855379 
111  54.40660188  016.35843787 
111  54.40661875  016.35832517 
111  54.40651379  016.35815773 
111  54.40645115  016.35817181 
111  54.40637268  016.35832013 
111  54.40637323  016.35845075 
111  54.40615207  016.35886291 
112  54.40606024  016.35889511  54.40602088  016.35884681 
111  54.40606024  016.35889511 
111  54.40518874  016.35761678 
112  54.40518124  016.35739138  54.40524309  016.35728835 
111  54.40518124  016.35739138 
111  54.40526933  016.35752662 
111  54.40533118  016.35750086 
111  54.40540427  016.35734630 
111  54.40539199  016.35723629 
111  54.40531562  016.35710509 
111  54.40523559  016.35712413 
111  54.40513439  016.35733664 
112  54.40500507  016.35734308  54.40492823  016.35727869 
111  54.40500507  016.35734308 
111  54.40475018  016.35694059 
112  54.40473518  016.35670876  54.40479516  016.35660250 
111  54.40473518  016.35670876 
111  54.40482515  016.35685366 
111  54.40488699  016.35684078 
111  54.40496571  016.35670232 
111  54.40495599  016.35657278 
111  54.40487735  016.35644339 
111  54.40481765  016.35645439 
111  54.40469958  016.35667334 
112  54.40469958  016.35667334  54.40464897  016.35672485 
111  54.40456089  016.35665080 
111  54.40448592  016.35653166 
112  54.40448592  016.35653166  54.40446718  016.35638999 
111  54.40457400  016.35629661 
111  54.40451403  016.35620001 
112  54.40435472  016.35632881  54.40425727  016.35626763 
111  54.40435472  016.35632881 
111  54.40417855  016.35605190 
112  54.40416918  016.35581363  54.40421603  016.35569772 
111  54.40416918  016.35581363 
111  54.40426851  016.35562366 
111  54.40433036  016.35569772 
111  54.40442969  016.35551418 
111  54.40439971  016.35545945 
111  54.40440345  016.35539505 
111  54.40443748  016.35531940 
111  54.40439439  016.35524148 
111  54.40435660  016.35530811 
111  54.40427226  016.35528557 
111  54.40418980  016.35544657 
111  54.40421791  016.35557858 
111  54.40412795  016.35575567 
112  54.40412795  016.35575567  54.40409046  016.35583938 
111  54.40398551  016.35574601 
111  54.40375498  016.35537895 
112  54.40374561  016.35516000  54.40379996  016.35506663 
111  54.40374561  016.35516000 
111  54.40382995  016.35528880 
111  54.40389555  016.35526304 
111  54.40397426  016.35510527 
111  54.40396805  016.35500382 
111  54.40388415  016.35487136 
111  54.40381121  016.35487666 
111  54.40369501  016.35510205 
112  54.40358818  016.35509883  54.40354508  016.35504409 
111  54.40358818  016.35509883 
111  54.40345511  016.35488954 
112  54.40346074  016.35469957  54.40350009  016.35462230 
111  54.40346074  016.35469957 
111  54.40354695  016.35482836 
111  54.40361255  016.35481226 
111  54.40369313  016.35466093 
111  54.40368685  016.35455578 
111  54.40360521  016.35442721 
111  54.40352071  016.35445486 
111  54.40341388  016.35465450 
112  54.40341388  016.35465450  54.40338577  016.35470280 
111  54.40330705  016.35465128 
111  54.40318148  016.35445810 
112  54.40318148  016.35445810  54.40313463  016.35437438 
111  54.40318148  016.35425203 
111  54.40326582  016.35438082 
111  54.40332205  016.35437760 
111  54.40341575  016.35421661 
111  54.40340565  016.35411553 
111  54.40332627  016.35398697 
111  54.40325270  016.35397835 
111  54.40313275  016.35420052 
112  54.40313275  016.35420052  54.40310651  016.35425525 
111  54.40302405  016.35420374 
111  54.40289848  016.35401055 
112  54.40289286  016.35379161  54.40293784  016.35364028 
111  54.40289286  016.35379161 
111  54.40297345  016.35392040 
111  54.40304279  016.35390752 
111  54.40312526  016.35374653 
111  54.40311537  016.35365971 
111  54.40303827  016.35352335 
111  54.40296595  016.35353725 
111  54.40284788  016.35374009 
112  54.40273917  016.35375941  54.40270169  016.35371756 
111  54.40273917  016.35375941 
111  54.40259673  016.35354369 
112  54.40260610  016.35332154  54.40265671  016.35320885 
111  54.40260610  016.35332154 
111  54.40268482  016.35344388 
111  54.40274292  016.35345354 
111  54.40283288  016.35327646 
111  54.40282510  016.35319220 
111  54.40275480  016.35306753 
111  54.40267920  016.35306074 
111  54.40256044  016.35328349 
112  54.40242056  016.35326680  54.40236621  016.35320563 
111  54.40242056  016.35326680 
111  54.40230623  016.35307684 
112  54.40231373  016.35284502  54.40236621  016.35272589 
111  54.40231373  016.35284502 
111  54.40239620  016.35297381 
111  54.40245992  016.35296737 
111  54.40254426  016.35280639 
111  54.40253029  016.35271691 
111  54.40244865  016.35257276 
111  54.40237183  016.35258423 
111  54.40227062  016.35279351 
112  54.40213943  016.35280317  54.40210382  016.35274521 
111  54.40213943  016.35280317 
111  54.40201199  016.35260999 
112  54.40201948  016.35240393  54.40206072  016.35236207 
111  54.40201948  016.35240393 
111  54.40210570  016.35252949 
111  54.40216942  016.35251017 
111  54.40224064  016.35238139 
111  54.40224001  016.35225330 
111  54.40216971  016.35213643 
111  54.40208883  016.35213025 
111  54.40196888  016.35234275 
112  54.40183769  016.35233632  54.40176647  016.35225261 
111  54.40183769  016.35233632 
111  54.40173273  016.35216568 
112  54.40172898  016.35193386  54.40177022  016.35181474 
111  54.40172898  016.35193386 
111  54.40182082  016.35207875 
111  54.40188079  016.35204977 
111  54.40195576  016.35191133 
111  54.40195427  016.35179749 
111  54.40186130  016.35165335 
111  54.40179833  016.35167308 
111  54.40167651  016.35189201 
112  54.40155469  016.35188235  54.40150783  016.35181152 
111  54.40155469  016.35188235 
111  54.40145160  016.35171171 
112  54.40144598  016.35148312  54.40148909  016.35135111 
111  54.40144598  016.35148312 
111  54.40154157  016.35163444 
111  54.40160154  016.35161512 
111  54.40168400  016.35146058 
111  54.40167534  016.35135337 
111  54.40160050  016.35122871 
111  54.40153969  016.35121589 
111  54.40140475  016.35145414 
112  54.40129042  016.35145736  54.40123420  016.35141229 
111  54.40129042  016.35145736 
111  54.40118172  016.35127706 
112  54.40116726  016.35105161  54.40119912  016.35096468 
111  54.40116726  016.35105161 
111  54.40125206  016.35118665 
111  54.40130661  016.35119960 
111  54.40139517  016.35104826 
111  54.40139640  016.35089367 
111  54.40131930  016.35077680 
111  54.40124166  016.35079306 
111  54.40113674  016.35099373 
112  54.40113674  016.35099373  54.40108989  016.35109032 
111  54.40098681  016.35099052 
111  54.40096619  016.35102915 
112  54.40096619  016.35102915  54.40105615  016.35115150 
111  54.40098868  016.35129316 
111  54.40102054  016.35134789 
112  54.40115548  016.35132536  54.40123045  016.35141228 
111  54.40115548  016.35132536 
111  54.40319648  016.35456112 
111  54.40316649  016.35462874 
112  54.40308028  016.35471567  54.40305591  016.35480582 
111  54.40308028  016.35471567 
111  54.40315524  016.35483480 
112  54.40315524  016.35483480  54.40321147  016.35479616 
111  54.40319648  016.35467060 
111  54.40322471  016.35462155 
111  54.40518667  016.35770176 
112  54.40518667  016.35770176  54.40525602  016.35780802 
111  54.40521832  016.35792725 
111  54.40496519  016.35842257 
112  54.40496519  016.35842257  54.40488459  016.35853205 
111  54.40481843  016.35844331 
111  54.40477617  016.35851073 
111  54.40502066  016.35894633 
111  54.40510518  016.35881668 
111  54.40503273  016.35868186 
111  54.40499349  016.35874927 
112  54.40499349  016.35846924  54.40506097  016.35833401 
111  54.40499349  016.35846924 
111  54.40525152  016.35797213 
112  54.40537381  016.35796623  54.40542816  016.35802741 
111  54.40537381  016.35796623 
111  54.40612539  016.35905007 
112  54.40612539  016.35905007  54.40659187  016.35977866 
111  54.40713958  016.35983319 
112  54.40881516  016.35872397  54.40952112  016.35739960 
111  54.40881516  016.35872397 
113  54.40966877  016.35713728 
110   1 0.00   0.00 Lewa strona
111  54.40686788  016.35598329 
111  54.40724104  016.35530677 
111  54.40743070  016.35495610 
112  54.40777300  016.35504685  54.40796576  016.35532349 
111  54.40777300  016.35504685 
112  54.40777300  016.35504685  54.40801565  016.35549493 
112  54.40861634  016.35573113  54.40895197  016.35610128 
111  54.40861634  016.35573113 
111  54.40868606  016.35558879 
111  54.40802954  016.35444651 
111  54.40797472  016.35435114 
111  54.40789917  016.35421968 
112  54.40789917  016.35421968  54.40781980  016.35429371 
111  54.40770311  016.35405898 
112  54.40770311  016.35405898  54.40765322  016.35431225 
112  54.40748414  016.35459048  54.40745919  016.35461386 
111  54.40748414  016.35459048 
112  54.40748414  016.35459048  54.40740930  016.35473854 
111  54.40713535  016.35422149 
111  54.40709899  016.35429384 
111  54.40739012  016.35475202 
112  54.40710231  016.35466461  54.40692316  016.35444252 
111  54.40710231  016.35466461 
111  54.40557168  016.35224022 
111  54.40491511  016.35120416 
111  54.40478494  016.35099182 
111  54.40357281  016.34909212 
112  54.40357281  016.34909212  54.40342541  016.34885446 
111  54.40330613  016.34910419 
111  54.40295754  016.34977729 
111  54.40319313  016.35014880 
112  54.40321000  016.34954570  54.40335967  016.34925350 
111  54.40321000  016.34954570 
112  54.40321000  016.34954570  54.40343224  016.34907429 
111  54.40363356  016.34938149 
111  54.40708455  016.35485591 
112  54.40708455  016.35485591  54.40716619  016.35510917 
112  54.40700002  016.35552897  54.40684127  016.35583288 
111  54.40700002  016.35552897 
112  54.40700002  016.35552897  54.40685034  016.35581339 
113  54.40665153  016.35563740 
111  54.40814079  016.35479152 
111  54.40793669  016.35513511 
112  54.40767281  016.35473839  54.40764601  016.35465692 
111  54.40767281  016.35473839 
112  54.40767281  016.35473839  54.40765013  016.35473485 
111  54.40769961  016.35466755 
111  54.40783774  016.35438418 
113  54.40788309  016.35434521 
111  54.40855724  016.35551766 
111  54.40803565  016.35520950 
111  54.40813873  016.35502884 
111  54.40821501  016.35515636 
113  54.40829541  016.35506781 
110   1 0.00   0.00 Prawa strona
111  54.40133744  016.35029762 
112  54.40133744  016.35029762  54.40148485  016.35057812 
111  54.40131930  016.35077680 
111  54.40139640  016.35089367 
112  54.40164813  016.35080797  54.40173884  016.35094042 
111  54.40164813  016.35080797 
112  54.40164813  016.35080797  54.40172069  016.35091705 
111  54.40160050  016.35122871 
111  54.40167534  016.35135337 
112  54.40192253  016.35125208  54.40199963  016.35138454 
111  54.40192253  016.35125208 
112  54.40192253  016.35125208  54.40199963  016.35135337 
111  54.40186130  016.35165335 
111  54.40195427  016.35179749 
111  54.40200643  016.35171178 
111  54.40220826  016.35204293 
111  54.40216971  016.35213643 
111  54.40224001  016.35225330 
111  54.40228764  016.35217149 
111  54.40248040  016.35247536 
111  54.40244865  016.35257276 
111  54.40253029  016.35271691 
111  54.40257791  016.35263509 
111  54.40279335  016.35298183 
111  54.40275480  016.35306753 
111  54.40282510  016.35319220 
111  54.40286819  016.35311428 
111  54.40307909  016.35344154 
111  54.40303827  016.35352335 
111  54.40311537  016.35365971 
111  54.40317207  016.35357400 
111  54.40336483  016.35388567 
111  54.40332627  016.35398697 
111  54.40340565  016.35411553 
111  54.40346007  016.35402203 
111  54.40365510  016.35432592 
111  54.40360521  016.35442721 
111  54.40368685  016.35455578 
111  54.40373901  016.35447396 
111  54.40393404  016.35478954 
111  54.40388415  016.35487136 
111  54.40396805  016.35500382 
112  54.40424472  016.35492590  54.40439666  016.35513239 
111  54.40424472  016.35492590 
111  54.40438532  016.35514798 
111  54.40439439  016.35524148 
111  54.40443748  016.35531940 
111  54.40447603  016.35530382 
111  54.40490918  016.35599341 
112  54.40490918  016.35599341  54.40503617  016.35621160 
111  54.40487735  016.35644339 
111  54.40495599  016.35657278 
111  54.40502887  016.35646621 
112  54.40502887  016.35646621  54.40512185  016.35637270 
111  54.40519610  016.35645480 
111  54.40537766  016.35675323 
112  54.40537766  016.35675323  54.40542301  016.35681947 
111  54.40537207  016.35698530 
111  54.40531562  016.35710509 
111  54.40539199  016.35723629 
111  54.40544843  016.35712220 
112  54.40559679  016.35708770  54.40567616  016.35717341 
111  54.40559679  016.35708770 
111  54.40637268  016.35832013 
111  54.40645115  016.35817181 
111  54.40618553  016.35774969 
112  54.40616561  016.35731616  54.40624951  016.35710966 
111  54.40616561  016.35731616 
111  54.40669326  016.35631661 
111  54.40647935  016.35597975 
112  54.40650759  016.35639206  54.40642142  016.35656739 
111  54.40650759  016.35639206 
111  54.40607385  016.35718316 
112  54.40607385  016.35718316  54.40596047  016.35735848 
111  54.40582030  016.35718496 
111  54.40230084  016.35158918 
112  54.40231413  016.35122984  54.40239350  016.35109738 
111  54.40231413  016.35122984 
111  54.40274576  016.35044841 
112  54.40274576  016.35044841  54.40283193  016.35033543 
111  54.40295718  016.35039266 
111  54.40277869  016.35011257 
111  54.40224108  016.35107013 
112  54.40224108  016.35107013  54.40214583  016.35127271 
111  54.40200866  016.35111576 
113  54.40141579  016.35014709 
110   2 0.00   0.00 FORT
111  54.40533391  016.34773801 
111  54.40572863  016.34945420 
111  54.40621442  016.35003322 
111  54.40634194  016.35036707 
111  54.40647857  016.35128515 
111  54.40725585  016.35083659 
111  54.40713136  016.35019496 
111  54.40735301  016.34937597 
111  54.40693401  016.34741978 
111  54.40646643  016.34768060 
113  54.40622657  016.34706506 
111  54.40689454  016.34756063 
111  54.40727103  016.34935509 
111  54.40705546  016.35014799 
111  54.40715869  016.35073223 
111  54.40653019  016.35113390 
111  54.40640874  016.35032014 
111  54.40627818  016.34993933 
111  54.40579846  016.34936031 
111  54.40544322  016.34782145 
111  54.40621138  016.34721113 
113  54.40643607  016.34783189 
110   1 0.00   0.00 New Taxiway 50
111  54.40630768  016.35058634 
112  54.40630768  016.35058634  54.40626000  016.35028025 
111  54.40610945  016.35015092 
111  54.40582088  016.34982328 
111  54.40569792  016.34969395 
111  54.40564021  016.34963791 
112  54.40545703  016.34991383  54.40538677  016.34992245 
111  54.40545703  016.34991383 
111  54.40496020  016.35085793 
111  54.40478957  016.35057772 
111  54.40470174  016.35067256 
112  54.40470174  016.35067256  54.40480462  016.35088380 
111  54.40478450  016.35099322 
111  54.40491511  016.35120416 
111  54.40553482  016.34999572 
111  54.40575564  016.35001727 
111  54.40553482  016.35046562 
111  54.40571047  016.35074584 
111  54.40575564  016.35067687 
111  54.40587106  016.35085362 
112  54.40575062  016.35103038  54.40562265  016.35097864 
111  54.40575062  016.35103038 
111  54.40561512  016.35126749 
111  54.40571549  016.35140544 
112  54.40598649  016.35101744  54.40615210  016.35100451 
111  54.40598649  016.35101744 
111  54.40612450  016.35123731 
112  54.40640303  016.35123300  54.40646827  016.35153046 
111  54.40640303  016.35123300 
112  54.40640303  016.35123300  54.40638045  016.35126749 
111  54.40632775  016.35162962 
111  54.40638045  016.35179775 
113  54.40655610  016.35172015 
111  54.40595387  016.35021128 
112  54.40623240  016.35050012  54.40629011  016.35084931 
111  54.40623240  016.35050012 
112  54.40623240  016.35050012  54.40624746  016.35065532 
111  54.40630266  016.35082345 
112  54.40630266  016.35082345  54.40625247  016.35122007 
112  54.40600657  016.35094416  54.40598398  016.35087949 
111  54.40600657  016.35094416 
111  54.40581084  016.35060358 
112  54.40581084  016.35060358  54.40571549  016.35049581 
112  54.40583343  016.35010781  54.40605173  016.34995261 
113  54.40583343  016.35010781 
110   2 0.00   0.00 New Taxiway 9
111  54.41794527  016.36230712 
112  54.41794527  016.36230712  54.41805095  016.36240135 
112  54.41802142  016.36201126  54.41790885  016.36190884 
111  54.41802142  016.36201126 
112  54.41802142  016.36201126  54.41786581  016.36185194 
112  54.41788236  016.36222747  54.41790554  016.36226161 
113  54.41788236  016.36222747 
110   1 0.00   0.00 New Taxiway 10
111  54.41691384  016.36223149 
111  54.41614417  016.36167554 
111  54.41605478  016.36205106 
111  54.41653485  016.36238675 
111  54.41658120  016.36219899 
112  54.41688386  016.36255357  54.41686867  016.36274316 
113  54.41688386  016.36255357 
110   2 0.00   0.00 New Taxiway 8
111  54.41824862  016.36267035 
112  54.41824862  016.36267035  54.41834340  016.36275476 
112  54.41832601  016.36229007  54.41817041  016.36215920 
111  54.41832601  016.36229007 
112  54.41832601  016.36229007  54.41819358  016.36219903 
112  54.41818183  016.36260251  54.41825947  016.36276703 
113  54.41818183  016.36260251 
110   2 0.00   0.00 New Taxiway 7
111  54.41881701  016.36036684 
112  54.41881701  016.36036684  54.41889427  016.36042507 
112  54.41889025  016.35997004  54.41874250  016.35982897 
111  54.41889025  016.35997004 
112  54.41889025  016.35997004  54.41880269  016.35984778 
112  54.41872881  016.36028510  54.41881300  016.36056546 
111  54.41872881  016.36028510 
114  54.41872881  016.36028510  54.41872672  016.36029160 
110   2 0.00   0.00 New Taxiway 6
111  54.41935332  016.36097344 
112  54.41935332  016.36097344  54.41948465  016.36108160 
112  54.41950590  016.36068952  54.41943476  016.36054374 
111  54.41950590  016.36068952 
112  54.41950590  016.36068952  54.41942108  016.36049202 
112  54.41929859  016.36086058  54.41933206  016.36110217 
113  54.41929859  016.36086058 
110   2 0.00   0.00 New Taxiway 5
111  54.41970082  016.36177757 
112  54.41970082  016.36177757  54.41975836  016.36187796 
112  54.41984268  016.36148287  54.41974400  016.36127795 
111  54.41984268  016.36148287 
112  54.41984268  016.36148287  54.41972961  016.36129915 
112  54.41964883  016.36166001  54.41966878  016.36178416 
113  54.41964883  016.36166001 
110   2 0.00   0.00 New Taxiway 4
111  54.42004836  016.36257076 
112  54.42004836  016.36257076  54.42006271  016.36261469 
112  54.42019658  016.36230913  54.42011688  016.36200674 
111  54.42019658  016.36230913 
112  54.42019658  016.36230913  54.42010560  016.36213121 
112  54.41999086  016.36243121  54.41998327  016.36260230 
113  54.41999086  016.36243121 
110   2 0.00   0.00 New Taxiway 3
111  54.42041497  016.36335763 
112  54.42041497  016.36335763  54.42046236  016.36349034 
112  54.42058918  016.36311467  54.42051106  016.36289209 
111  54.42058918  016.36311467 
112  54.42058918  016.36311467  54.42051517  016.36289209 
112  54.42037119  016.36324006  54.42039968  016.36342233 
111  54.42037119  016.36324006 
114  54.42037119  016.36324006  54.42037354  016.36324152 
110   2 0.00   0.00 New Taxiway 2
111  54.41726284  016.36023053 
111  54.41734492  016.36069136 
112  54.41734492  016.36069136  54.41726831  016.36078070 
111  54.41710195  016.36073565 
111  54.41709144  016.36095382 
112  54.41738870  016.36086535  54.41756382  016.36101112 
111  54.41738870  016.36086535 
111  54.41755288  016.36077130 
111  54.41753372  016.36058791 
111  54.41760760  016.36053619 
113  54.41752004  016.36007536 
110   2 0.00   0.00 New Taxiway 1
111  54.42106619  016.36537507 
111  54.42049432  016.36405362 
111  54.42046621  016.36398449 
111  54.42033562  016.36366330 
112  54.42033562  016.36366330  54.42027542  016.36348460 
111  54.42041497  016.36335763 
111  54.42037119  016.36324006 
112  54.42014682  016.36324947  54.42003464  016.36309428 
111  54.42014682  016.36324947 
111  54.41998812  016.36287796 
112  54.41998812  016.36287796  54.41992519  016.36270396 
111  54.42004832  016.36257229 
111  54.41999086  016.36243121 
112  54.41979385  016.36243121  54.41969261  016.36227132 
111  54.41979385  016.36243121 
111  54.41964883  016.36209264 
112  54.41964883  016.36209264  54.41959137  016.36189984 
111  54.41970082  016.36177757 
111  54.41964883  016.36166001 
112  54.41946003  016.36163650  54.41938341  016.36145780 
111  54.41946003  016.36163650 
111  54.41930406  016.36126029 
112  54.41930406  016.36126029  54.41924387  016.36107219 
111  54.41935332  016.36097344 
111  54.41929859  016.36086058 
112  54.41912074  016.36089349  54.41905507  016.36077123 
111  54.41912074  016.36089349 
112  54.41912074  016.36089349  54.41906054  016.36085117 
111  54.41887174  016.36068190 
112  54.41887174  016.36068190  54.41876229  016.36061137 
111  54.41881701  016.36036684 
111  54.41872672  016.36029160 
112  54.41854613  016.36041857  54.41843941  016.36036214 
111  54.41854613  016.36041857 
111  54.41771979  016.35974613 
112  54.41771979  016.35974613  54.41742427  016.35947340 
112  54.41698126  016.35989083  54.41674321  016.35986262 
111  54.41698126  016.35989083 
111  54.41714158  016.36021798 
112  54.41714158  016.36021798  54.41718176  016.35997978 
112  54.41768969  016.35990131  54.41791953  016.36015054 
111  54.41768969  016.35990131 
111  54.41894014  016.36090291 
112  54.41894014  016.36090291  54.41910158  016.36105809 
111  54.41915904  016.36123678 
111  54.41936973  016.36171643 
112  54.41933143  016.36208323  54.41921377  016.36227133 
111  54.41933143  016.36208323 
112  54.41933143  016.36208323  54.41920862  016.36226728 
112  54.41904959  016.36241710  54.41894668  016.36250632 
111  54.41904959  016.36241710 
112  54.41904959  016.36241710  54.41927776  016.36228060 
112  54.41936152  016.36245472  54.41939831  016.36244899 
111  54.41936152  016.36245472 
112  54.41936152  016.36245472  54.41928065  016.36221387 
112  54.41959137  016.36222430  54.41971723  016.36248764 
111  54.41959137  016.36222430 
111  54.42000727  016.36317422 
112  54.42000727  016.36317422  54.42005926  016.36360216 
112  54.41975500  016.36336507  54.41968670  016.36315794 
111  54.41975500  016.36336507 
112  54.41975500  016.36336507  54.41977634  016.36350419 
112  54.41972688  016.36383457  54.41966538  016.36409519 
111  54.41972688  016.36383457 
112  54.41972688  016.36383457  54.41981313  016.36370018 
112  54.41996623  016.36363508  54.41995255  016.36364448 
111  54.41996623  016.36363508 
112  54.42028637  016.36379026  54.42042044  016.36415236 
111  54.42028637  016.36379026 
113  54.42100600  016.36547381 
110   3 0.00   0.00 METEO
111  54.40578760  016.35142203 
111  54.40589294  016.35160302 
111  54.40598926  016.35141686 
113  54.40587488  016.35123588 
130 Airport Boundary 13
111  54.40109900  016.34650679 
111  54.40076358  016.34716649 
111  54.40152678  016.34805170 
111  54.40033580  016.35060693 
111  54.40166290  016.35386365 
111  54.40251409  016.35512875 
111  54.40287100  016.35497018 
111  54.40351937  016.35728162 
111  54.40393792  016.35726240 
111  54.40428306  016.35953396 
111  54.40517266  016.35938363 
111  54.40611402  016.36105536 
111  54.40709177  016.35991808 
111  54.40804011  016.35987609 
111  54.40866859  016.36198996 
111  54.41018593  016.36172755 
111  54.41172945  016.36450952 
111  54.41226648  016.36412435 
112  54.41427785  016.36221078  54.41465060  016.36186511 
111  54.41427785  016.36221078 
112  54.41427785  016.36221078  54.41524228  016.36461018 
111  54.41573825  016.36328847 
111  54.41996933  016.36673671 
112  54.42072032  016.36642721  54.42101024  016.36641704 
111  54.42072032  016.36642721 
111  54.42113863  016.36538110 
112  54.42113863  016.36538110  54.42084871  016.36458798 
112  54.42109702  016.36337916  54.42166855  016.36231678 
111  54.42109702  016.36337916 
112  54.41951590  016.35999491  54.41900858  016.35857827 
111  54.41951590  016.35999491 
112  54.41951590  016.35999491  54.41824759  016.35831673 
112  54.41592371  016.35720648  54.41408396  016.35409221 
111  54.41592371  016.35720648 
111  54.41539754  016.35798892 
111  54.41616856  016.35928254 
111  54.41590857  016.35993504 
111  54.41563088  016.35985645 
111  54.41532284  016.36065162 
112  54.41532284  016.36065162  54.41475828  016.36227870 
111  54.41351800  016.36095550 
111  54.41306465  016.36051494 
111  54.41210181  016.35964835 
111  54.40857147  016.35519434 
111  54.40814053  016.35437459 
111  54.40994674  016.35209501 
112  54.40994674  016.35209501  54.41010660  016.35193225 
111  54.41024730  016.35201051 
111  54.41110264  016.35252897 
111  54.41115755  016.35229957 
111  54.41119459  016.35214480 
111  54.41210698  016.35095177 
111  54.41183078  016.35032649 
112  54.41135889  016.35091091  54.41132888  016.35102690 
111  54.41135889  016.35091091 
112  54.41135889  016.35091091  54.41128763  016.35102046 
111  54.41154799  016.35148899 
111  54.41116954  016.35194404 
112  54.41078715  016.35156408  54.41046088  016.35141587 
111  54.41078715  016.35156408 
112  54.41078715  016.35156408  54.41072715  016.35156408 
111  54.41069769  016.35202254 
111  54.41026330  016.35177526 
112  54.40986194  016.35189625  54.40973761  016.35214039 
111  54.40986194  016.35189625 
112  54.40986194  016.35189625  54.40978497  016.35187591 
112  54.40803108  016.35405846  54.40799556  016.35416018 
111  54.40803108  016.35405846 
112  54.40803108  016.35405846  54.40792451  016.35427208 
111  54.40767287  016.35381182 
111  54.40735669  016.35399127 
112  54.40642059  016.35242184  54.40634263  016.35227301 
111  54.40642059  016.35242184 
112  54.40642059  016.35242184  54.40619536  016.35187118 
111  54.40663280  016.35173190 
111  54.40655325  016.35135229 
111  54.40732220  016.35088156 
111  54.40718078  016.35018306 
111  54.40731336  016.34979585 
111  54.40749455  016.34966678 
111  54.40699959  016.34732074 
111  54.40662396  016.34750295 
112  54.40641183  016.34744981  54.40633405  016.34727442 
111  54.40641183  016.34744981 
111  54.40622623  016.34691834 
111  54.40526283  016.34759415 
111  54.40562963  016.34940866 
111  54.40538215  016.34986419 
111  54.40483858  016.34903665 
111  54.40441434  016.34990215 
111  54.40341559  016.34839897 
111  54.40371610  016.34773089 
112  54.40368516  016.34709317  54.40352474  016.34680089 
111  54.40368516  016.34709317 
111  54.40250346  016.34473757 
111  54.40238591  016.34489927 
111  54.40220472  016.34458801 
111  54.40174733  016.34523937 
111  54.40273502  016.34723748 
112  54.40200585  016.34782962  54.40175307  016.34843924 
113  54.40200585  016.34782962 
120 Linear Feature 21
111  54.40607635  016.35523170  20 
111  54.40606386  016.35525315  20 
115  54.40605069  016.35523528 
120 Linear Feature 20
111  54.40619147  016.35496719  20 
111  54.40620604  016.35498982  20 
115  54.40619286  016.35501127 
120 Linear Feature 19
111  54.40592100  016.35498744  20 
111  54.40590990  016.35501127  20 
115  54.40592308  016.35503272 
120 Linear Feature 18
111  54.40606525  016.35476820  20 
111  54.40605138  016.35474795  20 
115  54.40603890  016.35476701 
120 Linear Feature 17
111  54.40595776  016.35508395  20 
115  54.40601879  016.35517928 
120 Linear Feature 16
111  54.40610131  016.35482420  20 
115  54.40615749  016.35491357 
120 Linear Feature 15
111  54.40600769  016.35483016  20 
115  54.40595360  016.35492906 
120 Linear Feature 14
111  54.40616165  016.35507204  20 
115  54.40610894  016.35516974 
120 Linear Feature 13
111  54.40598411  016.35497314  20 
111  54.40603474  016.35504702  20 
115  54.40608120  016.35512208 
120 Linear Feature 12
111  54.40603682  016.35487425  20 
111  54.40608398  016.35495170  20 
115  54.40613252  016.35502676 
120 Linear Feature 6
111  54.40352084  016.35107974  20 
111  54.40356987  016.35116003  20 
115  54.40361849  016.35123963 
120 Linear Feature 11
111  54.40345753  016.35109809  20 
111  54.40344761  016.35112037  20 
115  54.40346210  016.35114265 
120 Linear Feature 10
111  54.40360094  016.35088184  20 
111  54.40358950  016.35085694  20 
115  54.40357424  016.35088184 
120 Linear Feature 9
111  54.40361315  016.35134186  20 
111  54.40360018  016.35136545  20 
115  54.40358569  016.35134448 
120 Linear Feature 8
111  54.40372682  016.35107712  20 
111  54.40374131  016.35109809  20 
115  54.40372682  016.35112561 
120 Linear Feature 7
111  54.40362183  016.35106384  20 
115  54.40356987  016.35116003 
120 Linear Feature 5
111  54.40357348  016.35098407  20 
111  54.40362183  016.35106384  20 
115  54.40366960  016.35114265 
120 Linear Feature 4
111  54.40354516  016.35093411  20 
115  54.40348956  016.35103806 
120 Linear Feature 3
111  54.40349774  016.35120381  20 
115  54.40355497  016.35129371 
120 Linear Feature 2
111  54.40369887  016.35118414  20 
115  54.40364655  016.35128528 
120 Linear Feature 1
111  54.40363837  016.35093411  20 
115  54.40369560  016.35102401 
120 Linear Feature 49
111  54.40278560  016.35009477 102 
111  54.40224108  016.35107013 
112  54.40224108  016.35107013  54.40214983  016.35125432 102 
111  54.40200866  016.35111576 102 
115  54.40141579  016.35014709 
120 Linear Feature 48
111  54.40478450  016.35099322 102 
111  54.40357281  016.34909212 102 
112  54.40330278  016.34910878  54.40315678  016.34937112 
111  54.40330278  016.34910878 102 
115  54.40294948  016.34978718 
120 Linear Feature 47
111  54.40556821  016.35222991 102 
115  54.40491511  016.35120416 
120 Linear Feature 45
111  54.40319313  016.35014880 102 
112  54.40321000  016.34954570  54.40336038  016.34926240 
111  54.40321000  016.34954570 
112  54.40321000  016.34954570  54.40332685  016.34933424 102 
112  54.40363356  016.34938149  54.40380807  016.34958224 
111  54.40363356  016.34938149 102 
111  54.40708455  016.35485591 
112  54.40708455  016.35485591  54.40713129  016.35501118 102 
112  54.40700002  016.35552897  54.40680214  016.35589838 
111  54.40700002  016.35552897 
112  54.40700002  016.35552897  54.40685034  016.35581339 102 
115  54.40665886  016.35562421 
120 Linear Feature 44
111  54.40739012  016.35475202 102 
112  54.40710231  016.35466461  54.40694350  016.35445080 
111  54.40710231  016.35466461 
112  54.40710231  016.35466461  54.40703980  016.35443984 102 
115  54.40709899  016.35429384 
120 Linear Feature 43
111  54.40686788  016.35598329 102 
115  54.40743070  016.35495610 
120 Linear Feature 42
111  54.40618553  016.35774969 102 
112  54.40616561  016.35731616  54.40624951  016.35710966 
111  54.40616561  016.35731616 102 
115  54.40669326  016.35631661 
120 Linear Feature 17
111  54.41895305  016.36230809 102 
115  54.41831797  016.36083387 
120 Linear Feature 16
111  54.41967541  016.36395303 102 
115  54.42040079  016.36558763 
120 Linear Feature 15
111  54.41926486  016.36335126 102 
112  54.41923674  016.36356530  54.41925730  016.36361476 
111  54.41923674  016.36356530 
112  54.41923674  016.36356530  54.41913395  016.36365716 102 
112  54.41882294  016.36357220  54.41869548  016.36343088 
111  54.41882294  016.36357220 
112  54.41882294  016.36357220  54.41875099  016.36350154 102 
111  54.41879482  016.36341340 102 
111  54.41893141  016.36321318 
112  54.41893141  016.36321318  54.41897664  016.36314605 102 
111  54.41905997  016.36320627 102 
116  54.41922469  016.36326151  54.41933718  016.36321318 
120 Linear Feature 14
112  54.42037354  016.36324152  54.42021667  016.36338611 102 
111  54.42014682  016.36324947 102 
111  54.41998812  016.36287796 102 
116  54.42004836  016.36257076  54.42016745  016.36234405 
120 Linear Feature 13
112  54.42033562  016.36366330  54.42028865  016.36348557 102 
115  54.42041497  016.36335763 
120 Linear Feature 34
111  54.41999086  016.36243121 102 
112  54.41979385  016.36243121  54.41968530  016.36229907 
111  54.41979385  016.36243121 102 
111  54.41964883  016.36209264 
112  54.41964883  016.36209264  54.41960586  016.36189832 102 
115  54.41970082  016.36177757 
120 Linear Feature 33
111  54.41964883  016.36166001 102 
112  54.41946003  016.36163650  54.41938177  016.36149683 
111  54.41946003  016.36163650 102 
111  54.41930406  016.36126029 
112  54.41930406  016.36126029  54.41925028  016.36111800 102 
115  54.41935332  016.36097344 
120 Linear Feature 32
111  54.41929859  016.36086058 102 
112  54.41912074  016.36089349  54.41901606  016.36080434 
111  54.41912074  016.36089349 102 
111  54.41887174  016.36068190 
112  54.41887174  016.36068190  54.41876229  016.36061137 102 
115  54.41881701  016.36036684 
120 Linear Feature 31
111  54.41872672  016.36029160 102 
112  54.41854613  016.36041857  54.41844379  016.36039270 
111  54.41854613  016.36041857 102 
111  54.41771979  016.35974613 
112  54.41771979  016.35974613  54.41745492  016.35947198 102 
116  54.41698126  016.35989083  54.41680067  016.35985463 
120 Linear Feature 24
111  54.41890329  016.36307509 102 
116  54.41861805  016.36331674  54.41844919  016.36332812 
120 Linear Feature 23
111  54.41878678  016.36368958 102 
112  54.41907604  016.36378624  54.41919523  016.36370089 
111  54.41907604  016.36378624 102 
111  54.41917863  016.36376529 102 
115  54.41926888  016.36375862 
120 Linear Feature 21
112  54.41705835  016.36164015  54.41701922  016.36153153 102 
115  54.41709144  016.36095382 
120 Linear Feature 19
111  54.41710483  016.36067586 102 
111  54.41714158  016.36021798 102 
116  54.41768969  016.35990131  54.41809903  016.36012373 
120 Linear Feature 29
111  54.41768969  016.35990131 102 
111  54.41894014  016.36090291 
112  54.41894014  016.36090291  54.41907860  016.36106843 102 
111  54.41915904  016.36123678 102 
115  54.41936973  016.36171643 
120 Linear Feature 28
112  54.41699859  016.36076715  54.41702531  016.36086254 102 
111  54.41701187  016.36091550 102 
111  54.41699527  016.36130921 
112  54.41699527  016.36130921  54.41699753  016.36144561 102 
115  54.41693550  016.36148609 
120 Linear Feature 27
111  54.41701800  016.36017207 102 
111  54.41705808  016.36040165 102 
116  54.41701187  016.36064733  54.41697897  016.36064379 
120 Linear Feature 26
111  54.41936973  016.36171643 102 
112  54.41933143  016.36208323  54.41923882  016.36220254 
111  54.41933143  016.36208323 
112  54.41933143  016.36208323  54.41924323  016.36219593 102 
115  54.41904959  016.36241710 
120 Linear Feature 25
112  54.41935727  016.36245370  54.41932561  016.36225549 102 
112  54.41959137  016.36222430  54.41975871  016.36248469 
111  54.41959137  016.36222430 102 
111  54.42000727  016.36317422 
112  54.42000727  016.36317422  54.42005476  016.36366002 102 
116  54.41975500  016.36336507  54.41972334  016.36322128 
120 Linear Feature 35
111  54.40759390  016.35441404  20 
115  54.40768674  016.35456493 
120 Linear Feature 29
111  54.40195925  016.35143393  20 
115  54.40410282  016.35483477 
120 Linear Feature 34
111  54.40812561  016.35502640  20 
115  54.40802792  016.35520308 
120 Linear Feature 33
111  54.40811361  016.35500873  20 
115  54.40801421  016.35519130 
120 Linear Feature 32
111  54.40810161  016.35498812  20 
115  54.40799878  016.35517658 
120 Linear Feature 31
111  54.40809305  016.35496456  20 
115  54.40797822  016.35516186 
120 Linear Feature 30
111  54.40809647  016.35491156  20 
115  54.40796451  016.35514419 
120 Linear Feature 11
111  54.41588496  016.35776605  20 
111  54.41587347  016.35783843  20 
111  54.41589517  016.35787353  20 
111  54.41587219  016.35791082  20 
111  54.41584539  016.35787572  20 
111  54.41580581  016.35789985  20 
111  54.41579943  016.35762565  20 
111  54.41576114  016.35764540  20 
111  54.41574455  016.35761907  20 
111  54.41571646  016.35765856  20 
111  54.41573433  016.35768269  20 
113  54.41572284  016.35775288  20 
120 Linear Feature 3
111  54.40660188  016.35843787  20 
111  54.40637268  016.35832013  20 
111  54.40645115  016.35817181  20 
113  54.40653628  016.35855379  20 
120 Linear Feature 36
111  54.40557320  016.35235232   1 
116  54.40572265  016.35234320  54.40579121  016.35226289 
120 Linear Feature 28
112  54.40659754  016.35585762  54.40676792  016.35604130   1 
111  54.40689890  016.35581189   1 
111  54.40716488  016.35532473   1 
112  54.40709713  016.35474272  54.40688134  016.35446680 
111  54.40709713  016.35474272   1 
111  54.40661719  016.35398517   1 
111  54.40646163  016.35373965   1 
111  54.40627221  016.35344067   1 
111  54.40611814  016.35319748   1 
111  54.40596129  016.35295989   1 
111  54.40578979  016.35269129   1 
111  54.40572711  016.35259613   1 
111  54.40557320  016.35235232   1 
111  54.40363934  016.34928496   1 
112  54.40335329  016.34917719  54.40324037  016.34939705 
111  54.40335329  016.34917719   1 
111  54.40305468  016.34972467 
112  54.40305468  016.34972467  54.40292671  016.34997470   1 
116  54.40315920  016.35040320  54.40326703  016.35055283 
120 Linear Feature 6
112  54.40315920  016.35040320  54.40305136  016.35025357   1 
112  54.40278177  016.35025713  54.40262416  016.35048514 
111  54.40278177  016.35025713   1 
111  54.40221977  016.35127604 
112  54.40221977  016.35127604  54.40214304  016.35145416   1 
115  54.40223221  016.35160021 
120 Linear Feature 10
111  54.40230272  016.35170709   1 
112  54.40230480  016.35200637  54.40223429  016.35216312 
111  54.40230480  016.35200637   1 
115  54.40220526  016.35218449 
120 Linear Feature 9
111  54.40221977  016.35127604   1 
112  54.40208290  016.35146485  54.40204350  016.35148266 
111  54.40208290  016.35146485 
112  54.40208290  016.35146485  54.40201032  016.35150760   1 
115  54.40191285  016.35173204 
120 Linear Feature 8
111  54.40191493  016.35109789   1 
112  54.40172206  016.35112284  54.40162667  016.35127603 
111  54.40172206  016.35112284   1 
115  54.40163704  016.35129029 
120 Linear Feature 7
111  54.40221977  016.35127604   1 
116  54.40203313  016.35127960  54.40193359  016.35115136 
120 Linear Feature 3
111  54.40136330  016.35083782   1 
111  54.40146699  016.35065257 
112  54.40146699  016.35065257  54.40156653  016.35053145   1 
111  54.40162667  016.35064901   1 
111  54.40191493  016.35109789   1 
111  54.40203313  016.35128314   1 
111  54.40223221  016.35160021   1 
111  54.40230272  016.35170709   1 
111  54.40248729  016.35200278   1 
111  54.40259098  016.35216666   1 
111  54.40276725  016.35245523   1 
111  54.40286472  016.35261555   1 
111  54.40305497  016.35291648   1 
111  54.40316182  016.35308549   1 
111  54.40337627  016.35342472   1 
111  54.40344570  016.35353454   1 
111  54.40366617  016.35388327   1 
111  54.40372899  016.35398264   1 
111  54.40393244  016.35430446   1 
111  54.40401626  016.35443704   1 
111  54.40422512  016.35476742   1 
111  54.40500353  016.35600326   1 
111  54.40521245  016.35633494   1 
111  54.40539164  016.35661944   1 
111  54.40563467  016.35700528   1 
111  54.40589028  016.35741111   1 
111  54.40605732  016.35767630   1 
115  54.40641089  016.35823766 
120 Linear Feature 5
111  54.40605628  016.35737186   1 
116  54.40589028  016.35741111  54.40580940  016.35731491 
120 Linear Feature 4
111  54.40659754  016.35585762   1 
112  54.40663486  016.35629942  54.40655399  016.35648469 
111  54.40663486  016.35629942   1 
111  54.40605628  016.35737186 
112  54.40605628  016.35737186  54.40598577  016.35752151   1 
115  54.40605628  016.35767827 
120 Linear Feature 18
111  54.40372899  016.35398264   1 
116  54.40375556  016.35429553  54.40369729  016.35446925 
120 Linear Feature 17
111  54.40393244  016.35430446   1 
112  54.40375556  016.35429553  54.40367158  016.35441036 
111  54.40375556  016.35429553   1 
115  54.40364416  016.35449281 
120 Linear Feature 16
111  54.40401626  016.35443704   1 
116  54.40403321  016.35474308  54.40396980  016.35490797 
120 Linear Feature 15
111  54.40422512  016.35476742   1 
112  54.40403321  016.35474308  54.40393552  016.35487852 
111  54.40403321  016.35474308   1 
115  54.40392866  016.35494036 
120 Linear Feature 14
111  54.40500353  016.35600326   1 
116  54.40501869  016.35634191  54.40493985  016.35651564 
120 Linear Feature 13
111  54.40521245  016.35633494   1 
112  54.40501869  016.35634191  54.40491757  016.35648914 
111  54.40501869  016.35634191   1 
115  54.40492271  016.35651564 
120 Linear Feature 12
112  54.40539060  016.35661869  54.40551675  016.35682261   1 
115  54.40544544  016.35700443 
120 Linear Feature 11
112  54.40563467  016.35700528  54.40549980  016.35687065   1 
111  54.40544544  016.35700443   1 
115  54.40535632  016.35718110 
120 Linear Feature 27
111  54.40248729  016.35200278   1 
116  54.40230480  016.35200637  54.40221544  016.35213368 
120 Linear Feature 26
111  54.40259098  016.35216666   1 
116  54.40259870  016.35246119  54.40254557  016.35263785 
120 Linear Feature 25
111  54.40276725  016.35245523   1 
112  54.40259870  016.35246119  54.40252843  016.35257013 
111  54.40259870  016.35246119   1 
115  54.40249587  016.35265845 
120 Linear Feature 24
111  54.40286472  016.35261555   1 
116  54.40289691  016.35292933  54.40284378  016.35313249 
120 Linear Feature 23
111  54.40305497  016.35291648   1 
112  54.40289691  016.35292933  54.40283179  016.35302649 
111  54.40289691  016.35292933   1 
115  54.40278894  016.35312071 
120 Linear Feature 22
111  54.40316182  016.35308549   1 
116  54.40318998  016.35339160  54.40313857  016.35355942 
120 Linear Feature 21
111  54.40337627  016.35342472   1 
112  54.40318998  016.35339160  54.40311800  016.35349759 
111  54.40318998  016.35339160   1 
115  54.40307687  016.35359181 
120 Linear Feature 20
112  54.40344570  016.35353454  54.40353311  016.35370236   1 
115  54.40347449  016.35385091 
120 Linear Feature 19
111  54.40366617  016.35388327   1 
112  54.40347449  016.35385091  54.40338194  016.35396574 
111  54.40347449  016.35385091   1 
115  54.40336651  016.35404524 
120 Linear Feature 40
111  54.40647935  016.35597975 102 
112  54.40650759  016.35639206  54.40642969  016.35663785 
111  54.40650759  016.35639206 102 
111  54.40607385  016.35718316 
112  54.40607385  016.35718316  54.40593788  016.35735350 102 
111  54.40582030  016.35718496 102 
111  54.40230084  016.35158918 102 
112  54.40231413  016.35122984  54.40239350  016.35109738 
111  54.40231413  016.35122984 102 
111  54.40274576  016.35044841 102 
116  54.40295045  016.35040086  54.40305687  016.35045388 
120 Linear Feature 41
112  54.40663725  016.35365228  54.40656530  016.35380769   1 
115  54.40661719  016.35398517 
120 Linear Feature 40
112  54.40663725  016.35365228  54.40656530  016.35380769   1 
115  54.40646163  016.35373965 
120 Linear Feature 39
112  54.40629394  016.35315427  54.40622610  016.35331674   1 
115  54.40627221  016.35344067 
120 Linear Feature 38
112  54.40629394  016.35315427  54.40620143  016.35329202   1 
115  54.40611814  016.35319748 
120 Linear Feature 37
112  54.40594857  016.35265627  54.40588484  016.35282227   1 
115  54.40596129  016.35295989 
120 Linear Feature 36
112  54.40594857  016.35265627  54.40588484  016.35276222   1 
115  54.40578979  016.35269129 
120 Linear Feature 35
112  54.40572265  016.35234320  54.40567743  016.35244915   1 
115  54.40572711  016.35259613 
14   54.40529356  016.35127053  328 0 TOWER
18   54.40502021  016.35025311 3 BEACON
19   54.40566874  016.35193139 0 New Windsock 2
50 12850 DARLOWO INFO
54 12950 DARLOWO TOWER
55 13300 DARLOWO APPROACH
1        6 0 0 EPWI WICKO MORSKIE
100   48.77   1   0 0.00 0 0 0 02   54.55042152  016.61867776    0.00    0.00 0  0 0 0 20   54.55742943  016.62407369    0.00    0.00 0  0 0 0
100   49.99   1   0 0.00 0 0 0 09   54.55416535  016.60885400    0.00    0.00 0  0 0 0 27   54.55315050  016.62725467    0.00    0.00 0  0 0 0
110   2 0.00   0.00 New Taxiway 6
111  54.55120524  016.61092398 
112  54.55120524  016.61092398  54.55118316  016.61077173 
112  54.55101922  016.61017735  54.55091620  016.60989822 
111  54.55101922  016.61017735 
111  54.55038994  016.60849116 
112  54.55038994  016.60849116  54.55033843  016.60830719 
111  54.55035297  016.60821245 
111  54.55030532  016.60823741 
111  54.55025044  016.60830763 
111  54.55094922  016.61019763 
112  54.55094922  016.61019763  54.55108536  016.61063535 
112  54.55112243  016.61098308  54.55112979  016.61111630 
113  54.55112243  016.61098308 
110   2 0.00   0.00 New Taxiway 5
111  54.54948013  016.60625255 
111  54.55025044  016.60830763 
111  54.55035297  016.60821245 
112  54.55047128  016.60780451  54.55067733  016.60764592 
111  54.55047128  016.60780451 
111  54.55085775  016.60738297 
112  54.55088930  016.60685265  54.55074948  016.60644031 
111  54.55088930  016.60685265 
111  54.55057381  016.60596879 
112  54.55028987  016.60592890  54.55012429  016.60614459 
111  54.55028987  016.60592890 
111  54.54986396  016.60639032 
112  54.54986396  016.60639032  54.54967999  016.60663139 
113  54.54957213  016.60618635 
110   2 0.00   0.00 New Taxiway 3
111  54.55077664  016.61931707 
111  54.55051222  016.61840906 
111  54.55033669  016.61912853 
111  54.55114458  016.62522581 
112  54.55114458  016.62522581  54.55138481  016.62687211 
112  54.55202035  016.62710279  54.55225450  016.62712377 
111  54.55202035  016.62710279 
111  54.55274104  016.62720244 
111  54.55280794  016.62720244 
111  54.55295390  016.62720768 
111  54.55336442  016.62725487 
111  54.55565327  016.62763887 
112  54.55565327  016.62763887  54.55609097  016.62758559 
112  54.55671547  016.62674627  54.55707250  016.62561262 
111  54.55671547  016.62674627 
111  54.55704692  016.62556646 
111  54.55714727  016.62562938 
111  54.55732060  016.62503684 
111  54.55721721  016.62495294 
111  54.55734189  016.62440759 
111  54.55724458  016.62433418 
111  54.55659991  016.62667286 
112  54.55659991  016.62667286  54.55626348  016.62756380 
112  54.55565038  016.62741219  54.55518692  016.62738555 
111  54.55565038  016.62741219 
111  54.55364418  016.62711851 
112  54.55364418  016.62711851  54.55342572  016.62707815 
111  54.55339787  016.62674099 
111  54.55295694  016.62687208 
112  54.55277145  016.62697170  54.55265130  016.62694748 
111  54.55277145  016.62697170 
111  54.55205685  016.62688253 
112  54.55205685  016.62688253  54.55178621  016.62681437 
112  54.55128142  016.62517328  54.55111417  016.62386253 
111  54.55128142  016.62517328 
111  54.55055465  016.61979921 
114  54.55055465  016.61979921  54.55047863  016.61929065 
110   2 0.00   0.00 New Taxiway 2
111  54.55051222  016.61840906 
111  54.55114957  016.61885837 
112  54.55112933  016.61816054  54.55138836  016.61773487 
111  54.55112933  016.61816054 
111  54.55336755  016.61271742 
112  54.55336755  016.61271742  54.55352539  016.61235452 
111  54.55374396  016.61271742 
111  54.55380871  016.61161476 
111  54.55484485  016.60920007 
111  54.55480033  016.60908143 
111  54.55448058  016.60889300 
113  54.55437130  016.60887905 
110   2 0.00   0.00 New Taxiway 1
111  54.55395844  016.60889975 
111  54.55183789  016.61043655 
111  54.55173015  016.61051254 
111  54.55120524  016.61092398 
111  54.55112243  016.61098308 
111  54.55046485  016.61152117 
111  54.55028053  016.61165243 
112  54.54962918  016.61186352  54.54941556  016.61155156 
111  54.54962918  016.61186352 
112  54.54964387  016.61128094  54.54983738  016.61094731 
111  54.54964387  016.61128094 
111  54.54890437  016.60973583 
111  54.54864970  016.61020021 
111  54.54938583  016.61165437 
112  54.54938583  016.61165437  54.54953159  016.61192734 
112  54.54912627  016.61252404  54.54895035  016.61286633 
111  54.54912627  016.61252404 
111  54.54847581  016.61345973 
111  54.54855417  016.61363013 
111  54.54944459  016.61228762 
112  54.54944459  016.61228762  54.54958030  016.61215764 
111  54.54960621  016.61249871 
111  54.55033669  016.61912853 
111  54.55051222  016.61840906 
112  54.55029674  016.61791090  54.55023139  016.61752961 
111  54.55029674  016.61791090 
111  54.54975313  016.61265069 
112  54.54996861  016.61212718  54.55026516  016.61202319 
111  54.54996861  016.61212718 
111  54.55356328  016.60945889 
112  54.55356328  016.60945889  54.55385222  016.60917179 
113  54.55390119  016.60972910 
130 Airport Boundary 4
111  54.55669870  016.62730244 
111  54.55759625  016.62365069 
112  54.55503583  016.62132938  54.55476336  016.62114392 
111  54.55503583  016.62132938 
112  54.55503583  016.62132938  54.55451240  016.62092138 
111  54.55452773  016.62001535 
111  54.55429083  016.61916295 
111  54.55469693  016.61001527 
111  54.55491039  016.60906315 
111  54.55403268  016.60430960 
112  54.55403268  016.60430960  54.55393820  016.60383902 
112  54.55357267  016.60366915  54.55322624  016.60381394 
111  54.55357267  016.60366915 
111  54.55115579  016.60514312 
111  54.54913179  016.60638469 
112  54.54913179  016.60638469  54.54727366  016.60776013 
111  54.54832810  016.60998744 
111  54.54920350  016.61211528 
111  54.54840531  016.61317726 
111  54.54846604  016.61346145 
111  54.54855280  016.61361102 
111  54.54929894  016.61546575 
111  54.54945494  016.61592653 
111  54.55019256  016.61916023 
111  54.55117295  016.62650473 
112  54.55190173  016.62789585  54.55246862  016.62814923 
111  54.55190173  016.62789585 
111  54.55232928  016.62991984 
111  54.55379752  016.62987257 
112  54.55424962  016.62869013  54.55452257  016.62856344 
111  54.55424962  016.62869013 
114  54.55424962  016.62869013  54.55607626  016.62879873 
19   54.55005186  016.61126212 0 New Windsock 1
1300  54.54897596  016.61041418  45.91 hangar jets|props New Ramp Start 2
1300  54.55271087  016.61351445  39.14 gate heavy|props New Ramp Start 3
1      250 1 0 EP73 ZEGRZE POMORSKIE
100   60.05   1   0 0.00 0 0 0 07   54.03853839  016.24551486    0.00    0.00 1  0 0 0 25   54.04614347  016.28185957    0.00    0.00 1  0 0 0
110   2 0.00   0.00 New Taxiway 24
111  54.03747928  016.25047134 
111  54.03782432  016.25040656 
111  54.03781132  016.25015865 
113  54.03746826  016.25019459 
110   2 0.00   0.00 New Taxiway 22
111  54.05169448  016.27836360 
112  54.05216503  016.27808544  54.05225528  016.27801590 
111  54.05216503  016.27808544 
112  54.05216503  016.27808544  54.05220371  016.27808910 
112  54.05210917  016.27765356  54.05187067  016.27758402 
111  54.05210917  016.27765356 
112  54.05210917  016.27765356  54.05198240  016.27761330 
112  54.05164291  016.27810740  54.05153333  016.27817694 
113  54.05164291  016.27810740 
112  54.05210702  016.27771212  54.05223809  016.27773774 
111  54.05210702  016.27771212 
112  54.05210702  016.27771212  54.05222520  016.27775238 
112  54.05214140  016.27803054  54.05205975  016.27812936 
111  54.05214140  016.27803054 
112  54.05214140  016.27803054  54.05205545  016.27809642 
111  54.05171596  016.27828308 
112  54.05169018  016.27813668  54.05173315  016.27804518 
111  54.05169018  016.27813668 
114  54.05169018  016.27813668  54.05181910  016.27800492 
110   2 0.00   0.00 New Taxiway 9
111  54.04467765  016.28231821 
111  54.04441577  016.28115356 
111  54.04450713  016.28108225 
111  54.04446907  016.28090722 
111  54.04437010  016.28097853 
111  54.04411693  016.27988451 
111  54.04423212  016.27981492 
111  54.04420831  016.27969333 
111  54.04425590  016.27966256 
111  54.04423687  016.27955884 
111  54.04402751  016.27968201 
113  54.04463113  016.28234505 
110   2 0.00   0.00 New Taxiway 8
111  54.04181533  016.24417722 
111  54.03882407  016.24555814 
111  54.03889718  016.24589763 
112  54.03889718  016.24589763  54.03888546  016.24574795 
112  54.03920968  016.24560709  54.03930735  016.24585656 
111  54.03920968  016.24560709 
111  54.03928626  016.24600779 
112  54.03928626  016.24600779  54.03928821  016.24612088 
111  54.03923391  016.24616689 
111  54.03905050  016.24626707 
111  54.03896488  016.24624140 
111  54.03900898  016.24644746 
111  54.03906434  016.24633293 
111  54.03924384  016.24622325 
112  54.03935156  016.24634367  54.03938867  016.24650001 
111  54.03935156  016.24634367 
111  54.03969761  016.24802309 
112  54.03969761  016.24802309  54.03972970  016.24817013 
111  54.03962840  016.24821166 
112  54.03937924  016.24818219  54.03928721  016.24803287 
111  54.03937924  016.24818219 
111  54.03943807  016.24849450 
112  54.03943807  016.24849450  54.03947128  016.24833152 
111  54.03963789  016.24826878 
112  54.03976682  016.24835308  54.03980393  016.24853603 
111  54.03976682  016.24835308 
111  54.03980488  016.24832951 
111  54.03925121  016.24558941 
112  54.03931696  016.24543107  54.03939704  016.24537452 
111  54.03931696  016.24543107 
113  54.04182978  016.24424452 
110   1 0.00   0.00 New Taxiway 7
111  54.04954537  016.27929283 
112  54.04944699  016.27912663  54.04942941  016.27902016 
111  54.04944699  016.27912663 
111  54.04617264  016.26277422 
111  54.04413350  016.25289784 
112  54.04413350  016.25289784  54.04385028  016.25085372 
112  54.04430601  016.24718707  54.04367212  016.24592385 
111  54.04430601  016.24718707 
111  54.04220481  016.24430551 
112  54.04220481  016.24430551  54.04204448  016.24404351 
111  54.04206640  016.24356370 
111  54.04201932  016.24357206 
112  54.04201932  016.24357206  54.04204448  016.24404351 
111  54.04181533  016.24417722 
111  54.04182978  016.24424452 
112  54.04182978  016.24424452  54.04200595  016.24420166 
111  54.04218455  016.24437439 
111  54.04422004  016.24719325 
112  54.04422004  016.24719325  54.04481346  016.24810046 
112  54.04401302  016.25252988  54.04399953  016.25503335 
111  54.04401302  016.25252988 
112  54.04413893  016.25320664  54.04422964  016.25358420 
111  54.04413893  016.25320664 
111  54.04615072  016.26292919 
111  54.04834901  016.27403082 
111  54.04878452  016.27614292 
111  54.04877413  016.27627259 
111  54.04882258  016.27651425 
111  54.04887449  016.27659676 
111  54.04940394  016.27917243 
112  54.04940394  016.27917243  54.04942347  016.27927557 
113  54.04938207  016.27938873 
110   2 0.00   0.00 New Taxiway 6
111  54.03839846  016.27302002 
111  54.03814032  016.27294947 
111  54.03810918  016.27289054 
111  54.03814032  016.27257235 
111  54.03744823  016.27237201 
111  54.03735134  016.27326177 
111  54.03754147  016.27330823 
111  54.03753836  016.27337859 
111  54.03768700  016.27340319 
112  54.03768700  016.27340319  54.03779873  016.27344710 
111  54.03775621  016.27362121 
111  54.03802267  016.27366246 
111  54.03807803  016.27315175 
111  54.03811787  016.27312338 
113  54.03837959  016.27319680 
110   3 0.00   0.00 New Taxiway 5
111  54.04011493  016.26410527 
111  54.04045752  016.26580359 
111  54.04124166  016.26534984 
113  54.04094475  016.26370986 
110   1 0.00   0.00 New Taxiway 4
111  54.04238791  016.28100388 
111  54.04213809  016.28067523 
112  54.04213809  016.28067523  54.04203536  016.28050029 
111  54.04204710  016.28029447 
111  54.04204970  016.28005538 
111  54.04197690  016.28005538 
112  54.04197690  016.28005538  54.04197837  016.28025532 
112  54.04178451  016.28015279  54.04165243  016.27996284 
111  54.04178451  016.28015279 
111  54.04095514  016.27907248 
111  54.04092395  016.27861202 
111  54.04170227  016.27735743 
111  54.04165827  016.27716386 
111  54.04154012  016.27738120 
112  54.04154012  016.27738120  54.04146263  016.27746092 
111  54.04143092  016.27735906 
111  54.04087195  016.27828882 
111  54.04090055  016.27839065 
112  54.04081995  016.27848363  54.04079060  016.27844864 
111  54.04081995  016.27848363 
112  54.04081995  016.27848363  54.04078473  016.27848863 
111  54.04074975  016.27833309 
111  54.04079395  016.27810730 
111  54.04086415  016.27805859 
111  54.04091615  016.27772211 
111  54.04069256  016.27764684 
111  54.04066656  016.27796119 
111  54.04070556  016.27807630 
112  54.04070556  016.27807630  54.04069528  016.27821876 
111  54.04056516  016.27835080 
111  54.04042217  016.27837294 
111  54.04036237  016.27830210 
112  54.04036237  016.27830210  54.04028019  016.27807968 
111  54.04025837  016.27762470 
111  54.04031557  016.27751845 
111  54.04028437  016.27721295 
111  54.04007378  016.27724837 
111  54.04010238  016.27756272 
111  54.04016478  016.27763799 
111  54.04017778  016.27781508 
112  54.04017778  016.27781508  54.04014256  016.27795254 
111  54.04003478  016.27787264 
111  54.03943681  016.27707572 
112  54.03941341  016.27642933  54.03950866  016.27603622 
111  54.03941341  016.27642933 
111  54.03959020  016.27603087 
112  54.03980339  016.27592462  54.03994545  016.27595211 
111  54.03980339  016.27592462 
111  54.04013098  016.27588920 
111  54.04026689  016.27596171 
111  54.04037017  016.27618140 
111  54.04051836  016.27616812 
111  54.04050572  016.27532525 
111  54.04038317  016.27534464 
111  54.04032373  016.27558357 
111  54.04018916  016.27560310 
111  54.04010758  016.27572539 
111  54.03983459  016.27576080 
112  54.03983459  016.27576080  54.03970867  016.27575806 
111  54.03977479  016.27559257 
111  54.04009458  016.27491076 
111  54.04017778  016.27489748 
111  54.04025057  016.27476466 
111  54.04040397  016.27479122 
111  54.04050016  016.27458757 
111  54.04013618  016.27409172 
111  54.04002958  016.27428209 
111  54.04008158  016.27455216 
111  54.04003218  016.27466284 
112  54.04004258  016.27481337  54.04004518  016.27482222 
111  54.03982419  016.27526495 
112  54.03982419  016.27526495  54.03977576  016.27530619 
112  54.03975920  016.27513656  54.03975597  016.27505684 
111  54.03975920  016.27513656 
112  54.03975920  016.27513656  54.03978664  016.27505134 
111  54.03976628  016.27494740 
111  54.03973840  016.27484436 
111  54.03983719  016.27468498 
111  54.03979406  016.27448179 
111  54.03933801  016.27476910 
111  54.03938517  016.27496404 
111  54.03954600  016.27502588 
112  54.03966040  016.27522511  54.03973627  016.27523610 
111  54.03966040  016.27522511 
112  54.03966040  016.27522511  54.03970399  016.27542304 
111  54.03966040  016.27564127 
111  54.03929122  016.27644703 
112  54.03929122  016.27644703  54.03922503  016.27660097 
111  54.03907283  016.27653557 
111  54.03894543  016.27635848 
112  54.03895221  016.27621037  54.03897642  016.27615539 
111  54.03895221  016.27621037 
111  54.03905983  016.27562356 
111  54.03881284  016.27546861 
111  54.03871924  016.27589805 
112  54.03865164  016.27599102  54.03860967  016.27594979 
111  54.03865164  016.27599102 
112  54.03865164  016.27599102  54.03862420  016.27594979 
111  54.03839393  016.27564426 
111  54.03833117  016.27540244 
111  54.03838864  016.27488568 
111  54.03858112  016.27491820 
111  54.03858372  016.27471455 
111  54.03841410  016.27466967 
111  54.03862792  016.27262050 
111  54.03866692  016.27223091 
111  54.03952327  016.26418252 
111  54.03941859  016.26412153 
111  54.03846452  016.27293967 
112  54.03846452  016.27293967  54.03845000  016.27302214 
111  54.03839846  016.27302002 
111  54.03837959  016.27319680 
112  54.03842048  016.27337893  54.03840434  016.27350263 
111  54.03842048  016.27337893 
111  54.03820971  016.27538237 
111  54.03819398  016.27556450 
111  54.03836071  016.27585376 
111  54.03930762  016.27719833 
111  54.03974489  016.27776080 
111  54.04059428  016.27888039 
111  54.04079331  016.27913824 
113  54.04231824  016.28116622 
110   1 0.00   0.00 New Taxiway 3
111  54.04264915  016.28162386 
112  54.04265875  016.28186663  54.04260725  016.28191804 
111  54.04265875  016.28186663 
112  54.04265875  016.28186663  54.04263034  016.28190594 
111  54.04256515  016.28194190 
111  54.04259635  016.28206587 
111  54.04283437  016.28192740 
113  54.04286663  016.28192003 
110   2 0.00   0.00 New Taxiway 2
111  54.04329936  016.28311332 
111  54.04317945  016.28295784 
111  54.04319476  016.28290482 
111  54.04314790  016.28283236 
111  54.04317308  016.28278406 
111  54.04344531  016.28270809 
111  54.04339848  016.28264432 
111  54.04317236  016.28272036 
111  54.04314722  016.28230215 
111  54.04310561  016.28224548 
111  54.04313866  016.28272211 
111  54.04311112  016.28278372 
111  54.04306743  016.28272472 
111  54.04302972  016.28271251 
111  54.04286274  016.28246677 
111  54.04286663  016.28192003 
111  54.04283437  016.28192740 
111  54.04282492  016.28245067 
111  54.04266184  016.28274853 
111  54.04289519  016.28309193 
111  54.04282580  016.28324014 
111  54.04277862  016.28334729 
111  54.04289935  016.28351134 
111  54.04311946  016.28308348 
111  54.04315117  016.28312218 
113  54.04323957  016.28324097 
110   1 0.00   0.00 New Taxiway 1
111  54.04396818  016.28371382 
111  54.04378485  016.28382622 
111  54.04369089  016.28336219 
112  54.04358275  016.28344097  54.04349929  016.28364964 
111  54.04358275  016.28344097 
111  54.04343456  016.28318417 
112  54.04342416  016.28295836  54.04349164  016.28280412 
111  54.04342416  016.28295836 
111  54.04351926  016.28281378 
111  54.04344531  016.28270809 
112  54.04344531  016.28270809  54.04331604  016.28295376 
112  54.04329936  016.28311332  54.04329936  016.28320102 
111  54.04329936  016.28311332 
111  54.04323957  016.28324097 
111  54.04315117  016.28312218 
111  54.04307317  016.28329043 
111  54.04328567  016.28360626 
111  54.04331484  016.28354117 
111  54.04358015  016.28394571 
112  54.04358015  016.28394571  54.04358015  016.28403205 
112  54.04345016  016.28418924  54.04333675  016.28412789 
111  54.04345016  016.28418924 
111  54.04335396  016.28444604 
111  54.04289898  016.28498179 
111  54.04293018  016.28508806 
111  54.04358795  016.28434863 
111  54.04380256  016.28454718 
112  54.04379937  016.28464307  54.04383139  016.28468624 
111  54.04379937  016.28464307 
111  54.04341580  016.28588283 
111  54.04324101  016.28572802 
111  54.04319878  016.28584623 
111  54.04348026  016.28657809 
111  54.04410389  016.28482545 
111  54.04661466  016.28980453 
112  54.04661466  016.28980453  54.04691137  016.29027197 
112  54.04816398  016.28954825  54.04880932  016.28910608 
111  54.04816398  016.28954825 
111  54.05099511  016.28772585 
112  54.05099511  016.28772585  54.05118071  016.28758653 
111  54.05102855  016.28687155 
111  54.05066630  016.28506803 
111  54.04961855  016.27995172 
112  54.04961855  016.27995172  54.04957773  016.27976507 
111  54.04961840  016.27963041 
111  54.04942647  016.27974278 
112  54.04957954  016.27997070  54.04961392  016.28018663 
111  54.04957954  016.27997070 
111  54.05098745  016.28687344 
112  54.05094846  016.28767548  54.05076915  016.28783088 
111  54.05094846  016.28767548 
111  54.04815615  016.28943689 
112  54.04815615  016.28943689  54.04747371  016.28982853 
112  54.04663895  016.28970138  54.04625323  016.28930974 
111  54.04663895  016.28970138 
111  54.04413627  016.28475859 
112  54.04413627  016.28475859  54.04395919  016.28440950 
112  54.04403392  016.28414039  54.04411519  016.28389252 
111  54.04403392  016.28414039 
113  54.04401217  016.28391988 
110   1 0.00   0.00 New Taxiway 8
111  54.04526494  016.27896815 
112  54.04508616  016.27914361  54.04492866  016.27919874 
111  54.04508616  016.27914361 
112  54.04508616  016.27914361  54.04499850  016.27918275 
111  54.04499223  016.27907652 
111  54.04496495  016.27894750 
111  54.04493162  016.27895266 
111  54.04541342  016.28171365 
111  54.04545281  016.28170333 
111  54.04538009  016.28128015 
112  54.04540736  016.28115113  54.04546796  016.28112017 
111  54.04540736  016.28115113 
111  54.04552901  016.28108026 
112  54.04552901  016.28108026  54.04569398  016.28101410 
111  54.04569826  016.28123370 
111  54.04570129  016.28107888 
111  54.04564371  016.28081052 
112  54.04557705  016.28096182  54.04552738  016.28096535 
111  54.04557705  016.28096182 
111  54.04542554  016.28102727 
112  54.04542554  016.28102727  54.04536797  016.28104792 
111  54.04533766  016.28099631 
112  54.04506495  016.27944809  54.04504980  016.27933456 
111  54.04506495  016.27944809 
112  54.04506495  016.27944809  54.04503362  016.27925629 
112  54.04530433  016.27919522  54.04548646  016.27925162 
113  54.04530433  016.27919522 
110   1 0.00   0.00 New Taxiway 6
111  54.04635334  016.28154209 
111  54.04942647  016.27974278 
111  54.04961840  016.27963041 
111  54.04998505  016.27992460 
111  54.05007595  016.28030653 
111  54.05167286  016.27933113 
112  54.05167286  016.27933113  54.05182084  016.27926133 
111  54.05187891  016.27953243 
111  54.05194254  016.27949114 
111  54.05192970  016.27940617 
111  54.05240710  016.27912582 
111  54.05225918  016.27838422 
111  54.05196035  016.27854171 
112  54.05196035  016.27854171  54.05191027  016.27858825 
111  54.05194402  016.27868294 
111  54.05177665  016.27876984 
111  54.05169325  016.27836019 
111  54.05164291  016.27810740 
111  54.05163347  016.27806656 
111  54.04954537  016.27929283 
111  54.04938207  016.27938873 
111  54.04661549  016.28101346 
111  54.04640035  016.28093604 
113  54.04616097  016.28063155 
111  54.05197795  016.27891578 
111  54.05205081  016.27922214 
111  54.05189827  016.27930358 
113  54.05182770  016.27899722 
110   1 0.00   0.00 New Taxiway 3
111  54.04224125  016.27552177 
112  54.04224125  016.27552177  54.04216425  016.27542187 
111  54.04209092  016.27500977 
111  54.04145707  016.27188513 
111  54.04136341  016.27198364 
112  54.04129895  016.27256214  54.04117062  016.27281189 
111  54.04129895  016.27256214 
111  54.04106796  016.27303668 
112  54.04106796  016.27303668  54.04088464  016.27329267 
111  54.04099830  016.27364857 
111  54.04165827  016.27716386 
111  54.04170227  016.27735743 
111  54.04238424  016.28061676 
111  54.04243924  016.28063549 
111  54.04250890  016.28094769 
112  54.04250890  016.28094769  54.04249424  016.28108505 
111  54.04238791  016.28100388 
111  54.04231824  016.28116622 
111  54.04238578  016.28125857 
111  54.04245724  016.28136252 
111  54.04264915  016.28162386 
111  54.04286663  016.28192003 
111  54.04310561  016.28224548 
111  54.04314722  016.28230215 
111  54.04339848  016.28264432 
111  54.04344531  016.28270809 
111  54.04351926  016.28281378 
111  54.04360152  016.28292082 
111  54.04369089  016.28336219 
111  54.04378485  016.28382622 
111  54.04396818  016.28371382 
111  54.04401217  016.28391988 
111  54.04507546  016.28329552 
112  54.04507546  016.28329552  54.04517812  016.28325181 
111  54.04516712  016.28318312 
111  54.04514146  016.28300828 
112  54.04514146  016.28300828  54.04516346  016.28282095 
112  54.04562177  016.28305823  54.04572443  016.28248999 
111  54.04562177  016.28305823 
112  54.04562177  016.28305823  54.04566944  016.28263986 
111  54.04532112  016.28270855 
111  54.04586010  016.28180311 
111  54.04568777  016.28097885 
112  54.04534312  016.28193424  54.04496180  016.28217153 
111  54.04534312  016.28193424 
111  54.04467765  016.28231821 
111  54.04463113  016.28234505 
111  54.04400117  016.28270853 
111  54.04383985  016.28270228 
111  54.04368952  016.28259613 
111  54.04358686  016.28229016 
111  54.04250890  016.27702634 
112  54.04255657  016.27688273  54.04265190  016.27682029 
111  54.04255657  016.27688273 
111  54.04273989  016.27677034 
112  54.04273989  016.27677034  54.04283156  016.27672663 
111  54.04285356  016.27692019 
111  54.04297088  016.27686400 
112  54.04302588  016.27658301  54.04312121  016.27651433 
111  54.04302588  016.27658301 
111  54.04300755  016.27648311 
111  54.04252724  016.27676409 
112  54.04252724  016.27676409  54.04244291  016.27678907 
111  54.04242457  016.27660175 
111  54.04242824  016.27637072 
111  54.04249790  016.27606476 
111  54.04386551  016.27381063 
111  54.04422116  016.27397298 
111  54.04397551  016.27281809 
112  54.04379952  016.27365480  54.04355753  016.27405443 
111  54.04379952  016.27365480 
111  54.04264823  016.27552179 
113  54.04247590  016.27563419 
111  54.04521479  016.28289564 
112  54.04551911  016.28285193  54.04570244  016.28302677 
111  54.04551911  016.28285193 
112  54.04551911  016.28285193  54.04564011  016.28293335 
112  54.04540911  016.28315166  54.04527345  016.28308922 
111  54.04540911  016.28315166 
114  54.04540911  016.28315166  54.04532112  016.28304550 
111  54.04313221  016.28064149 
111  54.04340353  016.28202769 
112  54.04340353  016.28202769  54.04339620  016.28223999 
111  54.04330087  016.28227121 
111  54.04295988  016.28177792 
111  54.04309921  016.28146572 
111  54.04305155  016.28140952 
111  54.04289389  016.28169051 
111  54.04276923  016.28151567 
111  54.04259690  016.28081633 
112  54.04265556  016.28060403  54.04275456  016.28054159 
111  54.04265556  016.28060403 
111  54.04287922  016.28043544 
114  54.04287922  016.28043544  54.04309188  016.28041046 
110   1 0.00   0.00 New Taxiway 2
111  54.04186258  016.26267518 
111  54.04169617  016.26310482 
111  54.03977002  016.26307168 
111  54.03956459  016.26281276 
111  54.03984832  016.26417314 
111  54.03982868  016.26371476 
111  54.03993134  016.26340258 
111  54.04014767  016.26324025 
111  54.04169860  016.26329017 
112  54.04169860  016.26329017  54.04194793  016.26328392 
113  54.04205792  016.26362733 
110   1 0.00   0.00 New Taxiway 1
111  54.03832691  016.24584867 
111  54.03744541  016.24636468 
112  54.03744541  016.24636468  54.03726360  016.24650540 
111  54.03713137  016.24635060 
111  54.03715616  016.24623334 
111  54.03695783  016.24609731 
111  54.03687243  016.24642096 
112  54.03712586  016.24648194  54.03722503  016.24658045 
111  54.03712586  016.24648194 
112  54.03712586  016.24648194  54.03723330  016.24659452 
111  54.03714239  016.24671648 
111  54.03699639  016.24691349 
111  54.03689447  016.24687127 
111  54.03674847  016.24704952 
111  54.03688620  016.24738255 
111  54.03703220  016.24719024 
111  54.03704047  016.24702606 
112  54.03720575  016.24706828  54.03726911  016.24728874 
111  54.03720575  016.24706828 
111  54.03720850  016.24730281 
112  54.03720850  016.24730281  54.03719198  016.24740132 
111  54.03709952  016.24743543 
111  54.03649046  016.24785853 
111  54.03651470  016.24794625 
112  54.03715710  016.24752315  54.03715159  016.24752315 
112  54.03722679  016.24763667  54.03723505  016.24775862 
111  54.03722679  016.24763667 
112  54.03722679  016.24763667  54.03725158  016.24804475 
111  54.03714195  016.24814748 
111  54.03702680  016.24833839 
111  54.03709043  016.24844674 
111  54.03716013  016.24834355 
112  54.03716013  016.24834355  54.03725379  016.24825912 
111  54.03727527  016.24851382 
111  54.03731825  016.24929294 
112  54.03731825  016.24929294  54.03729070  016.24937737 
111  54.03724497  016.24938582 
111  54.03705710  016.24940646 
111  54.03706619  016.24949417 
111  54.03725709  016.24947869 
112  54.03725709  016.24947869  54.03734249  016.24949746 
112  54.03726921  016.24965412  54.03718382  016.24966820 
111  54.03726921  016.24965412 
111  54.03708740  016.24969540 
111  54.03709043  016.24978312 
111  54.03728133  016.24976248 
112  54.03728133  016.24976248  54.03736122  016.24977186 
111  54.03734800  016.24993275 
111  54.03753587  016.25378193 
112  54.03753587  016.25378193  54.03753587  016.25396487 
111  54.03746617  016.25403992 
111  54.03738436  016.25411732 
112  54.03738436  016.25411732  54.03732100  016.25415953 
111  54.03722679  016.25410700 
111  54.03635713  016.25344656 
112  54.03635713  016.25344656  54.03639019  016.25317919 
112  54.03614006  016.25310883  54.03604640  016.25318857 
111  54.03614006  016.25310883 
111  54.03605108  016.25297187 
112  54.03601472  016.25281708  54.03601747  016.25272796 
111  54.03601472  016.25281708 
112  54.03601472  016.25281708  54.03596789  016.25246529 
111  54.03581473  016.25266745 
112  54.03591472  016.25302862  54.03615438  016.25311306 
111  54.03591472  016.25302862 
112  54.03591472  016.25302862  54.03594778  016.25299110 
111  54.03598442  016.25305442 
111  54.03607835  016.25319280 
112  54.03607835  016.25319280  54.03603152  016.25344609 
112  54.03631609  016.25356757  54.03650065  016.25343155 
111  54.03631609  016.25356757 
112  54.03725709  016.25433401  54.03727913  016.25438560 
111  54.03725709  016.25433401 
112  54.03725709  016.25433401  54.03729841  016.25449349 
111  54.03715710  016.25456103 
111  54.03719043  016.25466423 
111  54.03735709  016.25451975 
112  54.03743284  016.25457135  54.03744111  016.25466047 
111  54.03743284  016.25457135 
111  54.03746011  016.25472098 
111  54.03747526  016.25479838 
112  54.03747526  016.25479838  54.03750006  016.25483590 
111  54.03753284  016.25509764 
111  54.03759647  016.25504604 
112  54.03759647  016.25504604  54.03753504  016.25480917 
112  54.03758738  016.25471066  54.03763972  016.25461216 
111  54.03758738  016.25471066 
112  54.03758738  016.25471066  54.03763972  016.25468721 
112  54.03772677  016.25482934  54.03775707  016.25499351 
111  54.03772677  016.25482934 
111  54.03780858  016.25526791 
111  54.03788737  016.25563423 
111  54.03816009  016.25693966 
112  54.03816009  016.25693966  54.03816284  016.25701002 
111  54.03809645  016.25710478 
111  54.03789949  016.25734213 
111  54.03781464  016.25730601 
111  54.03766011  016.25753304 
111  54.03779040  016.25785811 
111  54.03794797  016.25764656 
111  54.03794797  016.25749177 
111  54.03813887  016.25726473 
112  54.03823887  016.25732665  54.03824438  016.25743454 
111  54.03823887  016.25732665 
111  54.03835402  016.25785295 
111  54.03809342  016.25853405 
111  54.03816614  016.25862177 
111  54.03830856  016.25827606 
112  54.03845098  016.25828638  54.03849781  016.25843179 
111  54.03845098  016.25828638 
111  54.03875703  016.25972600 
112  54.03867219  016.26006655  54.03857577  016.26013223 
111  54.03867219  016.26006655 
111  54.03858431  016.26002527 
111  54.03842674  016.26028843 
111  54.03859946  016.26055675 
111  54.03874188  016.26031939 
111  54.03873279  016.26018007 
111  54.03879036  016.26009235 
111  54.03885702  016.26015427 
111  54.03947518  016.26301805 
112  54.03947518  016.26301805  54.03950824  016.26314002 
111  54.03947821  016.26336893 
111  54.03941859  016.26412153 
111  54.03952327  016.26418252 
112  54.03971334  016.26409808  54.03984832  016.26437015 
111  54.03971334  016.26409808 
111  54.04103009  016.27045903 
112  54.04103009  016.27045903  54.04106590  016.27059507 
111  54.04094470  016.27068889 
111  54.04024225  016.27121432 
111  54.04028908  016.27138319 
111  54.04055353  016.27119086 
112  54.04062791  016.27102198  54.04070228  016.27097038 
111  54.04062791  016.27102198 
111  54.04096673  016.27077336 
112  54.04112375  016.27086249  54.04115956  016.27102668 
111  54.04112375  016.27086249 
111  54.04136341  016.27198364 
111  54.04145707  016.27188513 
111  54.03984832  016.26417314 
111  54.03956459  016.26281276 
111  54.03788422  016.25505418 
111  54.03802471  016.25451005 
111  54.03946542  016.25360471 
112  54.03946542  016.25360471  54.03988138  016.25330918 
111  54.04002462  016.25391900 
111  54.03986210  016.25312623 
111  54.03924229  016.25351558 
112  54.03924229  016.25351558  54.03907150  016.25357187 
111  54.03898885  016.25337016 
111  54.03885938  016.25282132 
111  54.03763629  016.25359068 
111  54.03755641  016.25200521 
111  54.03816520  016.25189732 
111  54.03815693  016.25171908 
111  54.03803573  016.25174253 
111  54.03801644  016.25127815 
111  54.03813490  016.25125000 
111  54.03812939  016.25115150 
111  54.03799992  016.25117495 
111  54.03799165  016.25107176 
111  54.03751233  016.25113743 
111  54.03747928  016.25047134 
111  54.03746826  016.25019459 
111  54.03740765  016.24902661 
112  54.03740765  016.24902661  54.03741041  016.24872641 
111  54.03758396  016.24890935 
111  54.03761701  016.24873579 
111  54.03750131  016.24865136 
112  54.03750131  016.24865136  54.03737184  016.24852471 
111  54.03736082  016.24836054 
111  54.03731124  016.24727699 
112  54.03755090  016.24651710  54.03784290  016.24632948 
111  54.03755090  016.24651710 
111  54.03800818  016.24623096 
112  54.03800818  016.24623096  54.03838282  016.24621688 
113  54.03850678  016.24670941 
130 Airport Boundary 32
112  54.03600252  016.23664614  54.03606768  016.23751522 
111  54.03600252  016.23664614 
112  54.03600252  016.23664614  54.03611112  016.23825486 
112  54.03595908  016.23877256  54.03565499  016.23890200 
111  54.03595908  016.23877256 
112  54.03595908  016.23877256  54.03547036  016.23877256 
112  54.03665414  016.24457862  54.03649124  016.24563262 
111  54.03665414  016.24457862 
112  54.03665414  016.24457862  54.03621973  016.24594696 
111  54.03543778  016.24703788 
111  54.03560068  016.25280702 
112  54.03560068  016.25280702  54.03571199  016.25426887 
111  54.03684648  016.25550089 
111  54.03862716  016.26365910 
111  54.03786655  016.27184059 
111  54.03725023  016.27227054 
111  54.03713199  016.27376604 
111  54.03706190  016.27730391 
112  54.03706190  016.27730391  54.03702600  016.28167472 
111  54.04048841  016.28266557 
112  54.04048841  016.28266557  54.04155650  016.28294068 
111  54.04199049  016.28381578 
111  54.04351790  016.28705483 
111  54.04413531  016.28516362 
111  54.04653709  016.28988468 
111  54.04924132  016.29500833 
112  54.05024232  016.29484440  54.05075482  016.29397150 
111  54.05024232  016.29484440 
112  54.05135679  016.28737529  54.05106008  016.28232149 
111  54.05135679  016.28737529 
111  54.05098590  016.28340119 
111  54.05064873  016.28199985 
112  54.05085777  016.28066748  54.05138444  016.28046533 
111  54.05085777  016.28066748 
111  54.05270991  016.27922648 
111  54.05236347  016.27765977 
112  54.05152722  016.27757838  54.05104936  016.27781885 
111  54.05152722  016.27757838 
111  54.05046198  016.27849825 
112  54.04990402  016.27830167  54.04982800  016.27774678 
111  54.04990402  016.27830167 
111  54.04913443  016.27476315 
112  54.04860999  016.27430445  54.04815385  016.27448941 
111  54.04860999  016.27430445 
111  54.04436791  016.25342677 
112  54.04436791  016.25342677  54.04369823  016.25066878 
112  54.04416377  016.24672664  54.04289310  016.24485870 
111  54.04416377  016.24672664 
111  54.04099786  016.23983035 
112  54.04099786  016.23983035  54.04057431  016.23934953 
111  54.03987076  016.23883167 
112  54.03762369  016.23739289  54.03741734  016.23591344 
111  54.03762369  016.23739289 
111  54.03733114  016.23603905 
114  54.03733114  016.23603905  54.03697275  016.23461524 
120 Linear Feature 35
111  54.03812426  016.27303149   1 
111  54.03840079  016.27311198 
112  54.03840079  016.27311198  54.03849770  016.27315223   1 
111  54.03848824  016.27326492   1 
111  54.03828261  016.27528128 
112  54.03828261  016.27528128  54.03825425  016.27554289   1 
111  54.03837952  016.27577230   1 
111  54.03940293  016.27717292   1 
115  54.04095105  016.27920546 
120 Linear Feature 34
111  54.03955738  016.26339191   2 
115  54.03848824  016.27326089 
120 Linear Feature 31
111  54.04337817  016.27436416   4 
115  54.04344387  016.27448815 
120 Linear Feature 30
111  54.04337284  016.28138017   4 
115  54.04329293  016.28142856 
120 Linear Feature 29
111  54.04496401  016.28216395   4 
115  54.04501601  016.28241755 
120 Linear Feature 28
112  54.04246549  016.26428024  54.04222327  016.26328230   1 
112  54.04159009  016.26318807  54.04104511  016.26315481 
111  54.04159009  016.26318807   1 
111  54.03996997  016.26318216 
112  54.03996997  016.26318216  54.03978245  016.26326865   1 
116  54.03978822  016.26416650  54.03990338  016.26477495 
120 Linear Feature 27
112  54.03884704  016.24699391  54.03869663  016.24633531   1 
112  54.03797165  016.24615444  54.03761028  016.24629414 
111  54.03797165  016.24615444   1 
111  54.03742351  016.24650445 
112  54.03742351  016.24650445  54.03725890  016.24670473   1 
112  54.03724841  016.24717173  54.03725818  016.24737129 
111  54.03724841  016.24717173   1 
111  54.03758719  016.25363432   1 
112  54.03767690  016.25434381  54.03773362  016.25463358 
111  54.03767690  016.25434381 
112  54.03767690  016.25434381  54.03772417  016.25457724   1 
115  54.03784707  016.25517692 
120 Linear Feature 26
111  54.04143527  016.27207025   1 
111  54.03978822  016.26416650   1 
111  54.03947854  016.26271101   1 
111  54.03784707  016.25517692   1 
112  54.03805760  016.25437124  54.03838506  016.25409608 
111  54.03805760  016.25437124   1 
111  54.03960765  016.25341186 
112  54.03960765  016.25341186  54.04014245  016.25326576   1 
115  54.04037982  016.25430307 
120 Linear Feature 25
111  54.04206913  016.27521711   1 
115  54.04238533  016.27676379 
120 Linear Feature 21
111  54.05165546  016.27824713   2 
115  54.04634540  016.28134625 
120 Linear Feature 20
112  54.04580715  016.28025314  54.04587569  016.28059127   1 
112  54.04546786  016.28197592  54.04491715  016.28250727 
111  54.04546786  016.28197592   1 
111  54.04403523  016.28283044 
112  54.04403523  016.28283044  54.04376815  016.28297133   1 
112  54.04350924  016.28229415  54.04337925  016.28176684 
111  54.04350924  016.28229415   1 
115  54.04333350  016.28141349 
120 Linear Feature 17
111  54.04190263  016.27729706 
112  54.04190263  016.27729706  54.04180657  016.27727206   1 
111  54.04178044  016.27714209   1 
112  54.04182464  016.27688086  54.04189668  016.27675590 
111  54.04182464  016.27688086   1 
111  54.04218862  016.27667719 
112  54.04218862  016.27667719  54.04228868  016.27661358   1 
111  54.04238533  016.27676379   1 
112  54.04227736  016.27708010  54.04216796  016.27714145 
113  54.04227736  016.27708010   1 
120 Linear Feature 17
111  54.04238533  016.27676379   1 
112  54.04227736  016.27708010  54.04216796  016.27714145 
111  54.04227736  016.27708010   1 
111  54.04190263  016.27729706 
112  54.04190263  016.27729706  54.04180657  016.27727206   1 
111  54.04178044  016.27714209   1 
112  54.04182464  016.27688086  54.04189668  016.27675590 
111  54.04182464  016.27688086   1 
111  54.04218862  016.27667719 
114  54.04218862  016.27667719  54.04228868  016.27661358   1 
120 Linear Feature 16
112  54.04268150  016.27560864  54.04252530  016.27587133   1 
112  54.04238533  016.27676379  54.04248012  016.27733730 
111  54.04238533  016.27676379   1 
115  54.04333350  016.28141349 
120 Linear Feature 15
111  54.04115687  016.27333411   1 
115  54.04264487  016.28058247 
120 Linear Feature 14
111  54.04132644  016.27322796   1 
115  54.04281789  016.28046464 
120 Linear Feature 13
112  54.04410607  016.27213233  54.04412755  016.27236652   1 
112  54.04384393  016.27372413  54.04343783  016.27439013 
111  54.04384393  016.27372413   1 
111  54.04268150  016.27560864 
112  54.04268150  016.27560864  54.04246878  016.27582453   1 
112  54.04206913  016.27521711  54.04195740  016.27467554 
111  54.04206913  016.27521711   1 
111  54.04143527  016.27207025 
112  54.04143527  016.27207025  54.04147610  016.27239591   1 
111  54.04137296  016.27259716   1 
111  54.04107215  016.27339119   1 
112  54.04105800  016.27361042  54.04108378  016.27374947 
111  54.04105800  016.27361042   1 
111  54.04112586  016.27394372   1 
111  54.04178044  016.27714209   1 
115  54.04266216  016.28138645 
120 Linear Feature 12
111  54.05169064  016.27840270   1 
115  54.04961229  016.27958269 
120 Linear Feature 11
111  54.05055250  016.27941415   1 
115  54.04989397  016.27980966 
120 Linear Feature 10
111  54.05115468  016.27963647   1 
111  54.05105778  016.27912956   1 
115  54.05068059  016.27933586 
14   54.04040825  016.27076885   82 0 New Tower Viewpoint 1
15   54.04213542  016.27716521 341.03 Parking
15   54.04205270  016.27675465 340.97 Parking2
19   54.04425821  016.27966843 0 New Windsock 2
19   54.03799932  016.24670250 0 New Windsock 3
54 12230 ZEGRZE-POMORSKIE-RADIO