1     1750 0 0 CKF4 Goodsoil
100   29.87   3   0 0.00 0 0 0 07   54.41194500 -109.24417327    0.00    0.00 0  0 0 0 25   54.41194500 -109.23026873    0.00    0.00 0  0 0 0
110   3 0.00 178.00 xxx
112  54.41220986 -109.23033039  54.41212756 -109.23033563 
111  54.41220986 -109.23033039 
111  54.41094655 -109.23024034 
112  54.41094655 -109.23024034  54.41085695 -109.23023226 
112  54.41086096 -109.23102413  54.41078997 -109.23103200 
111  54.41086096 -109.23102413 
112  54.41086096 -109.23102413  54.41063882 -109.23101232 
112  54.41018898 -109.23101091  54.40999662 -109.23101485 
111  54.41018898 -109.23101091 
112  54.41018898 -109.23101091  54.41013173 -109.23101091 
112  54.41020296 -109.22982328  54.41026250 -109.22982721 
111  54.41020296 -109.22982328 
111  54.41221961 -109.22994291 
114  54.41221961 -109.22994291  54.41229886 -109.22995863 
130 Airport Boundary 3
111  54.41228082 -109.24578523 
111  54.41151046 -109.24578523 
111  54.41150722 -109.23106362 
111  54.41015084 -109.23106269 
111  54.41015030 -109.22978187 
113  54.41228893 -109.22978187 
15   54.41042561 -109.23001954   0.00 Ramp Start
18   54.41145527 -109.23583269 0 Beacon
19   54.41149000 -109.23695000 0 WS
1     1790 0 0 CJW3 Loon Lake
100   60.96   3   0 0.00 0 0 0 10   54.01998279 -109.14012885    0.00    0.00 0  0 0 0 28   54.01669121 -109.13042515    0.00    0.00 0  0 0 0
110   4 0.00  90.00 xxx
111  54.02016454 -109.13985945 
111  54.01982587 -109.13878723 
112  54.01982587 -109.13878723  54.01993424 -109.13853363 
111  54.02072701 -109.13861432 
111  54.02072701 -109.14215345 
111  54.02033916 -109.14215345 
113  54.01972780 -109.14030903 
130 Airport Boundary 7
111  54.02072978 -109.14216030 
111  54.02031224 -109.14216184 
111  54.01609868 -109.12980557 
111  54.01667810 -109.12925855 
111  54.01970437 -109.13817803 
113  54.02072515 -109.13844725 
18   54.01987627 -109.13684742 0 No Beacon
19   54.02014000 -109.13866000 0 WS