1     2707 1 1 SWGR Alto Gracas
100   17.07   2   0 0.25 0 2 0 07  -16.92460716 -053.54667479    0.00    0.00 2 10 0 0 25  -16.91872704 -053.53721041    0.00    0.00 2 10 0 0
21  -16.92341911 -053.54523800  1  57.00   3.00 07  VASI
21  -16.91991515 -053.53864709  1 237.00   3.00 25  VASI
110   2 0.30  57.00 Default taxiway for RWY 07
111 -16.92466969 -053.54663235  53 102 
111 -16.92499364 -053.54641246  53 102 
111 -16.91911374 -053.53694778  53 102 
111 -16.91878979 -053.53716767 
112 -16.91887344 -053.53730233 -16.91883350 -053.53723372  53 102 
111 -16.91891080 -053.53718125  53 102 
112 -16.91901386 -053.53711130 -16.91909116 -053.53705884  53 102 
111 -16.91913298 -053.53712617  53 102 
111 -16.92196836 -053.54169018  53 102 
111 -16.92170882 -053.54186635 
111 -16.92175065 -053.54193368  53 102 
111 -16.92201019 -053.54175751  53 102 
112 -16.92484557 -053.54632152 -16.92488740 -053.54638885  53 102 
111 -16.92481010 -053.54644132  53 102 
112 -16.92470704 -053.54651127 -16.92462974 -053.54656374  53 102 
113 -16.92458603 -053.54649769 
120 Default hold RWY 07 (near)
111 -16.92480040 -053.54654362  54 
115 -16.92475857 -053.54647629 
120 Default hold RWY 07 (centre)
111 -16.92188136 -053.54184496  54 
115 -16.92183953 -053.54177763 
120 Default hold RWY 07 (far)
111 -16.91896233 -053.53714628  54 
115 -16.91892050 -053.53707895 
18  -16.92121621 -053.54224859 1 BCN
19  -16.92449758 -053.54694062 1 WS
19  -16.91883662 -053.53694459 1 WS
1     2241 0 0 SWYW Fazenda Adriana
100   20.12   5   0 0.00 0 0 0 05  -16.83833304 -053.83775032    0.00    0.00 1  0 0 0 23  -16.83055585 -053.83280524    0.00    0.00 1  0 0 0
130 Airport Boundary
111 -16.82888409 -053.83263327 
111 -16.83919793 -053.83919126 
111 -16.84000480 -053.83792229 
113 -16.82969096 -053.83136430 
19  -16.83460804 -053.83502049 0 Windsock
1     2516 0 0 SWDC Fazenda Arco-iris
100   20.12   4   0 0.00 0 0 0 04  -16.94256842 -053.58007027    0.00    0.00 0  0 0 0 22  -16.93409825 -053.57659640    0.00    0.00 0  0 0 0
130 Airport Boundary
111 -16.93243259 -053.57672001 
111 -16.94366761 -053.58132782 
111 -16.94423407 -053.57994666 
113 -16.93299904 -053.57533885 
19  -16.93844870 -053.57805203 0 Windsock
1     2625 0 0 SWJY Fazenda Campo Alegre III
100   20.12   4   0 0.00 0 0 0 02  -16.84954203 -053.73464477    0.00    0.00 0  0 0 0 20  -16.83990242 -053.73424412    0.00    0.00 0  0 0 0
130 Airport Boundary
111 -16.83840221 -053.73491797 
111 -16.85098113 -053.73544078 
111 -16.85104223 -053.73397092 
113 -16.83846331 -053.73344811 
19  -16.84473463 -053.73414595 0 Windsock
1     1411 0 0 SSDY Fazenda Duas Irmas
100   17.98   5   0 0.00 0 0 0 09  -16.15805039 -053.01394324    0.00    0.00 1  0 0 0 27  -16.15528295 -053.00550120    0.00    0.00 1  0 0 0
130 Airport Boundary
111 -16.15408757 -053.00428405 
111 -16.15780757 -053.01563185 
111 -16.15924577 -053.01516039 
113 -16.15552577 -053.00381259 
19  -16.15694655 -053.00963047 0 Windsock
1     2572 0 0 SDEC Rancho Enagri
100   20.12   5   0 0.00 0 0 0 14  -16.95361551 -053.57395070    0.00    0.00 1  0 0 0 32  -16.95860671 -053.56604931    0.00    0.00 1  0 0 0
130 Airport Boundary
111 -16.95877721 -053.56435278 
111 -16.95215673 -053.57483343 
111 -16.95344501 -053.57564722 
113 -16.96006549 -053.56516657 
19  -16.95637355 -053.57016578 0 Windsock