1     3544 0 0 SJCN Aero Agricola Cristalina
100   20.12   4   0 0.00 0 0 0 09  -16.90827864 -047.71184010    0.00    0.00 0  0 0 0 27  -16.90561025 -047.70482657    0.00    0.00 0  0 0 0
130 Airport Boundary
111 -16.90434115 -047.70364198 
111 -16.90811790 -047.71356869 
111 -16.90954772 -047.71302469 
113 -16.90577097 -047.70309799 
19  -16.90726132 -047.70821277 0 Windsock
1     3205 0 0 SJPQ Avstal
100   17.98   4   0 0.00 0 0 0 15  -16.31771951 -047.22775800    0.00    0.00 0  0 0 0 33  -16.32172492 -047.22279757    0.00    0.00 0  0 0 0
130 Airport Boundary
111 -16.32211188 -047.22112243 
111 -16.31616347 -047.22848912 
111 -16.31733257 -047.22943314 
113 -16.32328098 -047.22206645 
19  -16.31997088 -047.22547856 0 Windsock
1     3442 0 0 SSWB COOPADF
100   20.12   5   0 0.00 0 0 0 11  -16.01452614 -047.56179999    0.00    0.00 1  0 0 0 29  -16.01436274 -047.55431114    0.00    0.00 1  0 0 0
130 Airport Boundary
111 -16.01356125 -047.55277189 
111 -16.01379256 -047.56337274 
111 -16.01532764 -047.56333924 
113 -16.01509633 -047.55273839 
19  -16.01478351 -047.55804816 0 Windsock
1     3937 0 1 SDXB CRISTALINA
100   22.86   1   0 0.25 0 0 0 05  -16.79482800 -047.64859400    0.00   60.96 2  0 0 0 23  -16.78715800 -047.64187500    0.00   60.96 2  0 0 0
110   1 0.30  39.99 Default taxiway for RWY 05
111 -16.79489265 -047.64851348   3 
111 -16.79522460 -047.64810006   3 
111 -16.78755471 -047.64138081   3 
111 -16.78722276 -047.64179421 
112 -16.78738038 -047.64193230 -16.78730302 -047.64186145   3 
111 -16.78738234 -047.64176266   3 
112 -16.78748810 -047.64163095 -16.78756742 -047.64153217   3 
111 -16.78764623 -047.64160122   3 
111 -16.79128415 -047.64478823   3 
111 -16.79101830 -047.64511932 
111 -16.79109711 -047.64518837   3 
111 -16.79136296 -047.64485728   3 
112 -16.79500087 -047.64804429 -16.79507969 -047.64811334   3 
111 -16.79500037 -047.64821213   3 
112 -16.79489461 -047.64834385 -16.79481529 -047.64844264   3 
113 -16.79473502 -047.64837539 
120 Default hold RWY 05 (near)
111 -16.79502630 -047.64834703   4 
115 -16.79494749 -047.64827799 
120 Default hold RWY 05 (centre)
111 -16.79123076 -047.64502192   4 
115 -16.79115195 -047.64495287 
120 Default hold RWY 05 (far)
111 -16.78743522 -047.64169681   4 
115 -16.78735641 -047.64162777 
19  -16.79478821 -047.64897796 1 WS
19  -16.78719778 -047.64149105 1 WS
1     3113 0 0 SNYI Fazenda HJ
100   20.12   4   0 0.00 0 0 0 16  -16.62064304 -047.30230505    0.00    0.00 0  0 0 0 34  -16.62657918 -047.29713939    0.00    0.00 0  0 0 0
130 Airport Boundary
111 -16.62724447 -047.29555795 
111 -16.61898486 -047.30274552 
111 -16.61997774 -047.30388649 
113 -16.62823735 -047.29669892 
19  -16.62383202 -047.29997608 0 Windsock
1     3281 0 0 SWFA Fazenda Pamplona
100   17.98   1   0 0.00 0 0 0 03  -16.22303669 -047.62704036    0.00    0.00 1  0 0 0 21  -16.21140776 -047.62518186    0.00    0.00 1  0 0 0
130 Airport Boundary
111 -16.20980551 -047.62566788 
111 -16.22440765 -047.62800154 
111 -16.22463893 -047.62655434 
113 -16.21003679 -047.62422068 
19  -16.21727109 -047.62580530 0 Windsock
1     3148 0 0 SWOQ Fazenda Surucucu
100   22.86   4   0 0.00 0 0 0 12  -16.74250022 -047.99676533    0.00    0.00 0  0 0 0 30  -16.74416644 -047.98656802    0.00    0.00 0  0 0 0
130 Airport Boundary
111 -16.74364727 -047.98490319 
111 -16.74147814 -047.99817833 
111 -16.74301939 -047.99843017 
113 -16.74518853 -047.98515502 
19  -16.74369491 -047.99172575 0 Windsock
1     3269 1 1 SWUZ Luziania
100   20.12   1   0 0.25 0 0 0 11  -16.26129400 -047.97426900    0.00    0.00 2  0 0 0 29  -16.26205800 -047.96307200    0.00    0.00 2  0 0 0
110   1 0.30  94.07 Default taxiway for RWY 11
111 -16.26138205 -047.97427552   3 
111 -16.26183574 -047.97430913   3 
111 -16.26260003 -047.96311217   3 
111 -16.26214634 -047.96307856 
112 -16.26213350 -047.96326667 -16.26214216 -047.96317279   3 
111 -16.26225051 -047.96318081   3 
112 -16.26239497 -047.96319151 -16.26250332 -047.96319954   3 
111 -16.26249690 -047.96329359   3 
111 -16.26213081 -047.96865694   3 
111 -16.26176741 -047.96863002 
111 -16.26176099 -047.96872407   3 
111 -16.26212439 -047.96875099   3 
112 -16.26175829 -047.97411433 -16.26175187 -047.97420839   3 
111 -16.26164352 -047.97420036   3 
112 -16.26149906 -047.97418966 -16.26139071 -047.97418164   3 
113 -16.26139489 -047.97408741 
120 Default hold RWY 11 (near)
111 -16.26156487 -047.97428906   4 
115 -16.26157129 -047.97419501 
120 Default hold RWY 11 (centre)
111 -16.26194381 -047.96873761   4 
115 -16.26195023 -047.96864356 
120 Default hold RWY 11 (far)
111 -16.26232274 -047.96318616   4 
115 -16.26232916 -047.96309210 
19  -16.26101029 -047.97443705 1 WS
19  -16.26234170 -047.96290394 1 WS
1     3066 0 0 SNDO Ouro Branco
100   28.04   3   0 0.00 0 0 0 05  -16.72121938 -047.02043885    0.00    0.00 0  0 0 0 23  -16.71155840 -047.01511671    0.00    0.00 0  0 0 0
130 Airport Boundary
111 -16.70983819 -047.01506778 
111 -16.72217993 -047.02186674 
111 -16.72293960 -047.02048777 
113 -16.71059785 -047.01368881 
19  -16.71658622 -047.01741959 0 Windsock