1     1722 0 1 SIVD FAZENDA DOS TRES RIOS
100   20.12   1   0 0.25 0 0 0 08  -16.94879200 -046.27953600    0.00   39.62 2  0 0 0 26  -16.94120000 -046.26806400    0.00    0.00 2  0 0 0
110   1 0.30  55.33 Default taxiway for RWY 08
111 -16.94886459 -046.27948350   3 
111 -16.94923865 -046.27921299   3 
111 -16.94164697 -046.26774054   3 
111 -16.94127291 -046.26801104 
112 -16.94137590 -046.26816668 -16.94132626 -046.26808753   3 
111 -16.94141559 -046.26802293   3 
112 -16.94153470 -046.26793679 -16.94162403 -046.26787219   3 
111 -16.94167552 -046.26795001   3 
111 -16.94534262 -046.27349169   3 
111 -16.94504300 -046.27370836 
111 -16.94509450 -046.27378618   3 
111 -16.94539412 -046.27356951   3 
112 -16.94906122 -046.27911118 -16.94911271 -046.27918900   3 
111 -16.94902338 -046.27925360   3 
112 -16.94890427 -046.27933974 -16.94881494 -046.27940434   3 
113 -16.94876160 -046.27932786 
120 Default hold RWY 08 (near)
111 -16.94901533 -046.27937449   4 
115 -16.94896383 -046.27929667 
120 Default hold RWY 08 (centre)
111 -16.94524524 -046.27367718   4 
115 -16.94519374 -046.27359936 
120 Default hold RWY 08 (far)
111 -16.94147515 -046.26797986   4 
115 -16.94142365 -046.26790204 
19  -16.94867166 -046.27985315 1 WS
19  -16.94132032 -046.26774686 1 WS
1     1862 0 1 SNTD FAZENDA MAMONEIRA
100   22.86   1   0 0.25 0 0 0 09  -16.58762200 -046.50712200    0.00   47.24 2  0 0 0 27  -16.58477500 -046.49501400    0.00   60.96 2  0 0 0
110   1 0.30  76.22 Default taxiway for RWY 09
111 -16.58771971 -046.50709699   3 
111 -16.58822140 -046.50696858   3 
111 -16.58537475 -046.49486040   3 
111 -16.58487306 -046.49498881 
112 -16.58492207 -046.49519729 -16.58489976 -046.49509249   3 
111 -16.58501964 -046.49506181   3 
112 -16.58517948 -046.49502089 -16.58529936 -046.49499021   3 
111 -16.58532386 -046.49509445   3 
111 -16.58668592 -046.50088794   3 
111 -16.58628413 -046.50099078 
111 -16.58630864 -046.50109502   3 
111 -16.58671043 -046.50099218   3 
112 -16.58807249 -046.50678567 -16.58809699 -046.50688991   3 
111 -16.58797711 -046.50692059   3 
112 -16.58781727 -046.50696150 -16.58769739 -046.50699219   3 
113 -16.58767070 -046.50688851 
120 Default hold RWY 09 (near)
111 -16.58792170 -046.50704529   4 
115 -16.58789719 -046.50694105 
120 Default hold RWY 09 (centre)
111 -16.58651063 -046.50104332   4 
115 -16.58648612 -046.50093908 
120 Default hold RWY 09 (far)
111 -16.58509956 -046.49504135   4 
115 -16.58507505 -046.49493711 
19  -16.58737264 -046.50740685 1 WS
19  -16.58502434 -046.49472914 1 WS
1     2999 0 0 SJAQ Fazenda Renascenca
100   45.11   4   0 0.00 0 0 0 06  -16.12489737 -046.36368117    0.00    0.00 0  0 0 0 24  -16.11565819 -046.35631883    0.00    0.00 0  0 0 0
130 Airport Boundary
111 -16.11391086 -046.35604099 
111 -16.12555829 -046.36532237 
111 -16.12664470 -046.36395901 
113 -16.11499727 -046.35467763 
19  -16.12063336 -046.35955378 0 Windsock
1     1795 0 1 SNFA FAZENDA SANTO ANTONIO
100   20.73   1   0 0.25 0 0 0 07  -16.72003100 -046.52696900    0.00    0.00 2  0 0 0 25  -16.71227200 -046.51552500    0.00    0.00 2  0 0 0
110   1 0.30  54.71 Default taxiway for RWY 07
111 -16.72010528 -046.52691410   3 
111 -16.72048772 -046.52663143   3 
111 -16.71272903 -046.51518697   3 
111 -16.71234659 -046.51546963 
112 -16.71245436 -046.51562860 -16.71240232 -046.51554776   3 
111 -16.71249366 -046.51548025   3 
112 -16.71261546 -046.51539023 -16.71270680 -046.51532272   3 
111 -16.71276068 -046.51540220   3 
111 -16.71650532 -046.52092573   3 
111 -16.71619900 -046.52115213 
111 -16.71625288 -046.52123161   3 
111 -16.71655920 -046.52100521   3 
112 -16.72030383 -046.52652873 -16.72035772 -046.52660821   3 
111 -16.72026638 -046.52667573   3 
112 -16.72014458 -046.52676574 -16.72005324 -046.52683326   3 
113 -16.71999751 -046.52675514 
120 Default hold RWY 07 (near)
111 -16.72025936 -046.52680021   4 
115 -16.72020548 -046.52672073 
120 Default hold RWY 07 (centre)
111 -16.71640696 -046.52111773   4 
115 -16.71635308 -046.52103825 
120 Default hold RWY 07 (far)
111 -16.71255456 -046.51543524   4 
115 -16.71250067 -046.51535575 
19  -16.71991041 -046.52729675 1 WS
19  -16.71239257 -046.51519726 1 WS
1     1201 0 0 SNEK Moria
100   29.87   4   0 0.00 0 0 0 17  -16.88054910 -046.23843150    0.00    0.00 0  0 0 0 35  -16.88722868 -046.23434628    0.00    0.00 0  0 0 0
130 Airport Boundary
111 -16.88812408 -046.23286402 
111 -16.87882169 -046.23855336 
111 -16.87965371 -046.23991376 
113 -16.88895610 -046.23422441 
19  -16.88411421 -046.23675730 0 Windsock
1     1998 1 1 SNUN Unai
100   29.87   1   0 0.25 0 0 0 17  -16.35163100 -046.93112800    0.00    0.00 2  0 0 0 35  -16.36131700 -046.92429700    0.00    0.00 2  0 0 0
110   1 0.30 145.92 Default taxiway for RWY 17
111 -16.35170506 -046.93124207   3 
111 -16.35208295 -046.93182405   3 
111 -16.36176906 -046.92499342   3 
111 -16.36139117 -046.92441141 
112 -16.36116854 -046.92456841 -16.36128111 -046.92449185   3 
111 -16.36137150 -046.92463107   3 
112 -16.36149202 -046.92481669 -16.36158241 -046.92495591   3 
111 -16.36147110 -046.92503441   3 
111 -16.35690633 -046.92825347   3 
111 -16.35660377 -046.92778749 
111 -16.35649246 -046.92786599   3 
111 -16.35679502 -046.92833197   3 
112 -16.35223025 -046.93155104 -16.35211894 -046.93162954   3 
111 -16.35202855 -046.93149033   3 
112 -16.35190803 -046.93130472 -16.35181764 -046.93116551   3 
113 -16.35192769 -046.93108507 
120 Default hold RWY 17 (near)
111 -16.35185697 -046.93147602   4 
115 -16.35196829 -046.93139752 
120 Default hold RWY 17 (centre)
111 -16.35664437 -046.92809995   4 
115 -16.35675568 -046.92802145 
120 Default hold RWY 17 (far)
111 -16.36143176 -046.92472388   4 
115 -16.36154308 -046.92464538 
19  -16.35118240 -046.93093698 1 WS
19  -16.36176562 -046.92448801 1 WS