1      254 0 0 YBII BALBIRINI
100   24.99   4   0 0.25 0 0 0 1   -16.71694706  135.73828411    0.00    0.00 0  0 0 0 19  -16.72695483  135.73628279    0.00    0.00 0  0 0 0
110   4 0.25   0.00 New Taxiway 5
111 -16.72679237  135.73639056 
112 -16.72678133  135.73671340 -16.72678133  135.73677104 
112 -16.72686599  135.73680179 -16.72692120  135.73684407 
111 -16.72707946  135.73685175 
111 -16.72777143  135.73723608 
112 -16.72772726  135.73724761 -16.72769413  135.73723608 
112 -16.72759107  135.73717843 -16.72756899  135.73716690 
112 -16.72739968  135.73704776 -16.72738128  135.73704007 
112 -16.72709051  135.73689018 -16.72706106  135.73687865 
112 -16.72685494  135.73685175 -16.72681814  135.73684407 
112 -16.72675557  135.73679026 -16.72671140  135.73674414 
112 -16.72669300  135.73659041 -16.72668195  135.73655198 
113 -16.72662306  135.73644821 
14  -16.72656785  135.73672877    6 0 New Tower Viewpoint 11
15  -16.72676293  135.73659810   0.00 New Ramp Start 10
19  -16.72647216  135.73666728 0 New Windsock 12
1      215 0 0 YBSN BESSIE SPRINGS
100   36.88   4   0 0.25 0 0 0 13  -16.64761540  135.84369368    0.00    0.00 0  0 0 0 31  -16.65255376  135.84816814    0.00    0.00 0  0 0 0
110   4 0.25   0.00 New Taxiway 35
111 -16.65025065  135.84599329 
112 -16.65261005  135.84803989 -16.65261005  135.84806498 
112 -16.65281840  135.84829917 -16.65282641  135.84832426 
112 -16.65338734  135.84885119 -16.65350754  135.84904356 
112 -16.65386813  135.84932793 -16.65394025  135.84945339 
112 -16.65417264  135.84962067 -16.65430085  135.84972940 
112 -16.65422072  135.84976285 -16.65420469  135.84972104 
112 -16.65377999  135.84940321 -16.65366780  135.84930284 
112 -16.65299469  135.84869227 -16.65293860  135.84865882 
112 -16.65253793  135.84835772 -16.65239369  135.84836608 
112 -16.65220137  135.84831590 -16.65207316  135.84833262 
112 -16.65216932  135.84851663 -16.65217733  135.84852499 
112 -16.65238568  135.84860027 -16.65243376  135.84862536 
111 -16.65256998  135.84875082 
111 -16.65402840  135.85001377 
111 -16.65401237  135.85004723 
112 -16.65216172  135.84858872 -16.65202950  135.84858872 
112 -16.65166810  135.84857032 -16.65165047  135.84857032 
112 -16.65119211  135.84868073 -16.65103345  135.84871753 
112 -16.65052220  135.84915913 -16.65019606  135.84953634 
112 -16.65005503  135.85027236 -16.64998451  135.85046556 
111 -16.65014317  135.85080597 
111 -16.65082190  135.85271040 
111 -16.65078664  135.85275640 
112 -16.65010859  135.85089551 -16.65002926  135.85081271 
112 -16.64997637  135.85033430 -16.64997637  135.85026070 
112 -16.65014385  135.84970869 -16.65015267  135.84969029 
112 -16.65016108  135.84941540 -16.65009552  135.84934697 
112 -16.64990612  135.84879952 -16.64974585  135.84836612 
112 -16.64994983  135.84815322 -16.65008095  135.84800875 
112 -16.65029950  135.84825207 -16.65042334  135.84828248 
112 -16.65075844  135.84863984 -16.65085314  135.84873869 
112 -16.65091870  135.84870827 -16.65099155  135.84867786 
112 -16.65118096  135.84857901 -16.65126837  135.84856381 
112 -16.65142135  135.84844215 -16.65152334  135.84835091 
112 -16.65172732  135.84834331 -16.65183659  135.84833570 
112 -16.65206970  135.84828248 -16.65217169  135.84825967 
112 -16.65228096  135.84822165 -16.65222268  135.84822165 
112 -16.65195314  135.84814562 -16.65183659  135.84810760 
112 -16.65160347  135.84797074 -16.65150149  135.84794793 
112 -16.65138493  135.84771982 -16.65134122  135.84767420 
112 -16.65110082  135.84743089 -16.65103526  135.84737766 
112 -16.65080943  135.84729403 -16.65073658  135.84727122 
112 -16.65043791  135.84710394 -16.65034320  135.84703551 
112 -16.65019751  135.84674658 -16.65012466  135.84663252 
112 -16.65011009  135.84653368 -16.65008824  135.84641202 
113 -16.65000810  135.84604706 
14  -16.65030241  135.84852449    6 0 New Tower Viewpoint 49
15  -16.65128917  135.84743235 272.16 New Ramp Start 47
19  -16.65063354  135.84707983 0 New Windsock 48
1      326 0 0 YBGH BILLENGARRAH
100   25.91   4   0 0.25 0 0 0 17  -16.27838935  135.71685667    0.00    0.00 0  0 0 0 35  -16.28714974  135.71801511    0.00    0.00 0  0 0 0
110   4 0.25   0.00 New Taxiway 1
111 -16.28643642  135.71799270 
112 -16.28632177  135.71819745 -16.28623988  135.71829130 
112 -16.28616618  135.71836808 -16.28611704  135.71839367 
112 -16.28605972  135.71854723 -16.28604334  135.71862401 
112 -16.28601878  135.71852164 -16.28601878  135.71847898 
112 -16.28596964  135.71832542 -16.28596145  135.71827423 
113 -16.28583043  135.71792445 
14  -16.28588775  135.71843633    6 0 New Tower Viewpoint 3
15  -16.28615799  135.71825717   0.00 New Ramp Start 1
19  -16.28572397  135.71827423 0 New Windsock 2
1      256 0 0 YCCF CAPE CRAWFORD
100   28.04   4   0 0.25 0 0 0 16  -16.68310159  135.72880216    0.00    0.00 0  0 0 0 34  -16.69264963  135.73150928    0.00    0.00 0  0 0 0
110   4 0.25   0.00 New Taxiway 39
111 -16.69267669  135.73138049 
112 -16.69279860  135.73160738 -16.69275090  135.73165718 
112 -16.69271379  135.73169039 -16.69267669  135.73169039 
112 -16.69262898  135.73164612 -16.69262898  135.73160738 
113 -16.69260248  135.73161291 
110   4 0.25   0.00 New Taxiway 38
111 -16.68318663  135.72892319 
112 -16.68304181  135.72892319 -16.68296282  135.72892319 
112 -16.68299574  135.72884073 -16.68297928  135.72877201 
112 -16.68304840  135.72873422 -16.68308789  135.72870673 
113 -16.68316030  135.72871016 
110   4 0.25   0.00 New Taxiway 37
111 -16.68378539  135.72889858 
112 -16.68420415  135.72887645 -16.68429426  135.72885985 
112 -16.68448508  135.72889305 -16.68455399  135.72890965 
111 -16.68471831  135.72894285 
112 -16.68461760  135.72859423 -16.68456989  135.72845036 
112 -16.68445328  135.72811280 -16.68443738  135.72795233 
112 -16.68441087  135.72749304 -16.68440027  135.72744877 
111 -16.68437377  135.72726062 
111 -16.68444268  135.72725509 
112 -16.68447448  135.72759264 -16.68446388  135.72765351 
112 -16.68449038  135.72794126 -16.68449568  135.72796893 
112 -16.68457520  135.72826775 -16.68461760  135.72836182 
112 -16.68473952  135.72877684 -16.68473952  135.72878791 
112 -16.68482963  135.72897052 -16.68490914  135.72902032 
112 -16.68535440  135.72921400 -16.68538090  135.72922507 
112 -16.68544981  135.72929147 -16.68544451  135.72932467 
111 -16.68542861  135.72935787 
111 -16.68503106  135.72947408 
112 -16.68464410  135.72944641 -16.68456989  135.72941874 
112 -16.68437377  135.72937448 -16.68434196  135.72933021 
111 -16.68433136  135.72925273 
113 -16.68422535  135.72910886 
14  -16.68470771  135.72881004    6 0 New Tower Viewpoint 36
15  -16.68491974  135.72903692   0.00 New Ramp Start 34
19  -16.68445328  135.72947961 0 New Windsock 35
1      640 0 0 YMYH Mallapunya Springs Stn
100   81.08   4   0 0.25 0 0 0 14  -16.96077671  135.77541192    0.00    0.00 0  0 0 0 32  -16.97103474  135.78216879    0.00    0.00 0  0 0 0
14  -16.97100770  135.78139643    6 0 New Tower Viewpoint 9
15  -16.97094013  135.78184389   0.00 New Ramp Start 7
19  -16.96981386  135.78223246 0 New Windsock 8
51 12670 CTAF