1      591 0 0 YBVE BELLEVUE
100   27.13   4   0 0.25 0 0 0 10  -16.51189863  144.17899086    0.00    0.00 0  0 0 0 28  -16.51398032  144.18759287    0.00    0.00 0  0 0 0
110   4 0.25   0.00 New Taxiway 31
112 -16.51295205  144.18127316 -16.51295205  144.18134710 
112 -16.51295796  144.18150730 -16.51295796  144.18155043 
111 -16.51299931  144.18151962 
111 -16.51310565  144.18161205 
112 -16.51365505  144.18116841 -16.51384999  144.18101437 
112 -16.51431669  144.18019487 -16.51454708  144.17971426 
112 -16.51466523  144.17895638 -16.51473612  144.17864830 
111 -16.51470068  144.17838335 
112 -16.51479520  144.17846345 -16.51482473  144.17855588 
112 -16.51454217  144.17977311 -16.51435313  144.18046322 
112 -16.51394288  144.18096707 -16.51370894  144.18130596 
112 -16.51329306  144.18159063 -16.51320208  144.18165163 
112 -16.51311110  144.18192274 -16.51307861  144.18198374 
112 -16.51307211  144.18214641 -16.51306562  144.18221419 
112 -16.51305912  144.18240396 -16.51305912  144.18247174 
112 -16.51316399  144.18308987 -16.51317699  144.18310343 
111 -16.51324197  144.18334743 
112 -16.51330696  144.18362532 -16.51331345  144.18364565 
112 -16.51326147  144.18380154 -16.51323548  144.18386254 
112 -16.51328746  144.18413365 -16.51328096  144.18421498 
112 -16.51332645  144.18442509 -16.51332645  144.18445898 
112 -16.51341743  144.18454709 -16.51345642  144.18460809 
112 -16.51352790  144.18494021 -16.51354739  144.18505543 
112 -16.51372170  144.18560180 -16.51373470  144.18566280 
112 -16.51413759  144.18634058 -16.51426106  144.18650325 
112 -16.51460547  144.18686247 -16.51472243  144.18695736 
112 -16.51525529  144.18718103 -16.51549573  144.18730303 
111 -16.51570367  144.18711325 
112 -16.51595710  144.18681503 -16.51604808  144.18671336 
111 -16.51618454  144.18669302 
112 -16.51673040  144.18672691 -16.51691885  144.18674047 
111 -16.51688635  144.18701158 
111 -16.51674339  144.18827903 
111 -16.51664592  144.18827903 
112 -16.51680965  144.18702270 -16.51682737  144.18678239 
111 -16.51663833  144.18680088 
112 -16.51616573  144.18677623 -16.51605940  144.18680088 
112 -16.51578765  144.18718290 -16.51569313  144.18735542 
112 -16.51529733  144.18730613 -16.51525007  144.18728765 
111 -16.51487199  144.18716441 
112 -16.51474202  144.18721987 -16.51468886  144.18723219 
112 -16.51449391  144.18734926 -16.51443483  144.18738007 
112 -16.51425761  144.18726300 -16.51417490  144.18722603 
112 -16.51417490  144.18734310 -16.51412764  144.18738007 
112 -16.51408038  144.18746017 -16.51405675  144.18750330 
112 -16.51421035  144.18768815 -16.51422807  144.18777442 
112 -16.51413355  144.18783603 -16.51408038  144.18786068 
111 -16.51386180  144.18759573 
111 -16.51301968  144.18354867 
112 -16.51308933  144.18324357 -16.51317291  144.18309828 
112 -16.51296397  144.18264789 -16.51296397  144.18260430 
112 -16.51286646  144.18168900 -16.51286646  144.18167447 
113 -16.51286646  144.18126767 
111 -16.51373288  144.18589520 
112 -16.51392316  144.18646354 -16.51391451  144.18657180 
112 -16.51390586  144.18667103 -16.51395776  144.18676124 
112 -16.51415669  144.18689656 -16.51426048  144.18693264 
112 -16.51446806  144.18705894 -16.51454590  144.18710405 
111 -16.51459780  144.18708601 
112 -16.51425183  144.18669809 -16.51417399  144.18661690 
114 -16.51402695  144.18640941 -16.51400100  144.18633724 
14  -16.51428643  144.18729349    6 0 New Tower Viewpoint 33
15  -16.51412209  144.18704090   0.00 New Ramp Start 32
19  -16.51358584  144.18712209 0 New Windsock 34
1      716 0 0 YJNY JONROY
100   34.14   4   0 0.25 0 0 0 7   -16.50991177  144.38734140    0.00    0.00 0  0 0 0 25  -16.50674391  144.39878856    0.00    0.00 0  0 0 0
110   4 0.25  73.90 New Taxiway 22
111 -16.50975933  144.38740405 
112 -16.50972942  144.38682687 -16.50972942  144.38654607 
112 -16.50954994  144.38621848 -16.50950507  144.38609368 
112 -16.50920593  144.38570369 -16.50893670  144.38567249 
112 -16.50881705  144.38532930 -16.50881705  144.38517330 
112 -16.50881705  144.38478331 -16.50877218  144.38459611 
112 -16.50850295  144.38406573 -16.50847304  144.38397213 
112 -16.50702897  144.38272114 -16.50696316  144.38258386 
111 -16.50665056  144.38237795 
111 -16.50684799  144.38239511 
112 -16.50775288  144.38318444 -16.50795031  144.38333888 
112 -16.50841099  144.38363059 -16.50846034  144.38373355 
112 -16.50895392  144.38443708 -16.50903619  144.38466016 
112 -16.50962848  144.38536370 -16.51002334  144.38532938 
112 -16.51051692  144.38512346 -16.51069790  144.38490039 
112 -16.51119148  144.38441992 -16.51122439  144.38435129 
112 -16.51163570  144.38375070 -16.51168506  144.38368207 
111 -16.51183313  144.38361343 
111 -16.51194830  144.38361343 
112 -16.51160280  144.38397378 -16.51150408  144.38409389 
112 -16.51107631  144.38467732 -16.51094469  144.38496903 
112 -16.51059919  144.38551813 -16.51054983  144.38572405 
112 -16.51020432  144.38637611 -16.51018787  144.38690805 
112 -16.51015497  144.38730272 -16.51015497  144.38742283 
112 -16.51003980  144.38759443 -16.50997399  144.38762875 
113 -16.50984237  144.38764591 
14  -16.51012206  144.38577552    6 0 New Tower Viewpoint 30
15  -16.51002334  144.38654770   0.00 New Ramp Start 28
19  -16.50938169  144.38689089 0 New Windsock 29
1      936 0 0 YKPI KONDAPARINGA
100   25.91   4   0 0.25 0 0 0 11  -16.68014527  144.78312407    0.00    0.00 0  0 0 0 29  -16.68352266  144.79029561    0.00    0.00 0  0 0 0
110   4 0.25   0.00 New Taxiway 2
111 -16.68335107  144.79004949 
112 -16.68321546  144.79004949 -16.68310568  144.79004949 
112 -16.68306693  144.79001578 -16.68300235  144.78997534 
111 -16.68297007  144.78991466 
112 -16.68279571  144.79019106 -16.68274405  144.79029892 
112 -16.68263427  144.79085171 -16.68259552  144.79099328 
112 -16.68270530  144.79137754 -16.68276988  144.79159326 
111 -16.68289257  144.79158652 
112 -16.68454395  144.79277056 -16.68472282  144.79297856 
111 -16.68485570  144.79337679 
111 -16.68484279  144.79427632 
111 -16.68476530  144.79430328 
112 -16.68480523  144.79376497 -16.68482460  144.79344812 
112 -16.68463614  144.79295501 -16.68451991  144.79275277 
111 -16.68413245  144.79250334 
112 -16.68285057  144.79164375 -16.68259529  144.79144636 
112 -16.68258584  144.79101208 -16.68255747  144.79078508 
112 -16.68273711  144.79019289 -16.68277493  144.79002510 
111 -16.68288839  144.78980797 
112 -16.68234947  144.79009419 -16.68233056  144.79010406 
112 -16.68200910  144.79030146 -16.68191456  144.79030146 
111 -16.68190510  144.79010406 
112 -16.68027890  144.79188063 -16.68019381  144.79197933 
111 -16.68009926  144.79243334 
112 -16.67991017  144.79344006 -16.67990071  144.79356837 
112 -16.67973998  144.79394342 -16.67969271  144.79398290 
111 -16.67936180  144.79420991 
111 -16.67924834  144.79421978 
112 -16.67954144  144.79400264 -16.67958871  144.79396316 
111 -16.67978726  144.79358811 
112 -16.68008775  144.79217454 -16.68016389  144.79187253 
111 -16.68057501  144.79137978 
111 -16.68243917  144.78949620 
111 -16.68267827  144.78914150 
111 -16.68233850  144.78836643 
113 -16.68189805  144.78707902 
14  -16.68224035  144.78974613    6 0 New Tower Viewpoint 5
15  -16.68253094  144.78962479 188.56 New Ramp Start 4
19  -16.68307985  144.78991466 0 New Windsock 6
1     1594 0 0 YMDW MAITLAND DOWNS
100   20.12   4   0 0.25 0 0 0 11  -16.22066045  144.69986301    0.00    0.00 0  0 0 0 29  -16.22437517  144.71022576    0.00    0.00 0  0 0 0
110   4 0.25   0.00 New Taxiway 19
111 -16.22308929  144.71304117 
112 -16.22207429  144.71122326 -16.22195792  144.71105494 
112 -16.22163467  144.71046917 -16.22162820  144.71024024 
112 -16.22158295  144.70972853 -16.22164113  144.70948615 
112 -16.22168639  144.70910910 -16.22173811  144.70895424 
111 -16.22183508  144.70863779 
111 -16.22164699  144.70775745 
111 -16.22159721  144.70771301 
111 -16.22158299  144.70757229 
111 -16.22164699  144.70757229 
112 -16.22197412  144.70889062 -16.22203101  144.70909059 
112 -16.22215902  144.70946090 -16.22215902  144.70948312 
112 -16.22222303  144.70971271 -16.22221591  144.70977937 
112 -16.22218036  144.70980900 -16.22214480  144.70980900 
112 -16.22205946  144.70974975 -16.22208791  144.70966828 
112 -16.22212346  144.70946090 -16.22211635  144.70939424 
112 -16.22199546  144.70935721 -16.22198123  144.70932018 
111 -16.22193857  144.70903874 
112 -16.22179634  144.70912021 -16.22178922  144.70915724 
112 -16.22173233  144.70942387 -16.22170389  144.70946090 
111 -16.22167544  144.70948312 
112 -16.22163277  144.70998675 -16.22164699  144.71010525 
112 -16.22172522  144.71054963 -16.22174655  144.71063850 
111 -16.22179634  144.71072738 
112 -16.22215902  144.71125322 -16.22221591  144.71135691 
113 -16.22314041  144.71300852 
111 -16.22186759  144.70873965 
112 -16.22176073  144.70901282 -16.22174130  144.70911399 
112 -16.22167330  144.70937704 -16.22167330  144.70940233 
112 -16.22170244  144.70942256 -16.22171215  144.70939727 
112 -16.22178501  144.70907858 -16.22178987  144.70905834 
112 -16.22182873  144.70899764 -16.22185787  144.70897741 
114 -16.22191616  144.70896223 -16.22193559  144.70895717 
110   4 0.25   0.00 New Taxiway 18
111 -16.22289530  144.70618401 
111 -16.22271205  144.70694739 
112 -16.22263188  144.70711438 -16.22262043  144.70713823 
112 -16.22237991  144.70715016 -16.22228828  144.70715016 
112 -16.22231119  144.70689968 -16.22233410  144.70684004 
112 -16.22252880  144.70681618 -16.22257461  144.70680425 
112 -16.22264333  144.70678040 -16.22265479  144.70670883 
113 -16.22282658  144.70610051 
110   3 0.25   0.00 New Taxiway 17
112 -16.22470289  144.70838817 -16.22470289  144.70849930 
112 -16.22456570  144.70918196 -16.22451996  144.70932484 
111 -16.22480960  144.71054728 
111 -16.22406264  144.71094417 
111 -16.22371202  144.70968998 
111 -16.22197419  144.70984874 
112 -16.22191322  144.70943597 -16.22188273  144.70930896 
112 -16.22153211  144.70919783 -16.22139492  144.70903907 
112 -16.22165839  144.70858509 -16.22170870  144.70834061 
112 -16.22137055  144.70760494 -16.22137055  144.70749759 
112 -16.22124314  144.70724177 -16.22100366  144.70728514 
112 -16.22131602  144.70688393 -16.22138891  144.70666706 
111 -16.22175332  144.70661285 
112 -16.22163879  144.70681887 -16.22160756  144.70702490 
112 -16.22168044  144.70697068 -16.22170126  144.70697068 
112 -16.22210733  144.70681887 -16.22228433  144.70679719 
112 -16.22234681  144.70679719 -16.22238845  144.70678634 
112 -16.22232598  144.70609236 -16.22226351  144.70581043 
112 -16.22170126  144.70452005 -16.22156591  144.70440077 
112 -16.22110778  144.70248147 -16.22102449  144.70218870 
112 -16.22053513  144.70072483 -16.22045183  144.70050796 
112 -16.22062883  144.70043205 -16.22066007  144.70036699 
112 -16.22054554  144.69996578 -16.22047266  144.69990072 
111 -16.22016030  144.69945614 
111 -16.22090996  144.69911999 
112 -16.22102449  144.69914168 -16.22103490  144.69914168 
112 -16.22150114  144.70056395 -16.22164691  144.70095432 
113 -16.22263605  144.70339411 
14  -16.22244689  144.70778840    6 0 New Tower Viewpoint 9
15  -16.22253505  144.70696208 157.51 New Ramp Start 7
19  -16.22288181  144.70690087 0 New Windsock 8
1     1131 0 0 YMTD MOUNT DIANNE
100   49.99   4   0 0.00 0 0 0 15  -16.05328203  144.50869995    0.00    0.00 0  0 0 0 33  -16.06351200  144.51245400    0.00    0.00 0  0 0 0
110   4 0.25   0.00 New Taxiway 17
111 -16.06141960  144.51153826 
112 -16.06145504  144.51115103 -16.06147276  144.51111415 
112 -16.06186260  144.51096664 -16.06211068  144.51083757 
112 -16.06258912  144.51059786 -16.06273088  144.51033971 
112 -16.06297896  144.51032127 -16.06304984  144.51083757 
112 -16.06315616  144.51115103 -16.06324476  144.51133542 
112 -16.06328020  144.51153826 -16.06317388  144.51170421 
112 -16.06306756  144.51192548 -16.06296124  144.51210987 
113 -16.06290808  144.51210987 
15  -16.06297896  144.51133542   0.00 New Ramp Start 20
19  -16.06168540  144.51118791 0 New Windsock 21
1     1383 0 0 YPAL PALMER RIVER
100   21.03   4   0 0.00 0 0 0 10  -16.10592865  144.77158706    0.00    0.00 0  0 0 0 28  -16.10689828  144.77593017    0.00    0.00 0  0 0 0
110   4 0.25   0.00 New Taxiway 11
111 -16.10698367  144.77590607 
111 -16.10712872  144.77589097 
112 -16.10745749  144.77621808 -16.10753968  144.77624827 
112 -16.10759770  144.77648479 -16.10764122  144.77658544 
112 -16.10766056  144.77708365 -16.10762671  144.77719939 
112 -16.10739464  144.77720946 -16.10733662  144.77719436 
112 -16.10720608  144.77704842 -16.10717223  144.77703836 
112 -16.10702261  144.77720588 -16.10695182  144.77720588 
112 -16.10688103  144.77685758 -16.10685529  144.77671692 
112 -16.10647561  144.77660306 -16.10631473  144.77652938 
111 -16.10599608  144.77623185 
112 -16.10593757  144.77583329 -16.10590566  144.77573365 
111 -16.10394318  144.77469850 
112 -16.10320392  144.77401209 -16.10313478  144.77395120 
111 -16.10320392  144.77390691 
112 -16.10370917  144.77442172 -16.10378894  144.77451029 
111 -16.10410273  144.77468189 
112 -16.10590638  144.77569403 -16.10593212  144.77570743 
112 -16.10608657  144.77578780 -16.10612518  144.77576771 
112 -16.10642764  144.77551318 -16.10649842  144.77545290 
113 -16.10665287  144.77513139 
14  -16.10705187  144.77646953    6 0 New Tower Viewpoint 11
15  -16.10676127  144.77584568 259.61 New Ramp Start 9
19  -16.10652878  144.77518780 0 New Windsock 10
1      704 0 0 YPVI PALMERVILLE
100   56.08   4   0 0.25 0 0 0 17  -16.00464512  144.07255131    0.00    0.00 0  0 0 0 35  -16.01123513  144.07358911    0.00    0.00 0  0 0 0
110   4 0.25   0.00 New Taxiway 47
111 -16.00394776  144.07113120 
111 -16.00471276  144.07284028 
112 -16.00501374  144.07308816 -16.00523947  144.07311426 
112 -16.00605463  144.07341432 -16.00624275  144.07351870 
111 -16.00644340  144.07361002 
112 -16.00729618  144.07324472 -16.00755954  144.07323167 
112 -16.00853774  144.07350565 -16.00876347  144.07377962 
112 -16.00875093  144.07462764 -16.00867569  144.07484943 
112 -16.00855028  144.07572354 -16.00858790  144.07594533 
111 -16.00905191  144.07732825 
112 -16.00952046  144.07790827 -16.00973283  144.07799664 
112 -16.01061771  144.07837223 -16.01069558  144.07842378 
112 -16.01061063  144.07846061 -16.01042657  144.07839433 
111 -16.00956293  144.07800401 
112 -16.00915943  144.07766524 -16.00910280  144.07751058 
111 -16.00850816  144.07577992 
112 -16.00852232  144.07526440 -16.00857187  144.07508029 
111 -16.00869929  144.07424074 
112 -16.00812589  144.07356320 -16.00737552  144.07333490 
112 -16.00693662  144.07343800 -16.00675256  144.07353374 
112 -16.00593669  144.07418260 -16.00565996  144.07451066 
112 -16.00508998  144.07490911 -16.00477143  144.07500484 
112 -16.00428581  144.07512556 -16.00408631  144.07525946 
112 -16.00393186  144.07527285 -16.00409275  144.07513895 
112 -16.00433730  144.07502514 -16.00447888  144.07495819 
112 -16.00504520  144.07485107 -16.00517391  144.07480420 
112 -16.00554073  144.07450293 -16.00572736  144.07430209 
112 -16.00611634  144.07387991 -16.00625651  144.07376650 
111 -16.00637331  144.07364499 
112 -16.00577372  144.07338576 -16.00549339  144.07329665 
111 -16.00485486  144.07312653 
112 -16.00466798  144.07294831 -16.00457453  144.07281870 
113 -16.00391644  144.07114195 
14  -16.00644892  144.07325277    6 0 New Tower Viewpoint 107
15  -16.00815496  144.07340006   0.00 New Ramp Start 105
19  -16.00615868  144.07326013 0 New Windsock 106