1     1365 1 1 UTSL KARSHI KHANABAD
100   40.23   2   0 0.25 0 3 0 07   38.83106700  065.90744200    0.00    0.00 2  1 0 0 25   38.83620300  065.93548900    0.00    0.00 2  1 0 0
21   38.83184810  065.90957966  2  76.76   3.00 07  PAPI-4L
21   38.83542241  065.93335088  2 256.78   3.00 25  PAPI-4L
110   2 0.30  76.76 Default taxiway for RWY 07
111  38.83089296  065.90749456  53 102 
111  38.83000964  065.90776130  53 102 
111  38.83514899  065.93580631  53 102 
111  38.83603231  065.93553954 
112  38.83594940  065.93508709  38.83598867  065.93531397  53 102 
111  38.83577720  065.93537784  53 102 
112  38.83549524  065.93546299  38.83528377  065.93552685  53 102 
111  38.83524231  065.93530063  53 102 
111  38.83277627  065.92184370  53 102 
111  38.83348336  065.92163016 
111  38.83344191  065.92140394  53 102 
111  38.83273482  065.92161748  53 102 
112  38.83026878  065.90816053  38.83022733  065.90793431  53 102 
111  38.83043880  065.90787045  53 102 
112  38.83072076  065.90778530  38.83093223  065.90772144  53 102 
113  38.83097587  065.90794700 
120 Default hold RWY 07 (near)
111  38.83053832  065.90760165  54 
115  38.83057978  065.90782787 
120 Default hold RWY 07 (centre)
111  38.83308727  065.92151104  54 
115  38.83312872  065.92173726 
120 Default hold RWY 07 (far)
111  38.83563622  065.93542041  54 
115  38.83567767  065.93564664 
18   38.83487022  065.92109179 4 BCN
19   38.83151277  065.90682991 1 WS
19   38.83575708  065.93610096 1 WS
54 12517 TWR
55 13160 APP
1     1194 0 1 UT1N KARSHI SOUTH
100   43.89   1   0 0.25 0 0 0 16   38.81411700  065.77019700    0.00    0.00 2  0 0 0 34   38.78958600  065.77925000  131.06    0.00 2  0 0 0
110   1 0.30 163.95 Default taxiway for RWY 16
111  38.81406303  065.76995619   3 
111  38.81378942  065.76873548   3 
111  38.78925877  065.77779211   3 
111  38.78953238  065.77901239 
112  38.78991198  065.77887225  38.78972155  065.77893955   3 
111  38.78965604  065.77864734   3 
112  38.78956868  065.77825774  38.78950317  065.77796554   3 
111  38.78969297  065.77789546   3 
111  38.80148380  065.77354237   3 
111  38.80170281  065.77451932 
111  38.80189260  065.77444925   3 
111  38.80167359  065.77347230   3 
112  38.81346442  065.76911922  38.81365422  065.76904914   3 
111  38.81371973  065.76934145   3 
112  38.81380709  065.76973118  38.81387260  065.77002348   3 
113  38.81368343  065.77009633 
120 Default hold RWY 16 (near)
111  38.81395321  065.76946624   4 
115  38.81376341  065.76953631 
120 Default hold RWY 16 (centre)
111  38.80178278  065.77395939   4 
115  38.80159299  065.77402946 
120 Default hold RWY 16 (far)
111  38.78961236  065.77845254   4 
115  38.78942256  065.77852261 
19   38.81466039  065.77078762 1 WS
19   38.78904266  065.77865952 1 WS