1     2635 0 1 SN66 Beesley Farms
100   15.24   3   0 0.25 0 0 0 17   38.82191060 -100.45549349    0.00    0.00 1  0 0 0 35   38.81477994 -100.45533375    0.00    0.00 1  0 0 0
19   38.82205132 -100.45523255 1 WS
19   38.81463922 -100.45559467 1 WS
1     3038 0 1 1KS8 Buehler
100   24.38   3   0 0.25 0 0 0 09   38.51583331 -100.99892397    0.00    0.00 1  0 0 0 27   38.51476057 -100.99026771    0.00    0.00 1  0 0 0
100   24.38   3   0 0.25 0 0 0 36   38.51191043 -100.99528135    0.00    0.00 1  0 0 0 18   38.51868345 -100.99391033    0.00    0.00 1  0 0 0
19   38.51174518 -100.99574070 1 WS
19   38.51619274 -100.99913518 1 WS
19   38.51440113 -100.99005654 1 WS
19   38.51884870 -100.99345093 1 WS
1     2778 0 1 K65  Dighton
100   12.19   1   0 0.25 0 1 0 17   38.49302996 -100.47965812    0.00    0.00 2  0 0 0 35   38.48644780 -100.47951134    0.00    0.00 2  0 0 0
100   33.53   3   0 0.25 0 0 0 06   38.48875588 -100.48285639    0.00    0.00 1  0 0 0 24   38.49072188 -100.47631307    0.00    0.00 1  0 0 0
100   33.53   3   0 0.25 0 0 0 13   38.49180903 -100.48188384    0.00    0.00 1  0 0 0 31   38.48766873 -100.47728562    0.00    0.00 1  0 0 0
18   38.48974558 -100.47909418 1 BCN
19   38.48907026 -100.48342350 1 WS
19   38.49233368 -100.48170036 1 WS
19   38.49314253 -100.47945033 1 WS
19   38.48633523 -100.47971911 1 WS
19   38.49040746 -100.47574598 1 WS
19   38.48714409 -100.47746912 1 WS
1     2950 0 1 7KS7 Evans
100   12.19   3   0 0.25 0 0 0 08   38.95827180 -100.80571237    0.00    0.00 1  0 0 0 26   38.95841542 -100.79513153    0.00    0.00 1  0 0 0
19   38.95843443 -100.80585716 1 WS
19   38.95825278 -100.79498677 1 WS
1     2600 0 1 9KS6 Lundgren Hereford Ranch
100   30.48   3   0 0.25 0 1 0 16   38.81656841 -100.57156766    0.00    0.00 1  0 0 0 34   38.80956769 -100.56982124    0.00    0.00 1  0 0 0
18   38.81325123 -100.56948495 1 BCN
19   38.81691618 -100.57111647 1 WS
19   38.80921993 -100.57027239 1 WS
1     2915 0 1 76KS Prima
100   21.34   3   0 0.25 0 0 0 17   38.26192033 -100.87967953    0.00    0.00 1  0 0 0 35   38.25478967 -100.87952103    0.00    0.00 1  0 0 0
19   38.26211734 -100.87931705 1 WS
19   38.25459266 -100.87988347 1 WS
1     2963 0 1 KTQK SCOTT CITY MUNI
100   21.34   1   0 0.25 0 2 0 17   38.48115000 -100.88503300    0.00    0.00 2  0 0 0 35   38.46742500 -100.88483100    0.00    0.00 2  0 0 0
100   18.29   3   0 0.25 0 0 0 08   38.47666400 -100.88861100    0.00    0.00 1  0 0 0 26   38.47666400 -100.88166900    0.00    0.00 1  0 0 0
21   38.47935366 -100.88463099  2 179.34   3.00 17  PAPI-4L
21   38.46922134 -100.88523295  2 359.34   3.00 35  PAPI-4L
110   1 0.30 179.34 Default taxiway for RWY 17
111  38.48114892 -100.88515276   3 102 
111  38.48114336 -100.88576879   3 102 
111  38.46741836 -100.88556661   3 102 
111  38.46742392 -100.88495070 
112  38.46761592 -100.88495353  38.46751989 -100.88495498   3 102 
111  38.46751857 -100.88510211   3 102 
112  38.46751680 -100.88529828  38.46751547 -100.88544541   3 102 
111  38.46761147 -100.88544684   3 102 
111  38.47423397 -100.88554437   3 102 
111  38.47423842 -100.88505102 
111  38.47433442 -100.88505244   3 102 
111  38.47432997 -100.88554579   3 102 
112  38.48095247 -100.88564333  38.48104847 -100.88564475   3 102 
111  38.48104980 -100.88549759   3 102 
112  38.48105157 -100.88530138  38.48105289 -100.88515422   3 102 
113  38.48095692 -100.88514993 
120 Default hold RWY 17 (near)
111  38.48114668 -100.88540090   4 
115  38.48105068 -100.88539949 
120 Default hold RWY 17 (centre)
111  38.47433218 -100.88530055   4 
115  38.47423618 -100.88529913 
120 Default hold RWY 17 (far)
111  38.46751768 -100.88520020   4 
115  38.46742168 -100.88519879 
18   38.47429526 -100.88407364 1 BCN
19   38.47691086 -100.88882124 1 WS
19   38.48134532 -100.88466793 1 WS
19   38.47641712 -100.88145878 1 WS
19   38.46722968 -100.88519600 1 WS
50 12000 AWOS 3
51 12280 CTAF/UNICOM
1     2856 0 1 32KS Wilkens
100   15.24   3   0 0.25 0 0 0 18   38.59686427 -100.61270724    0.00    0.00 1  0 0 0 36   38.58927849 -100.61424444    0.00    0.00 1  0 0 0
19   38.59696755 -100.61241981 1 WS
19   38.58917521 -100.61453185 1 WS