1     1845 0 1 SN67 Button
100   27.43   3   0 0.25 0 0 0 36   38.38076480 -098.75082460    0.00    0.00 1  0 0 0 18   38.38592574 -098.74989930    0.00    0.00 1  0 0 0
19   38.38057186 -098.75133622 1 WS
19   38.38611867 -098.74938765 1 WS
1     1797 0 1 1K6  Ellinwood Municipal
100   30.48   3   0 0.25 0 1 0 17   38.37684017 -098.59523319    0.00    0.00 1  0 0 0 35   38.36984983 -098.59492183    0.00    0.00 1  0 0 0
100   45.72   3   0 0.25 0 0 0 08   38.37324209 -098.59883641    0.00    0.00 1  0 0 0 26   38.37344791 -098.59131861    0.00    0.00 1  0 0 0
18   38.37337851 -098.59385367 1 BCN
19   38.37384450 -098.59938842 1 WS
19   38.37712866 -098.59472088 1 WS
19   38.36956134 -098.59543409 1 WS
19   38.37284545 -098.59076667 1 WS
1     1615 0 1 9K7  ELLSWORTH MUNI
100   14.63   1   0 0.25 0 2 0 17   38.75687200 -098.23145300    0.00    0.00 2  0 0 0 35   38.74613900 -098.23048900  125.58    0.00 2  0 0 0
100   76.20   3   0 0.25 0 0 0 12   38.74930600 -098.23377200    0.00    0.00 1  0 0 0 30   38.74571100 -098.22745000    0.00    0.00 1  0 0 0
21   38.74904525 -098.23105439  5 355.99   3.00 35  VASI-3L
110   1 0.30 175.99 Default taxiway for RWY 17
111  38.75686756 -098.23153434   3 102 
111  38.75684440 -098.23195828   3 102 
111  38.74611140 -098.23099407   3 102 
111  38.74613456 -098.23057018 
112  38.74626591 -098.23058197  38.74620007 -098.23057895   3 102 
111  38.74619455 -098.23067999   3 102 
112  38.74618719 -098.23081471  38.74618167 -098.23091576   3 102 
111  38.74624735 -098.23092166   3 102 
111  38.75144967 -098.23138902   3 102 
111  38.75146823 -098.23104931 
111  38.75153390 -098.23105521   3 102 
111  38.75151534 -098.23139492   3 102 
112  38.75671766 -098.23186227  38.75678333 -098.23186817   3 102 
111  38.75678885 -098.23176711   3 102 
112  38.75679621 -098.23163237  38.75680173 -098.23153131   3 102 
113  38.75673622 -098.23152254 
120 Default hold RWY 17 (near)
111  38.75685820 -098.23170564   4 
115  38.75679253 -098.23169974 
120 Default hold RWY 17 (centre)
111  38.75152454 -098.23122650   4 
115  38.75145887 -098.23122060 
120 Default hold RWY 17 (far)
111  38.74619087 -098.23074735   4 
115  38.74612520 -098.23074146 
18   38.75153836 -098.23038154 1 BCN
19   38.75054116 -098.23370549 1 WS
19   38.75701714 -098.23121216 1 WS
19   38.74447585 -098.22751660 1 WS
19   38.74599386 -098.23072981 1 WS
51 12270 CTAF/UNICOM
1     1887 0 1 KGBD GREAT BEND MUNI
100   30.48   1   0 0.25 0 3 0 17   38.35785800 -098.85736100    0.00    0.00 2  0 0 1 35   38.33630300 -098.85716400    0.00    0.00 3  8 0 0
100   22.86   1   0 0.25 0 2 0 11   38.34271700 -098.86953600    0.00    0.00 2  0 0 0 29   38.33635000 -098.85529200    0.00    0.00 2  0 0 0
21   38.34208734 -098.86735225  2 119.67   3.00 11  PAPI-4L
21   38.35606059 -098.85691719  2 179.59   3.00 17  PAPI-4L
21   38.33697992 -098.85747544  2 299.68   3.00 29  PAPI-4L
21   38.33893767 -098.85758093  1 359.59   3.00 35  VASI
110   1 0.30 119.67 Default taxiway for RWY 11
111  38.34262958 -098.86959951   3 102 
111  38.34218077 -098.86992556   3 102 
111  38.33581463 -098.85568028   3 102 
111  38.33626344 -098.85535425 
112  38.33636529 -098.85558215  38.33631241 -098.85546962   3 102 
111  38.33620516 -098.85554753   3 102 
112  38.33606217 -098.85565140  38.33595492 -098.85572931   3 102 
111  38.33600585 -098.85584326   3 102 
111  38.33906161 -098.86268102   3 102 
111  38.33942105 -098.86241990 
111  38.33947197 -098.86253385   3 102 
111  38.33911253 -098.86279497   3 102 
112  38.34216829 -098.86963274  38.34221922 -098.86974669   3 102 
111  38.34232647 -098.86966877   3 102 
112  38.34246946 -098.86956489  38.34257671 -098.86948698   3 102 
113  38.34252773 -098.86937161 
110   1 0.30 179.59 Default taxiway for RWY 17
111  38.35785703 -098.85753303   3 102 
111  38.35785210 -098.85841038   3 102 
111  38.33629710 -098.85821301   3 102 
111  38.33630203 -098.85733592 
112  38.33657632 -098.85733843  38.33643917 -098.85734005   3 102 
111  38.33643799 -098.85754986   3 102 
112  38.33643641 -098.85782961  38.33643523 -098.85803943   3 102 
111  38.33657237 -098.85804068   3 102 
111  38.34700701 -098.85813619   3 102 
111  38.34701096 -098.85743384 
111  38.34714810 -098.85743510   3 102 
111  38.34714415 -098.85813746   3 102 
112  38.35757879 -098.85823297  38.35771593 -098.85823423   3 102 
111  38.35771711 -098.85802436   3 102 
112  38.35771869 -098.85774452  38.35771987 -098.85753465   3 102 
113  38.35758274 -098.85753052 
120 Default hold RWY 11 (near)
111  38.34244888 -098.86973078   4 
115  38.34239796 -098.86961683 
120 Default hold RWY 17 (near)
111  38.35785505 -098.85788569   4 
115  38.35771790 -098.85788444 
120 Default hold RWY 11 (centre)
111  38.33929127 -098.86266512   4 
115  38.33924035 -098.86255117 
120 Default hold RWY 17 (centre)
111  38.34714612 -098.85778771   4 
115  38.34700898 -098.85778645 
120 Default hold RWY 11 (far)
111  38.33613366 -098.85559946   4 
115  38.33608274 -098.85548551 
120 Default hold RWY 17 (far)
111  38.33643720 -098.85768974   4 
115  38.33630005 -098.85768847 
18   38.34708799 -098.85603838 1 BCN
19   38.34308577 -098.86956998 1 WS
19   38.35813524 -098.85683882 1 WS
19   38.33598123 -098.85525809 1 WS
19   38.33602576 -098.85768602 1 WS
50 11927 AWOS 3
51 12280 CTAF/UNICOM
1     1805 0 1 29K  Holyrood Municipal
100   30.48   3   0 0.25 0 0 0 17   38.58977013 -098.40493986    0.00    0.00 1  0 0 0 35   38.58525041 -098.40463682    0.00    0.00 1  0 0 0
19   38.59006558 -098.40443255 1 WS
19   38.58495496 -098.40514410 1 WS
1     1691 0 1 KLYO LYONS RICE CO MUNI
100   15.24   1   0 0.25 0 1 0 17R  38.34553300 -098.22862200    0.00    0.00 2  0 0 0 35L  38.33729700 -098.22853300    0.00    0.00 2  0 0 0
100   45.72   3   0 0.25 0 0 0 17L  38.34751100 -098.22533900   76.20    0.00 1  0 0 0 35R  38.34056700 -098.22533900    0.00    0.00 1  0 0 0
100   30.48   3   0 0.25 0 0 0 14   38.34528900 -098.22867200    0.00    0.00 1  0 0 0 32   38.34140000 -098.22533900    0.00    0.00 1  0 0 0
110   1 0.30 179.51 Default taxiway for RWY 17R
111  38.34553244 -098.22870656   3 102 
111  38.34552951 -098.22914660   3 102 
111  38.33729351 -098.22905753   3 102 
111  38.33729644 -098.22861754 
112  38.33743358 -098.22861902  38.33736499 -098.22862115   3 102 
111  38.33736429 -098.22872606   3 102 
112  38.33736336 -098.22886594  38.33736266 -098.22897084   3 102 
111  38.33743123 -098.22897158   3 102 
111  38.34137780 -098.22901426   3 102 
111  38.34138015 -098.22866168 
111  38.34144873 -098.22866243   3 102 
111  38.34144638 -098.22901501   3 102 
112  38.34539295 -098.22905768  38.34546152 -098.22905842   3 102 
111  38.34546222 -098.22895350   3 102 
112  38.34546315 -098.22881361  38.34546385 -098.22870869   3 102 
113  38.34539530 -098.22870508 
120 Default hold RWY 17R (near)
111  38.34553126 -098.22888430   4 
115  38.34546269 -098.22888356 
120 Default hold RWY 17R (centre)
111  38.34144755 -098.22884015   4 
115  38.34137897 -098.22883940 
120 Default hold RWY 17R (far)
111  38.33736383 -098.22879600   4 
115  38.33729526 -098.22879526 
18   38.34142000 -098.22796552 1 BCN
19   38.34574619 -098.22843172 1 WS
19   38.34567188 -098.22836118 1 WS
19   38.34792245 -098.22455205 1 WS
19   38.33715812 -098.22879379 1 WS
19   38.34094283 -098.22557928 1 WS
19   38.34015555 -098.22612586 1 WS
51 12280 CTAF/UNICOM
1     1675 0 1 9KS5 Rush Field
100   21.34   3   0 0.25 0 0 0 17   38.58079980 -098.10053367    0.00    0.00 1  0 0 0 35   38.57477352 -098.10012967    0.00    0.00 1  0 0 0
19   38.58100662 -098.10017860 1 WS
19   38.57456670 -098.10048471 1 WS
1     1862 0 1 KRSL RUSSELL MUNI
100   22.86   2   0 0.25 0 2 0 17   38.87758100 -098.81175600    0.00    0.00 2  0 0 1 35   38.86393300 -098.80984200    0.00    0.00 2  0 0 1
100   91.44   4   0 0.25 0 0 0 03   38.87180800 -098.81576400    0.00    0.00 1  0 0 0 21   38.87561700 -098.81295000    0.00    0.00 1  0 0 0
21   38.87582444 -098.81112088  2 173.77   3.00 17  PAPI-4L
21   38.86568957 -098.81047697  2 353.77   3.00 35  PAPI-4L
110   2 0.30 173.77 Default taxiway for RWY 17
111  38.87757008 -098.81188448  53 102 
111  38.87751401 -098.81254410  53 102 
111  38.86386603 -098.81062957  53 102 
111  38.86392210 -098.80997008 
112  38.86412660 -098.80999877  38.86402410 -098.80998730  53 102 
111  38.86401071 -098.81014489  53 102 
112  38.86399284 -098.81035501  38.86397944 -098.81051260  53 102 
111  38.86408169 -098.81052694  53 102 
111  38.87065005 -098.81144832  53 102 
111  38.87069496 -098.81092010 
111  38.87079721 -098.81093445  53 102 
111  38.87075230 -098.81146267  53 102 
112  38.87732066 -098.81238405  38.87742292 -098.81239841  53 102 
111  38.87743632 -098.81224079  53 102 
112  38.87745419 -098.81203063  38.87746758 -098.81187301  53 102 
113  38.87736557 -098.81185579 
120 Default hold RWY 17 (near)
111  38.87754750 -098.81215005  54 
115  38.87744525 -098.81213571 
120 Default hold RWY 17 (centre)
111  38.87077463 -098.81120000  54 
115  38.87067238 -098.81118565 
120 Default hold RWY 17 (far)
111  38.86400177 -098.81024995  54 
115  38.86389952 -098.81023560 
18   38.87083663 -098.80988143 1 BCN
19   38.87171007 -098.81766528 1 WS
19   38.87781886 -098.81139239 1 WS
19   38.87571489 -098.81104859 1 WS
19   38.86369515 -098.81020555 1 WS
50 12832 ASOS
51 12270 CTAF/UNICOM
1     1755 0 1 9K3  Thielen
100   24.38   3   0 0.25 0 0 0 17   38.85401679 -098.56857051    0.00    0.00 1  0 0 0 35   38.84656043 -098.56823617    0.00    0.00 1  0 0 0
19   38.85424758 -098.56815792 1 WS
19   38.84632964 -098.56864871 1 WS
1     1727 0 1 K86  Wilson
100   18.29   3   0 0.25 0 0 0 17   38.84121621 -098.48583362    0.00    0.00 1  0 0 0 35   38.83491601 -098.48540972    0.00    0.00 1  0 0 0
19   38.84139348 -098.48552816 1 WS
19   38.83473874 -098.48571515 1 WS