1     1223 1 1 EDRB BITBURG
100   45.11   1   0 0.25 0 3 0 06   49.93705800  006.54676800  299.92  149.96 2  0 0 0 24   49.95285600  006.58160200  249.94  224.94 2  0 0 0
110   1 0.30  54.81 Default taxiway for RWY 06
111  49.93689395  006.54694772   3 102 
111  49.93606266  006.54785840   3 102 
111  49.95186587  006.58268134   3 102 
111  49.95269716  006.58177036 
112  49.95246323  006.58125487  49.95257836  006.58151463   3 102 
111  49.95237929  006.58173278   3 102 
112  49.95211387  006.58202365  49.95191480  006.58224180   3 102 
111  49.95179783  006.58198405   3 102 
111  49.94418864  006.56521697   3 102 
111  49.94485404  006.56448791 
111  49.94473707  006.56423017   3 102 
111  49.94407167  006.56495923   3 102 
112  49.93646249  006.54819215  49.93634552  006.54793441   3 102 
111  49.93654459  006.54771633   3 102 
112  49.93681001  006.54742555  49.93700908  006.54720747   3 102 
113  49.93712789  006.54746320 
120 Default hold RWY 06 (near)
111  49.93656033  006.54731320   4 
115  49.93667730  006.54757094 
120 Default hold RWY 06 (centre)
111  49.94440345  006.56459571   4 
115  49.94452042  006.56485345 
120 Default hold RWY 06 (far)
111  49.95224658  006.58187822   4 
115  49.95236354  006.58213596 
18   49.94611935  006.56290367 1 BCN
19   49.93732173  006.54570732 1 WS
19   49.95259195  006.58266284 1 WS
54 11870 INFO
54 12352 LANGEN INFO
54 12220 SPANGDAHLEM TWR
1     1158 1 0 ELLX Luxembourg
100   60.05   1   0 0.00 1 2 1 06   49.61764407  006.18740444    0.00    0.00 3  2 0 1 24   49.63555393  006.23560752    0.00   54.86 3  2 1 1
102 H1   49.63124475  006.21661217 335.00   27.13   27.13   2 0   0 0.00 1
21   49.63404903  006.22989900  3 240.00   3.00 API PAPI-4R
21   49.63314652  006.23068570  2 240.00   3.00 API PAPI-4L
21   49.61870718  006.19175453  3  60.00   3.00 API PAPI-4R
21   49.61956205  006.19100352  2  60.00   3.00 API PAPI-4L
110   2 0.00   0.00 north-concrete
112  49.62880594  006.20838842  49.62872314  006.20846047 
111  49.62880594  006.20838842 
111  49.62904500  006.20908358 
111  49.62886604  006.20939156 
111  49.63002828  006.21306926 
111  49.63136212  006.21184433 
111  49.62966867  006.20712783 
111  49.62898957  006.20778909 
112  49.62898957  006.20778909  49.62909279  006.20800104 
113  49.62898431  006.20815448 
110   1 0.00   0.00 road southparallel
111  49.63544649  006.23770849 
111  49.63548480  006.23767337 
111  49.61607497  006.18532780 
113  49.61602859  006.18533377 
110   1 0.00   0.00 road east windsock
111  49.63367404  006.23142231 
111  49.63266095  006.23235265 
111  49.63228658  006.23268611 
111  49.63229857  006.23271575 
111  49.63266815  006.23240822 
111  49.63282414  006.23280468 
111  49.63285773  006.23277133 
111  49.63271134  006.23242304 
111  49.63271854  006.23235635 
113  49.63370592  006.23148171 
110   1 0.00   0.00 road-opposite C
111  49.63003883  006.22160575 
111  49.62825966  006.22319203 
112  49.62825966  006.22319203  49.62817134  006.22328493 
112  49.62809946  006.22360638  49.62808198  006.22375923 
112  49.62813691  006.22408498  49.62818710  006.22418455 
111  49.62846761  006.22496968 
111  49.62844697  006.22497499 
111  49.62849974  006.22522833 
111  49.62856372  006.22523774 
111  49.62877391  006.22513898 
111  49.62872517  006.22486622 
111  49.62853021  006.22494147 
111  49.62817989  006.22401972 
112  49.62817989  006.22401972  49.62814502  006.22392885 
112  49.62815857  006.22363880  49.62816688  006.22347920 
111  49.62828651  006.22327198 
111  49.62837616  006.22316527 
113  49.63006588  006.22167375 
110   1 0.00   0.00 road-southmiddle
111  49.62639414  006.21178226 
111  49.62522030  006.21282432 
111  49.62523902  006.21289819 
111  49.62529520  006.21285644 
111  49.62558857  006.21368189 
111  49.62568219  006.21360801 
112  49.62579189  006.21377563  49.62582774  006.21380370 
112  49.62594545  006.21378546  49.62598461  006.21376895 
112  49.62606231  006.21362310  49.62608033  006.21357740 
112  49.62606575  006.21342768  49.62605891  006.21339901 
111  49.62574461  006.21255452 
111  49.62574461  006.21246780 
113  49.62642040  006.21185178 
111  49.62600722  006.21341426 
112  49.62602285  006.21351079  49.62602066  006.21355815 
112  49.62599628  006.21364110  49.62597600  006.21369015 
112  49.62589467  006.21373280  49.62584974  006.21373702 
112  49.62577228  006.21366180  49.62575689  006.21362405 
111  49.62573115  006.21355327 
111  49.62580088  006.21346252 
112  49.62575085  006.21337082  49.62574929  006.21336841 
111  49.62571490  006.21339495 
111  49.62568676  006.21339495 
111  49.62546479  006.21277719 
111  49.62546948  006.21271203 
111  49.62563518  006.21256724 
112  49.62566488  006.21256000  49.62568681  006.21256044 
113  49.62570083  006.21258896 
110   2 0.00   0.00 txw south concrete
111  49.61764087  006.19855973 
111  49.61685407  006.19924441 
111  49.61690429  006.19933484 
111  49.61599194  006.20016162 
111  49.61693778  006.20264197 
111  49.61783339  006.20181518 
111  49.61792546  006.20204772 
111  49.61859508  006.20256446 
113  49.61903870  006.20225441 
110   1 0.00   0.00 txw H and I
111  49.62072284  006.19635894 
111  49.61772230  006.19883635 
111  49.61900877  006.20225203 
111  49.61866758  006.20251138 
111  49.61883978  006.20260523 
111  49.61873764  006.20318359 
111  49.61864550  006.20388766 
111  49.61745150  006.20313525 
111  49.61718864  006.20293458 
111  49.61706260  006.20330852 
111  49.61732532  006.20350908 
111  49.61742665  006.20320155 
111  49.61863713  006.20396896 
111  49.61847767  006.20515314 
111  49.61851960  006.20516966 
111  49.61869551  006.20391587 
111  49.61902224  006.20405520 
111  49.61921848  006.20282095 
113  49.62419281  006.20574365 
111  49.62377545  006.20472263 
111  49.61888972  006.20187595 
111  49.61785797  006.19910515 
113  49.62079372  006.19668958 
110   1 0.00   0.00 north
111  49.63569686  006.23534790 
111  49.63697556  006.23550578 
111  49.63728934  006.23523765 
111  49.63735944  006.23485481 
111  49.63659141  006.23273057 
111  49.63688342  006.23247979 
111  49.63756116  006.23430851 
111  49.63761301  006.23423417 
111  49.63655954  006.23137441 
111  49.63980528  006.22856633 
111  49.63831684  006.22433445 
111  49.63504070  006.22725447 
111  49.63468426  006.22628860 
112  49.63426686  006.22540979  49.63413969  006.22517335 
112  49.63399187  006.22489233  49.63393404  006.22477936 
111  49.63374265  006.22424749 
112  49.63363689  006.22374535  49.63361690  006.22345874 
112  49.63359791  006.22327925  49.63358649  006.22314255 
111  49.63344907  006.22273438 
111  49.63320964  006.22194160 
112  49.63320964  006.22194160  49.63317037  006.22184760 
111  49.63322022  006.22181326 
111  49.63351298  006.22152080 
111  49.63376040  006.22113573 
111  49.63389171  006.22114092 
111  49.63411394  006.22166078 
111  49.63414424  006.22184273 
111  49.63424189  006.22208187 
111  49.63430923  006.22201429 
112  49.63445117  006.22206264  49.63457839  006.22206264 
111  49.63465603  006.22182714 
111  49.63468297  006.22168158 
111  49.63470654  006.22166598 
111  49.63463583  006.22143205 
111  49.63451798  006.22117212 
111  49.63434963  006.22100576 
111  49.63422505  006.22065226 
111  49.63422505  006.22041832 
111  49.63425535  006.22038193 
111  49.63454492  006.22039233 
111  49.63473684  006.22068345 
111  49.63487489  006.22042872 
111  49.63489173  006.22046511 
111  49.63541641  006.21962640 
111  49.63510718  006.21913513 
111  49.63512959  006.21909362 
111  49.63509822  006.21905902 
111  49.63652235  006.21685298 
111  49.63644945  006.21669038 
111  49.63567401  006.21790440 
112  49.63548964  006.21801324  49.63539309  006.21799999 
111  49.63534317  006.21789777 
111  49.63497991  006.21696667 
111  49.63498313  006.21690674 
111  49.63523970  006.21668540 
111  49.63430805  006.21418933 
111  49.63375128  006.21468026 
111  49.63365846  006.21445097 
111  49.63359706  006.21436939 
111  49.63328352  006.21320463 
111  49.63211457  006.21007140 
111  49.63168616  006.20892885 
112  49.63130771  006.20810398  49.63119480  006.20790409 
112  49.63060462  006.20701837  49.63046181  006.20684843 
112  49.63012634  006.20659409  49.62994236  006.20648112 
112  49.62946523  006.20645059  49.62942656  006.20645059 
112  49.62939310  006.20640424  49.62938167  006.20636235 
111  49.62939714  006.20629208 
111  49.62967541  006.20582698 
111  49.62976510  006.20563171 
111  49.62970300  006.20556425 
111  49.62933735  006.20622463 
111  49.62925686  006.20639505 
112  49.62912347  006.20639505  49.62906635  006.20634434 
111  49.62904068  006.20632404 
111  49.62959952  006.20551809 
111  49.62913217  006.20474899 
111  49.62874865  006.20532387 
111  49.62847577  006.20475433 
111  49.62875279  006.20442803 
111  49.62869408  006.20430888 
111  49.62841671  006.20462969 
111  49.62826574  006.20431383 
111  49.62811364  006.20425243 
111  49.62789279  006.20381487 
111  49.62785078  006.20371879 
111  49.62766080  006.20398476 
111  49.62752706  006.20375185 
111  49.62761687  006.20363181 
111  49.62752353  006.20348938 
111  49.62752782  006.20341650 
112  49.62769900  006.20292405  49.62773874  006.20267866 
111  49.62769900  006.20292405 
112  49.62769900  006.20292405  49.62772506  006.20278704 
112  49.62773501  006.20251904  49.62774214  006.20235981 
111  49.62780150  006.20233625 
111  49.62769803  006.20212874 
111  49.62763688  006.20221321 
111  49.62755320  006.20220493 
111  49.62747810  006.20206415 
111  49.62759504  006.20190680 
111  49.62657937  006.19979611 
111  49.62620574  006.20023694 
112  49.62620574  006.20023694  49.62607312  006.20044430 
112  49.62621801  006.20071221  49.62627072  006.20076733 
112  49.62704302  006.20154370  49.62725990  006.20181806 
111  49.62739736  006.20219696 
112  49.62695552  006.20239972  49.62685345  006.20252270 
111  49.62671965  006.20270116 
111  49.62646958  006.20225705 
111  49.62674190  006.20152039 
111  49.62599172  006.20080284 
111  49.62593933  006.20087537 
111  49.62573109  006.20052739 
111  49.62615261  006.20006004 
111  49.62598965  006.19967820 
111  49.62596704  006.19962923 
111  49.62590192  006.19970434 
111  49.62566257  006.19919179 
111  49.62587266  006.19895283 
111  49.62474375  006.19654336 
111  49.62450055  006.19594035 
111  49.62399523  006.19637570 
111  49.62420221  006.19698195 
111  49.62418307  006.19715994 
111  49.62402555  006.19733171 
111  49.62393581  006.19709165 
111  49.62406638  006.19696950 
111  49.62399108  006.19675983 
111  49.62377213  006.19695795 
111  49.62394195  006.19742440 
111  49.62371739  006.19766003 
111  49.62272163  006.19498633 
112  49.62273902  006.19490663  49.62277507  006.19487526 
111  49.62273902  006.19490663 
112  49.62273902  006.19490663  49.62274127  006.19490467 
111  49.62281618  006.19483768 
111  49.62331236  006.19610881 
111  49.62327226  006.19616190 
111  49.62381188  006.19755684 
111  49.62387224  006.19749141 
111  49.62339252  006.19620619 
111  49.62416966  006.19549116 
111  49.62428318  006.19574026 
112  49.62428318  006.19574026  49.62429889  006.19577346 
112  49.62439383  006.19579773  49.62442112  006.19577986 
111  49.62450717  006.19572111 
111  49.62452022  006.19574519 
111  49.62474899  006.19556047 
112  49.62469617  006.19540212  49.62468956  006.19537147 
111  49.62469617  006.19540212 
112  49.62469617  006.19540212  49.62471189  006.19537913 
111  49.62473621  006.19537980 
111  49.62468912  006.19526131 
111  49.62464164  006.19529062 
111  49.62445597  006.19474298 
111  49.62423575  006.19492257 
111  49.62448199  006.19565150 
111  49.62437684  006.19572002 
112  49.62437684  006.19572002  49.62435699  006.19573407 
112  49.62431982  006.19569555  49.62430493  006.19565597 
112  49.62422656  006.19542222  49.62422861  006.19539690 
111  49.62425308  006.19537651 
111  49.62420888  006.19527475 
111  49.62383388  006.19562024 
111  49.62335192  006.19432593 
111  49.62339673  006.19427666 
111  49.62368045  006.19401456 
112  49.62373291  006.19404046  49.62374841  006.19408370 
111  49.62402206  006.19484504 
111  49.62407178  006.19480088 
111  49.62377752  006.19398467 
112  49.62378424  006.19392654  49.62380838  006.19390525 
111  49.62389055  006.19383348 
112  49.62393348  006.19384871  49.62394727  006.19389053 
111  49.62428134  006.19479203 
111  49.62434626  006.19473626 
111  49.62388092  006.19352733 
111  49.62375765  006.19362722 
112  49.62375765  006.19362722  49.62369029  006.19370789 
112  49.62364547  006.19392811  49.62355837  006.19400878 
111  49.62270106  006.19475078 
112  49.62270106  006.19475078  49.62265491  006.19478195 
111  49.62267168  006.19468607 
112  49.62266635  006.19441769  49.62263755  006.19434361 
111  49.62262350  006.19430115 
111  49.62268493  006.19424852 
111  49.62273211  006.19437813 
112  49.62281796  006.19443454  49.62285925  006.19439936 
111  49.62348048  006.19388320 
111  49.62302983  006.19264154 
111  49.62305146  006.19262521 
111  49.62342966  006.19358907 
111  49.62379619  006.19326413 
111  49.62340220  006.19217456 
111  49.62344068  006.19214191 
111  49.62334761  006.19190350 
111  49.62316513  006.19201770 
111  49.62314441  006.19194840 
111  49.62331206  006.19182566 
111  49.62326259  006.19169784 
112  49.62316528  006.19173342  49.62313437  006.19172474 
112  49.62305725  006.19160329  49.62303757  006.19151002 
112  49.62304500  006.19129323  49.62304079  006.19124117 
111  49.62237852  006.18947707 
112  49.62237852  006.18947707  49.62235280  006.18940864 
112  49.62212513  006.18926665  49.62208943  006.18922036 
111  49.62210201  006.18908205 
111  49.62214540  006.18819480 
112  49.62214540  006.18819480  49.62213540  006.18803389 
111  49.62200441  006.18755865 
111  49.62195560  006.18756702 
111  49.62204708  006.18800194 
112  49.62204708  006.18800194  49.62210563  006.18814301 
111  49.62206672  006.18851551 
112  49.62199688  006.18860957  49.62193262  006.18860736 
111  49.62162905  006.18857512 
111  49.62156492  006.18984445 
111  49.62185894  006.18988846 
111  49.62205025  006.18972809 
111  49.62207117  006.18949257 
112  49.62207117  006.18949257  49.62207825  006.18941606 
111  49.62215639  006.18944858 
112  49.62236090  006.18966517  49.62242070  006.18985331 
111  49.62234105  006.18998747 
111  49.62203625  006.19027416 
111  49.62185304  006.19042352 
111  49.62172949  006.19053606 
111  49.62160594  006.19064859 
112  49.62160594  006.19064859  49.62151395  006.19070023 
112  49.62153885  006.19141247  49.62163483  006.19170937 
111  49.62254509  006.19434080 
112  49.62254509  006.19434080  49.62259288  006.19444016 
111  49.62252966  006.19446640 
111  49.62088705  006.19008103 
111  49.62084075  006.18972400 
111  49.62091667  006.18736033 
111  49.62087408  006.18736347 
111  49.62080794  006.18967474 
112  49.62076439  006.18971156  49.62072041  006.18963042 
111  49.62043921  006.18884034 
112  49.62013322  006.18814399  49.61999294  006.18789906 
111  49.61915088  006.18665606 
112  49.61722147  006.18389197  49.61718168  006.18383680 
111  49.61694451  006.18351655 
111  49.61806728  006.18652443 
111  49.61791240  006.18666474 
113  49.61792587  006.18735593 
111  49.63080269  006.22199512 
112  49.63079393  006.22176279  49.63080432  006.22163452 
111  49.63088547  006.22153189 
111  49.63181621  006.22071330 
112  49.63202280  006.22069256  49.63213385  006.22074966 
112  49.63221081  006.22102218  49.63224360  006.22113093 
111  49.63330346  006.22453893 
112  49.63348353  006.22503761  49.63352484  006.22513965 
111  49.63645185  006.23306068 
111  49.63666281  006.23370149 
112  49.63667661  006.23396070  49.63665887  006.23407707 
111  49.63659152  006.23416310 
111  49.63608345  006.23469072 
112  49.63580372  006.23485234  49.63574011  006.23487840 
112  49.63564145  006.23484833  49.63557265  006.23482629 
113  49.63549476  006.23466193 
111  49.63320408  006.22218360 
111  49.63348485  006.22312970 
112  49.63348485  006.22312970  49.63352652  006.22323784 
112  49.63355568  006.22370385  49.63358007  006.22403212 
111  49.63367964  006.22431315 
111  49.63394751  006.22498671 
111  49.63440677  006.22586736 
111  49.63457715  006.22625622 
111  49.63496234  006.22730271 
111  49.63465493  006.22754861 
111  49.63358284  006.22467353 
111  49.63278190  006.22209160 
112  49.63273996  006.22182008  49.63274854  006.22170744 
111  49.63279108  006.22161428 
113  49.63294252  006.22137849 
111  49.63479211  006.21754651 
111  49.63479131  006.21740028 
111  49.63468991  006.21713636 
111  49.63485897  006.21697845 
111  49.63522164  006.21792799 
112  49.63522164  006.21792799  49.63530103  006.21811021 
111  49.63543069  006.21815445 
112  49.63549100  006.21821391  49.63549948  006.21826628 
111  49.63548427  006.21830229 
111  49.63350123  006.22139286 
112  49.63323456  006.22151295  49.63306178  006.22147657 
111  49.63300493  006.22128993 
113  49.63486499  006.21851915 
111  49.63067301  006.22080670 
111  49.63029917  006.22065150 
111  49.62698568  006.21168520 
111  49.62707767  006.21160000 
111  49.62881696  006.21313685 
112  49.62881696  006.21313685  49.62919895  006.21346881 
112  49.62960818  006.21395042  49.62980814  006.21419917 
112  49.63044011  006.21531451  49.63055109  006.21559255 
111  49.63171301  006.21940575 
113  49.63159180  006.21999836 
111  49.62826482  006.20827681 
111  49.62958904  006.21257710 
112  49.62954535  006.21299926  49.62941126  006.21319833 
111  49.62923428  006.21303024 
111  49.62686414  006.21088111 
112  49.62679960  006.21009840  49.62679423  006.20993775 
111  49.62678249  006.20837852 
112  49.62693180  006.20787365  49.62710547  006.20757060 
112  49.62739991  006.20764144  49.62745573  006.20764945 
111  49.62761983  006.20775194 
111  49.62771527  006.20807156 
111  49.62716131  006.20966727 
111  49.62735082  006.20983657 
111  49.62793681  006.20817378 
114  49.62809184  006.20805581  49.62822047  006.20805581 
111  49.62664143  006.20768466 
112  49.62664143  006.20768466  49.62652435  006.20790736 
111  49.62650580  006.20836482 
111  49.62651654  006.20966599 
111  49.62628875  006.20983793 
111  49.62505613  006.20650711 
112  49.62507191  006.20634643  49.62510732  006.20628515 
111  49.62517320  006.20631074 
113  49.62679069  006.20727126 
111  49.62561655  006.20482754 
111  49.62633064  006.20523500 
111  49.62681154  006.20598122 
111  49.62696990  006.20618422 
111  49.62705186  006.20626686 
112  49.62705186  006.20626686  49.62713276  006.20634559 
112  49.62708934  006.20652969  49.62705527  006.20658447 
112  49.62695159  006.20658341  49.62690896  006.20655939 
111  49.62513352  006.20553339 
113  49.62512973  006.20526257 
111  49.62491391  006.20505181 
112  49.62468110  006.20509315  49.62455601  006.20507493 
111  49.62444786  006.20487035 
111  49.62142625  006.19672021 
112  49.62140325  006.19634909  49.62143324  006.19617055 
111  49.62151405  006.19607478 
111  49.62183457  006.19577187 
112  49.62217591  006.19570318  49.62238117  006.19576479 
111  49.62249331  006.19606697 
112  49.62493545  006.20259695  49.62504481  006.20285845 
111  49.62543718  006.20364280 
113  49.62550895  006.20452353 
111  49.62131905  006.19588091 
111  49.62109597  006.19583477 
111  49.61822387  006.18808079 
112  49.61820261  006.18765503  49.61824062  006.18742035 
111  49.61839704  006.18728717 
112  49.61861561  006.18722996  49.61871445  006.18724170 
111  49.61880681  006.18734202 
111  49.61943997  006.18808477 
112  49.61943997  006.18808477  49.61957277  006.18822363 
111  49.61965155  006.18842909 
111  49.62193028  006.19455575 
112  49.62196354  006.19506501  49.62191793  006.19532611 
113  49.62174106  006.19550930 
112  49.62891969  006.20822442  49.62895115  006.20833954 
111  49.62983803  006.21025846 
111  49.62886604  006.20939156 
111  49.62904500  006.20908358 
111  49.62880594  006.20838842 
111  49.62847739  006.20822184 
111  49.62830323  006.20761713 
112  49.62793780  006.20696275  49.62777154  006.20667544 
111  49.62739080  006.20623882 
112  49.62680598  006.20550392  49.62652435  006.20506114 
111  49.62680598  006.20550392 
112  49.62611782  006.20432439  49.62585496  006.20383112 
111  49.62611782  006.20432439 
111  49.62544802  006.20314486 
112  49.62544802  006.20314486  49.62535935  006.20297315 
112  49.62540844  006.20284176  49.62542371  006.20279795 
111  49.62554996  006.20248071 
112  49.62580818  006.20300398  49.62589699  006.20316938 
112  49.62683856  006.20483770  49.62695354  006.20503045 
112  49.62738788  006.20563611  49.62748550  006.20574826 
112  49.62789116  006.20619298  49.62801830  006.20634369 
114  49.62840720  006.20696231  49.62864651  006.20736612 
111  49.62540951  006.20218561 
111  49.62532350  006.20233010 
112  49.62507306  006.20229105  49.62499464  006.20203331 
111  49.62500476  006.20204893 
111  49.62504018  006.20194740 
113  49.62521979  006.20168966 
111  49.62469223  006.20027040 
111  49.62510637  006.20138270 
111  49.62494812  006.20159060 
112  49.62480671  006.20158021  49.62476249  006.20147534 
111  49.62434879  006.20034317 
111  49.62438582  006.20006769 
111  49.62448684  006.19995335 
113  49.62454071  006.19995854 
111  49.62426890  006.19933917 
111  49.62413809  006.19949871 
111  49.62401413  006.19946356 
111  49.62363214  006.19842874 
111  49.62366250  006.19810462 
113  49.62376116  006.19800699 
111  49.62394972  006.19805195 
111  49.62385982  006.19804604 
111  49.62432311  006.19928171 
111  49.62438600  006.19921364 
111  49.62440877  006.19903401 
113  49.62403538  006.19823775 
111  49.62366065  006.19773096 
111  49.62356448  006.19782455 
111  49.62338677  006.19776968 
111  49.62244601  006.19523770 
112  49.62244601  006.19523770  49.62242553  006.19519064 
111  49.62244923  006.19515683 
111  49.62260802  006.19501250 
112  49.62260802  006.19501250  49.62262853  006.19499455 
113  49.62264590  006.19501623 
111  49.62054568  006.19013810 
111  49.62074579  006.18993217 
112  49.62074579  006.18993217  49.62078339  006.18989560 
111  49.62079654  006.18995585 
111  49.62082250  006.19009794 
111  49.62256987  006.19478361 
112  49.62257917  006.19483698  49.62257617  006.19486557 
111  49.62256479  006.19488036 
111  49.62241400  006.19501856 
112  49.62241400  006.19501856  49.62238297  006.19504560 
113  49.62236060  006.19500402 
111  49.61985772  006.18827829 
112  49.61985772  006.18827829  49.61979990  006.18808521 
111  49.61961276  006.18784600 
111  49.61830756  006.18632519 
111  49.61810554  006.18649669 
111  49.61710471  006.18381727 
111  49.61983658  006.18775110 
111  49.62004806  006.18809472 
111  49.62029695  006.18858182 
111  49.62073702  006.18978606 
112  49.62072417  006.18988745  49.62068713  006.18991758 
113  49.62052140  006.19005938 
112  49.62764425  006.20284035  49.62761109  006.20302404 
111  49.62753021  006.20323094 
111  49.62746628  006.20332164 
111  49.62701014  006.20254010 
112  49.62723994  006.20236138  49.62733317  006.20232494 
111  49.62751066  006.20231506 
111  49.62762870  006.20243607 
113  49.62767189  006.20244407 
111  49.62681758  006.20284477 
111  49.62723814  006.20360497 
112  49.62723706  006.20367950  49.62722312  006.20369772 
111  49.62718664  006.20368613 
111  49.62679613  006.20298555 
112  49.62679613  006.20298555  49.62676379  006.20294317 
114  49.62678862  006.20284808  49.62680516  006.20282950 
111  49.62636355  006.20317282 
112  49.62636355  006.20317282  49.62633783  006.20326315 
111  49.62637495  006.20331072 
111  49.62688492  006.20419004 
111  49.62693552  006.20415808 
111  49.62695392  006.20418293 
111  49.62692862  006.20423264 
111  49.62710570  006.20455926 
111  49.62714709  006.20451311 
111  49.62718389  006.20458411 
111  49.62727128  006.20468707 
111  49.62749205  006.20503144 
111  49.62747826  006.20534387 
111  49.62755415  006.20545037 
112  49.62757025  006.20555333  49.62757025  006.20562259 
111  49.62753345  006.20565629 
112  49.62753345  006.20565629  49.62733710  006.20541281 
112  49.62689130  006.20475692  49.62681638  006.20462724 
111  49.62600267  006.20317257 
111  49.62604493  006.20313779 
112  49.62604493  006.20313779  49.62608882  006.20310767 
111  49.62613274  006.20299255 
111  49.62627072  006.20264076 
111  49.62631463  006.20263753 
113  49.62652370  006.20299255 
112  49.62472792  006.19997130  49.62472581  006.19987514 
111  49.62479780  006.19987149 
111  49.62514391  006.20061738 
111  49.62500950  006.20078029 
111  49.62514226  006.20107256 
111  49.62525226  006.20094273 
112  49.62525226  006.20094273  49.62528710  006.20089970 
111  49.62531908  006.20097530 
111  49.62535806  006.20106612 
111  49.62517019  006.20129746 
113  49.62477410  006.20026886 
111  49.62719931  006.20425691 
111  49.62749865  006.20384955 
111  49.62757849  006.20399636 
111  49.62753206  006.20408298 
111  49.62774923  006.20462959 
111  49.62862930  006.20635283 
111  49.62876251  006.20618975 
112  49.62873627  006.20642249  49.62868219  006.20651167 
111  49.62852720  006.20680100 
112  49.62842837  006.20680393  49.62839202  006.20674781 
111  49.62819259  006.20644319 
111  49.62843407  006.20612321 
111  49.62829873  006.20583933 
111  49.62827394  006.20584661 
112  49.62822438  006.20576827  49.62819685  006.20575282 
111  49.62817127  006.20573912 
111  49.62792500  006.20525006 
111  49.62786291  006.20530687 
111  49.62771803  006.20502284 
111  49.62752025  006.20499799 
111  49.62728568  006.20459326 
111  49.62720288  006.20452581 
111  49.62717759  006.20446545 
111  49.62721208  006.20441930 
111  49.62703730  006.20409267 
111  49.62699591  006.20414238 
111  49.62698671  006.20410332 
113  49.62706260  006.20401457 
111  49.62764435  006.20577271 
112  49.62764435  006.20577271  49.62763145  006.20575902 
112  49.62762428  006.20560692  49.62764927  006.20556087 
111  49.62774702  006.20545388 
111  49.62778242  006.20539011 
111  49.62781782  006.20539558 
111  49.62808335  006.20591663 
111  49.62817540  006.20581643 
112  49.62817540  006.20581643  49.62820804  006.20578558 
112  49.62823677  006.20592028  49.62820346  006.20597170 
111  49.62816413  006.20602857 
111  49.62830044  006.20626705 
111  49.62818201  006.20642706 
114  49.62791277  006.20606053  49.62785602  006.20599509 
112  49.63119626  006.20831503  49.63126713  006.20849738 
111  49.63200557  006.21037808 
111  49.63274085  006.21229241 
111  49.63315013  006.21341016 
111  49.63330272  006.21404308 
111  49.63344488  006.21446306 
111  49.63347784  006.21426276 
111  49.63321419  006.21324990 
111  49.63162501  006.20901359 
112  49.63124910  006.20818139  49.63112716  006.20795826 
112  49.63060908  006.20718470  49.63047573  006.20699942 
112  49.63016385  006.20673798  49.62999898  006.20662617 
111  49.62975527  006.20658912 
111  49.62910345  006.20651335 
111  49.62895290  006.20638309 
112  49.62882511  006.20641925  49.62877201  006.20651399 
111  49.62857789  006.20689241 
112  49.62857789  006.20689241  49.62851534  006.20698715 
111  49.62857718  006.20709447 
112  49.62857718  006.20709447  49.62863153  006.20720889 
112  49.62876723  006.20752680  49.62889103  006.20781859 
111  49.62898190  006.20816022 
112  49.62898190  006.20816022  49.62906239  006.20803396 
111  49.63117917  006.21201202 
111  49.62951455  006.20728121 
111  49.63003060  006.20680691 
112  49.63037120  006.20708245  49.63064524  006.20736693 
111  49.63078865  006.20760020 
114  49.63078865  006.20760020  49.63098709  006.20792115 
111  49.62545637  006.20207980 
111  49.62528166  006.20160550 
111  49.62548104  006.20137256 
113  49.62566670  006.20153531 
111  49.62329342  006.19439593 
111  49.62377786  006.19567628 
111  49.62360853  006.19583836 
113  49.62311301  006.19457446 
111  49.62353924  006.19590272 
111  49.62335929  006.19606404 
111  49.62286821  006.19478981 
113  49.62304676  006.19463462 
112  49.62302382  006.19176658  49.62306897  006.19187194 
111  49.62302382  006.19176658 
111  49.62298178  006.19180370 
111  49.62288597  006.19153508 
111  49.62279994  006.19160450 
111  49.62277087  006.19151836 
111  49.62269701  006.19157611 
111  49.62263099  006.19137782 
111  49.62258486  006.19141134 
111  49.62253598  006.19126646 
111  49.62177750  006.19186970 
111  49.62159409  006.19135932 
111  49.62160954  006.19118095 
111  49.62231911  006.19054718 
111  49.62220459  006.19023291 
111  49.62238647  006.19006399 
112  49.62238647  006.19006399  49.62246816  006.19001317 
111  49.62253414  006.19012966 
111  49.62295575  006.19124106 
112  49.62295575  006.19124106  49.62298110  006.19130982 
114  49.62297747  006.19148488  49.62297541  006.19156316 
130 Airport Boundary 1
111  49.62971515  006.20553883 
111  49.62780678  006.20232424 
111  49.62769910  006.20210020 
111  49.62760547  006.20189785 
111  49.62658766  006.19977833 
111  49.62535677  006.19713961 
111  49.62473553  006.19536750 
111  49.62468628  006.19524262 
111  49.62331578  006.19180985 
111  49.62327046  006.19166995 
111  49.62202492  006.18745257 
111  49.61918981  006.18662304 
111  49.61695560  006.18347456 
111  49.61598495  006.18533181 
111  49.61832141  006.19744095 
111  49.61597553  006.20015173 
111  49.61702196  006.20329573 
111  49.61844480  006.20515753 
111  49.62306957  006.20629696 
111  49.62522030  006.21282432 
111  49.62558857  006.21368189 
111  49.62614977  006.21397847 
111  49.62903629  006.22225933 
111  49.62774196  006.22318106 
111  49.62859231  006.22561139 
111  49.63001571  006.22460349 
111  49.63263001  006.23205098 
111  49.63207171  006.23258608 
111  49.63239494  006.23343433 
111  49.63301566  006.23305761 
111  49.63485123  006.23794736 
111  49.63746140  006.23571874 
111  49.63760686  006.23422178 
111  49.63711002  006.23121001 
111  49.63996512  006.22888537 
111  49.63831626  006.22421977 
111  49.63506384  006.22701117 
111  49.63325613  006.22189694 
111  49.63383245  006.22117960 
111  49.63423892  006.22213258 
111  49.63461615  006.22203538 
111  49.63471226  006.22166598 
111  49.63460586  006.22118792 
111  49.63546068  006.21965197 
111  49.63654017  006.21687470 
111  49.63645389  006.21668249 
111  49.63525636  006.21666804 
111  49.63431306  006.21418919 
111  49.63376113  006.21466947 
111  49.63329648  006.21318317 
111  49.63214244  006.21003825 
111  49.63173101  006.20887634 
113  49.63133964  006.20799328 
120 ctrl park B1
112  49.63238361  006.21239888  49.63244185  006.21240077   1 
112  49.63251036  006.21267613  49.63252194  006.21286828 
111  49.63251036  006.21267613 
112  49.63251036  006.21267613  49.63254274  006.21276221   1 
115  49.63266100  006.21307500 
120 ctrl park B3
112  49.63215161  006.21261622  49.63222645  006.21268089   1 
112  49.63224182  006.21292866  49.63223713  006.21308343 
111  49.63224182  006.21292866 
112  49.63224182  006.21292866  49.63227947  006.21302481   1 
115  49.63240007  006.21334074 
120 ctrl park B5
112  49.63188676  006.21285836  49.63195554  006.21291172   1 
112  49.63197595  006.21317246  49.63197235  006.21334316 
111  49.63197595  006.21317246 
112  49.63197595  006.21317246  49.63200315  006.21323965   1 
115  49.63212766  006.21357004 
120 ctrl park B7
112  49.63161953  006.21310064  49.63169272  006.21313729   1 
112  49.63171422  006.21341161  49.63170631  006.21356738 
111  49.63171422  006.21341161 
112  49.63171422  006.21341161  49.63174389  006.21348797   1 
115  49.63186886  006.21380410 
120 ctrl park B9
112  49.63136016  006.21333978  49.63143489  006.21340972   1 
112  49.63145311  006.21364223  49.63145158  006.21380403 
111  49.63145311  006.21364223 
112  49.63145311  006.21364223  49.63148793  006.21372622   1 
115  49.63160670  006.21405011 
120 ctrl park V11
112  49.63105068  006.21361712  49.63111940  006.21367837   1 
112  49.63114037  006.21393128  49.63113317  006.21410806 
111  49.63114037  006.21393128 
112  49.63114037  006.21393128  49.63116974  006.21400856   1 
115  49.63135102  006.21447058 
120 ctrl park V13
112  49.63071013  006.21392208  49.63078916  006.21398160   1 
112  49.63080089  006.21421060  49.63079074  006.21434848 
111  49.63080089  006.21421060 
112  49.63080089  006.21421060  49.63084715  006.21435046   1 
115  49.63098422  006.21473816 
120 edgel road G
111  49.62272437  006.19499570  20 
115  49.62252501  006.19445617 
120 edgel road G-2
111  49.62257362  006.19479401  20 
115  49.62264956  006.19502671 
120 ctrl park B2
112  49.63297892  006.21469800  49.63301065  006.21464075   1 
112  49.63293329  006.21429795  49.63283452  006.21415038 
111  49.63293329  006.21429795 
112  49.63293329  006.21429795  49.63290621  006.21422171   1 
115  49.63278240  006.21389426 
120 ctrl park B4
112  49.63274363  006.21491589  49.63279322  006.21469321   1 
112  49.63261546  006.21448213  49.63251935  006.21444550 
111  49.63261546  006.21448213 
112  49.63261546  006.21448213  49.63259176  006.21440082   1 
115  49.63249302  006.21411015 
120 ctrl park B6
112  49.63246054  006.21518304  49.63248125  006.21503793   1 
112  49.63232029  006.21480229  49.63220035  006.21475221 
111  49.63232029  006.21480229 
112  49.63232029  006.21480229  49.63229481  006.21472359   1 
115  49.63218417  006.21440028 
120 ctrl park B8
112  49.63213637  006.21549162  49.63216366  006.21523861   1 
112  49.63200469  006.21509148  49.63191410  006.21501411 
111  49.63200469  006.21509148 
112  49.63200469  006.21509148  49.63195457  006.21495161   1 
115  49.63185241  006.21466294 
120 ctrl park V10
112  49.63180166  006.21580469  49.63184063  006.21557701   1 
112  49.63167815  006.21536807  49.63156425  006.21529232 
111  49.63167815  006.21536807 
112  49.63167815  006.21536807  49.63163083  006.21524091   1 
115  49.63149240  006.21486216 
120 ctrl park V12
112  49.63148008  006.21611330  49.63152389  006.21591580   1 
112  49.63135806  006.21569658  49.63126344  006.21563165 
111  49.63135806  006.21569658 
112  49.63135806  006.21569658  49.63131776  006.21557484   1 
115  49.63116950  006.21519776 
120 ctrl park V25
112  49.63246054  006.21518304  49.63255744  006.21523606   1 
112  49.63258132  006.21553096  49.63257479  006.21569019 
111  49.63258132  006.21553096 
112  49.63258132  006.21553096  49.63262373  006.21564881   1 
111  49.63283364  006.21620205   1 
111  49.63256932  006.21680228 
112  49.63256932  006.21680228  49.63253772  006.21687546   1 
116  49.63240056  006.21696343  49.63234527  006.21700408 
120 ctrl park V27
112  49.63209464  006.21553406  49.63219230  006.21561186   1 
112  49.63220792  006.21588599  49.63219466  006.21607433 
111  49.63220792  006.21588599 
112  49.63220792  006.21588599  49.63226729  006.21603658   1 
111  49.63255569  006.21680214 
112  49.63255569  006.21680214  49.63251436  006.21697391   1 
116  49.63234601  006.21701440  49.63224315  006.21703153 
120 ctrl park V29
112  49.63176820  006.21583933  49.63186007  006.21590896   1 
112  49.63186824  006.21617789  49.63185981  006.21637981 
111  49.63186824  006.21617789 
112  49.63186824  006.21617789  49.63192240  006.21633038   1 
111  49.63221811  006.21709895 
112  49.63221811  006.21709895  49.63218161  006.21726562   1 
116  49.63202138  006.21730661  49.63193490  006.21729479 
120 ctrl park V31
112  49.63143537  006.21615059  49.63152123  006.21620767   1 
112  49.63153585  006.21647622  49.63152826  006.21661189 
111  49.63153585  006.21647622 
112  49.63153585  006.21647622  49.63157139  006.21657176   1 
111  49.63187860  006.21739826 
112  49.63187860  006.21739826  49.63185167  006.21755278   1 
116  49.63168550  006.21760385  49.63161549  006.21759620 
120 ctrl park V30
112  49.63281277  006.21814507  49.63284506  006.21795169   1 
112  49.63266925  006.21768985  49.63254627  006.21762765 
111  49.63266925  006.21768985 
112  49.63266925  006.21768985  49.63261200  006.21753272   1 
111  49.63237886  006.21692707 
112  49.63237886  006.21692707  49.63228981  006.21690089   1 
116  49.63216316  006.21717834  49.63214619  006.21735184 
120 ctrl park V32
112  49.63251657  006.21838709  49.63255250  006.21815868   1 
112  49.63238514  006.21794686  49.63225021  006.21787110 
111  49.63238514  006.21794686 
112  49.63238514  006.21794686  49.63233433  006.21780076   1 
111  49.63210862  006.21716445 
112  49.63210862  006.21716445  49.63199472  006.21710764   1 
116  49.63187328  006.21743627  49.63185846  006.21764795 
120 ctrl park V34
112  49.63220267  006.21864518  49.63224122  006.21840440   1 
112  49.63205675  006.21820141  49.63191832  006.21811754 
111  49.63205675  006.21820141 
112  49.63205675  006.21820141  49.63200768  006.21806073   1 
111  49.63180282  006.21746307 
112  49.63180282  006.21746307  49.63168016  006.21743872   1 
116  49.63158247  006.21769424  49.63157546  006.21784304 
120 ctrl park V43A
111  49.63329782  006.22047980   2 
115  49.63220294  006.21964534 
120 ctrl park V43B
111  49.63353572  006.22012768   2 
111  49.63255551  006.21936390   2 
115  49.63223068  006.21935764 
120 ctrl park V41
111  49.63375539  006.21962988   1 
111  49.63246014  006.21863857   1 
115  49.63227897  006.21864712 
120 ctrl park V43
112  49.63342573  006.22029226  49.63337573  006.21996737   1 
112  49.63284922  006.21984842  49.63263884  006.21995140 
111  49.63284922  006.21984842 
112  49.63284922  006.21984842  49.63276455  006.21976919   1 
111  49.63223068  006.21935764   1 
115  49.63199659  006.21935074 
120 ctrl park A10
112  49.63296420  006.21673265  49.63297484  006.21657913   1 
112  49.63320471  006.21653152  49.63332088  006.21658355 
111  49.63320471  006.21653152 
112  49.63320471  006.21653152  49.63328610  006.21646315   1 
115  49.63346683  006.21630662 
120 ctrl park A8
112  49.63314786  006.21718696  49.63322074  006.21699239   1 
112  49.63341886  006.21696605  49.63356499  006.21700671 
111  49.63341886  006.21696605 
112  49.63341886  006.21696605  49.63348073  006.21691727   1 
115  49.63366308  006.21676176 
120 ctrl park A6-2
112  49.63335589  006.21772685  49.63337686  006.21753687   1 
116  49.63359546  006.21745832  49.63370318  006.21751376 
120 ctrl park A6-1
111  49.63313918  006.21787167   1 
112  49.63359546  006.21745832  49.63370408  006.21736441   1 
115  49.63383392  006.21727144 
120 ctrl P1-10
112  49.63313640  006.21787543  49.63326588  006.21777968   1 
116  49.63353203  006.21820371  49.63356467  006.21846746 
120 ctrl P1-11
112  49.63180264  006.21927291  49.63177000  006.21916601   1 
116  49.63190646  006.21888556  49.63196679  006.21884127 
120 ctrl P1-12
112  49.63163840  006.21875270  49.63167302  006.21886113   1 
112  49.63190646  006.21888556  49.63198954  006.21882600   1 
112  49.63313640  006.21787543  49.63326240  006.21776811   1 
116  49.63316682  006.21723819  49.63305530  006.21707497 
120 ctrl park A4-1
112  49.63378557  006.21799956  49.63377066  006.21820421   1 
116  49.63353203  006.21820371  49.63344199  006.21812358 
120 ctrl park A4-2
112  49.63353203  006.21820371  49.63353461  006.21799057   1 
112  49.63378557  006.21799956  49.63385661  006.21807344 
111  49.63378557  006.21799956 
112  49.63378557  006.21799956  49.63387453  006.21792283   1 
115  49.63403306  006.21776575 
120 ctrl park A2
112  49.63373213  006.21905966  49.63371186  006.21888526   1 
112  49.63387261  006.21867151  49.63396239  006.21860890   1 
115  49.63445525  006.21819095 
120 ctrl P4-1
112  49.62531443  006.20263663  49.62527192  006.20271235   1 
116  49.62528020  006.20300856  49.62533088  006.20311330 
120 ctrl P4-2
111  49.62565541  006.20203099   1 
111  49.62531443  006.20263663 
112  49.62531443  006.20263663  49.62523017  006.20277483   1 
116  49.62509806  006.20261807  49.62505724  006.20252459 
120 ctrl P1-9
112  49.62997759  006.21339169  49.63003486  006.21357637   1 101 
116  49.63029346  006.21353299  49.63039888  006.21343999 
120 ctrl P1-8
112  49.63017151  006.21401690  49.63011881  006.21384253   1 101 
112  49.63029346  006.21353299  49.63039888  006.21343999   1 101 
112  49.63078321  006.21312072  49.63086538  006.21306361   1 101 
112  49.63112667  006.21308748  49.63123209  006.21314948   1 101 
112  49.63132771  006.21317110  49.63140301  006.21319822   1 101 
116  49.63161953  006.21310064  49.63171265  006.21301423 
120 ctrl P1-7
112  49.63017151  006.21401690  49.63022171  006.21419903   1 101 
116  49.63049295  006.21411914  49.63059522  006.21403588 
120 ctrl P1-6
112  49.63038900  006.21472425  49.63028228  006.21436728   1 101 
112  49.63049295  006.21411914  49.63059522  006.21403588   1 101 
115  49.63238361  006.21239888 
120 ctrl P1-4
112  49.63085054  006.21620989  49.63089202  006.21634090   1 101 
112  49.63119147  006.21637658  49.63131216  006.21627177   1 101 
115  49.63297892  006.21469800 
120 ctrl P1-5
112  49.63119147  006.21637658  49.63109017  006.21646138   1 101 
116  49.63109006  006.21698432  49.63117407  006.21725958 
120 taxil B4-7
111  49.62544802  006.20314486 102 
112  49.62616568  006.20441103  49.62639327  006.20482736 102 
112  49.62689349  006.20563548  49.62702491  006.20584465 102 
112  49.62759558  006.20648342  49.62769249  006.20660401 102 
111  49.62795137  006.20695794 102 
111  49.62830130  006.20762605 102 
115  49.62847739  006.20822184 
120 taxil B4-6
111  49.62500476  006.20204893 102 
111  49.62507306  006.20229105 102 
115  49.62511922  006.20238384 
120 taxil B4-5
111  49.62435708  006.20035386 102 
115  49.62480671  006.20158021 
120 taxil B4-4
111  49.62363214  006.19842874 102 
115  49.62401413  006.19946356 
120 taxil B4-3
111  49.62244601  006.19523770 102 
115  49.62338677  006.19776968 
120 taxil B4-2
111  49.62054568  006.19013810 102 
115  49.62236060  006.19500402 
120 taxil B4-1
111  49.61791932  006.18725879 102 
111  49.61791240  006.18666474 102 
111  49.61830756  006.18632519 102 
111  49.61961276  006.18784600 
112  49.61961276  006.18784600  49.61971852  006.18797602 102 
112  49.61985772  006.18827829  49.61991709  006.18843876 102 
115  49.62052140  006.19005938 
120 taxil B4-G
112  49.61824124  006.18810719  49.61811159  006.18776071 102 
112  49.61838726  006.18729726  49.61852272  006.18718376 102 
112  49.61877967  006.18731135  49.61889772  006.18743979 102 
111  49.61949606  006.18814945 
112  49.61949606  006.18814945  49.61958546  006.18826116 102 
112  49.61966945  006.18846637  49.61973544  006.18865694 102 
111  49.62192177  006.19452387 
112  49.62192177  006.19452387  49.62203034  006.19484259 102 
112  49.62175461  006.19548600  49.62150769  006.19570286 102 
111  49.62132392  006.19587709 102 
115  49.62110719  006.19582333 
120 taxil G-B3-F
112  49.62443842  006.20481795  49.62454469  006.20501905 102 
112  49.62492375  006.20503566  49.62505059  006.20492453 102 
111  49.62550864  006.20452340 102 
111  49.62543812  006.20364615 
112  49.62543812  006.20364615  49.62531964  006.20347518 102 
112  49.62479754  006.20223855  49.62460694  006.20173359 102 
111  49.62249255  006.19605853 
112  49.62249255  006.19605853  49.62242398  006.19586273 102 
112  49.62184804  006.19576748  49.62163206  006.19596857 102 
112  49.62155321  006.19603736  49.62145037  006.19613261 102 
116  49.62145037  006.19676234  49.62153950  006.19695284 
120 taxil E-F-B2
111  49.62513098  006.20526761 102 
111  49.62513249  006.20552773 102 
111  49.62695188  006.20658370 
112  49.62695188  006.20658370  49.62699421  006.20660743 102 
112  49.62709980  006.20650994  49.62711987  006.20645035 102 
112  49.62706616  006.20628496  49.62702484  006.20624421 102 
112  49.62671139  006.20582792  49.62657575  006.20562963 102 
111  49.62633018  006.20523446 102 
111  49.62561565  006.20482858 102 
115  49.62517052  006.20522702 
120 cntrl D2-B2
112  49.62719956  006.20622359  49.62735032  006.20639405   1 101 
112  49.62738251  006.20691809  49.62735915  006.20709511   1 101 
116  49.62716236  006.20735528  49.62704557  006.20741756 
120 taxil E-D2
111  49.62629284  006.20983690 102 
111  49.62652208  006.20966593 102 
111  49.62650662  006.20842140 
112  49.62650662  006.20842140  49.62650863  006.20800214 102 
112  49.62668115  006.20758147  49.62675283  006.20740346 102 
111  49.62679768  006.20727229 102 
111  49.62517729  006.20631819 
112  49.62517729  006.20631819  49.62509965  006.20628335 102 
116  49.62506198  006.20649620  49.62508816  006.20656588 
120 taxil D
111  49.62687026  006.21087283 102 
111  49.62925201  006.21303390 
112  49.62925201  006.21303390  49.62943100  006.21320719 102 
112  49.62959721  006.21256715  49.62949690  006.21222195 102 
111  49.62826096  006.20824160 
112  49.62826096  006.20824160  49.62817642  006.20795689 102 
111  49.62762751  006.20775570 
112  49.62762751  006.20775570  49.62734423  006.20759171 102 
112  49.62704128  006.20774355  49.62690830  006.20785071 102 
112  49.62678570  006.20844862  49.62678616  006.20863040 
111  49.62678570  006.20844862 
112  49.62678570  006.20844862  49.62678593  006.20853951 102 
114  49.62679764  006.20973809  49.62680199  006.20998606 102 
120 taxil A-3
111  49.63465642  006.22755337 102 
111  49.63358726  006.22467672 102 
112  49.63278734  006.22209168  49.63271553  006.22185606 102 
112  49.63279639  006.22161350  49.63285507  006.22151404 102 
115  49.63294210  006.22138625 
120 taxil A-2
111  49.63576954  006.23535878 102 
111  49.63697772  006.23550272 102 
111  49.63729095  006.23523787 102 
111  49.63735434  006.23485787 102 
115  49.63659287  006.23273149 
120 taxil A
112  49.63555466  006.23476044  49.63561085  006.23485608 102 
112  49.63581277  006.23484900  49.63588846  006.23480776 102 
111  49.63609339  006.23468217 102 
111  49.63659288  006.23416011 
112  49.63659288  006.23416011  49.63664430  006.23407505 102 
112  49.63666204  006.23370331  49.63660573  006.23351050 102 
111  49.63645840  006.23306854 102 
111  49.63348393  006.22503265 102 
111  49.63330392  006.22454629 102 
111  49.63219988  006.22101093 
112  49.63219988  006.22101093  49.63212877  006.22069531 102 
112  49.63182794  006.22071730  49.63171877  006.22082273 102 
111  49.63088966  006.22153295 
112  49.63088966  006.22153295  49.63083090  006.22161801 102 
116  49.63080936  006.22198320  49.63085833  006.22215709 
120 taxil C-B-D
111  49.63030852  006.22064438 102 
111  49.63067595  006.22080502 102 
111  49.63158952  006.21999342 102 
111  49.63171329  006.21941280 102 
111  49.63049814  006.21548121 
112  49.63049814  006.21548121  49.63036300  006.21502136 102 
111  49.62965757  006.21401518 102 
112  49.62907809  006.21337035  49.62890059  006.21319933 102 
111  49.62708315  006.21160234 102 
115  49.62698543  006.21168805 
120 ctrl G-opposite
111  49.62283754  006.19472819   1 
111  49.62243797  006.19508252 
112  49.62243797  006.19508252  49.62229684  006.19520850   1 
115  49.62241927  006.19549196 
120 edgel road P6
111  49.62365733  006.19772241  20 
115  49.62376504  006.19801810 
120 edgel road P6-2
111  49.62386259  006.19805459  20 
115  49.62371351  006.19765063 
120 edgel road P5
111  49.62426432  006.19932787  20 
112  49.62447145  006.19978477  49.62450113  006.19985001  20 
115  49.62468720  006.20026030 
120 edgel road P5-2
111  49.62478221  006.20029014  20 
112  49.62452413  006.19972201  49.62448007  006.19962207  20 
115  49.62431991  006.19927323 
120 edgel road P4
111  49.62516208  006.20127744  20 
115  49.62528896  006.20162678 
120 edgel road P4-2
111  49.62509664  006.20135767  20 
115  49.62522790  006.20171094 
120 edgel road P4-3
111  49.62540327  006.20217047  20 
115  49.62555709  006.20249585 
120 edgel road P4-4
111  49.62601059  006.20318667  20 
111  49.62556530  006.20233372  20 
115  49.62544924  006.20206190 
120 edgel road P7
111  49.63503373  006.22725408  20 
115  49.63656587  006.23139057 
120 edgel road P7-2
111  49.63496663  006.22729270  20 
115  49.63688671  006.23248572 
120 edgel road P1-2
111  49.62898190  006.20816022  20 
112  49.62906909  006.20850261  49.62908345  006.20859128  20 
112  49.62910530  006.20893934  49.62911966  006.20902801  20 
112  49.62922165  006.20940872  49.62923991  006.20947168  20 
111  49.63262459  006.22043082  20 
116  49.63300493  006.22128993  49.63313747  006.22169453 
120 edgel road P1
111  49.62891969  006.20822442  20 
112  49.62899760  006.20853398  49.62900841  006.20862157  20 
112  49.62903223  006.20896512  49.62904406  006.20902279  20 
112  49.62914176  006.20939941  49.62915518  006.20945120  20 
111  49.63256478  006.22050457  20 
116  49.63294252  006.22137849  49.63303198  006.22167008 
120 ctrl P1-3
112  49.63290503  006.22107496  49.63277988  006.22125653   1 101 
116  49.63229172  006.22085745  49.63220334  006.22057062 
120 ctrl P1-2
112  49.63156663  006.21770805  49.63140578  006.21783800   1 101 
116  49.63145577  006.21816093  49.63148682  006.21826087 
120 ctrl P1
112  49.63125651  006.21751919  49.63131910  006.21771689   1 101 
112  49.63156663  006.21770805  49.63161622  006.21767305   1 101 
111  49.63255787  006.21682377 
112  49.63255787  006.21682377  49.63264920  006.21661641   1 101 
112  49.63296420  006.21673265  49.63302414  006.21688725   1 101 
112  49.63366812  006.21865572  49.63371612  006.21896916   1 101 
112  49.63376767  006.21946547  49.63376882  006.21968854   1 101 
112  49.63359124  006.22003840  49.63347161  006.22023084   1 101 
112  49.63270604  006.22137295  49.63262375  006.22149735   1 101 
116  49.63260223  006.22185834  49.63265125  006.22200858 
120 ctrl C
112  49.63223683  006.22069001  49.63212461  006.22033037   1 101 
116  49.63169273  006.22039337  49.63152440  006.22053775 
120 ctrl C-2
112  49.63186525  006.21948366  49.63199107  006.21989318   1 101 
112  49.63169273  006.22039263  49.63157031  006.22049763   1 101 
111  49.63080207  006.22117827 
112  49.63080207  006.22117827  49.63052823  006.22139489   1 101 
116  49.63006252  006.22085236  49.62993353  006.22050646 
120 ctrl C3
112  49.63082932  006.22115273  49.63053827  006.22143108   1 101 
116  49.63062069  006.22234965  49.63076235  006.22272742 
120 ctrl D1
112  49.62986526  006.21303240  49.62998554  006.21343471   1 101 
112  49.62949082  006.21354377  49.62932644  006.21338904   1 101 
111  49.62724645  006.21155144 
112  49.62724645  006.21155144  49.62676015  006.21103965   1 101 
116  49.62584860  006.20947809  49.62555706  006.20871629 
120 ctrl D2
112  49.62763922  006.20737106  49.62723789  006.20713958   1 101 
111  49.62687542  006.20759441   1 101 
112  49.62664244  006.20839121  49.62662841  006.20886902   1 101 
112  49.62675841  006.21127195  49.62685985  006.21180570   1 101 
116  49.62725275  006.21326228  49.62748649  006.21388863 
120 ctrl D1-2
112  49.62920935  006.21328868  49.62981239  006.21386672   1 101 
116  49.63055890  006.21526411  49.63067352  006.21562319 
120 ctlr E-2
112  49.62486303  006.20573991  49.62468802  006.20564525   1 101 
116  49.62462287  006.20616981  49.62469441  006.20636701 
120 ctrl E
112  49.62823781  006.20783264  49.62814200  006.20765120   1 101 
111  49.62794673  006.20755649   1 101 
111  49.62470511  006.20564639 
112  49.62470511  006.20564639  49.62452929  006.20550781   1 101 
116  49.62412486  006.20483092  49.62401400  006.20452934 
120 ctrl P6
112  49.62335703  006.19800743  49.62336632  006.19803790   1 
112  49.62352078  006.19806479  49.62358465  006.19800743   1 
115  49.62373214  006.19786042 
120 ctrl F
112  49.62575388  006.20398459  49.62581219  006.20410837   1 101 
112  49.62567968  006.20457875  49.62553025  006.20471941   1 101 
111  49.62492012  006.20524966 
112  49.62492012  006.20524966  49.62469779  006.20541282   1 101 
116  49.62412475  006.20482937  49.62396438  006.20433988 
120 ctrl F-3
112  49.62491977  006.20525019  49.62457516  006.20550655   1 101 
116  49.62462867  006.20618230  49.62474530  006.20653676 
120 ctrl F-2
112  49.62619602  006.20476270  49.62602021  006.20446531   1 101 
116  49.62564427  006.20461256  49.62548130  006.20475616 
120 ctrl P5-2
112  49.62426915  006.19977904  49.62414704  006.19991266   1 
116  49.62419695  006.20025904  49.62422786  006.20033778 
120 ctrl P5
112  49.62398905  006.19970108  49.62402220  006.19979267   1 
112  49.62426960  006.19977870  49.62438651  006.19965209   1 
115  49.62482822  006.19914463 
120 ctrl P6-2
112  49.62352310  006.19806300  49.62349872  006.19808451   1 
116  49.62347897  006.19833011  49.62352078  006.19845022 
120 Holdl A
111  49.63540744  006.23022526   6 103 
115  49.63566485  006.22999694 
120 Holdl C
111  49.63142686  006.22106596   6 103 
115  49.63117298  006.22036257 
120 Holdl D1
111  49.62796338  006.21187190   6 103 
115  49.62781757  006.21224820 
120 holdl D2
111  49.62651300  006.20859756   6 103 
115  49.62678982  006.20859756 
120 holdl E
111  49.62619280  006.20614461   6 
115  49.62603503  006.20681739 
120 holdlF
111  49.62531813  006.20469449   6 
115  49.62543355  006.20499494 
120 holdl G
111  49.62178072  006.19546452   6 
115  49.62188483  006.19574049 
120 holdl B4
111  49.61940611  006.18759912   6 
115  49.61926305  006.18786940 
120 ctrline G2
111  49.62204927  006.19542570   1 101 
116  49.62246795  006.19562136  49.62259307  006.19598536 
120 ctrl G3
112  49.62114906  006.19679982  49.62102562  006.19635811   1 101 
115  49.62126502  006.19613581 
120 centreline G
112  49.62082603  006.19592896  49.62098076  006.19633577   1 101 
111  49.62127064  006.19613114   1 101 
111  49.62204683  006.19542726   1 101 
116  49.62214887  006.19476541  49.62201788  006.19434029 
120 main centreline
112  49.61794568  006.18815451  49.61782666  006.18766900   1 101 
111  49.61805675  006.18740133   1 101 
111  49.61843065  006.18705729 
112  49.61843065  006.18705729  49.61863623  006.18694038   1 101 
111  49.61883127  006.18713632   1 101 
111  49.61961232  006.18805269 
112  49.61961232  006.18805269  49.61970506  006.18818500   1 101 
111  49.61976206  006.18835993   1 101 
111  49.62229663  006.19516006   1 101 
112  49.62493645  006.20224293  49.62500212  006.20241823   1 101 
112  49.62520369  006.20285008  49.62530523  006.20305049   1 101 
112  49.62591472  006.20430710  49.62597425  006.20440934   1 101 
112  49.62671307  006.20557611  49.62682930  006.20576742 
111  49.62671307  006.20557611 
112  49.62671307  006.20557611  49.62697282  006.20601871   1 101 
112  49.62759574  006.20667993  49.62770707  006.20684143   1 101 
112  49.62805426  006.20743324  49.62831347  006.20794982   1 101 
112  49.62838822  006.20826331  49.62844786  006.20846319   1 101 
111  49.63338470  006.22438051 
112  49.63338470  006.22438051  49.63348383  006.22472127   1 101 
111  49.63368524  006.22523384   1 101 
111  49.63657228  006.23302704   1 101 
111  49.63681294  006.23378833 
112  49.63681294  006.23378833  49.63691235  006.23415576   1 101 
111  49.63671903  006.23433211   1 101 
111  49.63580918  006.23511153   1 101 
116  49.63524478  006.23483964  49.63501824  006.23425539 
120 holdline H
111  49.61994258  006.19700430   6 
115  49.62005416  006.19729677 
120 holdline I
111  49.62265033  006.20406278   6 
115  49.62249322  006.20474389 
120 centrline I
111  49.62394802  006.20521333   1 
115  49.61877909  006.20217858 
120 centreline H
111  49.62073671  006.19653314   1 
115  49.61776303  006.19897757 
14   49.62833794  006.20654120   82 0 New Tower Viewpoint 1
15   49.63847388  006.22729153 240.00 Cargo Area
15   49.62959088  006.20804553 154.00 CAX FBO
15   49.63004188  006.20771353 154.00 CAX FBO Heli Rooftop
15   49.63083088  006.21115853 154.00 General Aviation
15   49.63124475  006.21661217 155.00 Helipad
15   49.61863291  006.18699290 170.51 Hold Short Rwy 06 on B4
15   49.63667192  006.23483985 164.34 Hold Short Rwy 24 on A
15   49.63320188  006.21732953 154.00 Main Terminal
15   49.62442388  006.19555653 145.00 West Hangars
18   49.62778707  006.21799498 1 BCN
19   49.62514500  006.21070800 1 Windsock
19   49.63276300  006.23282900 0 Windsock
19   49.61769300  006.19115900 0 Windsock
20   49.62532300  006.20363300  60.00  0 1 {@L,}B3{@Y}F{^r}
20   49.63163200  006.21932700  72.00  0 1 {@L}A{@Y}C_24-06{^r}
20   49.63134000  006.21834200 240.00  0 1 {@L}A{@Y}TERM_A{^r}
20   49.63249100  006.22218800 236.00  0 1 {@L}A{@Y}TERM_A{^r}
20   49.61923400  006.18793400 230.00  0 1 {@L}B4{@R}06||CAT_II
20   49.62184000  006.19450100  60.00  0 1 {@L}B4{@Y}G_H{^r}
20   49.63147300  006.22121200 140.00  0 1 {@L}C{@R}24-06||CAT_II
20   49.62778700  006.21234000 200.00  0 1 {@L}D1{@R}24-06||CAT_II
20   49.62877500  006.21318300  48.00  0 1 {@L}D1{@Y}TERM{^ru}
20   49.62685400  006.20859600 120.00  0 1 {@L}D2{@R}24-06||CAT_II
20   49.62600800  006.20695800 200.00  0 1 {@L}E{@Y}I{^u}{@R}24-06||CAT_II
20   49.62813400  006.20715900 356.21  0 1 {@L}E{@Y}TERM{^ru}
20   49.62545700  006.20506200 144.00  0 1 {@L}F{@R}24-06||CAT_II{@Y}I{^ru}
20   49.62618000  006.20420000 336.00  0 1 {@L}F{@Y}TERM{^r}
20   49.62190700  006.19580000 144.00  0 1 {@L}G{@R}24-06||CAT_II
20   49.62241700  006.19497500 330.22  0 1 {@L}G{@Y}TERM{^r}
20   49.61991200  006.19691300 326.00  0 1 {@L}H{@R}06-24||CAT_II
20   49.62266800  006.20397700  12.00  0 1 {@L}I{@R}06-24||CAT_II
20   49.62008700  006.19739500 334.00  0 1 {@R}06-24||CAT_II{@L}H
20   49.62246900  006.20484500  24.00  0 1 {@R}06-24||CAT_II{@L}I
20   49.61943600  006.18753600 230.00  0 1 {@R}06||CAT_II{@L}B4
20   49.63111900  006.22019700 160.00  0 1 {@R}24-06||CAT_II{@L}C
20   49.62799100  006.21179700 220.00  0 1 {@R}24-06||CAT_II{@L}D1
20   49.62646900  006.20859800 120.00  0 1 {@R}24-06||CAT_II{@L}D2
20   49.62621100  006.20602200 200.00  0 1 {@R}24-06||CAT_II{@L}E{@Y}I{^u}
20   49.62529500  006.20462800 149.24  0 1 {@R}24-06||CAT_II{@L}F{@Y}I{^ru}
20   49.62176400  006.19541000 151.35  0 1 {@R}24-06||CAT_II{@L}G
20   49.63533000  006.23029400  70.00  0 1 {@R}24||CAT_II{@L}A
20   49.63121800  006.21806300 160.00  0 1 {@Y,^l}24_A_C|D2_B4_06{^r}
20   49.63489200  006.22918500 150.54  0 1 {@Y,^l}24|A|06{^r}
20   49.63237600  006.22188400 139.69  0 1 {@Y,^l}24|A|06{^r}
20   49.62987500  006.21465400 151.32  0 1 {@Y,^l}24|B1|06{^r}
20   49.62503500  006.20302600 144.00  0 1 {@Y,^l}24|B3|06{^r}
20   49.62316200  006.19815900 152.00  0 1 {@Y,^l}24|B3|06{^r}
20   49.63211100  006.22089100 240.00  0 1 {@Y,^l}C_24-06{@L}A
20   49.63554600  006.23448500  60.00  0 1 {@Y,^l}EXIT_A
20   49.63027900  006.22037300  60.00  0 1 {@Y,^l}EXIT_C
20   49.62434900  006.20447000  60.00  0 1 {@Y,^l}EXIT_F|E{^lu}|I{^rd}
20   49.62103000  006.19553900  60.00  0 1 {@Y,^l}EXIT_G|H{^r}
20   49.62151500  006.19682900 240.00  0 1 {@Y,^l}EXIT_H|G{^r}
20   49.62627600  006.20525200 220.00  0 1 {@Y,^l}F{@L}B2
20   49.62245400  006.19608700 240.00  0 1 {@Y,^l}G_H{@L}B3
20   49.63226800  006.22143600  68.00  0 1 {@Y,^l}TERM_A{@L}A
20   49.63147100  006.21998300 336.00  0 1 {@Y,^l}TERM_B{@L}C{@Y}TERM_A{^r}
20   49.62820800  006.20828600 240.00  0 1 {@Y,^ld}D2_06|{^lu}E_24{@L}B1{@Y}B2_06{^u}
20   49.63047000  006.21555000 240.00  0 1 {@Y,^lu}24_D1{@L}A{@Y}06_B1{^u}|TERM_B{^r}
20   49.62515200  006.20665100 240.00  0 1 {@Y,^lu}I|EXIT_F{^r}|E{^rd}
20   49.62945700  006.21241800  72.00  0 1 {@Y}A_24{^u}{@L}B1{@Y}D1_24{^rd}
20   49.61834600  006.18828300 240.00  0 1 {@Y}EXIT_B4{^r}
20   49.63091000  006.22206100 240.00  0 1 {@Y}EXIT_C{^r}
20   49.62718800  006.21204600 240.00  0 1 {@Y}EXIT_D1{^rd}|D2{^ru}
20   49.62613700  006.20923100  60.00  0 1 {@Y}EXIT_D2{^ld}|{^lu}D1
50 13555 ATIS
54 11810 TWR
55 11890 APP
1      629 1 1 LFSF Metz Frescaty
100   45.11   1   0 0.25 0 3 0 01   49.06166400  006.12996900    0.00  259.99 3  0 0 1 19   49.08293300  006.13555000    0.00  262.74 3 10 0 1
21   49.07909878  006.13392080  2   9.75   3.00 01  PAPI-4L
21   49.08033097  006.13548807  2 189.76   3.00 19  PAPI-4L
10   49.07535930  006.12883810 xxx  49.00  1300 0.0 0.0    80 161161  1 0 0 0.25 0
10   49.06774900  006.13148400 xxx  99.66  1300 0.0 0.0    90 161161  1 0 0 0.25 0
10   49.07629390  006.12818570 xxx  99.66  1290 0.0 0.0   100 161161  1 0 0 0.25 0
10   49.07234570  006.12655690 xxx   9.66  1400 0.0 0.0   180 161161  1 0 0 0.25 0
10   49.07565690  006.13401700 xxx  99.66  1560 0.0 0.0    90 161161  1 0 0 0.25 0
10   49.07752230  006.13705160 xxx   9.66  1510 0.0 0.0   300 161161  1 0 0 0.25 0
10   49.06845470  006.12518220 xxx  99.66  1750 0.0 0.0   100 161161  1 0 0 0.25 0
10   49.06444550  006.13335990 xxx   9.66  2000 0.0 0.0   100 161161  1 0 0 0.25 0
10   49.07891460  006.12773280 xxx  53.00  2430 0.0 0.0   100 161161  1 0 0 0.25 0
10   49.07549670  006.13734910 xxx   9.66  4000 0.0 0.0   100 161161  1 0 0 0.25 0
10   49.07219700  006.12977360 xxx   9.65  7700 0.0 0.0    70 161161  1 0 0 0.25 0
10   49.06107710  006.13011790 xxx  99.66   560 0.0 0.0   130 161161  1 0 0 0.25 0
10   49.07614140  006.13101960 xxx  58.00   100 0.0 0.0   100 161161  1 0 0 0.25 0
10   49.08257680  006.13403940 xxx 109.00   100 0.0 0.0    70 161161  1 0 0 0.25 0
10   49.06091310  006.13136580 xxx  88.00    71 0.0 0.0   100 161161  1 0 0 0.25 0
10   49.06102370  006.13171430 xxx  80.00   100 0.0 0.0    80 161161  1 0 0 0.25 0
10   49.07038120  006.12617780 xxx  40.00   100 0.0 0.0    80 161161  1 0 0 0.25 0
10   49.07991790  006.13900230 xxx  10.00    90 0.0 0.0    90 161161  1 0 0 0.25 0
10   49.07579420  006.13083220 xxx  46.00   100 0.0 0.0    80 161161  1 0 0 0.25 0
10   49.07555390  006.13758950 xxx  50.00    90 0.0 0.0    90 161161  1 0 0 0.25 0
10   49.07546230  006.13783260 xxx   6.00    90 0.0 0.0    90 161161  1 0 0 0.25 0
10   49.07989120  006.13868000 xxx  60.00    90 0.0 0.0    90 161161  1 0 0 0.25 0
10   49.06111530  006.13200430 xxx  57.00   100 0.0 0.0    80 161161  1 0 0 0.25 0
10   49.06875610  006.13506600 xxx  24.89   900 0.0 0.0   100 101101  1 0 0 0.25 0
10   49.07594680  006.13114260 xxx  80.00   100 0.0 0.0   100 161161  1 0 0 0.25 0
10   49.08269500  006.13326310 xxx 100.00   100 0.0 0.0    70 161161  1 0 0 0.25 0
10   49.07594300  006.13054700 xxx  40.00   100 0.0 0.0   100 161161  1 0 0 0.25 0
10   49.07636640  006.13088180 xxx  77.00   100 0.0 0.0   100 161161  1 0 0 0.25 0
10   49.07618710  006.13055520 xxx  10.00   100 0.0 0.0   100 161161  1 0 0 0.25 0
10   49.08221050  006.13561730 xxx  60.00   100 0.0 0.0   100 161161  1 0 0 0.25 0
10   49.08231350  006.13599680 xxx  74.00   100 0.0 0.0   100 161161  1 0 0 0.25 0
10   49.08230210  006.13480420 xxx  48.00   100 0.0 0.0   100 161161  1 0 0 0.25 0
10   49.06140900  006.13246680 xxx  30.00   100 0.0 0.0   100 161161  1 0 0 0.25 0
10   49.06727600  006.13410280 xxx  12.00   100 0.0 0.0   100 161161  1 0 0 0.25 0
10   49.06752010  006.13420960 xxx  20.00   100 0.0 0.0   100 161161  1 0 0 0.25 0
10   49.06998440  006.13589860 xxx  15.00   100 0.0 0.0   100 161161  1 0 0 0.25 0
10   49.07670210  006.12384700 xxx  80.00   100 0.0 0.0   100 161161  1 0 0 0.25 0
10   49.06159590  006.12715770 xxx  60.00    70 0.0 0.0    70 161161  1 0 0 0.25 0
10   49.07020570  006.12597940 xxx  50.00    70 0.0 0.0    60 161161  1 0 0 0.25 0
10   49.08250810  006.13426830 xxx 112.00    70 0.0 0.0    60 161161  1 0 0 0.25 0
10   49.08271790  006.13293700 xxx  90.00    70 0.0 0.0    70 161161  1 0 0 0.25 0
10   49.08264540  006.13366170 xxx 102.00   100 0.0 0.0    70 161161  1 0 0 0.25 0
10   49.06150050  006.12730410 xxx  30.00    70 0.0 0.0    70 161161  1 0 0 0.25 0
10   49.08242800  006.13453290 xxx 130.00    90 0.0 0.0    80 161161  1 0 0 0.25 0
10   49.08261490  006.13253260 xxx  40.00    70 0.0 0.0    70 161161  1 0 0 0.25 0
10   49.08269120  006.13270280 xxx 160.00    70 0.0 0.0    70 161161  1 0 0 0.25 0
10   49.07600020  006.13131670 xxx  30.00    80 0.0 0.0    80 161161  1 0 0 0.25 0
10   49.07603070  006.13019040 xxx   0.00    80 0.0 0.0    80 161161  1 0 0 0.25 0
10   49.08255000  006.13429210 xxx 101.00   100 0.0 0.0    60 161161  1 0 0 0.25 0
10   49.06118010  006.12897970 xxx 150.00    80 0.0 0.0    80 161161  1 0 0 0.25 0
10   49.06816860  006.12886810 xxx  54.00    80 0.0 0.0    80 161161  1 0 0 0.25 0
10   49.06793980  006.12882900 xxx  60.00    80 0.0 0.0    80 161161  1 0 0 0.25 0
10   49.06793210  006.12855720 xxx  60.00    80 0.0 0.0    80 161161  1 0 0 0.25 0
10   49.06819920  006.12857390 xxx  60.00    80 0.0 0.0    80 161161  1 0 0 0.25 0
10   49.06095500  006.13164380 xxx  70.00   100 0.0 0.0   100 161161  1 0 0 0.25 0
10   49.06173320  006.12709090 xxx 175.00    70 0.0 0.0    70 161161  1 0 0 0.25 0
10   49.07974620  006.13800000 xxx   9.66   190 0.0 0.0   180 161161  1 0 0 0.25 0
10   49.06120680  006.13224790 xxx  40.00   100 0.0 0.0   100 161161  1 0 0 0.25 0
10   49.07537460  006.13765430 xxx  76.00   200 0.0 0.0    90 161161  1 0 0 0.25 0
10   49.07680890  006.13973470 xxx  17.00   200 0.0 0.0    90 161161  1 0 0 0.25 0
10   49.07558440  006.13832520 xxx  53.00   200 0.0 0.0    90 161161  1 0 0 0.25 0
10   49.07593540  006.13891790 xxx  43.00   200 0.0 0.0    90 161161  1 0 0 0.25 0
10   49.07634740  006.13940910 xxx  33.00   200 0.0 0.0    90 161161  1 0 0 0.25 0
10   49.07772450  006.14006090 xxx   9.66   200 0.0 0.0    90 161161  1 0 0 0.25 0
10   49.07913590  006.13986400 xxx 160.00   200 0.0 0.0    90 161161  1 0 0 0.25 0
10   49.07863240  006.14006420 xxx 171.00   200 0.0 0.0    90 161161  1 0 0 0.25 0
10   49.07998660  006.13899850 xxx 130.00   210 0.0 0.0    90 161161  1 0 0 0.25 0
10   49.08222580  006.13773580 xxx 109.00   170 0.0 0.0   110 161161  1 0 0 0.25 0
10   49.07734680  006.12514160 xxx 190.00   210 0.0 0.0   100 161161  1 0 0 0.25 0
10   49.07270430  006.13706450 xxx  99.67   200 0.0 0.0    60 101101  1 0 0 0.25 0
10   49.07760620  006.13883730 xxx   9.66   200 0.0 0.0   200 101101  1 0 0 0.25 0
10   49.06137470  006.12820530 xxx  99.66   400 0.0 0.0    70 161161  1 0 0 0.25 0
10   49.07283780  006.12588740 xxx   9.66   300 0.0 0.0   200 161161  1 0 0 0.25 0
10   49.07704930  006.12448550 xxx  53.00   350 0.0 0.0   150 161161  1 0 0 0.25 0
10   49.06787870  006.12125780 xxx  99.66   300 0.0 0.0   200 161161  1 0 0 0.25 0
10   49.06800460  006.12069700 xxx   9.66   401 0.0 0.0   100 161161  1 0 0 0.25 0
10   49.07257460  006.13785270 xxx   9.66   300 0.0 0.0   260 101101  1 0 0 0.25 0
10   49.08083340  006.13867330 xxx   9.67   450 0.0 0.0   129 161161  1 0 0 0.25 0
10   49.07994080  006.13785840 xxx  48.00   470 0.0 0.0   120 161161  1 0 0 0.25 0
10   49.07688900  006.12278220 xxx  99.66   470 0.0 0.0   180 161161  1 0 0 0.25 0
10   49.08232880  006.13703680 xxx  97.00   200 0.0 0.0   110 161161  1 0 0 0.25 0
10   49.08209230  006.13816210 xxx 130.00   100 0.0 0.0   110 161161  1 0 0 0.25 0
10   49.06949620  006.12576010 xxx   9.66   800 0.0 0.0    70 161161  1 0 0 0.25 0
10   49.06097410  006.13142870 xxx   9.00   100 0.0 0.0   100 161161  1 0 0 0.25 0
10   49.06162640  006.13260510 xxx  16.00   100 0.0 0.0   100 161161  1 0 0 0.25 0
10   49.07677840  006.12521220 xxx  60.00   100 0.0 0.0   100 161161  1 0 0 0.25 0
10   49.07698820  006.12509820 xxx  80.00   100 0.0 0.0   100 101101  1 0 0 0.25 0
10   49.07664110  006.12542010 xxx  30.00   100 0.0 0.0   100 161161  1 0 0 0.25 0
10   49.06883240  006.12144180 xxx  80.00   100 0.0 0.0   100 161161  1 0 0 0.25 0
10   49.06875610  006.12112240 xxx  60.00   100 0.0 0.0   100 161161  1 0 0 0.25 0
10   49.06861880  006.12091490 xxx 120.00   100 0.0 0.0   100 161161  1 0 0 0.25 0
10   49.06856160  006.12538530 xxx  55.00   100 0.0 0.0   100 161161  1 0 0 0.25 0
10   49.07959750  006.13951870 xxx 148.00   200 0.0 0.0    90 161161  1 0 0 0.25 0
10   49.08171080  006.13865470 xxx 150.00   100 0.0 0.0   110 161161  1 0 0 0.25 0
10   49.06106190  006.13198850 xxx  60.00   100 0.0 0.0   100 161161  1 0 0 0.25 0
10   49.08191680  006.13843350 xxx 140.00   102 0.0 0.0   110 161161  1 0 0 0.25 0
10   49.08148570  006.13880010 xxx  70.36   115 0.0 0.0   100 161161  1 0 0 0.25 0
10   49.08211140  006.13502500 xxx 148.00   120 0.0 0.0   100 161161  1 0 0 0.25 0
10   49.07429500  006.12725400 xxx   9.66   140 0.0 0.0    90 161161  1 0 0 0.25 0
10   49.07029340  006.12587400 xxx 174.00   160 0.0 0.0    70 161161  1 0 0 0.25 0
10   49.07767110  006.13826130 xxx  99.66   100 0.0 0.0   140 101101  1 0 0 0.25 0
10   49.07726290  006.13992360 xxx  13.00   150 0.0 0.0    90 161161  1 0 0 0.25 0
10   49.07817840  006.14012860 xxx 180.00   150 0.0 0.0    90 161161  1 0 0 0.25 0
10   49.08234020  006.13580700 xxx  84.00   140 0.0 0.0   110 161161  1 0 0 0.25 0
10   49.08236310  006.13635970 xxx  90.00   140 0.0 0.0   110 161161  1 0 0 0.25 0
10   49.08243940  006.13481660 xxx 104.66   170 0.0 0.0    80 161161  1 0 0 0.25 0
10   49.06853490  006.12564710 xxx  55.00   100 0.0 0.0   100 161161  1 0 0 0.25 0
10   49.07117840  006.13386110 xxx   9.66  2180 0.0 0.0   196 101101  3 0 0 0.25 0
14   49.07881550  006.12459610   65 0 ATC Tower
15   49.07773970  006.13715980 100.00 Ramp
18   49.07253692  006.13062013 4 BCN
19   49.06136704  006.12894816 1 WS
19   49.08322990  006.13657132 1 WS
53 12210 METZ GND
54 13127 METZ TWR
54 11970 METZ TWR
55 11912 METZ APP
55 12590 METZ APP
55 11930 METZ APP
1     1120 0 1 EDRJ Saarlouis Dueren
100   20.12   1   0 0.25 0 0 0 07   49.31150424  006.66869346    0.00    0.00 2  0 0 0 25   49.31348816  006.67930614    0.00    0.00 2  0 0 0
110   1 0.30  74.00 Default taxiway for RWY 07
111  49.31141939  006.66873079   3 
111  49.31098218  006.66892314   3 
111  49.31296659  006.67953540   3 
111  49.31340380  006.67934304 
112  49.31335388  006.67907612  49.31337668  006.67921053   3 
111  49.31327227  006.67925647   3 
112  49.31313305  006.67931772  49.31302864  006.67936366   3 
111  49.31300368  006.67923020   3 
111  49.31207387  006.67425772   3 
111  49.31242407  006.67410365 
111  49.31239911  006.67397019   3 
111  49.31204891  006.67412426   3 
112  49.31111910  006.66915178  49.31109415  006.66901832   3 
111  49.31119856  006.66897238   3 
112  49.31133778  006.66891114  49.31144219  006.66886520   3 
113  49.31146930  006.66899771 
120 Default hold RWY 07 (near)
111  49.31124321  006.66880830   4 
115  49.31126817  006.66894176 
120 Default hold RWY 07 (centre)
111  49.31222293  006.67404770   4 
115  49.31224789  006.67418116 
120 Default hold RWY 07 (far)
111  49.31320266  006.67928709   4 
115  49.31322762  006.67942055 
19   49.31171536  006.66831170 1 WS
19   49.31327701  006.67968788 1 WS
1     1197 1 1 ETAD SPANGDAHLEM AB
100   45.11   1   0 0.25 1 3 0 05   49.96679200  006.68356100    0.00  152.40 3  1 1 1 23   49.98629200  006.71345600    0.00  150.27 3  2 1 1
21   49.96862559  006.68549512  2  44.58   3.00 05  PAPI-4L
21   49.98378714  006.71048943  2 224.61   3.00 23  PAPI-4L
110   1 0.30  44.58 Default taxiway for RWY 05
111  49.96665110  006.68378327   3 102 
111  49.96593713  006.68490955   3 102 
111  49.98544097  006.71479298   3 102 
111  49.98615494  006.71366625 
112  49.98586580  006.71322324  49.98600879  006.71344723   3 102 
111  49.98583782  006.71371705   3 102 
112  49.98560985  006.71407680  49.98543887  006.71434662   3 102 
111  49.98529430  006.71412512   3 102 
111  49.97590381  006.69973722   3 102 
111  49.97647531  006.69883551 
111  49.97633073  006.69861400   3 102 
111  49.97575923  006.69951570   3 102 
112  49.96636874  006.68512780  49.96622417  006.68490630   3 102 
111  49.96639515  006.68463659   3 102 
112  49.96662312  006.68427698  49.96679409  006.68400727   3 102 
113  49.96694024  006.68422628 
120 Default hold RWY 05 (near)
111  49.96636456  006.68423527   4 
115  49.96650913  006.68445678 
120 Default hold RWY 05 (centre)
111  49.97604419  006.69906610   4 
115  49.97618877  006.69928761 
120 Default hold RWY 05 (far)
111  49.98572383  006.71389692   4 
115  49.98586840  006.71411844 
18   49.97754009  006.69692701 4 BCN
19   49.96693030  006.68244372 1 WS
19   49.98615342  006.71457365 1 WS
54 12220 TWR
55 12947 GCA
55 12560 LANGEN RADAR
1      518 0 1 LFGV Thionville Yutz
100   99.97   3   0 0.25 0 0 0 28   49.35503031  006.21087768    0.00    0.00 1  0 0 0 10   49.35566969  006.20153832    0.00    0.00 1  0 0 0
100   74.98   3   0 0.25 0 0 0 20R  49.35614252  006.20255997    0.00    0.00 0  0 0 0 02L  49.36459948  006.20728603    0.00    0.00 0  0 0 0
100   74.98   3   0 0.25 0 0 0 20L  49.35589478  006.20352566    0.00    0.00 0  0 0 0 02R  49.36436722  006.20826034    0.00    0.00 0  0 0 0
10   49.36046100  006.20972300 xxx  15.50   679 0.0 0.0   430 101101  2 0 0 0.25 0
10   49.35862800  006.21245400 xxx  15.50   764 0.0 0.0   614 101101  2 0 0 0.25 0
10   49.36069400  006.20859200 xxx  17.60   147 0.0 0.0   443 101101  2 0 0 0.25 0
10   49.36290400  006.21033000 xxx 330.50   344 0.0 0.0   364 101101  2 0 0 0.25 0
10   49.36256300  006.20966800 xxx 333.90  1197 0.0 0.0    70 101101  2 0 0 0.25 0
10   49.36134100  006.21090900 xxx 333.90   220 0.0 0.0   129 101101  2 0 0 0.25 0
10   49.35778400  006.20144700 xxx  21.50  1027 0.0 0.0   240 101101  2 0 0 0.25 0
10   49.35808100  006.20268600 xxx  21.50   876 0.0 0.0    33 101101  4 0 0 0.25 0
10   49.35857400  006.20740600 xxx 102.50  1998 0.0 0.0    33 101101  4 0 0 0.25 0
10   49.35705500  006.20177000 xxx 111.50   160 0.0 0.0    33 101101  4 0 0 0.25 0
10   49.35911300  006.20341200 xxx 249.50    69 0.0 0.0    33 101101  4 0 0 0.25 0
10   49.35706900  006.20196700 xxx 249.50    69 0.0 0.0    33 101101  4 0 0 0.25 0
10   49.35704500  006.20156700 xxx 249.50    69 0.0 0.0    33 101101  4 0 0 0.25 0
10   49.35714900  006.20164000 xxx 342.50    69 0.0 0.0    33 101101  4 0 0 0.25 0
10   49.35813700  006.21089700 xxx 234.50    69 0.0 0.0    33 101101  4 0 0 0.25 0
10   49.35800300  006.21082600 xxx 330.50    69 0.0 0.0    33 101101  4 0 0 0.25 0
10   49.36380200  006.20851300 xxx 258.50    69 0.0 0.0    52 101101  2 0 0 0.25 0
10   49.36406400  006.20864300 xxx 357.50   101 0.0 0.0    33 101101  2 0 0 0.25 0
10   49.36312400  006.20944000 xxx 282.50    95 0.0 0.0    52 101101  2 0 0 0.25 0
10   49.36086700  006.20891900 xxx 252.50   141 0.0 0.0    52 101101  2 0 0 0.25 0
10   49.36042700  006.20869400 xxx 336.50   141 0.0 0.0    52 101101  2 0 0 0.25 0
10   49.36166100  006.21058800 xxx 285.50   154 0.0 0.0    66 101101  2 0 0 0.25 0
10   49.36227200  006.21014200 xxx  18.50   141 0.0 0.0    52 101101  2 0 0 0.25 0
10   49.36133700  006.21032200 xxx 240.50   141 0.0 0.0    79 101101  2 0 0 0.25 0
14   49.35871100  006.20193900    0 0 Tower Viewpoint
15   49.35715800  006.20146200   0.00 Custom Startup Location
15   49.36257100  006.20979300   0.00 Custom Startup Location
19   49.36277400  006.20861200 0 Windsock
19   49.35674000  006.20523400 0 Windsock
19   49.35324100  006.21059100 0 Windsock
1      665 1 0 EDRT TRIER FOHREN
100   29.87   2   0 0.00 0 1 0 04   49.86014373  006.78207543    0.00    0.00 2  0 0 0 22   49.86804204  006.79350339   70.10    0.00 2  0 0 0
102 H5   49.86181501  006.78260412   7.62   20.12   20.12   3 0   2 0.00 1
21   49.86699277  006.79280277  2 223.00   4.50 xxx PAPI-4L
21   49.86082842  006.78238013  2  43.00   4.00 xxx PAPI-4L
110   1 0.00   0.00 Taxiway A
111  49.86226980  006.78160075   1 102 
112  49.86227895  006.78154114  49.86229908  006.78150139   1 102 
111  49.86260469  006.78098475   1 102 
112  49.86269605  006.78100769  49.86276089  006.78110369   1 102 
111  49.86290825  006.78130028   1 102 
111  49.86316761  006.78089339   1 
111  49.86250449  006.77995161   1 102 
111  49.86225692  006.78035393   1 102 
111  49.86250154  006.78068766   1 102 
112  49.86248385  006.78081567  49.86244849  006.78087511   1 102 
111  49.86215082  006.78137800   1 102 
112  49.86198872  006.78146944  49.86185021  006.78148315   1 102 
111  49.86061533  006.78152060   1 102 
112  49.86033907  006.78173227  49.86024010  006.78191819 
111  49.86033907  006.78173227   1 102 
111  49.86023634  006.78192278 
111  49.86049982  006.78230086   1 102 
112  49.86072830  006.78177371  49.86097927  006.78176577 
111  49.86072830  006.78177371   1 102 
111  49.86152294  006.78173579   1 102 
111  49.86200684  006.78169379   1 102 
112  49.86210665  006.78172510  49.86211909  006.78173807 
113  49.86210665  006.78172510 
110   1 0.00   0.00 Taxiway B
111  49.86498359  006.78589705   1 
112  49.86495928  006.78620058  49.86489024  006.78634784   1 
111  49.86425546  006.78737060   1 
112  49.86403370  006.78741371  49.86396442  006.78731575 
111  49.86437628  006.78790905   1 
112  49.86439401  006.78752594  49.86449427  006.78735596   1 
112  49.86505852  006.78638131  49.86513067  006.78627199   1 
113  49.86526564  006.78631437 
110   1 0.00   0.00 Taxiway C
111  49.86210665  006.78172510   1 
112  49.86498359  006.78589705  49.86643359  006.78800230 
111  49.86498359  006.78589705 
111  49.86526564  006.78631437   1 
111  49.86799888  006.79030030 
112  49.86799888  006.79030030  49.86816402  006.79051186   1 
111  49.86818754  006.79079029   1 
111  49.86821576  006.79248584   1 
112  49.86809088  006.79289345  49.86793978  006.79299889   1 
111  49.86784037  006.79292824 
111  49.86813363  006.79334831   1 
112  49.86831423  006.79308938  49.86837108  006.79293257   1 
111  49.86837370  006.79268185   1 
111  49.86834089  006.79078395 
112  49.86834089  006.79078395  49.86832343  006.79032561   1 
111  49.86813236  006.79008526   1 
111  49.86393208  006.78401416 
111  49.86375265  006.78373689   1 
113  49.86226980  006.78160075 
110   1 0.00   0.00 Apron
111  49.86393208  006.78401416 
111  49.86394128  006.78389440 
111  49.86430834  006.78332083 
111  49.86457091  006.78369905 
111  49.86496209  006.78308392 
111  49.86425208  006.78206146 
111  49.86388502  006.78267660 
111  49.86414759  006.78308807 
111  49.86414491  006.78321276 
111  49.86384661  006.78370370 
112  49.86384661  006.78370370  49.86383026  006.78372675 
113  49.86375265  006.78373689 
130 Airport Boundary
111  49.86122362  006.77449993 
111  49.85893357  006.77845763 
111  49.86000226  006.77906651 
111  49.85860642  006.78180646 
111  49.86761397  006.79466055 
111  49.86955506  006.79246182 
112  49.86829008  006.78911299  49.86813741  006.78887621 
113  49.86689423  006.78721871 
120 Hold A
111  49.86040225  006.78165809  54 
115  49.86056512  006.78189937 
120 Hold B
111  49.86430829  006.78727531  54 
115  49.86443495  006.78746046 
120 Hold C
111  49.86822016  006.79251360  54 
115  49.86837754  006.79250508 
18   49.86300952  006.78055319 1 Beacon
19   49.86195773  006.78088292 1 New Windsock 4
54 12205 TRIER INFO