1     1414 0 0 LKBC Bechyne
100   61.87   2   0 0.00 0 0 1 12   49.27933000  014.48777000    0.00    0.00 3  0 0 0 30   49.26779000  014.51565000    0.00    0.00 3  0 0 0
110   2 0.25  85.00 New Taxiway 2
111  49.27924219  014.49042558 
111  49.28042526  014.48751028 
111  49.28043658  014.48731940 
111  49.28037431  014.48713719 
111  49.27932710  014.48600925 
111  49.27931012  014.48606998 
111  49.27938370  014.48614807 
111  49.27940635  014.48620013 
111  49.27940069  014.48627822 
111  49.27936106  014.48645175 
111  49.27938937  014.48646910 
111  49.27943465  014.48635631 
111  49.27947994  014.48631292 
111  49.27951956  014.48630425 
111  49.27955918  014.48630425 
111  49.28034035  014.48717190 
111  49.28039695  014.48733675 
111  49.28037431  014.48752763 
113  49.27921389  014.49040822 
110   2 0.25 120.00 New Taxiway 1
111  49.27829875  014.49105807 
111  49.27837354  014.49105240 
111  49.27841946  014.49096630 
111  49.27848173  014.49089950 
111  49.27854399  014.49086132 
111  49.27865607  014.49085178 
111  49.27874325  014.49085178 
111  49.27886135  014.49091450 
111  49.27891520  014.49097595 
111  49.27892382  014.49107128 
111  49.27836964  014.49239787 
111  49.27832606  014.49244559 
111  49.27827624  014.49243604 
111  49.27810812  014.49229289 
111  49.27808944  014.49234060 
111  49.27825756  014.49250285 
111  49.27827002  014.49258874 
111  49.27827002  014.49267464 
111  49.27817662  014.49289414 
111  49.27819530  014.49296095 
111  49.27893627  014.49113809 
111  49.27898609  014.49109037 
111  49.27904835  014.49108083 
111  49.27988273  014.49189205 
111  49.27996990  014.49206384 
111  49.28000103  014.49220699 
111  49.28001971  014.49238832 
111  49.28001349  014.49251239 
111  49.27998858  014.49271281 
111  49.27825606  014.49686153 
111  49.27819379  014.49703331 
111  49.27810039  014.49723373 
111  49.27791982  014.49743414 
111  49.27772679  014.49746277 
111  49.27651882  014.49628892 
111  49.27648768  014.49619348 
112  49.27643787  014.49609805  49.27641919  014.49609805 
112  49.27641919  014.49589763  49.27641296  014.49586900 
111  49.27646278  014.49574493 
111  49.27650014  014.49563996 
111  49.27646900  014.49545863 
111  49.27595219  014.49673746 
111  49.27600200  014.49678518 
111  49.27605804  014.49665157 
111  49.27617635  014.49654659 
111  49.27635070  014.49653705 
111  49.27651882  014.49660385 
111  49.27753999  014.49760592 
111  49.27758980  014.49773953 
111  49.27763962  014.49784451 
111  49.27766452  014.49811173 
111  49.27766452  014.49835986 
111  49.27567596  014.50313751 
112  49.27536065  014.50279395  49.27535443  014.50276532 
111  49.27543482  014.50259743 
111  49.27547246  014.50261955 
111  49.27555142  014.50242177 
111  49.27541444  014.50226908 
111  49.27533971  014.50246948 
111  49.27540821  014.50255537 
111  49.27519308  014.50307983 
111  49.27510933  014.50302299 
111  49.27504083  014.50318522 
111  49.27517782  014.50333791 
111  49.27525877  014.50313709 
111  49.27522422  014.50310415 
111  49.27531591  014.50289242 
111  49.27563805  014.50322466 
111  49.27331153  014.50887745 
111  49.27320567  014.50897287 
111  49.27302510  014.50906830 
111  49.27284453  014.50905876 
111  49.27172372  014.50797091 
111  49.27168636  014.50789457 
111  49.27164278  014.50774189 
111  49.27159919  014.50755104 
111  49.27164278  014.50712162 
111  49.27105747  014.50856254 
111  49.27121936  014.50827627 
111  49.27141239  014.50816176 
111  49.27151824  014.50815222 
111  49.27164278  014.50819993 
111  49.27273245  014.50928778 
111  49.27280094  014.50935457 
111  49.27282585  014.50953588 
111  49.27284453  014.50970765 
111  49.27283207  014.51002255 
111  49.27093294  014.51453459 
111  49.27089558  014.51460139 
111  49.27076482  014.51469681 
111  49.27056556  014.51475407 
111  49.27044103  014.51470636 
111  49.26947589  014.51374256 
111  49.26935136  014.51358988 
112  49.26924551  014.51338949  49.26922683  014.51337040 
111  49.26924551  014.51323681 
111  49.26925796  014.51286465 
111  49.26885323  014.51385707 
111  49.26891549  014.51382844 
111  49.26906493  014.51378073 
111  49.26920815  014.51379982 
111  49.26940117  014.51400975 
111  49.26933268  014.51426740 
111  49.27042858  014.51532662 
111  49.27054111  014.51512380 
111  49.27243999  014.51703238 
112  49.27249145  014.51721377  49.27249660  014.51725321 
111  49.27253262  014.51736362 
111  49.27261496  014.51772641 
111  49.27288255  014.51802610 
111  49.27330967  014.51700978 
111  49.27280021  014.51651292 
111  49.27254291  014.51681261 
111  49.27107630  014.51528260 
111  49.27103513  014.51502234 
111  49.27105057  014.51476314 
111  49.27159090  014.51346972 
111  49.27175043  014.51331199 
111  49.27189452  014.51328044 
111  49.27203346  014.51330410 
111  49.27273846  014.51403756 
111  49.27288255  014.51446344 
111  49.27291343  014.51464484 
111  49.27280021  014.51513381 
111  49.27311412  014.51542562 
111  49.27370591  014.51393504 
111  49.27322219  014.51354070 
111  49.27306266  014.51384828 
111  49.27296489  014.51387194 
111  49.27286197  014.51386406 
111  49.27210550  014.51305173 
111  49.27200773  014.51281513 
111  49.27199229  014.51270471 
111  49.27201287  014.51244445 
111  49.27242278  014.51145639 
111  49.27282417  014.51179553 
111  49.27474642  014.50721898 
111  49.27441708  014.50688772 
111  49.27458690  014.50644604 
111  49.27457660  014.50633561 
111  49.27556860  014.50390096 
111  49.27577445  014.50344349 
111  49.27590310  014.50336462 
111  49.27601631  014.50331729 
111  49.27619642  014.50334096 
111  49.27727194  014.50447674 
111  49.27723077  014.50468970 
111  49.27765274  014.50509984 
111  49.27798723  014.50424012 
111  49.27757040  014.50383786 
111  49.27739544  014.50416913 
111  49.27724106  014.50413758 
111  49.27628390  014.50313588 
111  49.27616040  014.50292292 
111  49.27617583  014.50241813 
111  49.27669044  014.50122714 
111  49.27680879  014.50118770 
111  49.27815351  014.49792960 
111  49.27843654  014.49816624 
111  49.27938341  014.49579988 
111  49.27965615  014.49598919 
111  49.27971790  014.49580777 
111  49.27939488  014.49548568 
111  49.27933827  014.49532793 
111  49.27929196  014.49505186 
111  49.27932798  014.49479156 
111  49.28040350  014.49214918 
111  49.28039835  014.49207819 
111  49.27942575  014.49113956 
111  49.27958014  014.49079250 
111  49.27920448  014.49042178 
111  49.27905524  014.49076884 
111  49.27879794  014.49050065 
111  49.27876706  014.49041389 
111  49.27874648  014.49024825 
111  49.27873619  014.49013782 
113  49.27873104  014.49001162 
110   2 0.25  85.00 New Taxiway 3
111  49.26907138  014.51377724 
111  49.26943164  014.51830159 
111  49.26940150  014.51859023 
111  49.26937136  014.51876342 
111  49.26916040  014.51917907 
111  49.26940150  014.51965245 
111  49.26996657  014.51854405 
111  49.26947684  014.51786285 
111  49.26945424  014.51774739 
113  49.26916921  014.51378985 
110   2 0.25  85.00 New Taxiway 7
111  49.27635085  014.47275113 
111  49.27643166  014.47226223 
111  49.27648694  014.47217097 
111  49.27658919  014.47212333 
111  49.27665281  014.47211882 
111  49.27665281  014.47199497 
112  49.27655655  014.47196889  49.27654804  014.47194282 
112  49.27654798  014.47186460  49.27654798  014.47185156 
111  49.27658051  014.47162341 
111  49.27669959  014.47097806 
111  49.27672801  014.47091937 
112  49.27679517  014.47089743  49.27681643  014.47089743 
111  49.27692635  014.47089606 
111  49.27692925  014.47078902 
112  49.27684440  014.47077735  49.27682739  014.47076432 
111  49.27677861  014.47072864 
111  49.27675488  014.47064561 
111  49.27720139  014.46844225 
112  49.27736056  014.46835671  49.27743298  014.46835671 
111  49.27747362  014.46836409 
111  49.27751615  014.46837061 
111  49.27752554  014.46828165 
112  49.27746511  014.46825980  49.27743109  014.46824676 
111  49.27733323  014.46821910 
111  49.27730616  014.46813930 
111  49.27735028  014.46799253 
111  49.27764373  014.46741889 
111  49.27771895  014.46734860 
111  49.27777983  014.46735371 
111  49.27783086  014.46730156 
111  49.27781385  014.46716467 
111  49.27782794  014.46705283 
111  49.27777983  014.46698215 
111  49.27729074  014.46792735 
111  49.27715465  014.46823372 
111  49.27706534  014.46864440 
111  49.27674212  014.47029361 
111  49.27663580  014.47092591 
111  49.27644867  014.47197541 
111  49.27637637  014.47215793 
113  49.27628280  014.47279024 
110   2 0.25 130.00 New Taxiway 6
111  49.27628435  014.47329323 
111  49.27633848  014.47308582 
111  49.27644287  014.47289026 
111  49.27661908  014.47288883 
112  49.27672124  014.47290804  49.27672511  014.47290804 
112  49.27678017  014.47295725  49.27680723  014.47299280 
111  49.27681790  014.47310360 
111  49.27681016  014.47319249 
111  49.27689522  014.47319249 
111  49.27689522  014.47302656 
111  49.27691842  014.47297323 
111  49.27695322  014.47292582 
112  49.27700348  014.47289026  49.27703441  014.47289026 
111  49.27710400  014.47289619 
111  49.27717359  014.47290211 
111  49.27723546  014.47295545 
111  49.27727072  014.47302728 
111  49.27727025  014.47313916 
111  49.27726639  014.47318656 
111  49.27737077  014.47320434 
111  49.27738237  014.47302064 
111  49.27740053  014.47288164 
112  49.27745923  014.47281592  49.27747470  014.47279814 
111  49.27753316  014.47279545 
112  49.27759889  014.47280137  49.27762595  014.47280137 
111  49.27775354  014.47288434 
111  49.27784633  014.47299101 
111  49.27793912  014.47262952 
111  49.27776127  014.47264137 
111  49.27759982  014.47262952 
111  49.27752156  014.47261174 
111  49.27764915  014.47174061 
111  49.27769168  014.47165172 
111  49.27776396  014.47159624 
111  49.27786179  014.47158653 
111  49.27792752  014.47160431 
111  49.27794298  014.47146208 
111  49.27782313  014.47143838 
111  49.27778072  014.47136116 
111  49.27777673  014.47125467 
111  49.27789272  014.47069762 
112  49.27795458  014.47061466  49.27799711  014.47060281 
111  49.27803577  014.47059688 
111  49.27808217  014.47058503 
111  49.27808990  014.47051392 
111  49.27793525  014.47047243 
111  49.27795353  014.47037762 
111  49.27798165  014.47023539 
111  49.27804351  014.47000428 
111  49.27811310  014.46993909 
111  49.27820577  014.46993890 
111  49.27822522  014.46986798 
111  49.27814790  014.46980872 
111  49.27810150  014.46974946 
111  49.27807502  014.46965393 
111  49.27808721  014.46950398 
111  49.27824069  014.46889611 
111  49.27837601  014.46871832 
112  49.27845392  014.46868959  49.27848485  014.46868959 
111  49.27851906  014.46868277 
111  49.27851519  014.46856425 
112  49.27842744  014.46860089  49.27841584  014.46860681 
111  49.27832961  014.46861758 
111  49.27831028  014.46857017 
111  49.27831415  014.46843387 
111  49.27831977  014.46836043 
111  49.27832364  014.46826831 
111  49.27831755  014.46817654 
111  49.27829212  014.46807958 
111  49.27824455  014.46796572 
111  49.27820976  014.46786497 
111  49.27820589  014.46775238 
111  49.27839534  014.46753904 
111  49.27834180  014.46741063 
111  49.27816840  014.46757981 
111  49.27812856  014.46758052 
111  49.27803191  014.46753311 
111  49.27790432  014.46742052 
111  49.27783086  014.46730156 
111  49.27777983  014.46735371 
111  49.27816486  014.46797311 
111  49.27825650  014.46821020 
111  49.27825733  014.46843128 
111  49.27821749  014.46870647 
111  49.27815563  014.46894944 
111  49.27799711  014.46952427 
111  49.27788112  014.46941167 
111  49.27770714  014.46983242 
111  49.27780766  014.46990353 
112  49.27784246  014.46994502  49.27785793  014.46998057 
111  49.27789999  014.47005798 
112  49.27791592  014.47019984  49.27791592  014.47022354 
111  49.27789272  014.47041910 
111  49.27760662  014.47152134 
111  49.27735531  014.47156875 
111  49.27736304  014.47166950 
111  49.27746743  014.47172283 
111  49.27746743  014.47184728 
111  49.27754476  014.47184728 
112  49.27744223  014.47253039  49.27743450  014.47254817 
111  49.27730891  014.47268285 
113  49.27635789  014.47274894 
110   2 0.25  12.00 New Taxiway 5
111  49.27635789  014.47274894 
111  49.27619881  014.47283204 
111  49.27354846  014.49177165 
113  49.27371857  014.49181728 
110   2 0.25 122.00 New Taxiway 4
111  49.27814698  014.48984487 
111  49.27466098  014.48636319 
111  49.27461578  014.48625926 
111  49.27454797  014.48609760 
111  49.27451247  014.48599700 
111  49.27446415  014.48640363 
111  49.27455550  014.48642093 
111  49.27794593  014.48989671 
111  49.27797607  014.48996599 
111  49.27799113  014.49004683 
111  49.27799809  014.49010747 
113  49.27800004  014.49019799 
130 Airport Boundary 2
111  49.29514943  014.47655504  20 
111  49.27777343  014.45544912  20 
111  49.26582742  014.50306741  20 
111  49.25808967  014.51751925  20 
113  49.26976418  014.53664974  20 
14   49.27639750  014.50496692    3 0 New Tower Viewpoint 1
15   49.27455578  014.50740421 209.98 New Ramp Start 3
19   49.28033241  014.48773372 1 WS
19   49.26678758  014.51568571 1 WS
1     1322 1 0 LKBE Benesov
100   60.05   3   0 0.00 0 0 0 09   49.73958983  014.63938506    0.00    0.00 1  0 0 0 27   49.73981655  014.64982302    0.00    0.00 1  0 0 0
100   60.05   3   0 0.00 0 0 0 06   49.74025199  014.64017413    0.00    0.00 1  0 0 0 24   49.74335600  014.64913362    0.00    0.00 1  0 0 0
110   1 0.00   0.00 Asfalt
111  49.73758243  014.64175171 
111  49.73748664  014.64177676 
111  49.73751102  014.64242568 
111  49.73755979  014.64242191 
111  49.73757442  014.64270487 
111  49.73752078  014.64270487 
111  49.73753297  014.64295764 
111  49.73728809  014.64299672 
111  49.73726457  014.64294700 
111  49.73719943  014.64180830 
111  49.73739642  014.64153772 
111  49.73734111  014.64141335 
111  49.73721318  014.64153312 
111  49.73720256  014.64147359 
111  49.73716146  014.64144476 
111  49.73713203  014.64144651 
111  49.73713203  014.64201580 
111  49.73715598  014.64202887 
111  49.73725957  014.64329095 
111  49.73725787  014.64353996 
111  49.73730600  014.64358490 
111  49.73732817  014.64357078 
111  49.73731313  014.64329702 
111  49.73759724  014.64326209 
111  49.73765107  014.64401533 
111  49.73736760  014.64408765 
111  49.73733751  014.64367399 
111  49.73731927  014.64366365 
111  49.73728893  014.64372745 
111  49.73730505  014.64386391 
111  49.73728957  014.64388180 
111  49.73730464  014.64394627 
111  49.73731968  014.64418756 
111  49.73729401  014.64436488 
111  49.73725012  014.64452334 
111  49.73724063  014.64458252 
111  49.73718209  014.64462885 
111  49.73721543  014.64468169 
111  49.73756269  014.64475667 
111  49.73791185  014.64482645 
111  49.73795937  014.64496631 
111  49.73799572  014.64523794 
111  49.73803573  014.64569577 
111  49.73783171  014.64580326 
111  49.73783846  014.64611243 
111  49.73784593  014.64618555 
111  49.73796394  014.64603033 
111  49.73808196  014.64603490 
111  49.73809595  014.64608029 
111  49.73808173  014.64613714 
111  49.73809013  014.64621612 
111  49.73811288  014.64622794 
111  49.73813690  014.64630286 
111  49.73811343  014.64633225 
111  49.73812652  014.64640014 
111  49.73820548  014.64635381 
111  49.73863965  014.64791071 
111  49.73835579  014.64809571 
111  49.73836803  014.64814839 
111  49.73863429  014.64803239 
111  49.73871096  014.64853363 
111  49.73880663  014.64850066 
111  49.73872531  014.64800405 
111  49.73873925  014.64793415 
111  49.73858156  014.64733473 
111  49.73848219  014.64697025 
111  49.73838733  014.64660306 
111  49.73828966  014.64640596 
111  49.73824458  014.64629865 
111  49.73814073  014.64607216 
111  49.73808524  014.64563930 
111  49.73803747  014.64521550 
111  49.73798453  014.64480096 
111  49.73790008  014.64457786 
111  49.73778737  014.64415846 
111  49.73769725  014.64320585 
111  49.73766479  014.64270104 
111  49.73762781  014.64268198 
111  49.73761298  014.64243228 
113  49.73762381  014.64238692 
111  49.73772354  014.64421108 
111  49.73785770  014.64464465 
111  49.73785760  014.64473163 
111  49.73757535  014.64469634 
111  49.73738996  014.64464646 
111  49.73730215  014.64457523 
113  49.73737501  014.64427525 
110   3 0.00   0.00 strip
111  49.74052164  014.63976201 
111  49.74003341  014.64010066 
111  49.73994923  014.63917589 
111  49.73921688  014.63917589 
111  49.73924699  014.64098111 
111  49.73925045  014.64117354 
111  49.73930312  014.64432010 
111  49.73930658  014.64453047 
111  49.73932297  014.64545156 
111  49.73932561  014.64563672 
111  49.73938818  014.64939015 
111  49.73940078  014.65009556 
111  49.73940208  014.65020806 
111  49.74023544  014.65023411 
111  49.74023244  014.65004888 
111  49.74022494  014.64945172 
111  49.74013966  014.64491809 
111  49.74013543  014.64463711 
111  49.74006708  014.64076494 
111  49.74131758  014.64453037 
111  49.74142042  014.64484276 
111  49.74288432  014.64924431 
111  49.74301332  014.64964799 
113  49.74376250  014.64908791 
110   3 0.00   0.00 mezi RWY 1
111  49.74131758  014.64453037 
111  49.74013543  014.64463711 
111  49.74013966  014.64491809 
113  49.74142042  014.64484276 
110   3 0.00   0.00 mezi RWY 2
111  49.74023244  014.65004888 
111  49.74301332  014.64964799 
111  49.74288432  014.64924431 
113  49.74022494  014.64945172 
110   3 0.00   0.00 mezi APP a RWY
111  49.73924699  014.64098111 
111  49.73875934  014.64121905 
111  49.73830844  014.64151178 
111  49.73828488  014.64146925 
111  49.73818670  014.64153001 
111  49.73819849  014.64160292 
111  49.73817100  014.64164546 
111  49.73816314  014.64152393 
111  49.73811602  014.64149355 
111  49.73763300  014.64162115 
111  49.73761729  014.64174267 
111  49.73755053  014.64175804 
111  49.73768405  014.64397869 
111  49.73799587  014.64498601 
111  49.73811209  014.64605674 
111  49.73829273  014.64648208 
111  49.73870899  014.64797075 
111  49.73892105  014.64783100 
111  49.73902708  014.64796467 
111  49.73922342  014.64922854 
111  49.73913602  014.64938633 
111  49.73915907  014.64953392 
111  49.73925484  014.64952020 
111  49.73940078  014.65009556 
111  49.73938818  014.64939015 
111  49.73934516  014.64936829 
111  49.73913703  014.64787961 
111  49.73912918  014.64758187 
111  49.73903886  014.64712008 
111  49.73899173  014.64662182 
111  49.73887392  014.64616003 
111  49.73932561  014.64563672 
111  49.73932297  014.64545156 
111  49.73884865  014.64597323 
111  49.73846945  014.64364447 
111  49.73930658  014.64453047 
111  49.73930312  014.64432010 
111  49.73844506  014.64345346 
111  49.73889153  014.64136884 
113  49.73925045  014.64117354 
111  49.73876790  014.64142666 
111  49.73839502  014.64327598 
111  49.73818278  014.64188845 
111  49.73824954  014.64180338 
111  49.73827310  014.64190668 
111  49.73822205  014.64196136 
111  49.73823775  014.64205250 
111  49.73827702  014.64201605 
111  49.73830451  014.64204643 
111  49.73837913  014.64233201 
111  49.73846159  014.64230771 
111  49.73840661  014.64202820 
111  49.73842625  014.64196744 
111  49.73841054  014.64188237 
111  49.73837913  014.64183376 
111  49.73833986  014.64184591 
111  49.73832415  014.64170008 
113  49.73873255  014.64142058 
110   3 0.00  66.00 RC plac
111  49.74360958  014.64399651 
111  49.74351559  014.64409940 
111  49.74359223  014.64436458 
111  49.74360114  014.64439503 
111  49.74362094  014.64446661 
111  49.74362985  014.64449571 
111  49.74365183  014.64457672 
111  49.74366118  014.64460784 
111  49.74393699  014.64556822 
113  49.74404259  014.64548395 
110   3 0.00 335.00 RC stojanka
111  49.74350052  014.64489517 
111  49.74363151  014.64479850 
111  49.74359322  014.64465817 
111  49.74366118  014.64460784 
111  49.74365183  014.64457672 
111  49.74358314  014.64462387 
111  49.74356299  014.64454591 
111  49.74362985  014.64449571 
111  49.74362094  014.64446661 
111  49.74355251  014.64451185 
111  49.74353406  014.64445260 
111  49.74360114  014.64439503 
111  49.74359223  014.64436458 
111  49.74352269  014.64442117 
111  49.74348239  014.64429020 
113  49.74336551  014.64438063 
130 Airport Boundary 1
111  49.74261352  014.63619411 
111  49.73609857  014.63748363 
111  49.73586380  014.65497381 
111  49.74274264  014.65422008 
113  49.74668682  014.65059672 
14   49.73771671  014.64446137   82 0 TW
15   49.73781374  014.64440218  54.22 Pred vezi
19   49.73816932  014.64376238 0 WS
54 11800 INFO
1     1397 1 0 LKBU Bubovice
100   22.86   3   0 0.00 0 0 0 10R  49.97506536  014.17288545    0.00    0.00 1  0 0 0 28L  49.97369471  014.18282664    0.00    0.00 1  0 0 0
100   29.87   3   0 0.00 0 0 0 10L  49.97547727  014.17301528    0.00    0.00 1  0 0 0 28R  49.97411318  014.18282552    0.00    0.00 1  0 0 0
110   1 0.00   0.25 asfalt
111  49.97270100  014.17887745 
111  49.97272452  014.17912128 
111  49.97282865  014.17950405 
111  49.97290611  014.17945819 
111  49.97286697  014.17925240 
111  49.97288900  014.17923804 
111  49.97285903  014.17909655 
111  49.97283458  014.17910808 
112  49.97276715  014.17879577  49.97278494  014.17874043 
111  49.97276715  014.17879577 
111  49.97293831  014.17859667 
111  49.97299072  014.17879357 
111  49.97301186  014.17878100 
111  49.97295629  014.17857520 
111  49.97301261  014.17852347 
112  49.97301261  014.17852347  49.97306984  014.17849431 
112  49.97314315  014.17853939  49.97317473  014.17856701 
111  49.97314315  014.17853939 
111  49.97319119  014.17868357 
111  49.97325577  014.17893429 
111  49.97307934  014.17903379 
111  49.97308643  014.17906136 
111  49.97326601  014.17896920 
112  49.97332488  014.17906869  49.97337276  014.17910637 
112  49.97351744  014.17903503  49.97357043  014.17895952 
112  49.97356548  014.17880205  49.97356154  014.17874919 
112  49.97350051  014.17844205  49.97348472  014.17839142 
112  49.97342503  014.17832050  49.97340420  014.17830716 
111  49.97333256  014.17828070 
111  49.97327329  014.17800547 
111  49.97332371  014.17797062 
111  49.97330952  014.17790262 
111  49.97301005  014.17807375 
111  49.97302540  014.17813743 
111  49.97306892  014.17811446 
111  49.97313507  014.17839214 
111  49.97300317  014.17844665 
111  49.97281807  014.17771558 
111  49.97276432  014.17773945 
111  49.97294350  014.17850357 
111  49.97276176  014.17867072 
111  49.97258259  014.17801804 
111  49.97255699  014.17803794 
111  49.97272912  014.17872144 
113  49.97268976  014.17879607 
111  49.97321935  014.17803850 
111  49.97328003  014.17830134 
111  49.97318757  014.17835751 
113  49.97312833  014.17809691 
111  49.97330217  014.17837312 
112  49.97337790  014.17837088  49.97340158  014.17838008 
112  49.97345638  014.17847054  49.97346427  014.17849509 
112  49.97350976  014.17872829  49.97351865  014.17876051 
112  49.97352277  014.17886072  49.97351685  014.17889448 
112  49.97349052  014.17898510  49.97346684  014.17901732 
112  49.97339097  014.17903250  49.97336038  014.17902176 
112  49.97329882  014.17893047  49.97328698  014.17888291 
113  49.97320050  014.17844205 
110   3 0.00 102.20 strip
111  49.97584936  014.17280692 
111  49.97482164  014.17246285 
111  49.97423942  014.17667124 
111  49.97336787  014.17726358 
111  49.97322039  014.17750633 
111  49.97331692  014.17788981 
111  49.97330952  014.17790262 
111  49.97332371  014.17797062 
111  49.97327329  014.17800547 
111  49.97333256  014.17828070 
111  49.97342503  014.17832050 
111  49.97350051  014.17844205 
111  49.97354418  014.17865087 
111  49.97356548  014.17880205 
111  49.97351744  014.17903503 
111  49.97332488  014.17906869 
111  49.97326601  014.17896920 
111  49.97319480  014.17901139 
111  49.97325603  014.17926656 
111  49.97314154  014.17934785 
111  49.97325668  014.17979551 
111  49.97330194  014.18018108 
111  49.97367915  014.18057086 
111  49.97339445  014.18269219 
111  49.97341423  014.18324521 
113  49.97438095  014.18361288 
130 Airport Boundary 7
111  49.97656973  014.17224442 
111  49.97429296  014.17129906 
111  49.97375559  014.17477270 
111  49.97157782  014.17688326 
111  49.97282226  014.18191784 
111  49.97245458  014.18451207 
113  49.97477377  014.18532552 
14   49.97342026  014.17888591   82 0 TW
15   49.97363288  014.17864733  80.38 Pred vezi
19   49.97335182  014.17880624 0 WS
54 13430 INFO
1     1620 1 0 LKHS Hosin
100   49.99   3   0 0.00 0 0 0 06R  49.03619977  014.48844459    0.00    0.00 1  0 0 0 24L  49.04114999  014.49992660    0.00    0.00 1  0 0 0
100   24.08   1   0 0.00 0 0 0 06L  49.03799990  014.49038874    0.00    0.00 1  0 0 0 24R  49.04193941  014.49953752    0.00    0.00 1  0 0 0
110   1 0.00  56.70 TWY
111  49.04131033  014.49777918 
111  49.04134267  014.49765231 
111  49.04193250  014.49705759 
111  49.04222931  014.49703589 
111  49.04222087  014.49678290 
111  49.04203409  014.49678945 
111  49.04199444  014.49609578 
111  49.04209503  014.49608273 
111  49.04210577  014.49628216 
111  49.04225428  014.49626948 
111  49.04222066  014.49565394 
111  49.04205757  014.49565976 
111  49.04207596  014.49589445 
111  49.04197816  014.49590045 
111  49.04192233  014.49505254 
111  49.04216645  014.49498292 
111  49.04215027  014.49465265 
111  49.04198314  014.49466941 
111  49.04197318  014.49430849 
111  49.04180816  014.49432329 
111  49.04183268  014.49468828 
111  49.04177072  014.49471846 
111  49.04181905  014.49506752 
111  49.04161294  014.49510155 
111  49.04162461  014.49528670 
111  49.04181890  014.49525511 
111  49.04182770  014.49539037 
111  49.04171395  014.49540375 
111  49.04172182  014.49556651 
111  49.04184283  014.49555309 
111  49.04192142  014.49687438 
111  49.04184947  014.49703721 
111  49.04130790  014.49756027 
113  49.04120164  014.49752648 
110   1 0.00  56.70 TWY
111  49.03976271  014.49418445 
111  49.03979028  014.49405347 
111  49.04070482  014.49313488 
111  49.04076968  014.49314285 
111  49.04079893  014.49348596 
111  49.04087816  014.49346481 
111  49.04083281  014.49309016 
111  49.04079194  014.49195980 
111  49.04070044  014.49197280 
111  49.04073536  014.49287352 
111  49.04066860  014.49304865 
111  49.03975122  014.49397011 
113  49.03965946  014.49394429 
130 Airport Boundary 11
111  49.04020386  014.50532507 
111  49.04603695  014.49753647 
111  49.03888745  014.47988231 
113  49.03221458  014.48767091 
14   49.04118587  014.49208711   82 0 TW
15   49.04075327  014.49212466  88.92 Pred vezi
19   49.04084690  014.49308325 0 WS
19   49.03815994  014.48907687 0 WS
54 13020 INFO
1     1683 1 0 LKJH Jindrichuv Hradec
100   53.95   3   0 0.00 0 0 0 07R  49.14930208  014.96726956    0.00    0.00 1  0 0 0 25L  49.15163361  014.97701034    0.00    0.00 1  0 0 0
100   21.95   1   0 0.00 0 0 0 07L  49.14966073  014.96711970    0.00    0.00 1  0 0 0 25R  49.15176898  014.97602387    0.00  103.94 1  0 0 0
100   24.08   3   0 0.00 0 0 0 07   49.14994154  014.96734717    0.00    0.00 0  0 0 0 25   49.15189320  014.97563522    0.00    0.00 0  0 0 0
110   3 0.00  70.20 STRIP
111  49.14884444  014.96776091 
111  49.14889401  014.96788427 
111  49.14905156  014.96776813 
111  49.15132205  014.97738926 
111  49.15190419  014.97706009 
111  49.14950385  014.96686802 
111  49.14904527  014.96709452 
113  49.14896673  014.96743707 
110   1 0.00  70.10 TWY
111  49.15192261  014.97710386 
112  49.15192261  014.97710386  49.15192531  014.97718528 
112  49.15182430  014.97735570  49.15173130  014.97739662 
111  49.15182430  014.97735570 
111  49.15137922  014.97757695 
112  49.15137922  014.97757695  49.15129894  014.97761473 
112  49.15121829  014.97746522  49.15118162  014.97735444 
111  49.15121829  014.97746522 
111  49.15089683  014.97653679 
111  49.15092971  014.97644124 
111  49.15097982  014.97639449 
111  49.15096494  014.97631486 
111  49.15090109  014.97635643 
111  49.15083352  014.97636305 
111  49.15038790  014.97508403 
111  49.15047016  014.97493278 
111  49.15041436  014.97477922 
112  49.15033769  014.97482952  49.15030677  014.97480139 
111  49.15033769  014.97482952 
111  49.14887372  014.96804526 
111  49.14889401  014.96788427 
112  49.14884444  014.96776091  49.14881950  014.96774729 
112  49.14878759  014.96786247  49.14877690  014.96795097 
111  49.14878759  014.96786247 
111  49.15013695  014.97419228 
112  49.15013695  014.97419228  49.15014991  014.97424550 
112  49.15010590  014.97431690  49.15008647  014.97433176 
112  49.15001822  014.97430918  49.14999798  014.97427453 
111  49.15001822  014.97430918 
111  49.14992997  014.97407538 
111  49.14986495  014.97412340 
111  49.15000355  014.97451893 
111  49.15001950  014.97457434 
111  49.14977025  014.97510163 
111  49.14973617  014.97514047 
111  49.14939511  014.97585595 
111  49.14945667  014.97592763 
112  49.14945667  014.97592763  49.14947529  014.97589792 
112  49.14951580  014.97590874  49.14953523  014.97593102 
111  49.14951580  014.97590874 
111  49.14965534  014.97609572 
111  49.14975870  014.97593506 
111  49.14965058  014.97577454 
112  49.14965058  014.97577454  49.14960686  014.97571636 
112  49.14965475  014.97555242  49.14970090  014.97545463 
111  49.14965475  014.97555242 
111  49.14978401  014.97532072 
111  49.14985802  014.97532058 
112  49.14999934  014.97541046  49.15000891  014.97541946 
112  49.15002203  014.97547243  49.15001835  014.97549494 
111  49.14994118  014.97561370 
111  49.15002089  014.97573373 
111  49.15011905  014.97557485 
111  49.15023465  014.97549646 
111  49.15039804  014.97577374 
111  49.15031087  014.97590313 
111  49.15053042  014.97621406 
111  49.15049788  014.97626351 
111  49.15053484  014.97631295 
111  49.15046795  014.97642549 
111  49.15043498  014.97638102 
111  49.15032788  014.97654972 
111  49.15072372  014.97707080 
111  49.15089615  014.97679356 
112  49.15123371  014.97772300  49.15124769  014.97774326 
112  49.15129511  014.97774727  49.15132161  014.97773715 
111  49.15134101  014.97769734 
113  49.15198183  014.97736350 
111  49.15028356  014.97488960 
112  49.15028356  014.97488960  49.15029571  014.97495520 
112  49.15025311  014.97510725  49.15022235  014.97516790 
111  49.15025311  014.97510725 
112  49.15012695  014.97529070  49.15008161  014.97530803 
111  49.15002656  014.97530266 
111  49.14989100  014.97522719 
111  49.14986505  014.97509094 
111  49.15009413  014.97461643 
112  49.15009413  014.97461643  49.15012733  014.97455578 
112  49.15022525  014.97463519  49.15025439  014.97473916 
113  49.15022525  014.97463519 
130 Airport Boundary 21
111  49.15036967  014.96445133 
111  49.14740272  014.96629825 
111  49.14804858  014.97732874 
111  49.15036967  014.98092329 
113  49.15379075  014.97808467 
14   49.15019006  014.97567301   82 0 TW
15   49.15034092  014.97553411  45.85 Pred vezi
19   49.14974426  014.97382230 0 WS
54 12360 INFO
1     1902 0 0 LKPV Pacov
100   32.92   2   0 0.00 0 0 0 9    49.41787169  014.98414809    0.00    0.00 2  0 0 0 27   49.41790051  015.01175450    0.00    0.00 2  0 0 0
110   2 0.25  90.00 New Taxiway 2
111  49.41772027  014.98415803 
111  49.41732358  014.98416257 
111  49.41732358  014.98452821 
111  49.41739154  014.98440807 
111  49.41745270  014.98433495 
111  49.41751387  014.98433033 
111  49.41756884  014.98433463 
111  49.41759723  014.98434600 
111  49.41762402  014.98436014 
111  49.41765334  014.98438973 
111  49.41767132  014.98442596 
111  49.41769625  014.98445637 
113  49.41772316  014.98457459 
110   2 0.25  90.00 New Taxiway 5
111  49.41732431  014.98622390 
111  49.41732431  014.98622390 
111  49.41732639  014.98397168 
111  49.41702379  014.98396812 
113  49.41702714  014.98623834 
110   2 0.25  90.00 New Taxiway 4
111  49.41772447  014.98640109 
111  49.41770702  014.98644407 
111  49.41769405  014.98647287 
111  49.41768397  014.98649502 
111  49.41766955  014.98651053 
111  49.41765269  014.98650653 
111  49.41759708  014.98641919 
111  49.41732564  014.98590920 
111  49.41732431  014.98622390 
111  49.41769786  014.98686635 
111  49.41771302  014.98689964 
113  49.41772515  014.98695401 
110   5 0.25  90.00 New Taxiway 7
111  49.41681025  014.98285696 
111  49.41670858  014.98308105 
113  49.41686971  014.98307810 
110   2 0.25  90.00 New Taxiway 9
111  49.41878030  014.98605665 
111  49.41871251  014.98605535 
111  49.41875197  015.00891022 
113  49.41887122  015.00892636 
110   2 0.25   0.00 New Taxiway 8
111  49.41801571  014.98415589 
111  49.41801763  014.98471869 
111  49.41809560  014.98441446 
111  49.41815430  014.98431982 
111  49.41829303  014.98430394 
111  49.41837679  014.98430540 
111  49.41845902  014.98439217 
111  49.41854260  014.98457028 
111  49.41871251  014.98605535 
111  49.41878030  014.98605665 
111  49.41860720  014.98455642 
111  49.41855216  014.98435752 
111  49.41848887  014.98426281 
111  49.41839605  014.98419988 
111  49.41835323  014.98417252 
113  49.41829606  014.98416337 
110   2 0.25   0.00 New Taxiway 10
111  49.41877135  014.98934732 
111  49.41872582  014.98949188 
111  49.41863897  014.98956553 
111  49.41855663  014.98957021 
111  49.41849313  014.98957638 
111  49.41816587  014.98957638 
111  49.41810321  014.98954783 
111  49.41806375  014.98948361 
111  49.41804054  014.98939799 
111  49.41802232  014.98932426 
111  49.41802429  014.99002234 
111  49.41804518  014.98989034 
111  49.41808232  014.98981898 
111  49.41812177  014.98976903 
111  49.41816587  014.98975120 
111  49.41849404  014.98976190 
111  49.41856499  014.98976720 
111  49.41863488  014.98978624 
111  49.41868368  014.98984192 
111  49.41873382  014.98990898 
113  49.41878058  014.99001467 
110   2 0.25  90.00 New Taxiway 16
111  49.41804389  015.00959625 
111  49.41812082  015.00946280 
111  49.41816684  015.00945237 
111  49.41820363  015.00946879 
111  49.41826264  015.00953799 
111  49.41831054  015.00960784 
111  49.41838785  015.00973614 
111  49.41844809  015.00988086 
111  49.41847500  015.01000604 
111  49.41846267  015.01130195 
111  49.41844868  015.01141422 
111  49.41841498  015.01150583 
111  49.41836382  015.01156741 
111  49.41820774  015.01156741 
111  49.41817548  015.01155509 
111  49.41814916  015.01152695 
111  49.41804909  015.01113948 
111  49.41805067  015.01174777 
111  49.41872459  015.01174634 
111  49.41872582  015.01144691 
111  49.41872993  015.00974037 
111  49.41874227  015.00959597 
111  49.41876961  015.00951029 
111  49.41894583  015.00918856 
111  49.41894917  015.00892636 
111  49.41870745  015.00891383 
111  49.41870115  015.00902048 
111  49.41867648  015.00912728 
111  49.41862676  015.00925056 
111  49.41855542  015.00936746 
111  49.41849353  015.00942845 
111  49.41843126  015.00944871 
111  49.41834385  015.00942180 
111  49.41827353  015.00935482 
111  49.41821927  015.00926952 
111  49.41817938  015.00918071 
111  49.41815183  015.00910832 
113  49.41804312  015.00883087 
130 Airport Boundary 12
111  49.42695455  014.97291002  20 
111  49.40796557  014.97291002  20 
111  49.40681859  015.02410883  20 
113  49.42708199  015.02117199  20 
14   49.41806961  014.99363829    5 0 U silnice
15   49.41768896  014.99344403  43.15 Rampa Silnice
15   49.41861110  015.01048474 199.09 Rampa Vychod
15   49.41715640  014.98555265   1.80 Rampa Zapad
19   49.41764190  015.01126956 0 New Windsock 17
19   49.41821924  014.98504471 0 New Windsock 18
1     1528 1 0 LKPM Pribram
100   29.87   1   0 0.00 0 0 0 06L  49.71531511  014.08949758    0.00   43.89 1  0 0 0 24R  49.72262249  014.10594256    0.00  515.11 1  0 0 0
100   38.10   3   0 0.00 0 0 0 06R  49.71572889  014.08908086    0.00    0.00 1  0 0 0 24L  49.72303274  014.10550895    0.00    0.00 1  0 0 0
110   2 0.00  55.50 TWY
111  49.71766303  014.09515191 
111  49.71765542  014.09520158 
111  49.71695265  014.09594858 
111  49.71691796  014.09594858 
111  49.71674001  014.09554641 
111  49.71673796  014.09546411 
111  49.71694265  014.09523620 
111  49.71679641  014.09492116 
111  49.71732712  014.09439016 
111  49.71728257  014.09428856 
111  49.71649872  014.09509377 
111  49.71643366  014.09506436 
111  49.71622251  014.09455160 
111  49.71610963  014.09423459 
111  49.71579249  014.09394424 
111  49.71576574  014.09403807 
111  49.71600997  014.09426912 
111  49.71608510  014.09448366 
111  49.71606296  014.09459234 
111  49.71645146  014.09547196 
111  49.71652378  014.09545480 
111  49.71657017  014.09550707 
111  49.71679594  014.09586212 
111  49.71680354  014.09590995 
111  49.71670180  014.09604659 
111  49.71693483  014.09654297 
111  49.71708923  014.09636877 
111  49.71697650  014.09610127 
111  49.71698243  014.09604900 
111  49.71769009  014.09527717 
113  49.71772214  014.09528073 
110   2 0.00  55.50 TWY
111  49.71916300  014.09852511 
111  49.71850634  014.09922890 
111  49.71844562  014.09922350 
111  49.71829953  014.09892558 
111  49.71833895  014.09887964 
111  49.71825465  014.09869850 
111  49.71812602  014.09884928 
111  49.71821639  014.09904006 
111  49.71826372  014.09898776 
111  49.71838516  014.09923753 
111  49.71835747  014.09927425 
111  49.71843170  014.09943370 
113  49.71920377  014.09861492 
110   2 0.00  55.50 TWY
111  49.72632586  014.11193895 
111  49.72699311  014.11345175 
111  49.72703722  014.11366043 
111  49.72702193  014.11388634 
111  49.72696432  014.11403264 
111  49.72689474  014.11414782 
111  49.72679708  014.11423496 
111  49.72662577  014.11425349 
111  49.72642116  014.11411515 
111  49.72536047  014.11172514 
111  49.72513817  014.11196049 
111  49.72641757  014.11482754 
111  49.72729441  014.11388155 
113  49.72639745  014.11185496 
110   2 0.00  55.50 TWY
111  49.71738900  014.09159733 
111  49.71732182  014.09167549 
111  49.72469421  014.10826129 
111  49.72469258  014.10843323 
111  49.72428624  014.10922975 
111  49.72421673  014.10916779 
111  49.72434187  014.10944876 
111  49.72432475  014.10933157 
111  49.72473115  014.10852439 
111  49.72480037  014.10853849 
111  49.72575179  014.11066393 
111  49.72578390  014.11094543 
111  49.72567361  014.11121536 
111  49.72553455  014.11136190 
111  49.72532928  014.11141987 
111  49.72510844  014.11117491 
111  49.72535605  014.11172891 
111  49.72594036  014.11111369 
111  49.72632506  014.11193884 
111  49.72640343  014.11184927 
111  49.72667767  014.11156583 
111  49.72518047  014.10815848 
111  49.72488492  014.10845918 
111  49.72486263  014.10839804 
111  49.72487311  014.10824741 
111  49.72483394  014.10814931 
113  49.72474987  014.10814344 
110   2 0.00  55.50 TWY
111  49.71520261  014.08961660 
111  49.71542449  014.08938075 
112  49.71542449  014.08938075  49.71536072  014.08919732 
111  49.71536267  014.08899253 
111  49.71548484  014.08872214 
111  49.71561674  014.08858300 
111  49.71581252  014.08853226 
111  49.71599968  014.08870259 
111  49.71732204  014.09167506 
111  49.71738909  014.09159733 
111  49.71767705  014.09129291 
111  49.71615362  014.08785994 
111  49.71585817  014.08815782 
111  49.71458568  014.08531357 
111  49.71370157  014.08624103 
113  49.71497570  014.08910634 
111  49.71442894  014.08570299 
111  49.71462577  014.08575209 
111  49.71472688  014.08586173 
111  49.71578779  014.08823497 
111  49.71519583  014.08887571 
111  49.71413618  014.08650526 
111  49.71409867  014.08624105 
111  49.71415086  014.08597715 
111  49.71418932  014.08588101 
113  49.71429513  014.08577316 
130 Airport Boundary 11
111  49.71519428  014.08367141 
111  49.71238225  014.08698408 
111  49.72560857  014.11745451 
113  49.72868832  014.11361328 
14   49.71599928  014.09449521   82 0 TWR
15   49.71681099  014.09522680 231.89 Stojanka
19   49.71618633  014.09304160 0 WS
19   49.71781978  014.09687663 0 WS2
54 11875 INFO
1     1335 1 0 LKSO Sobeslav
100   29.87   3   0 0.00 0 0 0 18   49.24345731  014.71290511    0.00    0.00 1  0 0 0 36   49.25010429  014.71327848    0.00    0.00 1  0 0 0
110   3 0.00  87.90 Closed rwy
111  49.24580268  014.70888924 
111  49.24499572  014.70893216 
111  49.24522828  014.71831874 
113  49.24604084  014.71827153 
130 Airport Boundary 21
111  49.24187165  014.70707614 
111  49.24199087  014.72092248 
111  49.25295871  014.71842710 
113  49.25277988  014.70823253 
14   49.25045179  014.71572347   82 0 TWR
15   49.24983906  014.71514393 201.35 Stojanka
19   49.25065656  014.71544788 0 WS
54 12220 INFO
1     1564 1 0 LKSR Strunkovice
100   32.00   3   0 0.00 0 0 0 15   49.08605243  014.07251347    0.00    0.00 1  0 0 0 33   49.07868115  014.07810995    0.00    0.00 1  0 0 0
130 Airport Boundary 25
111  49.08609440  014.06894334 
111  49.07666835  014.07643771 
111  49.07878144  014.08355261 
113  49.08793817  014.07599500 
14   49.07951208  014.07613991   82 0 TWR
15   49.07927200  014.07684405  65.72 Stojanka
19   49.08028837  014.07928826 0 WS
54 12350 INFO
1     1440 1 0 LKTA Tabor
100   99.97   2   0 0.00 0 0 0 16   49.39658634  014.70525058  299.01    0.00 1  0 0 0 34   49.38903189  014.70930473    0.00    0.00 1  0 0 0
100  130.15   3   0 0.00 0 0 0 12   49.39475804  014.69712294    0.00    0.00 1  0 0 0 30   49.39013192  014.71079662  217.93    0.00 1  0 0 0
130 Airport Boundary 27
111  49.38486367  014.71453416 
111  49.39944968  014.71109335 
111  49.40128395  014.69773651 
113  49.39274752  014.68990663 
14   49.39558091  014.70306078   82 0 TWR
15   49.39517626  014.70379470  69.47 Stojanka
19   49.39360545  014.70479680 0 WS
54 12260 INFO
1     1026 1 0 LKTC Tocna
100   17.98   3   0 0.00 0 0 0 10L  49.98571704  014.42149351    0.00    0.00 1  0 0 0 28R  49.98583506  014.43263967    0.00    0.00 1  0 0 0
100   57.91   3   0 0.00 0 0 0 10R  49.98536004  014.42149437    0.00    0.00 1  0 0 0 28L  49.98545276  014.42985997    0.00    0.00 1  0 0 0
130 Airport Boundary 29
111  49.98712049  014.41956498 
111  49.98440425  014.41962071 
112  49.98460294  014.43389442  49.98463527  014.43389442 
114  49.98733728  014.43379285  49.98745045  014.43379285 
14   49.98666523  014.42252137   82 0 TWR
15   49.98632370  014.42256244 182.29 Stojanka
19   49.98625304  014.42039592 0 WS
54 12340 INFO
1     1420 1 0 LKVL Vlasim
100   39.93   3   0 0.00 0 0 0 13   49.72969284  014.87714305    0.00    0.00 1  0 0 0 31   49.72556138  014.88520088    0.00    0.00 1  0 0 0
130 Airport Boundary 35
111  49.72939509  014.87433406 
111  49.72329041  014.88496909 
111  49.72592624  014.88893079 
113  49.73163306  014.87698801 
14   49.72866406  014.88118574   82 0 TWR
15   49.72844606  014.88082847 223.55 Stojanka
19   49.72869979  014.88124654 0 WS
54 11965 INFO
1     1614 1 0 LKTV Vsechov
100   29.87   2   0 0.00 0 0 0 13   49.44428153  014.61131580    0.00    0.00 2  0 0 0 31   49.43221153  014.63173580    0.00    0.00 2  0 0 0
110   2 0.25  85.00 New Taxiway 1
111  49.43425237  014.62183675 
111  49.43425758  014.62174862 
111  49.43287135  014.62133721 
111  49.43158965  014.62059592 
111  49.43157201  014.62064112 
111  49.43285959  014.62142761 
114  49.43422947  014.62182537  49.43423535  014.62183441 
110   2 0.25  85.00 New Taxiway 7
111  49.43583632  014.62339908 
111  49.43578162  014.62339107 
111  49.43570085  014.62333098 
111  49.43566699  014.62329092 
111  49.43525016  014.62278616 
111  49.43488543  014.62229343 
111  49.43473954  014.62211316 
111  49.43425758  014.62174862 
111  49.43425237  014.62183675 
111  49.43471088  014.62217726 
111  49.43509905  014.62269002 
111  49.43548202  014.62317474 
112  49.43568001  014.62345516  49.43568522  014.62346317 
111  49.43571649  014.62351525 
111  49.43572951  014.62355932 
113  49.43573212  014.62357534 
110  13 0.25  85.00 New Taxiway 6
111  49.43513893  014.62215587 
111  49.43508733  014.62208473 
111  49.43500904  014.62222975 
113  49.43505886  014.62229268 
110   2 0.25 133.00 New Taxiway 5
111  49.43628237  014.62265596 
111  49.43625567  014.62265009 
111  49.43623660  014.62263250 
111  49.43608785  014.62244481 
111  49.43609929  014.62232751 
111  49.43602300  014.62222193 
111  49.43597723  014.62228645 
111  49.43591621  014.62221020 
111  49.43591239  014.62217501 
111  49.43591621  014.62214569 
111  49.43602300  014.62192867 
111  49.43595816  014.62184656 
111  49.43583611  014.62199906 
111  49.43581703  014.62201079 
111  49.43579415  014.62199906 
111  49.43573922  014.62191773 
111  49.43574889  014.62185361 
111  49.43584755  014.62168234 
111  49.43579415  014.62158849 
111  49.43567209  014.62177032 
111  49.43564921  014.62178205 
111  49.43557674  014.62168392 
111  49.43557292  014.62165889 
111  49.43566828  014.62146103 
111  49.43559962  014.62137735 
111  49.43550426  014.62154157 
111  49.43547756  014.62154157 
111  49.43543561  014.62150638 
111  49.43540891  014.62147119 
111  49.43539746  014.62142427 
112  49.43539746  014.62137148  49.43540128  014.62134802 
111  49.43545086  014.62125418 
111  49.43525252  014.62089640 
111  49.43494357  014.62135389 
111  49.43503511  014.62147706 
111  49.43493975  014.62165301 
111  49.43501222  014.62175858 
111  49.43507707  014.62165888 
111  49.43511139  014.62168820 
111  49.43498552  014.62185829 
111  49.43479862  014.62164715 
111  49.43475285  014.62172926 
111  49.43489780  014.62193454 
111  49.43489780  014.62199319 
111  49.43487491  014.62204598 
111  49.43483295  014.62209290 
111  49.43476048  014.62212223 
111  49.43474141  014.62212809 
111  49.43488254  014.62230405 
111  49.43490161  014.62215742 
111  49.43504655  014.62194627 
111  49.43512284  014.62194627 
111  49.43526397  014.62215155 
111  49.43526244  014.62216680 
111  49.43516479  014.62215742 
111  49.43508469  014.62206357 
111  49.43498934  014.62222780 
111  49.43505799  014.62231578 
111  49.43514191  014.62219261 
111  49.43526676  014.62220904 
111  49.43513809  014.62244481 
111  49.43522964  014.62258557 
111  49.43529829  014.62247414 
111  49.43533262  014.62248000 
111  49.43557674  014.62205184 
111  49.43563395  014.62202252 
111  49.43567972  014.62204011 
111  49.43573693  014.62212223 
111  49.43563395  014.62235683 
111  49.43569879  014.62244481 
111  49.43583229  014.62226299 
111  49.43593095  014.62237091 
111  49.43589358  014.62243229 
111  49.43596198  014.62253865 
111  49.43602300  014.62252106 
111  49.43616795  014.62270874 
111  49.43617939  014.62274393 
111  49.43618473  014.62277600 
113  49.43618829  014.62281587 
110   2 0.25 133.00 New Taxiway 2
111  49.44418658  014.61118455 
111  49.44369518  014.61045014 
111  49.44261436  014.61222735 
111  49.44244823  014.61233541 
111  49.44005945  014.61635183 
111  49.43998595  014.61636821 
111  49.43315693  014.62793548 
111  49.43303885  014.62779034 
111  49.43287262  014.62805424 
111  49.43298478  014.62820594 
111  49.43260909  014.62887990 
111  49.43257261  014.62905597 
111  49.43151279  014.63080144 
111  49.43211418  014.63160147 
111  49.43230472  014.63129462 
111  49.43219709  014.63130299 
111  49.43214224  014.63130932 
111  49.43207075  014.63129017 
111  49.43200685  014.63125671 
112  49.43195154  014.63117166  49.43194976  014.63116345 
111  49.43192088  014.63107628 
111  49.43191539  014.63094136 
111  49.43194086  014.63080776 
111  49.43253162  014.62978996 
111  49.43259034  014.62974345 
111  49.43265439  014.62972703 
111  49.43288713  014.62972070 
111  49.43295933  014.62975079 
111  49.43299781  014.62978996 
111  49.43302013  014.62984742 
111  49.43302944  014.62993223 
111  49.43303696  014.63003620 
111  49.43334301  014.62952457 
111  49.43282343  014.62952730 
111  49.43278073  014.62951636 
111  49.43273609  014.62946351 
111  49.43271611  014.62938057 
111  49.43269105  014.62926003 
111  49.43269145  014.62914152 
111  49.43269954  014.62898162 
111  49.43306187  014.62830481 
111  49.43581898  014.62364393 
111  49.43637316  014.62443903 
111  49.43640040  014.62439233 
111  49.43585519  014.62358653 
111  49.44247715  014.61244777 
111  49.44262065  014.61239508 
111  49.44276105  014.61235643 
112  49.44284757  014.61240907  49.44287620  014.61243874 
111  49.44291692  014.61251039 
111  49.44296200  014.61264371 
111  49.44297799  014.61278769 
111  49.44298280  014.61292101 
111  49.44298280  014.61304366 
111  49.44297934  014.61326230 
111  49.44321513  014.61286235 
111  49.44315965  014.61285168 
111  49.44311457  014.61280902 
111  49.44309376  014.61271836 
111  49.44307643  014.61259038 
111  49.44306949  014.61249439 
111  49.44306949  014.61235574 
111  49.44308442  014.61220032 
111  49.44310763  014.61209444 
111  49.44370550  014.61100657 
111  49.44375405  014.61096390 
111  49.44381300  014.61092657 
112  49.44388928  014.61095857  49.44391009  014.61097990 
111  49.44397250  014.61105456 
111  49.44401065  014.61112389 
111  49.44403492  014.61121988 
111  49.44403839  014.61139052 
113  49.44403492  014.61143852 
130 Airport Boundary 31
111  49.44811223  014.61106992  20 
111  49.44248715  014.60088585  20 
111  49.42535491  014.62739955  20 
113  49.43197937  014.63960287  20 
14   49.43503421  014.62151771   82 0 New Tower Viewpoint 2
15   49.43559693  014.62145361 126.25 New Ramp Start 1
19   49.44476072  014.61142691 1 WS
19   49.43173235  014.63162452 1 WS
50 12583 Vsechov Info