1     1833 1 0 LKKA Krizanov
100   99.97   3   0 0.00 0 0 0 14   49.37064878  016.11261664    0.00   49.99 1  0 0 0 32   49.36627137  016.11957296    0.00   29.87 1  0 0 0
110   3 0.00 134.00 STRIP
111  49.37147465  016.11242954 
111  49.37061105  016.11116203 
111  49.36548010  016.11944455 
113  49.36630173  016.12067054 
130 Airport Boundary 29
111  49.37417384  016.11328449 
111  49.36980741  016.10647750 
111  49.36194116  016.11867430 
113  49.36688262  016.12558290 
14   49.36783676  016.11460953   82 0 TW
15   49.36804865  016.11495287  51.34 Pred vezi
19   49.36672248  016.11524043 0 WS
54 12220 INFO
1      925 1 0 LKCM Medlanky
100   71.93   3   0 0.25 0 0 0 15   49.24051794  016.55229292    0.00    0.00 1  0 0 0 33   49.23320436  016.55809902    0.00    0.00 1  0 0 0
110   3 0.00 152.60 strip
111  49.23887825  016.55458632 
111  49.24086576  016.55283111 
111  49.24042345  016.55149762 
111  49.23281101  016.55751268 
111  49.23322598  016.55889768 
113  49.23836597  016.55494613 
110   3 0.00  55.00 trava
111  49.24131623  016.56079201 
111  49.24103046  016.56026387 
111  49.24096433  016.56036515 
111  49.24093599  016.56033622 
111  49.24063368  016.56076669 
111  49.24093363  016.56129845 
111  49.24106589  016.56114290 
111  49.24095961  016.56095118 
111  49.24104935  016.56082457 
113  49.24116980  016.56101629 
110   2 0.00   0.00 beton
111  49.24082993  016.56024652 
111  49.24087873  016.56037806 
111  49.24077138  016.56051558 
111  49.24061523  016.56069496 
111  49.24057814  016.56064413 
111  49.24057033  016.56066506 
111  49.24055862  016.56071588 
111  49.24057424  016.56075176 
111  49.24049811  016.56084145 
111  49.24040247  016.56082949 
111  49.24035758  016.56073681 
111  49.24032635  016.56078165 
111  49.24039662  016.56091320 
111  49.24043565  016.56087732 
111  49.24049226  016.56092814 
111  49.24060937  016.56081155 
111  49.24074015  016.56106268 
111  49.24063474  016.56123308 
111  49.24067378  016.56123906 
111  49.24078309  016.56110752 
111  49.24092557  016.56134370 
111  49.24083969  016.56149318 
111  49.24087678  016.56156792 
111  49.24147210  016.56078763 
111  49.24141159  016.56070093 
111  49.24134718  016.56071289 
111  49.24106416  016.56021960 
111  49.24109734  016.56015981 
111  49.24121640  016.56035414 
111  49.24155408  016.55990569 
111  49.24143501  016.55971137 
111  49.24137841  016.55972034 
111  49.24136475  016.55970240 
111  49.24129253  016.55980405 
111  49.24117109  016.55958978 
111  49.24115516  016.55962415 
111  49.24126767  016.55982235 
111  49.24111191  016.56003752 
111  49.24102771  016.56006792 
111  49.24090900  016.56007587 
111  49.24080104  016.55989260 
111  49.24071520  016.55997725 
113  49.24070244  016.56000530 
110   1 0.00 170.00 RC placek
111  49.23654214  016.55888249 
111  49.23654429  016.55903046 
111  49.23725067  016.55884632 
113  49.23725926  016.55869835 
110   3 0.00 170.00 RC stojanka
111  49.23751027  016.55881679 
111  49.23743419  016.55824591 
111  49.23625506  016.55858378 
111  49.23621702  016.55840902 
111  49.23615617  016.55840902 
113  49.23620942  016.55916049 
110   3 0.00  55.00 TWY
111  49.24177006  016.55825755 
111  49.24168229  016.55824360 
111  49.24165367  016.55837508 
111  49.24163221  016.55846822 
111  49.24158929  016.55850109 
111  49.24152133  016.55870379 
111  49.24149986  016.55882432 
111  49.24144979  016.55884623 
111  49.24140686  016.55878049 
111  49.24135679  016.55879145 
111  49.24125663  016.55892293 
111  49.24105799  016.55921750 
111  49.24109213  016.55928199 
111  49.24102361  016.55938315 
111  49.24096307  016.55926935 
111  49.24095975  016.55914755 
111  49.23887750  016.55458575 
111  49.23836522  016.55494556 
111  49.23951759  016.55749242 
111  49.24071520  016.55997725 
111  49.24080104  016.55989260 
111  49.24090900  016.56007587 
111  49.24102771  016.56006792 
111  49.24111191  016.56003752 
111  49.24126767  016.55982235 
111  49.24115516  016.55962415 
111  49.24117109  016.55958978 
111  49.24121168  016.55966168 
111  49.24121729  016.55961320 
111  49.24151417  016.55920225 
111  49.24155642  016.55916741 
111  49.24164001  016.55930189 
111  49.24169302  016.55920779 
113  49.24175933  016.55916944 
130 Airport Boundary 37
111  49.22853060  016.55597168 
111  49.23076477  016.56399935 
111  49.24130520  016.56588964 
111  49.24496661  016.56215176 
113  49.24061175  016.54754005 
14   49.24133642  016.55954375   82 0 TW
15   49.24122872  016.55931321 137.16 Pred vezi
19   49.23831698  016.55537407 0 WS
54 12240 INFO
1     1322 1 0 LKMK Moravska Trebova
100   98.15   3   0 0.00 0 0 0 08   49.79768677  016.68296212    0.00    0.00 1  0 0 0 26   49.79880534  016.69269073    0.00    0.00 1  0 0 0
100   49.99   3   0 0.00 0 0 0 09   49.79748792  016.68310335    0.00    0.00 1  0 0 0 27   49.79725068  016.69305386    0.00    0.00 1  0 0 0
110   3 0.00  79.90 STRIP
111  49.79831394  016.68238882 
111  49.79702044  016.68277354 
111  49.79676887  016.69340296 
111  49.79776616  016.69346668 
111  49.79778543  016.68979412 
111  49.79817322  016.69329195 
113  49.79951040  016.69288582 
130 Airport Boundary 42
111  49.79623812  016.69410626 
111  49.79996002  016.69343043 
111  49.79814137  016.67858813 
111  49.79548087  016.67895354 
111  49.79533972  016.68190661 
113  49.79668187  016.68235116 
14   49.79589297  016.67953315   82 0 TW
15   49.79634777  016.68003557  80.67 Pred vezi
19   49.79606707  016.68079721 0 WS
54 13055 INFO
1     1548 1 0 LKNA NAMEST
100   45.11   2   0 0.00 0 3 0 13   49.17305036  016.11163419    0.00  149.96 2  7 0 0 31   49.15936032  016.13711833    0.00  149.96 3  7 0 0
110   2 0.00   0.00 New Taxiway 15
111  49.17289657  016.11239006 
112  49.17289657  016.11239006  49.17312152  016.11213781 
111  49.17333618  016.11229181 
111  49.17382763  016.11289317 
112  49.17382763  016.11289317  49.17400661  016.11319182 
111  49.17387519  016.11354303 
111  49.17264062  016.11582844 
112  49.17264062  016.11582844  49.17245720  016.11603977 
111  49.17228710  016.11589636 
111  49.17174252  016.11524541 
112  49.17174252  016.11524541  49.17163055  016.11490291 
111  49.17172353  016.11458102 
111  49.17124318  016.11547936 
112  49.17124318  016.11547936  49.17147187  016.11522067 
111  49.17169418  016.11541142 
111  49.17219198  016.11605639 
112  49.17219198  016.11605639  49.17234920  016.11640617 
111  49.17216979  016.11671106 
111  49.16468624  016.13066164 
112  49.16468624  016.13066164  49.16456237  016.13088751 
111  49.16429625  016.13073922 
111  49.16377309  016.13008465 
112  49.16377309  016.13008465  49.16363968  016.12981871 
111  49.16373108  016.12945681 
111  49.16326658  016.13032226 
112  49.16326658  016.13032226  49.16354053  016.13008911 
111  49.16370333  016.13023981 
111  49.16422966  016.13091377 
112  49.16422966  016.13091377  49.16437498  016.13112507 
111  49.16425820  016.13148107 
111  49.16307713  016.13367334 
112  49.16307713  016.13367334  49.16290323  016.13402306 
111  49.16261421  016.13380910 
111  49.16212593  016.13319334 
112  49.16212593  016.13319334  49.16197823  016.13291648 
111  49.16210216  016.13248183 
111  49.16157664  016.13346973 
112  49.16157664  016.13346973  49.16181486  016.13316373 
111  49.16200227  016.13335819 
111  49.16253177  016.13403315 
112  49.16253177  016.13403315  49.16273426  016.13430637 
111  49.16252543  016.13467316 
111  49.16089054  016.13775360 
112  49.16089054  016.13775360  49.16054026  016.13831503 
111  49.16026910  016.13793136 
111  49.15993614  016.13753201 
112  49.15993614  016.13753201  49.15966183  016.13708674 
111  49.15993618  016.13651561 
112  49.15950180  016.13731075  49.15950180  016.13730591 
111  49.15992033  016.13786833 
112  49.15992033  016.13786833  49.16000223  016.13793936 
111  49.15997763  016.13807979 
111  49.15992350  016.13881862 
111  49.16041496  016.13893983 
111  49.16100153  016.13787802 
111  49.16143986  016.13841142 
111  49.16449798  016.13275015 
111  49.16406993  016.13219254 
111  49.16993446  016.12118777 
112  49.16993446  016.12118777  49.17011074  016.12095094 
111  49.17025470  016.12118777 
111  49.17078420  016.12186668 
112  49.17078420  016.12186668  49.17082708  016.12194684 
111  49.17077786  016.12199762 
111  49.16983934  016.12376280 
111  49.17032643  016.12433991 
111  49.17054203  016.12397414 
111  49.17078300  016.12425056 
111  49.17156933  016.12275692 
111  49.17132519  016.12244655 
111  49.17138860  016.12231076 
111  49.17032960  016.12100838 
112  49.17032960  016.12100838  49.17018428  016.12082985 
111  49.17027252  016.12054767 
111  49.17154594  016.11819081 
112  49.17154594  016.11819081  49.17181751  016.11790662 
111  49.17197398  016.11818597 
111  49.17175521  016.11864183 
111  49.17243373  016.11946141 
111  49.17257324  016.11915588 
111  49.17231959  016.11885036 
111  49.17265568  016.11824901 
111  49.17244007  016.11795318 
112  49.17244007  016.11795318  49.17229238  016.11820094 
111  49.17207227  016.11802593 
112  49.17207227  016.11802593  49.17190314  016.11785104 
111  49.17195179  016.11765736 
111  49.17266677  016.11634676 
112  49.17266677  016.11634676  49.17275014  016.11618644 
111  49.17288237  016.11628856 
111  49.17284432  016.11638071 
111  49.17319944  016.11682203 
111  49.17325968  016.11673474 
111  49.17360846  016.11716636 
111  49.17441698  016.11564840 
111  49.17374163  016.11482394 
112  49.17374163  016.11482394  49.17356535  016.11460532 
111  49.17375114  016.11429047 
111  49.17418116  016.11349170 
112  49.17418116  016.11349170  49.17427878  016.11343740 
111  49.17437457  016.11354990 
111  49.17451725  016.11330256 
111  49.17667528  016.11326506 
111  49.17689723  016.11278849 
111  49.17654444  016.11279334 
111  49.17654529  016.11228410 
111  49.17506192  016.11228893 
111  49.17474485  016.11287090 
111  49.17425339  016.11287575 
111  49.17422169  016.11286120 
111  49.17451656  016.11226953 
111  49.17409486  016.11174576 
111  49.17375877  016.11234713 
111  49.17363194  016.11235683 
113  49.17320170  016.11183072 
130 Airport Boundary 44
111  49.17848510  016.11233054 
111  49.17412233  016.10791800 
111  49.15743722  016.13862020 
113  49.16132563  016.14420934 
14   49.17184292  016.12149547   82 0 Tower
15   49.17133752  016.12255983 214.06 Stand
18   49.16730488  016.12575870 1 BCN
19   49.16863613  016.12186975 0 New Windsock 11
54 12185 TWR
54 12625 TWR
55 12022 APP
55 12330 PRECISION
1     1978 1 0 LKPA Policka
100   60.05   3   0 0.00 0 0 0 18   49.73301459  016.26205237    0.00    0.00 1  0 0 0 36   49.73926481  016.26351755    0.00    0.00 1  0 0 0
100   99.97   3   0 0.00 0 0 0 15   49.74702450  016.25229636    0.00    0.00 1  0 0 0 33   49.73485440  016.26144071    0.00    0.00 1  0 0 0
110   3 0.00 154.10 STRIP
111  49.73343209  016.26127756 
111  49.73284474  016.26117529 
111  49.73267275  016.26280976 
111  49.73942020  016.26435164 
111  49.73955978  016.26277776 
111  49.73591875  016.26189984 
111  49.74768927  016.25306962 
113  49.74702810  016.25101915 
130 Airport Boundary 81
111  49.74728670  016.24954017 
111  49.73236373  016.25982534 
111  49.73161446  016.26383318 
111  49.74007497  016.26595782 
111  49.74076180  016.26016335 
113  49.74859792  016.25403088 
14   49.73442732  016.26400809   82 0 TW
15   49.73447604  016.26348023   0.00 Stojanka
19   49.73420441  016.26384570 0 WS
54 12260 INFO
1     1601 1 0 LKSK Skutec
100  199.95   3   0 0.00 0 0 0 13   49.83127342  015.99976818    0.00    0.00 1  0 0 0 31   49.82671208  016.00959080    0.00    0.00 1  0 0 0
100  149.96   3   0 0.00 0 0 0 03   49.82367224  016.00617177    0.00    0.00 1  0 0 0 21   49.82850517  016.00870502    0.00    0.00 1  0 0 0
130 Airport Boundary 19
111  49.82916198  015.99463891 
111  49.82624439  016.00125921 
111  49.82225876  016.00029039 
111  49.82038316  016.01070526 
111  49.82924013  016.01482277 
113  49.83476272  015.99980598 
14   49.83191196  016.00288351   82 0 TWR
15   49.83107028  016.00471675 221.48 Stojanka
19   49.82618721  016.00364327 0 WS
54 12350 INFO
1      777 1 0 LKTB Turany
100   60.05   2   0 0.00 0 3 0 10   49.15287200  016.67586900    0.00    0.00 2 10 0 0 28   49.14975600  016.71189700    0.00    0.00 3  1 0 1
100   29.87   3   0 0.00 0 0 0 09   49.15130406  016.68566298    0.00    0.00 0  0 0 0 27   49.15013258  016.69925409    0.00    0.00 0  0 0 0
102 H1   49.15314002  016.68508139   7.50   22.86   22.86  15 0   0 0.00 1
102 H2   49.15251023  016.69234703   7.50   21.95   21.95  15 0   0 0.00 1
102 H3   49.15382857  016.68691816   7.52   17.98   17.98  15 0   0 0.00 1
21   49.15306154  016.68006506  2  97.52   3.00 10  PAPI-4L
110   1 0.00   7.50 parking 1
111  49.15382353  016.68797426 
112  49.15382353  016.68797426  49.15384411  016.68788982 102 
112  49.15388721  016.68781531  49.15392888  016.68777923 
111  49.15388721  016.68781531 102 
111  49.15402790  016.68783134 
112  49.15402790  016.68783134  49.15404083  016.68783752 
112  49.15405663  016.68790980  49.15405258  016.68794565 
111  49.15405663  016.68790980 
111  49.15395968  016.68900466 
111  49.15399743  016.68900466 
112  49.15406663  016.68830245  49.15407633  016.68828267 
111  49.15411825  016.68826498 
111  49.15411906  016.68822229 
112  49.15407292  016.68816678  49.15406888  016.68813464 
112  49.15410019  016.68790486  49.15409614  016.68793205 
111  49.15410019  016.68790486 
112  49.15412535  016.68785676  49.15415203  016.68784316 
111  49.15412535  016.68785676 102 
111  49.15438419  016.68789451 
111  49.15443249  016.68796268 
111  49.15446221  016.68802516 
111  49.15450679  016.68809901 
111  49.15454394  016.68828646 
111  49.15458852  016.68836030 
111  49.15465911  016.68830350 
111  49.15466283  016.68825806 
111  49.15454766  016.68813877 
111  49.15456252  016.68808765 
111  49.15468883  016.68810469 
111  49.15471855  016.68786043 
111  49.15442728  016.68780053 
111  49.15464574  016.68541420 
111  49.15479508  016.68556728 
111  49.15490803  016.68579279 
111  49.15487532  016.68619352 
111  49.15535756  016.68628698 
111  49.15537242  016.68620746 
111  49.15533527  016.68609953 
111  49.15521267  016.68607113 
111  49.15523868  016.68557126 
111  49.15489259  016.68553320 
111  49.15488386  016.68547809 
111  49.15483706  016.68532701 
111  49.15475701  016.68517990 102 
112  49.15432088  016.68508344  49.15428554  016.68506993 102 
112  49.15420917  016.68499317  49.15418929  016.68496531 102 
112  49.15411805  016.68471322  49.15410369  016.68456462 
113  49.15411805  016.68471322 
110   2 0.00   7.50 parking 2
111  49.15168213  016.69276875 102 
112  49.15173503  016.69253084  49.15176438  016.69245456 102 
112  49.15193927  016.69239083  49.15205863  016.69239083 
111  49.15193927  016.69239083 102 
111  49.15302813  016.69260472 
112  49.15302813  016.69260472  49.15305747  016.69261070 102 
112  49.15320719  016.69303202  49.15319350  016.69334614 
111  49.15320719  016.69303202 102 
111  49.15298711  016.69558809 
111  49.15315617  016.69563117 102 
111  49.15338457  016.69304076 
112  49.15338457  016.69304076  49.15342958  016.69287921 102 
112  49.15361930  016.69272209  49.15376213  016.69271012 
111  49.15361930  016.69272209 102 
111  49.15387904  016.69276718 
111  49.15406339  016.69067084 
111  49.15407599  016.69049016 
111  49.15417914  016.68930316 102 
112  49.15401297  016.68927601  49.15400121  016.68927039 
112  49.15398461  016.68919170  49.15398608  016.68914225 
111  49.15399743  016.68900466 
111  49.15395968  016.68900466 
112  49.15392578  016.68923265  49.15389859  016.68925625 102 
111  49.15385089  016.68924084 102 
111  49.15372779  016.68909325 102 
111  49.15372920  016.68902041 
111  49.15356025  016.68898701 102 
111  49.15329765  016.69202709 
112  49.15329765  016.69202709  49.15329250  016.69208328 102 
112  49.15305826  016.69229224  49.15290563  016.69225515 
111  49.15305826  016.69229224 102 
112  49.15195131  016.69208042  49.15190562  016.69206507 102 
112  49.15178823  016.69185605  49.15177576  016.69175856 
111  49.15178823  016.69185605 
112  49.15178823  016.69185605  49.15178114  016.69182918 102 
112  49.15178901  016.69153943  49.15178759  016.69144758 
113  49.15178901  016.69153943 
110   2 0.00   7.50 beton1
111  49.15299454  016.67759906 102 
112  49.15310440  016.67692451  49.15316506  016.67667807 102 
112  49.15353685  016.67644626  49.15364430  016.67640916 102 
112  49.15388087  016.67643301  49.15400392  016.67645951 102 
112  49.15432049  016.67664204  49.15442621  016.67673478 102 
112  49.15451120  016.67715666  49.15450773  016.67739515 102 
111  49.15450972  016.67766596 
111  49.15472618  016.67772507 102 
111  49.15485448  016.67626828 102 
113  49.15313934  016.67592316 
110   2 0.00   7.50 beton2
111  49.15450972  016.67767433 102 
111  49.15443755  016.67851841 
111  49.15439351  016.67902999 102 
111  49.15398338  016.68387372 
111  49.15397288  016.68399585 
111  49.15417890  016.68404482 102 
112  49.15430073  016.68266966  49.15431115  016.68257012 102 
111  49.15445923  016.68252663 102 
111  49.15447689  016.68227639 
111  49.15469565  016.68230812 
111  49.15470578  016.68215563 
111  49.15449248  016.68211830 102 
111  49.15455665  016.68134091 
111  49.15478269  016.68138222 
111  49.15479697  016.68122531 
111  49.15457329  016.68118400 102 
111  49.15461536  016.68067513 
111  49.15482399  016.68071806 
111  49.15483750  016.68056948 
111  49.15462993  016.68052463 102 
111  49.15471799  016.67949538 
111  49.15493052  016.67952754 
111  49.15494298  016.67937063 
111  49.15473203  016.67933810 102 
111  49.15477618  016.67879507 
111  49.15498896  016.67884870 
111  49.15500092  016.67869179 
111  49.15478944  016.67864295 102 
112  49.15466863  016.67844709  49.15463738  016.67828582 
111  49.15466863  016.67844709 
112  49.15466863  016.67844709  49.15466342  016.67837343 102 
113  49.15472618  016.67772507 
110   2 0.00   7.50 beton3
111  49.15231076  016.68550851 
112  49.15231076  016.68550851  49.15234484  016.68534709 102 
112  49.15263425  016.68514119  49.15275519  016.68509317 
111  49.15263425  016.68514119 102 
111  49.15350695  016.68531656 
112  49.15350695  016.68531656  49.15368402  016.68542164 102 
112  49.15381693  016.68598718  49.15380804  016.68618250 
111  49.15381693  016.68598718 102 
111  49.15356025  016.68898701 
111  49.15372921  016.68902037 102 
111  49.15382115  016.68799116 
111  49.15411907  016.68469590 102 
111  49.15413665  016.68452040 102 
112  49.15429768  016.68457804  49.15433844  016.68458417 
111  49.15429768  016.68457804 
111  49.15431688  016.68430166 
112  49.15431688  016.68430166  49.15423870  016.68429348 102 
111  49.15416152  016.68421045 102 
111  49.15417890  016.68404482 
111  49.15397272  016.68399581 
111  49.15394051  016.68436257 102 
111  49.15392217  016.68454094 
112  49.15392217  016.68454094  49.15389224  016.68489266 102 
112  49.15360920  016.68497091  49.15353988  016.68496609 
111  49.15360920  016.68497091 102 
111  49.15336805  016.68493786 102 
111  49.15339349  016.68455643 102 
111  49.15295577  016.68447897 102 
111  49.15292538  016.68487659 102 
111  49.15265709  016.68482541 102 
111  49.15265576  016.68479868 
112  49.15265576  016.68479868  49.15259181  016.68477508 102 
112  49.15241539  016.68458741  49.15238378  016.68451661 
111  49.15241539  016.68458741 
112  49.15241539  016.68458741  49.15241612  016.68448402 102 
113  49.15247558  016.68359140 
110   2 0.00   7.50 beton4
111  49.15111959  016.69926199 
112  49.15111959  016.69926199  49.15115781  016.69895183 102 
112  49.15128428  016.69871931  49.15143129  016.69849793 
111  49.15128428  016.69871931 102 
112  49.15147351  016.69858837  49.15154260  016.69855354 
111  49.15147351  016.69858837 102 
111  49.15232938  016.69875973 
112  49.15232938  016.69875973  49.15238156  016.69879007 102 
112  49.15256620  016.69902432  49.15259854  016.69909849 102 
112  49.15265273  016.69948163  49.15265126  016.69966257 
111  49.15265273  016.69948163 102 
111  49.15227003  016.70387476 
111  49.15244177  016.70390464 102 
111  49.15289437  016.69872718 102 
111  49.15315617  016.69563117 
111  49.15298711  016.69558809 102 
112  49.15278323  016.69790924  49.15276339  016.69798678 102 
112  49.15263849  016.69828730  49.15257307  016.69838732 
111  49.15263849  016.69828730 
112  49.15263849  016.69828730  49.15260467  016.69831539 102 
112  49.15234057  016.69844419  49.15225237  016.69845318 
111  49.15234057  016.69844419 
112  49.15234057  016.69844419  49.15230162  016.69844868 102 
112  49.15149207  016.69826561  49.15145826  016.69822740 102 
112  49.15134386  016.69808859  49.15133171  016.69806166 102 
112  49.15126528  016.69785115  49.15125981  016.69779914 102 
113  49.15126409  016.69759326 
110   2 0.00   7.50 beton5
111  49.15058424  016.70544172 
112  49.15058424  016.70544172  49.15061952  016.70533945 102 
111  49.15072375  016.70518059 102 
112  49.15092009  016.70505733  49.15098037  016.70504497 102 
111  49.15177355  016.70522144 102 
112  49.15198589  016.70543810  49.15203661  016.70551227 102 
112  49.15209778  016.70589299  49.15209999  016.70603796 
111  49.15209778  016.70589299 102 
112  49.15161598  016.71139551  49.15159941  016.71144701 
111  49.15161598  016.71139551 102 
112  49.15144594  016.71174832  49.15141060  016.71179898 
111  49.15144594  016.71174832 102 
112  49.15120958  016.71186212  49.15115050  016.71187056 102 
112  49.15034490  016.71170185  49.15030735  016.71169003 
111  49.15034490  016.71170185 
112  49.15034490  016.71170185  49.15031342  016.71167736 102 
111  49.15018346  016.71150018 102 
112  49.15009614  016.71109794  49.15009559  016.71090966 
111  49.15009614  016.71109794 
111  49.15002196  016.71194980 102 
111  49.15057012  016.71205623 102 
111  49.15054150  016.71246198 102 
111  49.15096705  016.71253455 102 
111  49.15100492  016.71214808 102 
111  49.15198064  016.71234485 102 
111  49.15258395  016.70536595 102 
111  49.15231785  016.70531051 102 
111  49.15244177  016.70390464 
111  49.15227003  016.70387476 102 
111  49.15222115  016.70444410 
112  49.15222115  016.70444410  49.15217757  016.70460863 102 
112  49.15174133  016.70490666  49.15148608  016.70488898 
111  49.15174133  016.70490666 102 
111  49.15094005  016.70473709 102 
112  49.15078130  016.70453324  49.15075995  016.70448973 102 
112  49.15069100  016.70421063  49.15067499  016.70411681 
113  49.15069100  016.70421063 
110   1 0.00   0.00 asfalt1
111  49.15429768  016.68457804 
112  49.15429768  016.68457804  49.15439713  016.68456567 
111  49.15458446  016.68437634 
111  49.15535169  016.68365523 
111  49.15540742  016.68368363 
111  49.15533683  016.68469474 
111  49.15541857  016.68472315 
111  49.15542600  016.68453569 
111  49.15544829  016.68424031 
111  49.15547801  016.68414942 
111  49.15550714  016.68362984 
112  49.15550714  016.68362984  49.15551425  016.68354477 
112  49.15558190  016.68345282  49.15563280  016.68342024 
111  49.15558190  016.68345282 
112  49.15621732  016.68303442  49.15626231  016.68302356 
112  49.15650043  016.68308573  49.15652766  016.68312012 
112  49.15665562  016.68335508  49.15670534  016.68338766 
111  49.15665562  016.68335508 
112  49.15665562  016.68335508  49.15671126  016.68335870 
111  49.15697228  016.68343204 
111  49.15697648  016.68336150 
111  49.15680871  016.68334226 
111  49.15679613  016.68330378 
111  49.15677725  016.68326209 
111  49.15680470  016.68298013 
111  49.15646550  016.68290515 
111  49.15646302  016.68287227 
111  49.15693956  016.68256772 
112  49.15726649  016.68280517  49.15729727  016.68280517 
111  49.15751170  016.68263646 
111  49.15745994  016.68245950 
111  49.15734634  016.68252993 
111  49.15727879  016.68252993 
111  49.15719896  016.68222007 
111  49.15713851  016.68224536 
112  49.15698780  016.68166072  49.15698307  016.68159374 
111  49.15713141  016.68102760 
111  49.15706693  016.68080225 
111  49.15692262  016.68091023 
112  49.15697175  016.68114966  49.15696465  016.68118406 
111  49.15695758  016.68118796 
111  49.15676840  016.68131941 
111  49.15692569  016.68185857 
112  49.15692569  016.68185857  49.15697304  016.68202329 
112  49.15684893  016.68240786  49.15676252  016.68254905 
111  49.15684893  016.68240786 
112  49.15666023  016.68255455  49.15663182  016.68254731 
112  49.15654164  016.68212338  49.15654045  016.68206907 
112  49.15662147  016.68174781  49.15662383  016.68170437 
111  49.15652040  016.68132342 
111  49.15647128  016.68135629 
112  49.15653575  016.68159102  49.15653339  016.68161455 
111  49.15650812  016.68164266 
111  49.15633004  016.68177411 
111  49.15646514  016.68230929 
112  49.15646514  016.68230929  49.15647342  016.68242152 
112  49.15638338  016.68273368  49.15630052  016.68285133 
111  49.15638338  016.68273368 
112  49.15618362  016.68286292  49.15616942  016.68286292 
112  49.15600528  016.68222988  49.15600765  016.68218282 
111  49.15609023  016.68197835 
112  49.15609023  016.68197835  49.15611176  016.68192898 
112  49.15609530  016.68182551  49.15608238  016.68178272 
111  49.15609530  016.68182551 
111  49.15599537  016.68148773 
111  49.15595238  016.68151590 
111  49.15600458  016.68168491 
112  49.15601067  016.68176874  49.15600421  016.68179178 
111  49.15598987  016.68180054 
111  49.15580442  016.68192244 
111  49.15591708  016.68232525 
111  49.15585705  016.68239308 
111  49.15597005  016.68276487 
112  49.15597005  016.68276487  49.15597436  016.68282246 
112  49.15588285  016.68304234  49.15583012  016.68308347 
111  49.15588285  016.68304234 
112  49.15569372  016.68317732  49.15567219  016.68316580 
112  49.15555785  016.68266079  49.15555655  016.68262495 
112  49.15565839  016.68235015  49.15566700  016.68225307 
111  49.15560344  016.68211025 
111  49.15553896  016.68216189 
111  49.15554817  016.68226047 
111  49.15536172  016.68238565 
111  49.15551263  016.68296053 
112  49.15551263  016.68296053  49.15552826  016.68307999 
112  49.15538368  016.68343768  49.15526779  016.68355514 
111  49.15538368  016.68343768 
112  49.15457746  016.68421470  49.15454452  016.68423879 
112  49.15434744  016.68430667  49.15430877  016.68430448 
111  49.15434744  016.68430667 
113  49.15431688  016.68430166 
110   4 0.00   0.00 placek1
111  49.15398961  016.68387514 
111  49.15378888  016.68383087 
111  49.15374461  016.68431805 
113  49.15394576  016.68436006 
110   4 0.00   0.00 placek1
111  49.15443906  016.67851901 
111  49.15423832  016.67847473 
111  49.15419405  016.67899039 
113  49.15439521  016.67903021 
110   3 0.00   7.50 travtx
111  49.15069366  016.68560607 
111  49.15086851  016.68390626 
111  49.15064560  016.68169677 
111  49.15063023  016.68151579 
111  49.15078025  016.67977481 
111  49.15040604  016.67969176 
111  49.15023693  016.68156045 
111  49.15014546  016.68155340 
111  49.15013662  016.68174789 
111  49.15042896  016.68181473 
111  49.15066715  016.68387717 
111  49.14991008  016.69159717 
111  49.15064806  016.69175373 
111  49.15070216  016.69110836 
111  49.15021564  016.69099594 
111  49.15065772  016.68615412 
111  49.15112213  016.68625958 
113  49.15116685  016.68572776 
110  15 0.00   0.00 trav kolem
111  49.15181253  016.68482868 
111  49.15101336  016.68466062 
111  49.14898072  016.70732554 
113  49.14985271  016.70749888 
130 Airport Boundary 4
111  49.15648954  016.67462242 
111  49.14996441  016.67322629 
111  49.14578832  016.71411293 
111  49.15286809  016.71520988 
111  49.15583703  016.68903247 
113  49.15870809  016.68504353 
120 RWY STOP 1
111  49.15417779  016.67654617   4 102 
115  49.15422137  016.67614092 
120 RWY STOP 2
111  49.15289487  016.68519229   4 102 
115  49.15292185  016.68487789 
120 RWY STOP 3
111  49.15228803  016.69245721   4 102 
115  49.15231458  016.69215175 
120 RWY STOP 4
111  49.15173241  016.69863784   4 102 
115  49.15175962  016.69834001 
120 RWY STOP 5
111  49.15117494  016.70509442   4 102 
115  49.15120072  016.70479515 
120 RWY STOP 6
111  49.15056939  016.71205569   4 102 
115  49.15059431  016.71175560 
14   49.15447983  016.68997579   82 0 TWR
15   49.15392262  016.68978696 188.03 Stojanka
18   49.15314637  016.68897051 1 BCN
19   49.14949037  016.69068922 1 WS
19   49.15128473  016.71118802 0 WS
50 13245 ATIS
53 12543 GROUND
54 11960 TWR
55 11990 BRNO APP
55 12055 APP
1     1341 1 0 LKUO Usti nad Orlici
100   99.97   3   0 0.00 0 0 0 14   49.98182853  016.42279072    0.00    0.00 1  0 0 0 32   49.97530078  016.42989208    0.00    0.00 1  0 0 0
130 Airport Boundary 33
111  49.98248030  016.42363751 
111  49.98085927  016.42054953 
111  49.97859416  016.42304660 
111  49.97903032  016.42407346 
111  49.97454644  016.42903515 
113  49.97549491  016.43107861 
14   49.98008759  016.42291932   82 0 TWR
15   49.97971752  016.42335825  62.65 Stojanka
19   49.98017616  016.42207666 0 WS
54 12220 INFO
1      987 1 0 LKVM Vysoke Myto
100   17.98   1   0 0.00 0 2 0 12L  49.93100159  016.17951639    0.00  100.89 1 10 0 0 30R  49.92814888  016.18660833    0.00  102.11 1 10 0 0
100   39.93   3   0 0.00 0 0 0 12R  49.93074453  016.17925397    0.00    0.00 1  0 0 0 30L  49.92504994  016.19345317    0.00    0.00 1  0 0 0
100   79.86   3   0 0.00 0 0 0 14   49.92958396  016.18161407    0.00    0.00 1  9 0 0 32   49.92325950  016.19089073    0.00    0.00 1  0 0 0
110   1 0.00 122.00 TWY
111  49.93092700  016.17993360 
111  49.93119552  016.18018930 
111  49.93204573  016.17887571 
111  49.93228915  016.18010580 
111  49.93231203  016.18012098 
111  49.93242973  016.18025503 
111  49.93246904  016.18014288 
111  49.93250901  016.17992571 
111  49.93248581  016.17988792 
111  49.93238965  016.17996608 
111  49.93230980  016.17990898 
111  49.93214724  016.17905388 
112  49.93214724  016.17905388  49.93213245  016.17898131 
112  49.93213140  016.17873865  49.93216644  016.17866004 
112  49.93227324  016.17869128  49.93229426  016.17869975 
112  49.93235856  016.17878412  49.93237490  016.17880589 
112  49.93239442  016.17889765  49.93240454  016.17894360 
111  49.93239442  016.17889765 
111  49.93245607  016.17914264 
111  49.93253135  016.17923786 
111  49.93257299  016.17913780 
111  49.93251347  016.17907295 
111  49.93250047  016.17908312 
111  49.93244471  016.17885761 
111  49.93256834  016.17889039 
111  49.93255889  016.17893131 
111  49.93262408  016.17900392 
111  49.93268105  016.17886783 
111  49.93263651  016.17882020 
111  49.93241939  016.17873599 
111  49.93233689  016.17863026 
112  49.93233689  016.17863026  49.93231120  016.17859398 
112  49.93234117  016.17840069  49.93238787  016.17831604 
112  49.93251381  016.17833092  49.93254417  016.17836115 
111  49.93265407  016.17850326 
112  49.93265407  016.17850326  49.93267119  016.17852382 
112  49.93266462  016.17860315  49.93264671  016.17864306 
111  49.93266462  016.17860315 
111  49.93263119  016.17869303 
111  49.93271214  016.17877274 
111  49.93279931  016.17855297 
111  49.93273491  016.17847602 
111  49.93256735  016.17825367 
112  49.93256735  016.17825367  49.93254555  016.17822102 
112  49.93257041  016.17806027  49.93259766  016.17801432 
112  49.93272628  016.17803800  49.93276521  016.17808759 
111  49.93272628  016.17803800 
111  49.93285918  016.17822465 
111  49.93284364  016.17825172 
111  49.93293535  016.17837664 
111  49.93301686  016.17823174 
111  49.93292614  016.17810786 
111  49.93290125  016.17814928 
111  49.93276200  016.17794691 
112  49.93276200  016.17794691  49.93273553  016.17790942 
112  49.93275778  016.17777057  49.93278269  016.17772461 
111  49.93275778  016.17777057 
111  49.93289825  016.17754113 
112  49.93289825  016.17754113  49.93292939  016.17749033 
112  49.93302931  016.17753491  49.93306045  016.17757361 
111  49.93302931  016.17753491 
111  49.93311249  016.17764653 
111  49.93309893  016.17766480 
111  49.93319577  016.17778763 
111  49.93326173  016.17768311 
111  49.93316822  016.17754855 
111  49.93315757  016.17757012 
111  49.93307673  016.17747039 
112  49.93307673  016.17747039  49.93305337  016.17744137 
112  49.93306561  016.17727716  49.93309442  016.17722999 
111  49.93306561  016.17727716 
111  49.93341965  016.17671438 
111  49.93352559  016.17668869 
111  49.93359889  016.17680256 
111  49.93380411  016.17649132 
111  49.93378489  016.17645941 
111  49.93409573  016.17598289 
111  49.93410883  016.17600308 
111  49.93421866  016.17581951 
111  49.93424076  016.17585125 
111  49.93441723  016.17559954 
111  49.93451262  016.17574773 
111  49.93456803  016.17565993 
111  49.93451627  016.17557781 
111  49.93454682  016.17553485 
111  49.93447363  016.17541356 
111  49.93431306  016.17564959 
111  49.93427075  016.17559265 
111  49.93363068  016.17652939 
111  49.93342636  016.17656820 
111  49.93136198  016.17978557 
111  49.93127037  016.17978766 
113  49.93107037  016.17958159 
110   1 0.00 122.00 placek
111  49.92821689  016.18667278 
111  49.92840668  016.18685784 
111  49.92852783  016.18656928 
113  49.92833399  016.18638109 
130 Airport Boundary 38
111  49.93541569  016.16943238 
111  49.91976092  016.19078925 
111  49.92528764  016.19837393 
113  49.93814050  016.17466182 
14   49.93421776  016.17589052   82 0 TWR
15   49.93376358  016.17649348 225.40 Stojanka
19   49.93411931  016.17525538 0 WS
54 13060 INFO