1     3047 0 1 CYQL LETHBRIDGE
100   60.96   1   0 0.25 0 3 0 05   49.62361100 -112.81527800    0.00    0.00 3  5 0 0 23   49.62972200 -112.78984700    0.00    0.00 2 11 0 0
100   45.72   1   0 0.25 0 2 0 12   49.63638900 -112.79916700    0.00    0.00 2 11 0 0 30   49.62500000 -112.78425000    0.00    0.00 2 11 0 0
21   49.62865347 -112.79219893  2 249.66   3.00 23  PAPI-4L
110   1 0.30  69.64 Default taxiway for RWY 05
111  49.62335595 -112.81513187   3 102 
111  49.62206806 -112.81439398   3 102 
111  49.62818184 -112.78896606   3 102 
111  49.62946973 -112.78970404 
112  49.62927884 -112.79049797  49.62937218 -112.79009981   3 102 
111  49.62906359 -112.78992298   3 102 
112  49.62865214 -112.78968721  49.62834356 -112.78951039   3 102 
111  49.62824811 -112.78990735   3 102 
111  49.62542984 -112.80162888   3 102 
111  49.62646057 -112.80221947 
111  49.62636512 -112.80261644   3 102 
111  49.62533439 -112.80202585   3 102 
112  49.62251611 -112.81374739  49.62242067 -112.81414435   3 102 
111  49.62272925 -112.81432115   3 102 
112  49.62314070 -112.81455689  49.62344929 -112.81473369   3 102 
113  49.62354684 -112.81433794 
110   1 0.30 139.69 Default taxiway for RWY 12
111  49.63625735 -112.79940656   3 102 
111  49.63559039 -112.80062025   3 102 
111  49.62420235 -112.78569942   3 102 
111  49.62486931 -112.78448601 
112  49.62518303 -112.78489706  49.62502472 -112.78469418   3 102 
111  49.62486500 -112.78498477   3 102 
112  49.62465203 -112.78537221  49.62449231 -112.78566279   3 102 
111  49.62464917 -112.78586832   3 102 
111  49.62995104 -112.79281490   3 102 
111  49.63048490 -112.79184353 
111  49.63064176 -112.79204905   3 102 
111  49.63010790 -112.79302042   3 102 
112  49.63540976 -112.79996699  49.63556663 -112.80017252   3 102 
111  49.63572635 -112.79988187   3 102 
112  49.63593932 -112.79949434  49.63609904 -112.79920369   3 102 
113  49.63594362 -112.79899552 
120 Default hold RWY 05 (near)
111  49.62283953 -112.81483599   4 
115  49.62293498 -112.81443902 
120 Default hold RWY 12 (near)
111  49.63598969 -112.79989363   4 
115  49.63583283 -112.79968810 
120 Default hold RWY 05 (centre)
111  49.62584870 -112.80232054   4 
115  49.62594415 -112.80192357 
120 Default hold RWY 12 (centre)
111  49.63037410 -112.79253606   4 
115  49.63021724 -112.79233054 
120 Default hold RWY 05 (far)
111  49.62885787 -112.78980510   4 
115  49.62895331 -112.78940813 
120 Default hold RWY 12 (far)
111  49.62475851 -112.78517849   4 
115  49.62460165 -112.78497297 
18   49.63162764 -112.79001273 1 BCN
19   49.62419158 -112.81651394 1 WS
19   49.63710204 -112.79885141 1 WS
19   49.62428701 -112.78456572 1 WS
19   49.62914115 -112.78861121 1 WS
50 12440 ATIS
54 12100 MF
1     3449 0 1 EW5  Milk River
100   22.86   1   0 0.25 0 2 0 05   49.13185010 -112.05577974    0.00    0.00 2 12 0 0 23   49.13475190 -112.04422626    0.00    0.00 2 12 0 0
110   1 0.30  69.00 Default taxiway for RWY 05
111  49.13175617 -112.05572462   3 102 
111  49.13127394 -112.05544165   3 102 
111  49.13417632 -112.04388883   3 102 
111  49.13465855 -112.04417182 
112  49.13458481 -112.04446533  49.13461958 -112.04431734   3 102 
111  49.13450435 -112.04424972   3 102 
112  49.13435071 -112.04415956  49.13423548 -112.04409193   3 102 
111  49.13419861 -112.04423869   3 102 
111  49.13283959 -112.04964821   3 102 
111  49.13322579 -112.04987484 
111  49.13318892 -112.05002160   3 102 
111  49.13280272 -112.04979497   3 102 
112  49.13144371 -112.05520448  49.13140684 -112.05535124   3 102 
111  49.13152207 -112.05541886   3 102 
112  49.13167571 -112.05550901  49.13179094 -112.05557663   3 102 
113  49.13182991 -112.05543110 
120 Default hold RWY 05 (near)
111  49.13156202 -112.05561070   4 
115  49.13159889 -112.05546394 
120 Default hold RWY 05 (centre)
111  49.13299477 -112.04990767   4 
115  49.13303164 -112.04976091 
120 Default hold RWY 05 (far)
111  49.13442753 -112.04420464   4 
115  49.13446440 -112.04405789 
18   49.13397193 -112.05039679 1 BCN
19   49.13206316 -112.05624155 1 WS
19   49.13453879 -112.04376447 1 WS
1     2648 0 1 ED5  Taber
100   22.86   1   0 0.25 0 2 0 05   49.82472200 -112.19055000    0.00    0.00 2  0 0 0 23   49.82833600 -112.17916900    0.00    0.00 2  0 0 0
100   22.86   1   0 0.25 0 0 0 13   49.82944400 -112.18638900    0.00    0.00 2  0 0 0 31   49.82472200 -112.18195000    0.00    0.00 2  0 0 0
110   1 0.30  63.79 Default taxiway for RWY 05
111  49.82463173 -112.19048111   3 102 
111  49.82416830 -112.19012744   3 102 
111  49.82778286 -112.17874726   3 102 
111  49.82824629 -112.17910096 
112  49.82815542 -112.17938705  49.82819884 -112.17924247   3 102 
111  49.82808810 -112.17915795   3 102 
112  49.82794044 -112.17904526  49.82782970 -112.17896074   3 102 
111  49.82778427 -112.17910378   3 102 
111  49.82609058 -112.18443625   3 102 
111  49.82646173 -112.18471951 
111  49.82641629 -112.18486256   3 102 
111  49.82604514 -112.18457930   3 102 
112  49.82435145 -112.18991177  49.82430601 -112.19005481   3 102 
111  49.82441675 -112.19013933   3 102 
112  49.82456441 -112.19025201  49.82467515 -112.19033652   3 102 
113  49.82472260 -112.19019502 
120 Default hold RWY 05 (near)
111  49.82444515 -112.19033872   4 
115  49.82449058 -112.19019567 
120 Default hold RWY 05 (centre)
111  49.82622971 -112.18472016   4 
115  49.82627515 -112.18457711 
120 Default hold RWY 05 (far)
111  49.82801427 -112.17910160   4 
115  49.82805971 -112.17895855 
19   49.82490675 -112.19104643 1 WS
19   49.82977921 -112.18614716 1 WS
19   49.82815120 -112.17867257 1 WS
19   49.82438680 -112.18219184 1 WS
51 12280 CTAF/UNICOM
1     3319 0 1 EP6  Warner
100   22.86   1   0 0.25 0 2 0 06   49.28238725 -112.20604446    0.00    0.00 2 12 0 0 24   49.28420875 -112.19394954    0.00    0.00 2 12 0 0
110   1 0.30  77.00 Default taxiway for RWY 06
111  49.28228922 -112.20600975   3 102 
111  49.28178591 -112.20583156   3 102 
111  49.28360804 -112.19373708   3 102 
111  49.28411135 -112.19391528 
112  49.28406506 -112.19422255  49.28408601 -112.19406815   3 102 
111  49.28396574 -112.19402556   3 102 
112  49.28380538 -112.19396879  49.28368511 -112.19392621   3 102 
111  49.28366197 -112.19407984   3 102 
111  49.28280877 -112.19974298   3 102 
111  49.28321186 -112.19988569 
111  49.28318871 -112.20003933   3 102 
111  49.28278562 -112.19989662   3 102 
112  49.28193242 -112.20555976  49.28190928 -112.20571340   3 102 
111  49.28202955 -112.20575598   3 102 
112  49.28218991 -112.20581276  49.28231018 -112.20585534   3 102 
113  49.28233551 -112.20570247 
120 Default hold RWY 06 (near)
111  49.28208658 -112.20593801   4 
115  49.28210973 -112.20578437 
120 Default hold RWY 06 (centre)
111  49.28298607 -112.19996759   4 
115  49.28300922 -112.19981395 
120 Default hold RWY 06 (far)
111  49.28388556 -112.19399718   4 
115  49.28390871 -112.19384354 
18   49.28399824 -112.20024495 1 BCN
19   49.28264029 -112.20645772 1 WS
19   49.28395566 -112.19353633 1 WS