1     1985 0 0 CJA7 Arcola
100   24.08   3   0 0.00 0 0 0 12   49.62895004 -102.49091494    0.00    0.00 0  0 0 0 30   49.62409646 -102.48132502    0.00    0.00 0  0 0 0
100   24.08   3   0 0.00 0 0 0 17   49.62782824 -102.48134969    0.00    0.00 0  0 0 0 35   49.62123176 -102.48134969    0.00    0.00 0  0 0 0
110   4 0.00  88.00 taxiway
111  49.62759320 -102.48713765 
111  49.62763237 -102.48216392 
112  49.62763237 -102.48216392  49.62762421 -102.48152181 
111  49.62745767 -102.48149372 
111  49.62781134 -102.48149220 
111  49.62778779 -102.48332856 
112  49.62778779 -102.48332856  49.62778953 -102.48338771 
112  49.62794583 -102.48355706  49.62794409 -102.48381249 
112  49.62777991 -102.48376942  49.62778165 -102.48382857 
111  49.62777991 -102.48376942 
112  49.62790398 -102.48863099  49.62814408 -102.48917951 
111  49.62790398 -102.48863099 
111  49.62725837 -102.48736074 
114  49.62725837 -102.48736074  49.62757069 -102.48758127 
110   3 0.00 340.00 fillet
111  49.62444335 -102.48201462 
111  49.62378590 -102.48144965 
113  49.62460481 -102.48146259 
130 Airport Boundary
111  49.62910296 -102.49080789 
111  49.62909494 -102.49155086 
111  49.62787557 -102.48923527 
111  49.62786755 -102.49084504 
111  49.62691893 -102.48901857 
112  49.62532853 -102.48881426  49.62473489 -102.48847992 
111  49.62532853 -102.48881426 
111  49.62532653 -102.48655439 
112  49.62407306 -102.48568141  49.62351954 -102.48497559 
111  49.62407306 -102.48568141 
111  49.62406504 -102.48170652 
111  49.62083211 -102.48171891 
111  49.62082409 -102.48093879 
111  49.62814030 -102.48093879 
112  49.62793172 -102.48378684  49.62774354 -102.48458022 
113  49.62786755 -102.48834371 
14   49.62790000 -102.48280000    6 0 Tower Viewpoint
15   49.62784307 -102.48355437 180.00 Ramp Start
19   49.62754334 -102.48282509 0 WS
1     2074 0 0 CJQ3 Carlyle
100   22.86   1   0 0.00 0 1 0 10   49.64563148 -102.29201455    0.00    0.00 1  0 0 0 28   49.64239252 -102.27967145    0.00    0.00 1  0 0 0
110   1 0.00 112.00 taxiway
111  49.64202966 -102.27809455 102 
111  49.64241867 -102.27957074 102 
111  49.64248765 -102.27961447 
111  49.64229739 -102.27973380 102 
111  49.64232512 -102.27963301 102 
111  49.64222066 -102.27923181 
111  49.64214378 -102.27893840 102 
113  49.64193767 -102.27815142 
110   3 0.00   0.00 turn 10
111  49.64557795 -102.29292155 
112  49.64557795 -102.29292155  49.64548638 -102.29297164 
111  49.64546044 -102.29282034 
111  49.64537642 -102.29238826 
112  49.64539253 -102.29222543  49.64542305 -102.29210169 
112  49.64580642 -102.29188973  49.64592279 -102.29187794 
111  49.64594324 -102.29194345 
111  49.64607648 -102.29238107 
112  49.64607648 -102.29238107  49.64611845 -102.29257552 
113  49.64604465 -102.29264312 
110   1 0.00   0.00 apron
111  49.64115245 -102.27916119 
111  49.64114984 -102.27849600 102 
111  49.64178679 -102.27849576 102 
111  49.64178679 -102.27901413 102 
111  49.64210836 -102.27902043 102 
111  49.64214378 -102.27893840 
111  49.64222066 -102.27923181 102 
113  49.64211335 -102.27916322 102 
130 Airport Boundary
111  49.64212150 -102.27751575 
111  49.64612028 -102.29253432 
111  49.64548387 -102.29299291 
111  49.64241125 -102.28125739 
111  49.64126798 -102.27934350 
113  49.64082888 -102.27753542 
15   49.64142512 -102.27880958   0.00 Ramp Start
18   49.64144900 -102.27983900 1 BCN
19   49.64266106 -102.27965593 1 WS
51 12280 CTAF
1     1900 0 0 CKK4 Estevan (South)
100   22.86   4   0 0.00 0 0 0 12   49.04162313 -102.98059862    0.00    0.00 0  0 0 0 30   49.03799287 -102.97207169    0.00    0.00 0  0 0 0
100   14.94   3   0 0.00 0 0 0 03   49.03649973 -102.97962360    0.00    0.00 0  0 0 0 21   49.04072027 -102.97295612    0.00    0.00 0  0 0 0
110   4 0.00 123.00 apron
111  49.04136025 -102.97975123 
111  49.04066055 -102.97811583 
112  49.04088760 -102.97812069  49.04100879 -102.97801504 
111  49.04088760 -102.97812069 
111  49.04173688 -102.97722163 
111  49.04196658 -102.97754208 
111  49.04155000 -102.97887000 
114  49.04155000 -102.97887000  49.04144035 -102.97923094 
130 Airport Boundary
111  49.04186176 -102.98072869 
111  49.04148438 -102.98072636 
111  49.03929040 -102.97561064 
111  49.03631108 -102.98025410 
111  49.03631726 -102.97957287 
111  49.03909595 -102.97515619 
111  49.03662696 -102.96938776 
112  49.03662696 -102.96938776  49.03651887 -102.96913480 
112  49.03692630 -102.96910469  49.03705125 -102.96941491 
111  49.03692630 -102.96910469 
111  49.03936664 -102.97475121 
111  49.04086854 -102.97241183 
111  49.04086736 -102.97303890 
113  49.03952298 -102.97517666 
14   49.04053100 -102.97611200    6 0 Tower Viewpoint
15   49.04143625 -102.97791920 218.12 Ramp Start
18   49.04120600 -102.97905700 0 BCN
19   49.04081069 -102.97793896 0 WS
1     1905 0 0 CYEN Estevan Regional
100   29.87   1   0 0.00 0 2 0 08   49.20792698 -102.97622169    0.00    0.00 1  0 0 2 26   49.20798902 -102.95529631    0.00    0.00 1  0 0 2
100   22.86   1   0 0.00 0 2 0 15   49.21402503 -102.96329377    0.00    0.00 1  0 0 0 33   49.20631737 -102.95888258    0.00    0.00 1  0 0 0
21   49.20757530 -102.95864635  2 270.00   3.00 API PAPI-4L
21   49.20831087 -102.97288571  2  90.00   3.00 API PAPI-4L
110   1 0.00  90.00 taxiway
111  49.20628000 -102.96393552 
111  49.20628200 -102.96328484 102 
111  49.20628200 -102.95902925 
111  49.20669069 -102.95925870 102 
111  49.20644000 -102.95955340 102 
111  49.20644000 -102.96467450 102 
111  49.20662510 -102.96500000 
111  49.20607088 -102.96500000 102 
113  49.20628200 -102.96466830 102 
110   1 0.00   0.00 apron
111  49.20509335 -102.96398948 
111  49.20509613 -102.96321110 
111  49.20579870 -102.96321830 
111  49.20597961 -102.96350528 
111  49.20615642 -102.96350868 
111  49.20628200 -102.96328484 
111  49.20628000 -102.96393552 
111  49.20615583 -102.96372866 
111  49.20598210 -102.96372255 
113  49.20579487 -102.96399205 
110   1 0.00 180.00 taxiway
111  49.20781793 -102.96572904 102 
111  49.20747049 -102.96525852 102 
111  49.20662816 -102.96525873 102 
111  49.20644000 -102.96552432 102 
111  49.20644000 -102.96681071 102 
111  49.20574246 -102.96681068 
111  49.20574344 -102.96628888 
111  49.20488856 -102.96628374 
111  49.20488791 -102.96606176 
111  49.20521498 -102.96606125 
111  49.20521534 -102.96553071 102 
111  49.20521571 -102.96500018 102 
111  49.20607088 -102.96500000 
111  49.20662510 -102.96500000 102 
111  49.20747172 -102.96500000 102 
113  49.20783085 -102.96446087 
110   1 0.00  90.00 turn 08
111  49.20763382 -102.97621984 102 
111  49.20763382 -102.97553298 102 
111  49.20779611 -102.97511088 
113  49.20779191 -102.97621933 102 
110   1 0.00  90.00 turn 26
111  49.20811915 -102.95627262 
111  49.20812346 -102.95529596 102 
111  49.20826006 -102.95529596 102 
113  49.20826006 -102.95597404 102 
110   1 0.00 159.00 turn 15
111  49.21395235 -102.96358767 102 
111  49.21366676 -102.96342918 102 
111  49.21361788 -102.96322453 
113  49.21398885 -102.96343918 102 
110   1 0.00 130.00 fillet
111  49.20741622 -102.95949352 
111  49.20785763 -102.95905638 
111  49.20829170 -102.96005306 
113  49.20789219 -102.96043097 
110   3 0.00   0.00 Grass Apron
111  49.20521534 -102.96553071 
111  49.20486626 -102.96552998 
111  49.20487103 -102.96320206 
111  49.20509613 -102.96321110 
111  49.20509335 -102.96398948 
111  49.20579487 -102.96399205 
111  49.20598210 -102.96372255 
112  49.20598210 -102.96372255  49.20598210 -102.96487087 
111  49.20607088 -102.96500000 
113  49.20521571 -102.96500018 
130 Airport Boundary 5
111  49.21518689 -102.96338342 
112  49.21493681 -102.96436805  49.21449087 -102.96459943 
111  49.21493681 -102.96436805 
111  49.21400123 -102.96402958 
111  49.21337189 -102.96484929 
111  49.21322460 -102.96566900 
111  49.20998419 -102.97042330 
111  49.20942850 -102.97106871 
111  49.20938163 -102.97847693 
111  49.20646258 -102.97849742 
111  49.20647359 -102.96770934 
111  49.20555033 -102.96771463 
112  49.20485058 -102.96714083  49.20427034 -102.96713430 
111  49.20485058 -102.96714083 
111  49.20486164 -102.96259391 
112  49.20494744 -102.96109683  49.20428986 -102.95982436 
111  49.20494744 -102.96109683 
111  49.20494950 -102.95721447 
111  49.20654876 -102.95818948 
111  49.20650275 -102.95361931 
111  49.20942180 -102.95366029 
113  49.20946197 -102.95968514 
120 taxiline2
112  49.20613870 -102.96361654  49.20635525 -102.96361096   1 
115  49.20635948 -102.96325787 
120 taxiline2
111  49.20635938 -102.96398056   1 
112  49.20613870 -102.96361654  49.20592093 -102.96361282 
111  49.20613870 -102.96361654   1 
115  49.20586084 -102.96361175 
120 taxiline33
111  49.20682451 -102.95921269   1 
111  49.20669512 -102.95914116   1 
112  49.20636023 -102.95950434  49.20635893 -102.96005517 
111  49.20636023 -102.95950434   1 
111  49.20635983 -102.96031565   2 
111  49.20635935 -102.96433199   1 
115  49.20635972 -102.96466853 
120 Hold 08
111  49.20725903 -102.96525632   4 
115  49.20725903 -102.96500228 
120 Hold 33
111  49.20643959 -102.95955334   4 
115  49.20628241 -102.95955313 
120 taxiline
111  49.20661167 -102.96512586   1 
112  49.20635972 -102.96466853  49.20635540 -102.96422448 
111  49.20635972 -102.96466853 
112  49.20635972 -102.96466853  49.20635673 -102.96511199   1 
111  49.20612948 -102.96512551   1 
115  49.20590565 -102.96512584 
120 taxiline
111  49.20765068 -102.96512904   1 
111  49.20661167 -102.96512586   1 
112  49.20635744 -102.96552161  49.20635461 -102.96592188 
111  49.20635744 -102.96552161   1 
115  49.20635799 -102.96586725 
120 taxiline 08-26
111  49.20791718 -102.96634654   1 
111  49.20791718 -102.96556490   1 
112  49.20765068 -102.96512904  49.20738284 -102.96511764 
111  49.20765068 -102.96512904 
112  49.20765068 -102.96512904  49.20791830 -102.96511487   1 
111  49.20792394 -102.96466319   1 
115  49.20792349 -102.96407168 
120 Road C-line
111  49.20574403 -102.96615210  22 
115  49.20274216 -102.96611867 
14   49.20508314 -102.96567308   20 0 Tower Viewpoint
15   49.20613852 -102.96642741  90.00 Ramp Start
18   49.20503576 -102.96567041 1 BCN
19   49.20734827 -102.95632878 1 WS
19   49.20708009 -102.96474287 1 WS
19   49.20841330 -102.96888523 1 WS
20   49.20725753 -102.96539013 360.00  0 2 {@R}08-26
20   49.20652864 -102.95956506  90.00  0 2 {@R}15-33
51 12300 CTAF
1     1950 0 0 CJQ2 Lampman
100   20.12   3   0 0.00 0 1 0 11   49.37303342 -102.76503026    0.00    0.00 0  0 0 0 29   49.36904458 -102.75397909    0.00    0.00 0  0 0 0
110   4 0.00 118.00 Apron & Road
111  49.37173840 -102.76130094 
111  49.37070131 -102.75838796 
112  49.37100083 -102.75861643  49.37107103 -102.75878641 
111  49.37100083 -102.75861643 
112  49.37100083 -102.75861643  49.37121043 -102.75903517 
111  49.37197707 -102.76121414 
112  49.37197707 -102.76121414  49.37210328 -102.76109401 
112  49.37204781 -102.76152775  49.37189479 -102.76170159 
111  49.37204781 -102.76152775 
111  49.37353077 -102.76563573 
112  49.37353077 -102.76563573  49.37387274 -102.76648046 
112  49.37390310 -102.76724322  49.37409763 -102.76779164 
111  49.37390310 -102.76724322 
112  49.37390310 -102.76724322  49.37414567 -102.76794026 
112  49.37441469 -102.76785177  49.37468210 -102.76764151 
111  49.37441469 -102.76785177 
111  49.37411529 -102.76831601 
112  49.37411529 -102.76831601  49.37415336 -102.76808383 
112  49.37386244 -102.76730605  49.37359083 -102.76652699 
111  49.37386244 -102.76730605 
112  49.37386244 -102.76730605  49.37363425 -102.76667542 
112  49.37349328 -102.76567434  49.37319355 -102.76488295 
111  49.37349328 -102.76567434 
112  49.37349328 -102.76567434  49.37324426 -102.76503247 
111  49.37211880 -102.76192112 
111  49.37183051 -102.76127687 
114  49.37183051 -102.76127687  49.37180612 -102.76122736 
130 Airport Boundary
111  49.37354093 -102.76827048 
111  49.37378758 -102.76778128 
111  49.36823789 -102.75258429 
111  49.36861815 -102.75228446 
111  49.37037555 -102.75695560 
111  49.37057082 -102.75689247 
111  49.37125939 -102.75791823 
111  49.37144438 -102.75919648 
111  49.37229739 -102.76146893 
111  49.37222545 -102.76173720 
111  49.37374647 -102.76593491 
111  49.37396229 -102.76686599 
111  49.37425006 -102.76768659 
111  49.37439394 -102.76778128 
113  49.37399313 -102.76834939 
14   49.37125336 -102.75927161    6 0 Viewpoint
15   49.37176091 -102.76091067 215.00 Ramp Start
18   49.37159449 -102.75903534 1 BCN
19   49.37085179 -102.75844581 0 WS
1     1850 0 0 CJW2 Oxbow
100   22.86   4   0 0.00 0 0 0 09   49.22454136 -102.15199237    0.00    0.00 0  0 0 0 27   49.22327864 -102.14102791    0.00    0.00 0  0 0 0
110   4 0.00 100.00 Apron
112  49.22444082 -102.15208744  49.22436236 -102.15197622 
112  49.22411487 -102.15178951  49.22397249 -102.15177617 
111  49.22381923 -102.15165325 
111  49.22363364 -102.15059303 
112  49.22369630 -102.15027202  49.22376489 -102.15018526 
111  49.22425292 -102.15009781 
111  49.22461083 -102.15183716 
114  49.22461083 -102.15183716  49.22472705 -102.15214858 
130 Airport Boundary
111  49.22464575 -102.15151951 
112  49.22464575 -102.15151951  49.22477158 -102.15248945 
111  49.22440403 -102.15205516 
112  49.22410505 -102.15178247  49.22390326 -102.15172794 
112  49.22376791 -102.15139290  49.22371153 -102.15107940 
111  49.22376791 -102.15139290 
111  49.22327811 -102.14845171 
112  49.22327811 -102.14845171  49.22320689 -102.14800190 
112  49.22390619 -102.14789401  49.22399521 -102.14767138 
111  49.22390619 -102.14789401 
111  49.22386264 -102.14749476 
111  49.22344222 -102.14756804 
111  49.22316361 -102.14680581 
112  49.22322722 -102.14647468  49.22332434 -102.14625576 
112  49.22320177 -102.14546181  49.22294819 -102.14524290 
111  49.22320177 -102.14546181 
112  49.22320177 -102.14546181  49.22292121 -102.14522225 
111  49.22304274 -102.14465347 
111  49.22337446 -102.14364183 
111  49.22330183 -102.14305420 
112  49.22330183 -102.14305420  49.22286054 -102.14303102 
112  49.22274948 -102.14223980  49.22267590 -102.14163559 
111  49.22274948 -102.14223980 
111  49.22246873 -102.14202883 
111  49.22234302 -102.14097211 
111  49.22372975 -102.14095263 
111  49.22414958 -102.14163436 
111  49.22438871 -102.14180595 
111  49.22439800 -102.14251473 
111  49.22403148 -102.14254586 
111  49.22381412 -102.14279998 
111  49.22375519 -102.14306831 
111  49.22420683 -102.14310496 
111  49.22438494 -102.14331922 
111  49.22440403 -102.14594877 
111  49.22399692 -102.14604616 
111  49.22417503 -102.14690320 
113  49.22427044 -102.14838353 
14   49.22382209 -102.15054847   39 0 Tower Viewpoint
15   49.22403211 -102.15081293  10.00 Ramp Start
18   49.23336000 -102.15319800 0 BCN
19   49.22412780 -102.15013652 0 WS
1        0 1 0 CS41 Stoughton farm airstrip
100   24.08   4   0 0.00 0 0 0 13   49.68255000 -102.99764000    0.00    0.00 0  0 0 0 31   49.67706000 -102.99231000    0.00    0.00 0  0 0 0
110   4 0.00  90.00 Apron
112  49.68291635 -102.99694564  49.68299013 -102.99633763 
111  49.68291635 -102.99694564 
111  49.68291530 -102.99828877 
112  49.68291530 -102.99828877  49.68291530 -102.99845127 
112  49.68274369 -102.99850306  49.68267359 -102.99846029 
111  49.68274369 -102.99850306 
112  49.68251752 -102.99842239  49.68248633 -102.99843639 
111  49.68251752 -102.99842239 
112  49.68251752 -102.99842239  49.68233306 -102.99844805 
111  49.68236528 -102.99872488 
112  49.68217826 -102.99859716  49.68207127 -102.99863992 
111  49.68217826 -102.99859716 
112  49.68217826 -102.99859716  49.68272057 -102.99803269 
112  49.68216956 -102.99744773  49.68196883 -102.99723677 
111  49.68216956 -102.99744773 
111  49.68226797 -102.99719077 
114  49.68226797 -102.99719077  49.68267932 -102.99753650 
130 Airport Boundary
111  49.68287970 -102.99821633 
111  49.67698630 -102.99245770 
111  49.67711432 -102.99213993 
113  49.68288109 -102.99770844 
15   49.68265491 -102.99827859  90.00 Hangar Start
19   49.68232011 -102.99689879 0 Windsock
1     2168 0 0 CKV7 Wawota
100   29.87   4   0 0.00 0 0 0 16   49.89692295 -102.03072376    0.00    0.00 0  0 0 0 34   49.89145705 -102.02999636    0.00    0.00 0  0 0 0
110  15 0.00  40.00 Taxiway
111  49.89609809 -102.03040585 
111  49.89146864 -102.02978768 
111  49.89144436 -102.03020738 
112  49.89144436 -102.03020738  49.89132329 -102.03019357 
112  49.89147736 -102.02963122  49.89160925 -102.02962822 
111  49.89147736 -102.02963122 
113  49.89616618 -102.02954336 
110   3 0.00 265.00 Apron
111  49.89698662 -102.03039417 
112  49.89698662 -102.03039417  49.89707069 -102.03040024 
112  49.89697942 -102.03106298  49.89690904 -102.03105084 
111  49.89697942 -102.03106298 
112  49.89606905 -102.03075541  49.89598498 -102.03059457 
111  49.89606905 -102.03075541 
111  49.89616618 -102.02954336 
111  49.89659417 -102.02954210 
112  49.89659417 -102.02954210  49.89668214 -102.02959673 
112  49.89658031 -102.03034206  49.89688334 -102.03037544 
113  49.89658031 -102.03034206 
130 Airport Boundary
111  49.89704963 -102.03118006 
111  49.89433272 -102.03117163 
111  49.89374146 -102.03061750 
111  49.89206250 -102.03040105 
111  49.89137507 -102.03040491 
111  49.89135748 -102.02947026 
111  49.89669418 -102.02951553 
111  49.89650526 -102.03012426 
111  49.89656824 -102.03031088 
113  49.89704339 -102.03037308 
14   49.90100100 -102.03333300    6 0 Tower Viewpoint
15   49.89638975 -102.03012070 260.00 Ramp Start
18   49.90140200 -102.03431700 0 BCN
19   49.89664000 -102.03125000 0 WS