1      950 0 1 CJA3 MORDEN
100   22.86   1   0 0.25 0 1 0 10   49.21166700 -098.06694700    0.00    0.00 2  0 0 0 28   49.20861100 -098.05110800    0.00    0.00 2  0 0 0
100   30.48   3   0 0.25 0 0 0 17   49.21666700 -098.06500300    0.00   60.96 1  0 0 0 35   49.21055600 -098.06471900    0.00    0.00 1  0 0 0
110   1 0.30 106.45 Default taxiway for RWY 10
111  49.21157051 -098.06699061   3 102 
111  49.21107509 -098.06721450   3 102 
111  49.20802017 -098.05137450   3 102 
111  49.20851559 -098.05115063 
112  49.20857384 -098.05145266  49.20854256 -098.05130262   3 102 
111  49.20842417 -098.05135612   3 102 
112  49.20826633 -098.05142745  49.20814795 -098.05148094   3 102 
111  49.20817707 -098.05163195   3 102 
111  49.20963172 -098.05917441   3 102 
111  49.21002849 -098.05899511 
111  49.21005761 -098.05914613   3 102 
111  49.20966084 -098.05932543   3 102 
112  49.21111549 -098.06686789  49.21114462 -098.06701891   3 102 
111  49.21126300 -098.06696541   3 102 
112  49.21142084 -098.06689407  49.21153923 -098.06684057   3 102 
113  49.21151226 -098.06668858 
120 Default hold RWY 10 (near)
111  49.21137104 -098.06708075   4 
115  49.21134192 -098.06692974 
120 Default hold RWY 10 (centre)
111  49.20985814 -098.05923627   4 
115  49.20982902 -098.05908525 
120 Default hold RWY 10 (far)
111  49.20834525 -098.05139178   4 
115  49.20831612 -098.05124076 
19   49.21201989 -098.06711587 1 WS
19   49.21695366 -098.06438613 1 WS
19   49.21026935 -098.06533578 1 WS
19   49.20825809 -098.05093925 1 WS
51 12300 CTAF/UNICOM
1      885 1 0 CYPG SOUTHPORT
100   60.96   1   0 0.25 0 3 0 13R  49.90666700 -098.28388900    0.00  304.80 2 11 0 0 31L  49.89333300 -098.26166400    0.00  304.80 2  5 0 0
100   45.72   1   0 0.25 0 0 0 13L  49.91083300 -098.27916700    0.00  304.80 2  0 0 0 31R  49.90500000 -098.26944400    0.00  304.80 2  0 0 0
100   45.72   1   0 0.25 0 2 0 01   49.90388900 -098.26916700    0.00  304.80 2  0 0 0 19   49.91166700 -098.26500000    0.00  304.80 2  0 0 0
100   45.72   1   0 0.25 0 0 0 08   49.91166700 -098.27722200    0.00  304.80 2  0 0 0 26   49.91194400 -098.26638900    0.00  304.80 2  0 0 0
21   49.90578610 -098.28134401  2 132.96   3.00 13R PAPI-4L
21   49.89421439 -098.26420790  2 312.98   3.00 31L PAPI-4L
10   49.91223900 -098.26306900 xxx  45.00   440 0.0 0.0   230 161161  1 0 0 0.25 0
10   49.91188000 -098.25708000 xxx 142.00   420 0.0 0.0   100 161161  1 0 0 0.25 0
10   49.91244900 -098.25818600 xxx 110.00   330 0.0 0.0   100 161161  1 0 0 0.25 0
10   49.91188000 -098.26804400 xxx  89.00   320 0.0 0.0   206 161161  1 0 0 0.25 0
10   49.90430800 -098.26085700 xxx  84.00   200 0.0 0.0   140 101101  1 0 0 0.25 0
10   49.91099900 -098.25708000 xxx 134.00   120 0.0 0.0   100 101101  1 0 0 0.25 0
10   49.91157200 -098.25633200 xxx  89.00   120 0.0 0.0   102 101101  1 0 0 0.25 0
10   49.91151000 -098.26349600 xxx 360.00   120 0.0 0.0    75 161161  1 0 0 0.25 0
10   49.90993100 -098.26338200 xxx  89.00   725 0.0 0.0   200 161161  1 0 0 0.25 0
10   49.91529100 -098.26973000 xxx 134.00   550 0.0 0.0   200 161161  1 0 0 0.25 0
10   49.90214200 -098.25435600 xxx 134.00  3570 0.0 0.0    75 161161  1 0 0 0.25 0
10   49.89590100 -098.25154100 xxx  49.00  1647 0.0 0.0    75 161161  1 0 0 0.25 0
10   49.90882100 -098.27311700 xxx 228.00  1318 0.0 0.0    75 161161  1 0 0 0.25 0
10   49.91434900 -098.26944700 xxx 134.00  1125 0.0 0.0   200 161161  1 0 0 0.25 0
10   49.91256000 -098.26569400 xxx  89.00  1100 0.0 0.0   685 161161  1 0 0 0.25 0
10   49.91144900 -098.26918800 xxx  35.00  1100 0.0 0.0   140 161161  1 0 0 0.25 0
10   49.91278100 -098.26104700 xxx  89.00  1085 0.0 0.0   250 161161  1 0 0 0.25 0
10   49.91379200 -098.27027100 xxx 134.00   725 0.0 0.0   200 161161  1 0 0 0.25 0
10   49.89806000 -098.24896200 xxx 178.00   550 0.0 0.0    75 161161  1 0 0 0.25 0
18   49.90140650 -098.27074239 1 BCN
19   49.90370133 -098.27028117 1 WS
19   49.91226733 -098.27789851 1 WS
19   49.90764309 -098.28364167 1 WS
19   49.91156505 -098.27898134 1 WS
19   49.91134360 -098.26571261 1 WS
19   49.89235696 -098.26191170 1 WS
19   49.91185463 -098.26388561 1 WS
19   49.90426796 -098.26962978 1 WS
50 12085 ATIS
51 12620 CTAF
53 12170 GND
54 12620 TWR