1       82 0 0 SCSH El Budi
100   28.04   3   0 0.00 0 0 1 2   -39.06626811 -073.17176154    0.00   31.09 1  0 0 0 20  -39.06023418 -073.16649085    0.00   35.05 0  0 0 0
110   3 0.00  34.15 Taxiway 0
112 -39.06639728 -073.17235183 -39.06663563 -073.17256234 
112 -39.06674067 -073.17168855 -39.06646667 -073.17144775 
112 -39.06017947 -073.16595985 -39.05983110 -073.16565222 
114 -39.05986653 -073.16662957 -39.06010209 -073.16683466 
130 Airport Boundary
111 -39.06630655 -073.17313195 
111 -39.06708370 -073.17168989 
111 -39.06027321 -073.16480244 
113 -39.05946264 -073.16683639 
14  -39.06273876 -073.16960166   82 0 Tower Viewpoint
15  -39.06005049 -073.16618099 247.52 Ramp Start North
15  -39.06652988 -073.17218121  73.07 Ramp Start South
18  -39.06329541 -073.16816345 4 Airport Beacon
19  -39.06054061 -073.16734219 0 Windsock North
19  -39.06571795 -073.17066368 0 Windsock South
1       13 1 1 SCVL LAS MARIAS
100   16.46   2   0 0.25 0 0 0 17L -39.79111100 -073.24111200    0.00    0.00 2  0 0 0 35R -39.80277600 -073.24194300    0.00    0.00 2  0 0 0
100   25.91   3   0 0.25 0 0 0 17R -39.79422200 -073.24413900    0.00    0.00 1  0 0 0 35L -39.79961100 -073.24450000    0.00    0.00 1  0 0 0
110   2 0.30 183.13 Default taxiway for RWY 17L
111 -39.79110708 -073.24120532  53 
111 -39.79108672 -073.24168945  53 
111 -39.80275172 -073.24252040  53 
111 -39.80277208 -073.24203619 
112 -39.80262418 -073.24202565 -39.80269800 -073.24203385  53 
111 -39.80269315 -073.24214936  53 
112 -39.80268667 -073.24230337 -39.80268181 -073.24241888  53 
111 -39.80260786 -073.24241360  53 
111 -39.79696024 -073.24201131  53 
111 -39.79697656 -073.24162339 
111 -39.79690261 -073.24161813  53 
111 -39.79688629 -073.24200604  53 
112 -39.79123866 -073.24160374 -39.79116471 -073.24159847  53 
111 -39.79116957 -073.24148299  53 
112 -39.79117605 -073.24132900 -39.79118090 -073.24121351  53 
113 -39.79125498 -073.24121585 
120 Default hold RWY 17L (near)
111 -39.79109886 -073.24140072  54 
115 -39.79117281 -073.24140599 
120 Default hold RWY 17L (centre)
111 -39.79689439 -073.24181355  54 
115 -39.79696834 -073.24181881 
120 Default hold RWY 17L (far)
111 -39.80268991 -073.24222636  54 
115 -39.80276386 -073.24223163 
19  -39.79400706 -073.24367061 1 WS
19  -39.79097524 -073.24081275 1 WS
19  -39.79982594 -073.24496842 1 WS
19  -39.80291176 -073.24224231 1 WS
54 12670 VALDIVIA INFO
1       59 1 0 SCVD Pichoy
100   45.11   1   2 0.00 0 3 0 17  -39.64053910 -073.08653852    0.00   73.15 3  0 0 2 35  -39.65937190 -073.08568425    0.00  114.00 3  0 0 0
110   1 0.00 178.40 Taxiway 3
111 -39.65936928 -073.08541811 
112 -39.65882998 -073.08493908 -39.65833746 -073.08545052 
113 -39.65798167 -073.08548597 
110   1 0.00 178.40 Taxiway 2
111 -39.64230591 -073.08619452 
112 -39.64106988 -073.08569892 -39.64051335 -073.08523149 
113 -39.64052983 -073.08627502 
110   1 0.00 178.40 Taxiway 1
112 -39.64974569 -073.08585437 -39.64923511 -073.08578683 
112 -39.65100797 -073.08474304 -39.65140509 -073.08473076 
112 -39.65218515 -073.08575613 -39.65174075 -073.08586051 
112 -39.65377837 -073.08573157 -39.65325360 -073.08568859 
112 -39.65133891 -073.08415361 -39.65117344 -073.08375451 
112 -39.65124908 -073.08320192 -39.65133418 -073.08309754 
112 -39.65188731 -073.08307912 -39.65188258 -073.08295018 
111 -39.65188862 -073.08166183 
111 -39.65001044 -073.08166080 
112 -39.65001044 -073.08306070 -39.65001044 -073.08322034 
112 -39.65070067 -073.08318350 -39.65080288 -073.08334525 
112 -39.65067231 -073.08410449 -39.65055412 -073.08438692 
114 -39.64849759 -073.08588507 -39.64801537 -073.08598331 
130 Airport Boundary
111 -39.66187808 -073.08744066 
111 -39.66180640 -073.08418284 
111 -39.65225179 -073.07985519 
111 -39.64950010 -073.07993217 
111 -39.63652473 -073.08412079 
113 -39.63642914 -073.08852660 
120 Linear Feature 6
112 -39.65103558 -073.08384982 -39.65101223 -073.08301359   1 101 
112 -39.65054506 -073.08262185 -39.65053249 -073.08220679   1 101 
115 -39.65053288 -073.08218996 
120 Linear Feature 5
112 -39.65103558 -073.08384982 -39.65104937 -073.08304811   1 101 
112 -39.65143008 -073.08260985 -39.65142841 -073.08221525   1 101 
115 -39.65142646 -073.08216474 
120 Linear Feature 4
112 -39.64935628 -073.08562581 -39.64895839 -073.08594052   1 101 
116 -39.65002861 -073.08610808 -39.65049121 -073.08608762 
120 Linear Feature 3
112 -39.65103558 -073.08384982 -39.65104729 -073.08443118   1 101 
112 -39.64935628 -073.08562581 -39.64892746 -073.08595605   1 101 
116 -39.64816378 -073.08619288 -39.64790168 -073.08620304 
120 Linear Feature 2
112 -39.65194702 -073.08602068 -39.65231411 -073.08600716   1 101 
116 -39.65241923 -073.08534535 -39.65204885 -073.08505393 
120 Linear Feature 1
112 -39.65370881 -073.08594014 -39.65311523 -073.08596826   1 101 
112 -39.65241923 -073.08534535 -39.65206187 -073.08506408   1 101 
112 -39.65103558 -073.08384982 -39.65102595 -073.08318870   1 101 
115 -39.65099776 -073.08216692 
120 Linear Feature 4
111 -39.65917326 -073.08542704  20 
112 -39.65897780 -073.08518899 -39.65881619 -073.08527285  20 
112 -39.65834736 -073.08573211 -39.65793915 -073.08575998  20 
115 -39.65780373 -073.08575455 
120 Linear Feature 3
111 -39.65936928 -073.08541811  20 
112 -39.65902107 -073.08492014 -39.65873685 -073.08493978  20 
112 -39.65835311 -073.08546698 -39.65806843 -073.08548223  20 
115 -39.65779466 -073.08549534 
120 Linear Feature 2
111 -39.64075457 -073.08626520  20 
112 -39.64086647 -073.08592965 -39.64099041 -073.08592617  20 
112 -39.64162625 -073.08649018 -39.64206582 -073.08647437  20 
115 -39.64216209 -073.08646476 
120 Linear Feature 1
111 -39.64052983 -073.08627502  20 
112 -39.64085546 -073.08566691 -39.64115672 -073.08567324  20 
112 -39.64168380 -073.08622360 -39.64215666 -073.08620685  20 
115 -39.64215040 -073.08620148 
14  -39.65069767 -073.08138808   82 0 Tower Viewpoint
18  -39.64151991 -073.08500768 1 Airport Beacon
19  -39.65096092 -073.08519602 0 Windsock
1300 -39.65053288 -073.08218996  94.57 misc jets|turboprops|props Start Gate 1
1300 -39.65099776 -073.08216692  89.00 misc jets|turboprops|props Start Gate 2
1300 -39.65142646 -073.08216474  87.70 misc jets|turboprops|props Start Gate 3
54 12770 AFIS
1000 17 flow
1001 SCVD   079 259 30
1002 SCVD   8202
1003 SCVD   2
1004 0000 2359
1100 17  12770 all jets|turboprops|props 000359 169169 17 Departures & Arrivals
1101 17  left
1000 35 flow
1001 SCVD   259 079 30
1002 SCVD   8202
1003 SCVD   2
1004 0000 2359
1100 35  12770 all jets|turboprops|props 000359 349349 35 Departures & Arrivals
1101 35  left
1200 
1201 -39.65085680 -073.08303032 both 129 N_start
1201 -39.65101285 -073.08271214 both 144 N_start
1201 -39.65115334 -073.08305056 both 146 N_start
1201 -39.65781817 -073.08562475 both 149 N_stop
1201 -39.65853105 -073.08555261 both 151 N_stop
1201 -39.65900323 -073.08504756 both 153 N_stop
1201 -39.65923469 -073.08522793 both 155 N_stop
1201 -39.65937190 -073.08568425 both 157 N_stop
1201 -39.64141702 -073.08627065 both 161 N_stop
1201 -39.64080428 -073.08577605 both 163 N_stop
1201 -39.64053910 -073.08653852 both 165 N_stop
1201 -39.65099760 -073.08424415 both 131 N_stop
1201 -39.64871615 -073.08616761 both 133 N_stop
1201 -39.64306998 -073.08642173 both 135 N_stop
1201 -39.65002861 -073.08610808 both 137 N_stop
1201 -39.65317691 -073.08596826 both 139 N_stop
1201 -39.65674468 -073.08579417 both 141 N_stop
1201 -39.65194702 -073.08602068 both 143 N_stop
1202 133 135 twoway runway 17/35
1202 133 137 twoway runway 17/35
1202 139 141 twoway runway 17/35
1202 139 143 twoway runway 17/35
1202 129 131 twoway taxiway N
1202 131 133 twoway taxiway N
1202 131 139 twoway taxiway N
1202 144 131 twoway taxiway N
1202 146 131 twoway taxiway N
1202 141 149 twoway taxiway N
1202 149 151 twoway taxiway N
1202 151 153 twoway taxiway N
1202 153 155 twoway taxiway N
1202 155 157 twoway taxiway N
1202 135 161 twoway taxiway N
1202 161 163 twoway taxiway N
1202 163 165 twoway taxiway N